"TOA5","","","1764","CR1000.Std.24","CPU:MFRSR_10012018V2.8.CR1","13574","TableHdr","PbCdlComm-1.6.0 (2016/01/26)"
"TIMESTAMP","RECORD","loggerID""headID""xpgmVerID""xlat""xlon""xSiteElev""xFULLREV""xCRXHSTEPS""xSCANseconds""xSCANnAvg""xSCANtrough""xHOMEoffset""xALLTIMEband"
"TS","RN","--""--""--""deg""deg""m""--""--""sec""--""--""--""--"
"","","Smp""Smp""Smp""Smp""Smp""Smp""Smp""Smp""Smp""Smp""Smp""Smp""Smp"
"2019-04-16 12:00:00.0",373,1764,180054423,2.8,-32.1259,-64.7287,1160,800,20,20,1,10,0,-1
"TOA5","","","1764","CR1000.Std.24","CPU:MFRSR_10012018V2.8.CR1","13574","Table155","PbCdlComm-1.6.0 (2016/01/26)"
"TIMESTAMP","RECORD","xoset""az""el""al""cosz""cosasz""pamass""vBat""Thead""THTC""Tlogger""Dnadir(1)""Dnadir(2)""Dnadir(3)""Dnadir(4)""Dnadir(5)""Dnadir(6)""Dnadir(7)""Deast(1)""Deast(2)""Deast(3)""Deast(4)""Deast(5)""Deast(6)""Deast(7)""Dsun(1)""Dsun(2)""Dsun(3)""Dsun(4)""Dsun(5)""Dsun(6)""Dsun(7)""Dwest(1)""Dwest(2)""Dwest(3)""Dwest(4)""Dwest(5)""Dwest(6)""Dwest(7)""kount""khome"
"TS","RN","sec""deg""deg""deg""--""--""--""Volt""degC""degC""degC""mV""mV""mV""mV""mV""mV""mV""mV""mV""mV""mV""mV""mV""mV""mV""mV""mV""mV""mV""mV""mV""mV""mV""mV""mV""mV""mV""mV""--""--"
"","","Smp""Smp""Smp""Smp""Smp""Smp""Smp""Smp""Smp""Smp""Smp""Smp""Smp""Smp""Smp""Smp""Smp""Smp""Smp""Smp""Smp""Smp""Smp""Smp""Smp""Smp""Smp""Smp""Smp""Smp""Smp""Smp""Smp""Smp""Smp""Smp""Smp""Smp""Smp""Smp""Smp"
"2019-04-16 14:00:00.0",788775,3770,135.6,35.82,35.85,0.585,0.586,1.704,12.0622,40,39.9,15.53,17.73,45.85,45.58,39.6,42.05,46.6,42.39,17.39,44.76,44.56,38.79,41.16,45.58,41.57,17.32,44.49,44.22,38.45,40.89,45.37,41.3,17.25,44.22,44.02,38.31,40.69,45.17,41.16,321,459
"2019-04-16 14:00:20.0",788776,3770,135.7,35.87,35.89,0.586,0.586,1.702,12.0566,40,39.9,15.53,19.09,48.02,48.23,42.18,44.9,49.45,45.31,18.68,46.94,47.07,41.16,43.81,48.29,44.29,18.54,46.53,46.73,40.82,43.47,47.96,44.02,18.41,46.12,46.33,40.55,43.13,47.68,43.74,321,459
"2019-04-16 14:00:40.0",788777,3780,135.8,35.92,35.94,0.587,0.587,1.7,12.0455,40,39.9,15.53,19.63,48.57,48.84,42.79,45.58,50.2,46.19,19.09,47.14,47.41,41.5,44.22,48.7,44.9,18.95,46.66,46.94,41.09,43.74,48.29,44.56,18.82,46.26,46.46,40.69,43.34,47.89,44.08,322,458
"2019-04-16 14:01:00.0",788778,3780,135.9,35.97,35.99,0.587,0.588,1.698,12.04,40,39.9,15.55,19.02,46.94,46.87,40.96,43.61,48.29,44.49,18.41,45.37,45.17,39.46,42.05,46.6,42.93,18.27,44.9,44.69,39.06,41.57,46.12,42.52,18.07,44.42,44.22,38.65,41.16,45.71,42.11,322,458
"2019-04-16 14:01:20.0",788779,3780,135.9,36.02,36.04,0.588,0.588,1.696,12.0455,40,39.9,15.55,17.32,43.54,42.86,37.22,39.53,44.29,40.48,16.64,41.91,41.16,35.66,37.9,42.52,38.85,16.44,41.5,40.69,35.25,37.49,42.05,38.51,16.3,41.09,40.28,34.91,37.09,41.64,38.11,322,458
"2019-04-16 14:01:40.0",788780,3780,136,36.07,36.09,0.589,0.589,1.694,12.0455,40,39.9,15.58,15.62,40.69,39.46,34.03,36.07,40.76,37.09,15.01,39.19,37.9,32.67,34.64,39.19,35.66,14.81,38.79,37.56,32.33,34.3,38.79,35.32,14.67,38.45,37.22,32.06,33.96,38.51,34.98,322,458
"2019-04-16 14:02:00.0",788781,3780,136.1,36.12,36.14,0.589,0.59,1.692,12.0455,40,39.9,15.58,14.67,39.19,37.83,32.47,34.37,38.99,35.32,14.2,38.04,36.68,31.45,33.28,37.77,34.23,14.06,37.83,36.41,31.25,33.08,37.49,33.96,13.99,37.63,36.27,31.11,32.94,37.43,33.83,322,458
"2019-04-16 14:02:20.0",788782,3800,136.2,36.17,36.19,0.59,0.59,1.69,12.0563,40,39.9,15.6,14.81,40.01,38.72,33.28,35.19,39.67,35.8,14.4,38.92,37.63,32.4,34.3,38.65,34.91,14.33,38.72,37.43,32.2,34.1,38.45,34.71,14.26,38.51,37.22,32.06,33.89,38.31,34.57,323,457
"2019-04-16 14:02:40.0",788783,3800,136.3,36.22,36.24,0.591,0.591,1.689,12.0563,40,39.9,15.6,15.55,41.57,40.69,35.12,37.22,41.64,37.7,15.22,40.55,39.67,34.23,36.27,40.62,36.75,15.15,40.28,39.4,34.03,36.07,40.42,36.54,15.08,40.08,39.19,33.89,35.93,40.28,36.48,323,457
"2019-04-16 14:03:00.0",788784,3800,136.4,36.26,36.29,0.592,0.592,1.687,12.0563,40,39.9,15.6,16.3,42.93,42.32,36.68,38.92,43.47,39.33,15.89,41.71,41.09,35.66,37.83,42.18,38.31,15.76,41.37,40.82,35.39,37.56,41.98,38.04,15.69,41.16,40.55,35.25,37.36,41.84,37.83,323,457
"2019-04-16 14:03:20.0",788785,3800,136.4,36.31,36.33,0.592,0.592,1.685,12.0563,40,39.92,15.63,16.64,43.34,42.93,37.36,39.67,44.15,40.01,16.1,41.91,41.43,36.07,38.24,42.66,38.65,15.96,41.5,41.09,35.73,37.9,42.32,38.38,15.83,41.23,40.82,35.52,37.7,42.11,38.17,323,457
"2019-04-16 14:03:40.0",788786,3800,136.5,36.36,36.38,0.593,0.593,1.683,12.0563,40,39.9,15.65,16.23,42.59,42.18,36.68,38.92,43.4,39.19,15.69,41.23,40.76,35.46,37.63,41.98,37.9,15.55,40.89,40.42,35.12,37.29,41.64,37.56,15.42,40.62,40.14,34.85,37.02,41.37,37.36,323,457
"2019-04-16 14:04:00.0",788787,3800,136.6,36.41,36.43,0.594,0.594,1.681,12.0397,40,39.9,15.65,15.89,42.11,41.7,36.2,38.44,42.86,38.58,15.35,40.89,40.41,35.12,37.29,41.57,37.43,15.28,40.55,40.07,34.84,36.95,41.23,37.09,15.15,40.28,39.8,34.57,36.68,41.03,36.88,324,456
"2019-04-16 14:04:20.0",788788,3800,136.7,36.46,36.48,0.594,0.595,1.679,12.0397,40,39.9,15.65,15.76,42.18,41.77,36.27,38.51,42.86,38.51,15.28,40.96,40.55,35.25,37.43,41.64,37.36,15.15,40.69,40.28,34.98,37.09,41.37,37.15,15.08,40.41,39.94,34.71,36.88,41.09,36.88,324,456
"2019-04-16 14:04:40.0",788789,3800,136.8,36.51,36.53,0.595,0.595,1.677,12.0397,40,39.9,15.68,15.69,42.25,41.84,36.41,38.58,43,38.51,15.21,40.96,40.62,35.32,37.49,41.77,37.43,15.08,40.62,40.28,35.05,37.22,41.5,37.15,15.01,40.35,40.01,34.78,36.95,41.23,36.88,324,456
"2019-04-16 14:05:00.0",788790,3800,136.8,36.56,36.58,0.596,0.596,1.675,12.0509,40,39.9,15.68,15.55,42.11,41.84,36.47,38.78,43.2,38.58,15.08,40.82,40.62,35.39,37.56,41.91,37.43,14.94,40.55,40.28,35.12,37.29,41.64,37.15,14.88,40.21,40.01,34.84,37.02,41.43,36.95,324,456
"2019-04-16 14:05:20.0",788791,3800,136.9,36.6,36.62,0.596,0.597,1.673,12.0453,40,39.9,15.7,15.28,41.57,41.5,36.2,38.44,43.06,38.38,14.67,40.14,40.01,34.91,37.09,41.57,37.09,14.54,39.8,39.67,34.57,36.75,41.3,36.81,14.47,39.46,39.33,34.3,36.47,41.03,36.54,324,456
"2019-04-16 14:05:40.0",788792,3800,137,36.65,36.67,0.597,0.597,1.671,12.045,40,39.9,15.7,14.94,40.96,40.89,35.66,37.9,42.72,37.97,14.33,39.39,39.33,34.37,36.47,41.16,36.61,14.2,38.99,38.92,33.96,36.07,40.89,36.27,14.06,38.65,38.58,33.69,35.79,40.62,36.07,324,456
"2019-04-16 14:06:00.0",788793,3810,137.1,36.7,36.72,0.598,0.598,1.669,12.0561,40,39.92,15.7,14.54,39.94,39.87,34.91,37.08,42.11,37.36,13.99,38.65,38.58,33.76,35.86,40.68,36.13,13.92,38.31,38.31,33.49,35.59,40.48,35.93,13.79,38.04,38.04,33.28,35.32,40.28,35.73,325,455
"2019-04-16 14:06:20.0",788794,3810,137.2,36.75,36.77,0.598,0.599,1.668,12.0505,40,39.9,15.73,14.33,39.6,39.6,34.64,36.75,41.91,37.08,13.92,38.38,38.38,33.62,35.66,40.62,36.07,13.79,38.1,38.1,33.35,35.39,40.41,35.79,13.72,37.9,37.9,33.15,35.18,40.21,35.59,325,455
"2019-04-16 14:06:40.0",788795,3810,137.3,36.79,36.82,0.599,0.599,1.666,12.0617,40,39.9,15.73,14.47,40.07,40.14,35.12,37.29,42.45,37.56,14.06,38.99,39.12,34.23,36.41,41.36,36.61,13.99,38.78,38.92,34.1,36.13,41.09,36.41,13.92,38.58,38.72,33.89,36,40.96,36.27,325,455
"2019-04-16 14:07:00.0",788796,3810,137.3,36.84,36.86,0.6,0.6,1.664,12.0505,40,39.92,15.75,15.08,41.5,41.84,36.68,38.99,43.95,38.99,14.74,40.41,40.75,35.73,37.97,42.72,37.97,14.6,40.14,40.48,35.52,37.7,42.52,37.76,14.54,39.87,40.21,35.32,37.49,42.25,37.56,325,455
"2019-04-16 14:07:20.0",788797,3810,137.4,36.89,36.91,0.6,0.601,1.662,12.0563,40,39.9,15.75,15.69,42.93,43.33,38.04,40.48,45.17,40.28,15.21,41.57,41.97,36.88,39.19,43.81,38.99,15.08,41.23,41.63,36.54,38.85,43.47,38.71,14.94,40.89,41.3,36.27,38.58,43.2,38.51,325,455
"2019-04-16 14:07:40.0",788798,3820,137.5,36.94,36.96,0.601,0.601,1.66,12.0395,40,39.9,15.77,15.49,42.31,42.72,37.49,39.87,44.69,39.8,14.94,40.89,41.3,36.27,38.51,43.2,38.58,14.81,40.55,40.89,35.93,38.17,42.86,38.24,14.74,40.21,40.62,35.66,37.83,42.52,37.97,326,454
"2019-04-16 14:08:00.0",788799,3820,137.6,36.99,37.01,0.602,0.602,1.658,12.0395,40,39.9,15.77,15.21,41.36,41.63,36.47,38.78,43.74,38.92,14.67,39.94,40.14,35.18,37.42,42.18,37.63,14.53,39.6,39.8,34.84,37.08,41.91,37.36,14.4,39.33,39.46,34.57,36.74,41.57,37.02,326,454
"2019-04-16 14:08:20.0",788800,3820,137.7,37.03,37.05,0.602,0.603,1.657,12.0451,40,39.9,15.8,14.6,39.94,39.87,34.84,37.08,41.97,37.36,14.06,38.58,38.51,33.62,35.73,40.62,36.07,13.92,38.31,38.17,33.35,35.45,40.28,35.79,13.86,38.04,37.9,33.14,35.18,40,35.52,326,454
"2019-04-16 14:08:40.0",788801,3820,137.8,37.08,37.1,0.603,0.603,1.655,12.0451,40,39.9,15.8,13.86,38.51,38.17,33.28,35.32,40.34,35.66,13.31,37.15,36.74,32.06,33.96,38.92,34.44,13.18,36.88,36.47,31.79,33.69,38.65,34.16,13.11,36.61,36.27,31.51,33.48,38.37,33.96,326,454
"2019-04-16 14:09:00.0",788802,3820,137.8,37.13,37.15,0.604,0.604,1.653,12.0393,40,39.9,15.82,13.31,37.63,37.15,32.33,34.23,39.32,34.71,12.84,36.47,36,31.24,33.14,38.03,33.55,12.77,36.27,35.73,31.04,32.94,37.76,33.35,12.7,36,35.52,30.84,32.67,37.63,33.14,326,454
"2019-04-16 14:09:20.0",788803,3820,137.9,37.18,37.2,0.604,0.605,1.651,12.0448,40,39.9,15.82,13.11,37.63,37.08,32.26,34.16,39.12,34.43,12.7,36.47,35.93,31.24,33.08,37.9,33.35,12.63,36.2,35.66,31.04,32.8,37.69,33.21,12.5,36,35.45,30.84,32.67,37.49,33.01,326,454
"2019-04-16 14:09:40.0",788804,3820,138,37.22,37.24,0.605,0.605,1.649,12.056,40,39.9,15.82,13.18,37.9,37.49,32.6,34.5,39.53,34.77,12.84,36.81,36.4,31.65,33.48,38.37,33.82,12.77,36.61,36.2,31.45,33.35,38.17,33.62,12.7,36.47,36.06,31.38,33.21,38.03,33.48,327,453
"2019-04-16 14:10:00.0",788805,3820,138.1,37.27,37.29,0.606,0.606,1.648,12.056,40,39.9,15.85,13.52,38.58,38.17,33.21,35.11,40.07,35.25,13.11,37.36,37.02,32.19,34.03,38.78,34.23,12.97,37.15,36.74,31.99,33.82,38.65,34.03,12.97,36.95,36.54,31.79,33.69,38.44,33.82,327,453
"2019-04-16 14:10:20.0",788806,3820,138.2,37.32,37.34,0.606,0.607,1.646,12.0671,40,39.9,15.87,13.72,38.92,38.58,33.55,35.52,40.41,35.66,13.38,37.9,37.56,32.6,34.5,39.32,34.71,13.24,37.63,37.29,32.4,34.37,39.05,34.5,13.18,37.42,37.08,32.26,34.16,38.92,34.3,327,453
"2019-04-16 14:10:40.0",788807,3820,138.3,37.36,37.38,0.607,0.607,1.644,12.0553,40,39.9,15.87,14.33,40.07,39.8,34.64,36.74,41.5,36.74,13.92,38.98,38.78,33.76,35.79,40.41,35.86,13.86,38.78,38.51,33.55,35.59,40.21,35.66,13.86,38.58,38.31,33.35,35.39,40,35.45,327,453
"2019-04-16 14:11:00.0",788808,3820,138.4,37.41,37.43,0.608,0.608,1.642,12.0553,40,39.9,15.87,14.81,40.89,40.61,35.32,37.49,42.04,37.35,14.33,39.66,39.32,34.23,36.27,40.75,36.27,14.26,39.32,38.98,33.96,36,40.41,36,14.13,39.05,38.71,33.69,35.66,40.14,35.72,327,453
"2019-04-16 14:11:20.0",788809,3830,138.4,37.46,37.48,0.608,0.608,1.641,12.0386,40,39.9,15.9,14.33,39.87,39.32,34.09,36.13,40.61,36.06,13.79,38.58,37.9,32.87,34.84,39.19,34.77,13.72,38.17,37.63,32.6,34.57,38.92,34.5,13.58,37.9,37.29,32.33,34.23,38.65,34.23,328,452
"2019-04-16 14:11:40.0",788810,3830,138.5,37.5,37.53,0.609,0.609,1.639,12.0442,40,39.9,15.9,13.58,38.44,37.63,32.6,34.5,39.12,34.5,13.04,37.15,36.34,31.45,33.28,37.76,33.35,12.97,36.88,36.06,31.17,33.01,37.49,33.08,12.84,36.54,35.79,30.97,32.8,37.22,32.87,328,452
"2019-04-16 14:12:00.0",788811,3830,138.6,37.55,37.57,0.609,0.61,1.637,12.0442,40,39.9,15.9,13.04,37.56,36.81,31.85,33.69,38.37,33.69,12.63,36.4,35.59,30.77,32.6,37.15,32.6,12.56,36.13,35.39,30.56,32.4,36.95,32.46,12.43,35.86,35.11,30.36,32.13,36.74,32.19,328,452
"2019-04-16 14:12:20.0",788812,3830,138.7,37.6,37.62,0.61,0.61,1.635,12.0441,40,39.9,15.92,12.9,37.35,36.68,31.72,33.55,38.44,33.62,12.56,36.27,35.59,30.83,32.6,37.29,32.67,12.5,36.06,35.38,30.63,32.46,37.15,32.53,12.43,35.86,35.18,30.49,32.26,36.95,32.4,328,452
"2019-04-16 14:12:40.0",788813,3830,138.8,37.64,37.66,0.611,0.611,1.634,12.0441,40,39.9,15.92,13.24,37.97,37.42,32.46,34.37,39.32,34.43,12.9,36.95,36.4,31.58,33.42,38.17,33.48,12.84,36.74,36.2,31.45,33.28,38.03,33.35,12.77,36.61,36.06,31.31,33.14,37.9,33.21,328,452
"2019-04-16 14:13:00.0",788814,3830,138.9,37.69,37.71,0.611,0.612,1.632,12.0552,40,39.9,15.92,13.58,38.51,37.97,33.01,34.98,40,35.11,13.18,37.29,36.81,31.99,33.82,38.78,34.03,13.11,37.08,36.54,31.79,33.62,38.58,33.82,13.04,36.88,36.34,31.58,33.48,38.37,33.69,329,451
"2019-04-16 14:13:20.0",788815,3830,138.9,37.74,37.76,0.612,0.612,1.63,12.0552,40,39.9,15.92,13.65,38.44,38.03,33.08,34.98,40.14,35.25,13.24,37.22,36.81,31.99,33.89,38.92,34.16,13.18,37.01,36.54,31.79,33.62,38.71,33.96,13.11,36.81,36.34,31.58,33.48,38.51,33.82,329,451
"2019-04-16 14:13:40.0",788816,3830,139,37.78,37.8,0.613,0.613,1.629,12.0552,40,39.9,15.95,13.92,38.71,38.37,33.42,35.38,40.61,35.66,13.52,37.63,37.22,32.4,34.3,39.46,34.64,13.45,37.35,37.01,32.19,34.09,39.19,34.5,13.38,37.22,36.88,32.06,33.96,39.05,34.3,329,451
"2019-04-16 14:14:00.0",788817,3830,139.1,37.83,37.85,0.613,0.614,1.627,12.0496,40,39.91,15.95,14.33,39.6,39.26,34.23,36.27,41.5,36.54,13.92,38.44,38.17,33.21,35.18,40.34,35.52,13.85,38.24,37.97,33.08,34.98,40.14,35.32,13.79,38.1,37.83,32.94,34.84,40,35.18,329,451
"2019-04-16 14:14:20.0",788818,3830,139.2,37.88,37.9,0.614,0.614,1.625,12.0552,40,39.91,15.97,15.01,40.95,40.75,35.59,37.69,42.92,37.83,14.6,39.8,39.66,34.57,36.61,41.77,36.81,14.6,39.6,39.46,34.43,36.4,41.56,36.74,14.53,39.46,39.32,34.3,36.34,41.5,36.61,329,451
"2019-04-16 14:14:40.0",788819,3830,139.3,37.92,37.94,0.615,0.615,1.624,12.0552,40,39.91,15.97,16.1,42.92,42.92,37.56,39.8,45.03,39.93,15.62,41.7,41.7,36.47,38.64,43.74,38.85,15.62,41.5,41.5,36.27,38.44,43.53,38.64,15.55,41.36,41.36,36.2,38.37,43.47,38.58,329,451
"2019-04-16 14:15:00.0",788820,3840,139.4,37.97,37.99,0.615,0.615,1.622,12.0552,40,39.91,15.97,17.18,44.82,45.03,39.46,41.9,47,41.97,16.71,43.47,43.67,38.24,40.61,45.57,40.75,16.64,43.26,43.47,38.03,40.34,45.37,40.55,16.57,43.13,43.26,37.9,40.21,45.16,40.41,330,450
"2019-04-16 14:15:20.0",788821,3840,139.5,38.01,38.03,0.616,0.616,1.62,12.0496,40,39.91,16,17.93,46.05,46.25,40.55,43.06,48.02,43.13,17.39,44.62,44.82,39.26,41.63,46.45,41.77,17.25,44.35,44.55,38.98,41.36,46.18,41.56,17.18,44.08,44.28,38.78,41.16,45.98,41.36,330,450
"2019-04-16 14:15:40.0",788822,3840,139.6,38.06,38.08,0.616,0.617,1.619,12.0439,40,39.91,16,18.27,46.52,46.73,40.89,43.4,48.15,43.47,17.73,45.1,45.23,39.59,42.04,46.66,42.11,17.59,44.76,44.89,39.32,41.7,46.32,41.77,17.52,44.48,44.55,38.98,41.43,46.05,41.56,330,450
"2019-04-16 14:16:00.0",788823,3840,139.6,38.1,38.12,0.617,0.617,1.617,12.0439,40,39.91,16,17.93,45.5,45.37,39.66,42.04,46.73,42.18,17.25,43.81,43.6,38.03,40.41,44.96,40.61,17.05,43.4,43.13,37.69,40,44.48,40.21,16.91,42.92,42.72,37.29,39.53,44.08,39.8,330,450
"2019-04-16 14:16:20.0",788824,3840,139.7,38.15,38.17,0.618,0.618,1.615,12.0439,40,39.91,16.02,16.23,42.24,41.56,36.06,38.24,42.79,38.44,15.55,40.68,39.8,34.5,36.54,41.02,36.81,15.35,40.21,39.32,34.09,36.13,40.61,36.47,15.21,39.8,38.92,33.75,35.72,40.21,36,330,450
"2019-04-16 14:16:40.0",788825,3840,139.8,38.2,38.22,0.618,0.619,1.614,12.0495,40,39.91,16.02,14.33,38.98,37.63,32.33,34.23,38.64,34.37,13.65,37.42,36,30.9,32.67,36.95,32.87,13.45,37.01,35.59,30.56,32.26,36.61,32.46,13.31,36.61,35.11,30.15,31.85,36.2,32.12,331,449
"2019-04-16 14:17:00.0",788826,3840,139.9,38.24,38.26,0.619,0.619,1.612,12.0551,40,39.91,16.02,12.84,36.61,34.98,29.95,31.51,36.06,31.65,12.36,35.38,33.82,28.86,30.43,34.84,30.56,12.22,35.11,33.48,28.59,30.15,34.5,30.29,12.09,34.84,33.21,28.39,29.95,34.3,30.09,331,449
"2019-04-16 14:17:20.0",788827,3840,140,38.29,38.31,0.62,0.62,1.611,12.055,39.99,39.91,16,12.29,35.79,34.23,29.34,30.9,35.59,30.97,11.89,34.64,33.21,28.46,30.02,34.57,30.02,11.75,34.37,33.01,28.25,29.81,34.37,29.88,11.68,34.16,32.74,28.12,29.61,34.23,29.68,331,449
"2019-04-16 14:17:40.0",788828,3840,140.1,38.33,38.35,0.62,0.62,1.609,12.055,39.99,39.91,16,12.22,35.86,34.7,29.88,31.51,36.47,31.58,11.89,34.84,33.82,29.14,30.7,35.52,30.77,11.82,34.64,33.62,28.93,30.56,35.38,30.63,11.75,34.43,33.41,28.8,30.43,35.25,30.49,331,449
"2019-04-16 14:18:00.0",788829,3840,140.2,38.38,38.4,0.621,0.621,1.607,12.055,39.99,39.91,16.02,12.63,36.61,35.79,30.97,32.74,37.9,32.8,12.22,35.59,34.84,30.15,31.85,36.88,31.99,12.22,35.38,34.7,30.02,31.72,36.74,31.85,12.16,35.25,34.57,29.95,31.65,36.61,31.72,331,449
"2019-04-16 14:18:20.0",788830,3840,140.2,38.42,38.44,0.621,0.622,1.606,12.0495,39.99,39.91,16.02,12.97,37.29,36.67,31.85,33.69,38.92,33.89,12.63,36.13,35.59,30.9,32.67,37.76,32.87,12.56,35.93,35.32,30.7,32.46,37.56,32.67,12.5,35.66,35.11,30.49,32.19,37.42,32.53,331,449
"2019-04-16 14:18:40.0",788831,3860,140.3,38.47,38.49,0.622,0.622,1.604,12.0439,39.99,39.91,16.07,13.04,37.22,36.67,31.78,33.62,38.98,33.96,12.63,36.13,35.52,30.83,32.6,37.76,32.94,12.63,35.93,35.32,30.63,32.4,37.56,32.8,12.5,35.72,35.11,30.43,32.19,37.42,32.53,332,448
"2019-04-16 14:19:00.0",788832,3860,140.4,38.51,38.53,0.623,0.623,1.603,12.0434,39.99,39.91,16.07,13.11,37.49,36.81,31.92,33.75,39.05,34.03,12.7,36.4,35.72,30.97,32.74,37.9,33.07,12.63,36.13,35.45,30.77,32.53,37.62,32.87,12.56,35.93,35.25,30.56,32.33,37.49,32.74,332,448
"2019-04-16 14:19:20.0",788833,3860,140.5,38.56,38.58,0.623,0.624,1.601,12.0434,39.99,39.91,16.07,13.38,38.24,37.56,32.53,34.43,39.73,34.7,13.04,37.15,36.54,31.65,33.48,38.58,33.75,12.97,36.95,36.33,31.51,33.28,38.44,33.62,12.9,36.81,36.2,31.38,33.14,38.3,33.48,332,448
"2019-04-16 14:19:40.0",788834,3860,140.6,38.6,38.62,0.624,0.624,1.6,12.0434,39.99,39.91,16.07,14.13,39.8,39.32,34.16,36.13,41.36,36.33,13.79,38.71,38.3,33.28,35.18,40.21,35.38,13.72,38.51,38.03,33.07,34.98,40,35.18,13.65,38.3,37.9,32.94,34.84,39.87,35.11,332,448
"2019-04-16 14:20:00.0",788835,3860,140.7,38.65,38.67,0.625,0.625,1.598,12.0434,39.99,39.91,16.07,14.47,40.34,39.93,34.77,36.81,42.04,37.08,13.99,38.85,38.51,33.48,35.45,40.55,35.79,13.85,38.58,38.24,33.28,35.25,40.34,35.52,13.79,38.3,37.96,33.07,35.04,40.14,35.38,332,448
"2019-04-16 14:20:20.0",788836,3860,140.8,38.69,38.71,0.625,0.625,1.596,12.0546,39.99,39.91,16.09,13.92,39.05,38.71,33.69,35.66,41.09,36.06,13.38,37.62,37.22,32.4,34.23,39.53,34.7,13.31,37.35,37.01,32.19,34.03,39.32,34.5,13.24,37.15,36.81,32.06,33.89,39.12,34.37,333,447
"2019-04-16 14:20:40.0",788837,3860,140.9,38.73,38.75,0.626,0.626,1.595,12.0542,40,39.91,16.09,13.79,38.71,38.37,33.41,35.32,40.75,35.72,13.31,37.49,37.08,32.26,34.09,39.39,34.57,13.24,37.29,36.88,32.06,33.89,39.19,34.36,13.24,37.08,36.67,31.92,33.75,39.05,34.23,333,447
"2019-04-16 14:21:00.0",788838,3860,140.9,38.78,38.8,0.626,0.627,1.593,12.0542,40,39.91,16.09,13.85,38.78,38.44,33.48,35.38,40.82,35.86,13.38,37.49,37.08,32.33,34.16,39.46,34.57,13.24,37.29,36.88,32.12,33.96,39.25,34.43,13.24,37.15,36.74,31.99,33.82,39.12,34.3,333,447
"2019-04-16 14:21:20.0",788839,3860,141,38.82,38.84,0.627,0.627,1.592,12.0542,40,39.91,16.12,13.85,38.85,38.44,33.48,35.45,40.88,35.86,13.31,37.42,37.01,32.26,34.09,39.39,34.57,13.24,37.22,36.88,32.06,33.96,39.25,34.36,13.24,37.08,36.74,31.99,33.82,39.12,34.3,333,447
"2019-04-16 14:21:40.0",788840,3860,141.1,38.87,38.89,0.628,0.628,1.59,12.0542,40,39.91,16.12,13.52,38.17,37.76,32.8,34.7,40.27,35.11,12.97,36.74,36.27,31.58,33.35,38.71,33.82,12.9,36.54,36.06,31.38,33.14,38.51,33.62,12.9,36.4,35.93,31.24,33.07,38.37,33.48,333,447
"2019-04-16 14:22:00.0",788841,3870,141.2,38.91,38.93,0.628,0.628,1.589,12.0431,40,39.91,16.12,13.24,37.69,37.08,32.19,34.03,39.59,34.43,12.77,36.33,35.72,31.04,32.73,38.1,33.14,12.7,36.13,35.52,30.83,32.6,37.96,32.94,12.63,35.93,35.38,30.7,32.46,37.83,32.87,334,446
"2019-04-16 14:22:20.0",788842,3870,141.3,38.96,38.98,0.629,0.629,1.587,12.0428,40,39.91,16.12,12.97,37.15,36.47,31.65,33.35,38.92,33.75,12.5,35.93,35.18,30.49,32.19,37.62,32.6,12.43,35.72,34.98,30.36,32.06,37.42,32.4,12.36,35.59,34.84,30.22,31.85,37.29,32.26,334,446
"2019-04-16 14:22:40.0",788843,3870,141.4,39,39.02,0.629,0.63,1.586,12.0428,40,39.91,16.12,12.77,36.95,36.13,31.31,33.01,38.51,33.35,12.36,35.79,34.91,30.22,31.92,37.29,32.19,12.29,35.59,34.77,30.09,31.72,37.08,32.12,12.22,35.45,34.57,29.95,31.58,36.95,31.92,334,446
"2019-04-16 14:23:00.0",788844,3870,141.5,39.04,39.06,0.63,0.63,1.584,12.0484,40,39.91,16.12,12.77,37.22,36.4,31.51,33.28,38.78,33.48,12.43,36.13,35.32,30.56,32.26,37.62,32.46,12.36,35.93,35.11,30.43,32.12,37.49,32.33,12.29,35.79,34.98,30.29,31.99,37.29,32.26,334,446
"2019-04-16 14:23:20.0",788845,3870,141.6,39.09,39.11,0.631,0.631,1.583,12.0428,40,39.91,16.14,13.11,37.9,37.29,32.33,34.16,39.73,34.36,12.77,36.81,36.2,31.44,33.21,38.64,33.41,12.7,36.61,36.06,31.31,33.07,38.44,33.28,12.63,36.4,35.86,31.17,32.87,38.3,33.14,334,446
"2019-04-16 14:23:40.0",788846,3870,141.7,39.13,39.15,0.631,0.631,1.581,12.0428,40,39.91,16.14,13.24,37.96,37.49,32.6,34.43,40.14,34.7,12.77,36.74,36.27,31.51,33.35,38.85,33.62,12.7,36.54,35.99,31.38,33.14,38.64,33.41,12.63,36.27,35.86,31.1,32.94,38.51,33.28,334,446
"2019-04-16 14:24:00.0",788847,3880,141.8,39.18,39.19,0.632,0.632,1.58,12.0541,40,39.91,16.14,12.77,36.88,36.4,31.65,33.41,39.32,33.82,12.36,35.66,35.11,30.56,32.19,37.96,32.6,12.22,35.32,34.91,30.36,31.99,37.76,32.4,12.16,35.11,34.64,30.09,31.78,37.56,32.26,335,445
"2019-04-16 14:24:20.0",788848,3880,141.8,39.22,39.24,0.632,0.633,1.578,12.0485,40,39.91,16.17,12.36,35.99,35.45,30.83,32.53,38.64,33.01,11.95,34.84,34.36,29.88,31.51,37.42,31.99,11.89,34.64,34.16,29.68,31.31,37.22,31.78,11.82,34.43,33.89,29.47,31.1,37.08,31.65,335,445
"2019-04-16 14:24:40.0",788849,3880,141.9,39.26,39.28,0.633,0.633,1.577,12.0541,40,39.91,16.17,12.29,35.72,35.25,30.7,32.4,38.64,32.87,11.95,34.64,34.16,29.75,31.38,37.42,31.92,11.89,34.43,33.96,29.61,31.17,37.29,31.78,11.82,34.23,33.82,29.41,31.04,37.08,31.58,335,445
"2019-04-16 14:25:00.0",788850,3880,142,39.31,39.33,0.633,0.634,1.576,12.0597,40,39.91,16.17,12.36,35.66,35.18,30.63,32.33,38.78,32.94,12.02,34.57,34.16,29.75,31.38,37.62,31.99,11.95,34.36,33.96,29.54,31.17,37.42,31.85,11.89,34.16,33.75,29.41,31.04,37.22,31.65,335,445
"2019-04-16 14:25:20.0",788851,3880,142.1,39.35,39.37,0.634,0.634,1.574,12.0541,40,39.91,16.19,12.63,36.2,35.79,31.24,32.94,39.46,33.62,12.36,35.18,34.84,30.36,32.06,38.44,32.73,12.29,35.04,34.7,30.29,31.92,38.24,32.6,12.29,34.91,34.57,30.15,31.78,38.1,32.46,335,445
"2019-04-16 14:25:40.0",788852,3880,142.2,39.39,39.41,0.635,0.635,1.573,12.0375,40,39.91,16.19,13.45,37.62,37.49,32.73,34.5,41.16,35.18,13.18,36.74,36.61,31.99,33.75,40.14,34.36,13.11,36.61,36.4,31.85,33.55,40,34.23,13.11,36.47,36.33,31.72,33.48,39.93,34.16,336,444
"2019-04-16 14:26:00.0",788853,3880,142.3,39.44,39.45,0.635,0.635,1.571,12.0431,40,39.91,16.19,14.67,39.93,40,35.04,37.01,43.74,37.76,14.4,39.19,39.25,34.43,36.33,42.79,37.01,14.4,38.98,39.12,34.3,36.2,42.65,36.88,14.33,38.85,38.91,34.16,36.06,42.58,36.81,336,444
"2019-04-16 14:26:20.0",788854,3880,142.4,39.48,39.5,0.636,0.636,1.57,12.0431,40,39.91,16.19,16.37,42.99,43.33,38.1,40.27,46.93,41.09,16.16,42.24,42.58,37.49,39.59,46.05,40.41,16.16,42.04,42.45,37.29,39.46,45.84,40.21,16.1,41.77,42.17,37.15,39.25,45.64,40.07,336,444
"2019-04-16 14:26:40.0",788855,3880,142.5,39.52,39.54,0.636,0.637,1.568,12.0431,40,39.91,16.22,17.79,45.23,45.57,40.14,42.45,49.03,43.33,17.45,44.14,44.55,39.12,41.43,47.74,42.31,17.39,43.87,44.21,38.85,41.09,47.4,41.97,17.25,43.53,43.87,38.51,40.82,47.13,41.7,336,444
"2019-04-16 14:27:00.0",788856,3880,142.6,39.56,39.58,0.637,0.637,1.567,12.0431,40,39.91,16.22,18.4,45.91,46.05,40.41,42.72,49.17,43.67,17.86,44.55,44.69,39.19,41.43,47.61,42.38,17.73,44.14,44.21,38.78,41.02,47.27,41.97,17.52,43.74,43.8,38.44,40.68,46.93,41.63,336,444
"2019-04-16 14:27:20.0",788857,3880,142.7,39.61,39.63,0.638,0.638,1.566,12.0428,39.99,39.91,16.22,18.27,45.71,45.64,39.93,42.24,48.76,43.26,17.73,44.42,44.28,38.78,40.95,47.27,41.97,17.59,44.01,43.94,38.44,40.61,46.93,41.7,17.45,43.67,43.6,38.17,40.34,46.66,41.43,336,444
"2019-04-16 14:27:40.0",788858,3890,142.7,39.65,39.67,0.638,0.638,1.564,12.054,39.99,39.91,16.24,18.81,47,46.86,41.09,43.4,49.92,44.35,18.4,45.84,45.77,40.07,42.38,48.63,43.26,18.27,45.57,45.5,39.8,42.11,48.35,43.06,18.2,45.3,45.23,39.59,41.84,48.15,42.85,337,443
"2019-04-16 14:28:00.0",788859,3890,142.8,39.69,39.71,0.639,0.639,1.563,12.054,39.99,39.91,16.24,20.03,49.51,49.58,43.4,45.98,52.36,46.79,19.56,48.22,48.22,42.31,44.76,50.94,45.57,19.42,47.88,47.95,41.97,44.42,50.66,45.37,19.36,47.68,47.74,41.84,44.28,50.53,45.23,337,443
"2019-04-16 14:28:20.0",788860,3890,142.9,39.74,39.75,0.639,0.64,1.561,12.054,39.99,39.91,16.27,21.46,52.77,53.11,46.59,49.31,55.62,49.85,20.92,51.34,51.75,45.37,48.02,54.13,48.63,20.78,50.87,51.28,45.03,47.61,53.72,48.29,20.78,50.94,51.34,45.03,47.68,53.72,48.29,337,443
"2019-04-16 14:28:40.0",788861,3890,143,39.78,39.8,0.64,0.64,1.56,12.054,39.99,39.91,16.27,23.84,58,58.88,51.82,54.87,60.72,55.01,23.29,56.37,57.25,50.39,53.38,59.02,53.58,23.09,55.69,56.57,49.78,52.77,58.47,53.11,23.09,55.83,56.71,49.92,52.91,58.54,53.18,337,443
"2019-04-16 14:29:00.0",788862,3890,143.1,39.82,39.84,0.64,0.641,1.559,12.0537,39.99,39.91,16.27,26.89,63.98,65.27,57.52,60.99,66.22,60.78,26.15,61.87,63.02,55.49,58.88,63.84,58.81,25.74,60.99,62.07,54.6,58,63.02,58,25.81,61.05,62.14,54.74,58.07,63.09,58.07,337,443
"2019-04-16 14:29:20.0",788863,3900,143.2,39.86,39.88,0.641,0.641,1.557,12.0426,39.99,39.91,16.29,28.52,66.9,67.71,59.49,63.16,67.51,62.68,27.37,63.84,64.45,56.64,60.1,64.38,59.83,26.76,62.48,62.96,55.28,58.61,63.02,58.54,26.76,62.55,63.09,55.35,58.75,63.09,58.61,338,442
"2019-04-16 14:29:40.0",788864,3900,143.3,39.9,39.92,0.642,0.642,1.556,12.0426,39.99,39.91,16.29,30.02,70.22,71.04,62.41,66.22,69.68,65.2,28.93,68.8,69.48,60.78,64.45,67.44,63.23,27.71,64.04,64.31,56.37,59.83,63.57,59.42,28.18,68.12,68.73,60.04,63.64,66.42,62.07,338,442
"2019-04-16 14:30:00.0",788865,3900,143.4,39.95,39.97,0.642,0.642,1.555,12.0426,40.01,39.91,16.32,33.35,78.78,80.3,70.49,74.91,76.88,72.53,31.51,74.98,76.2,66.83,70.77,72.8,68.66,29.34,66.69,67.1,58.88,62.62,65.94,62.14,31.24,73.21,74.43,65.47,69.54,71.92,67.78,338,442
"2019-04-16 14:30:20.0",788866,3900,143.5,39.99,40.01,0.643,0.643,1.553,12.0426,40.02,39.91,16.32,33.62,77.56,78.78,69.2,73.55,75.86,71.85,31.44,72.94,73.62,64.52,68.53,70.83,67.1,29.47,66.76,66.83,58.54,62.21,65.47,61.8,29.81,69.27,69.48,60.78,64.52,67.17,63.3,338,442
"2019-04-16 14:30:40.0",788867,3900,143.6,40.03,40.05,0.643,0.643,1.552,12.0424,40.03,39.91,16.32,30.29,69.07,68.93,60.31,64.04,67.17,63.43,28.46,65.27,64.93,56.64,60.17,63.3,59.63,27.37,63.09,62.41,54.33,57.59,60.92,57.25,26.55,61.67,60.85,52.91,56.1,59.42,55.76,338,442
"2019-04-16 14:31:00.0",788868,3900,143.7,40.07,40.09,0.644,0.644,1.55,12.0535,40.03,39.91,16.34,27.64,65.47,64.72,56.23,59.56,62.82,58.75,26.42,62.68,61.94,53.79,56.91,60.1,56.17,25.81,60.92,59.97,52.02,55.08,58.54,54.6,25.33,60.31,59.36,51.41,54.47,57.86,53.86,339,441
"2019-04-16 14:31:20.0",788869,3900,143.8,40.11,40.13,0.644,0.645,1.549,12.0535,40.03,39.91,16.36,28.32,66.69,66.28,57.73,61.19,64.72,60.38,27.03,63.57,63.09,54.87,58.13,61.73,57.59,26.89,62.89,62.48,54.4,57.66,61.33,57.25,26.62,62.48,61.94,53.99,57.18,60.92,56.71,339,441
"2019-04-16 14:31:40.0",788870,3900,143.8,40.16,40.17,0.645,0.645,1.548,12.0535,40.03,39.91,16.36,30.77,70.36,70.83,62.14,65.94,69.68,65.27,29.41,67.44,67.78,59.36,62.96,66.62,62.48,29.34,66.62,66.96,58.68,62.35,66.22,62.01,29.54,67.44,67.91,59.56,63.23,66.9,62.62,339,441
"2019-04-16 14:32:00.0",788871,3900,143.9,40.2,40.22,0.645,0.646,1.547,12.0535,40.03,39.91,16.36,38.17,83.9,86.6,76.81,81.8,84.6,80.3,38.91,87.8,91.3,81,86.2,88.1,84.2,34.77,73.01,74.64,66.28,70.77,74.91,71.17,49.58,106.1,113.1,101.9,109.3,110.6,107,339,441
"2019-04-16 14:32:20.0",788872,3900,144,40.24,40.26,0.646,0.646,1.545,12.0534,40.02,39.91,16.39,48.15,101,106.3,95,101.3,102.8,99.1,40.95,85.6,89,79.46,84.8,87.7,84.5,37.56,77.22,79.39,70.7,75.59,79.39,76.13,38.98,83,86,76.68,81.9,84.7,81.2,339,441
"2019-04-16 14:32:40.0",788873,3900,144.1,40.28,40.3,0.647,0.647,1.544,12.0534,40.02,39.91,16.39,39.32,83.9,85.9,76,81,83.5,80.3,35.93,76.2,77.63,68.66,73.21,76.27,73.21,34.7,73.01,74.09,65.54,69.88,73.28,70.29,33.55,72.26,73.14,64.52,68.73,71.92,68.8,339,441
"2019-04-16 14:33:00.0",788874,3910,144.2,40.32,40.34,0.647,0.647,1.543,12.0422,40.02,39.91,16.41,32.12,70.29,70.22,61.53,65.4,68.66,65.54,30.02,65.88,65.61,57.39,60.99,64.25,61.19,29.47,64.72,64.31,56.16,59.76,63.16,60.1,29,64.04,63.57,55.55,59.02,62.48,59.29,340,440
"2019-04-16 14:33:20.0",788875,3910,144.3,40.36,40.38,0.648,0.648,1.541,12.0478,40.02,39.91,16.41,27.71,62.68,61.6,53.58,56.84,60.44,57.05,26.21,59.36,58.13,50.53,53.58,57.18,53.92,25.94,58.75,57.59,49.98,52.97,56.64,53.31,25.6,58.13,56.91,49.37,52.36,56.1,52.7,340,440
"2019-04-16 14:33:40.0",788876,3910,144.4,40.4,40.42,0.648,0.648,1.54,12.0478,40.02,39.91,16.41,25.81,59.76,58.54,50.8,53.79,57.86,53.99,24.79,57.39,56.23,48.76,51.68,55.69,51.95,24.65,57.18,56.03,48.56,51.48,55.49,51.75,24.52,56.71,55.62,48.29,51.14,55.21,51.41,340,440
"2019-04-16 14:34:00.0",788877,3910,144.5,40.44,40.46,0.649,0.649,1.539,12.0421,40.02,39.91,16.44,27.57,63.84,63.7,55.69,59.02,63.36,59.15,26.96,62.21,62.14,54.33,57.59,61.8,57.79,26.96,61.8,61.8,54.13,57.39,61.73,57.73,27.03,62.28,62.41,54.67,57.93,62.21,58.07,340,440
"2019-04-16 14:34:20.0",788878,3910,144.6,40.49,40.5,0.649,0.65,1.537,12.0421,40.02,39.91,16.46,32.8,73.69,75.32,66.49,70.7,74.84,70.7,31.85,71.11,72.67,64.18,68.19,72.33,68.46,31.72,69.95,71.51,63.23,67.3,71.72,67.85,31.92,71.24,72.87,64.38,68.46,72.6,68.66,340,440
"2019-04-16 14:34:40.0",788879,3920,144.7,40.53,40.55,0.65,0.65,1.536,12.0533,40.02,39.91,16.46,36.81,80.9,83.4,73.96,78.71,82.5,78.85,34.98,76.54,78.78,69.75,74.23,78.1,74.71,34.7,74.43,76.54,67.91,72.4,76.68,73.28,34.77,75.86,78.1,69.2,73.69,77.56,74.09,341,439
"2019-04-16 14:35:00.0",788880,3920,144.8,40.57,40.58,0.65,0.651,1.535,12.0533,40.02,39.91,16.49,37.35,79.53,81.8,72.6,77.35,81.4,78.24,35.25,74.84,76.68,67.98,72.46,76.54,73.62,35.32,74.5,76.34,67.78,72.26,76.4,73.42,34.91,74.16,75.93,67.37,71.79,75.86,72.8,341,439
"2019-04-16 14:35:20.0",788881,3920,144.9,40.61,40.63,0.651,0.651,1.534,12.0533,40.02,39.91,16.49,36.33,78.24,79.87,70.63,75.25,78.85,75.93,33.75,73.21,74.37,65.61,69.82,73.42,70.63,33.69,71.65,72.74,64.31,68.59,72.46,69.75,34.09,73.55,74.84,66.08,70.43,73.89,71.17,341,439
"2019-04-16 14:35:40.0",788882,3920,145,40.65,40.67,0.651,0.652,1.532,12.0532,40.02,39.91,16.51,35.32,77.56,78.64,69.27,73.62,76.54,73.75,32.53,71.45,71.99,63.23,67.17,70.36,67.71,31.65,68.05,68.32,60.1,63.98,67.64,64.99,32.46,70.63,71.17,62.55,66.62,69.82,67.17,341,439
"2019-04-16 14:36:00.0",788883,3920,145.1,40.69,40.71,0.652,0.652,1.531,12.0532,40.02,39.93,16.51,32.6,71.99,72.12,63.16,67.1,69.88,67.3,29.95,66.49,66.15,57.73,61.33,64.31,61.8,29.27,64.45,63.91,55.83,59.29,62.55,59.97,29.81,66.01,65.6,57.32,60.99,63.91,61.33,341,439
"2019-04-16 14:36:20.0",788884,3920,145.2,40.73,40.75,0.652,0.653,1.53,12.0532,40.02,39.91,16.54,30.09,67.98,67.37,58.75,62.35,65.06,62.35,27.91,63.64,62.75,54.47,57.79,60.58,57.93,27.37,61.94,60.92,52.97,56.16,59.15,56.5,27.71,63.23,62.35,54.2,57.52,60.24,57.52,341,439
"2019-04-16 14:36:40.0",788885,3930,145.2,40.77,40.79,0.653,0.653,1.529,12.042,40.02,39.91,16.54,30.15,69.2,68.8,59.97,63.57,65.88,63.16,28.18,65.4,64.72,56.16,59.49,61.73,59.09,27.37,62.35,61.39,53.38,56.64,59.42,56.78,28.05,65.06,64.38,55.96,59.36,61.67,58.88,342,438
"2019-04-16 14:37:00.0",788886,3920,145.3,40.81,40.83,0.654,0.654,1.527,12.0476,40.02,39.91,16.56,31.04,71.24,71.11,62.07,65.88,67.85,65.2,28.86,66.56,66.01,57.46,60.85,63.09,60.51,28.05,63.36,62.68,54.53,57.93,60.65,58,28.73,66.15,65.74,57.25,60.78,62.89,60.24,342,438
"2019-04-16 14:37:20.0",788887,3930,145.4,40.85,40.87,0.654,0.654,1.526,12.0475,40.02,39.91,16.56,32.06,72.26,72.33,63.36,67.3,69.34,66.9,29.61,67.23,66.96,58.41,62.01,64.18,61.8,28.93,64.52,64.04,55.96,59.42,62.07,59.7,29.47,67.1,66.96,58.47,62.14,64.18,61.67,342,438
"2019-04-16 14:37:40.0",788888,3930,145.5,40.89,40.91,0.655,0.655,1.525,12.0475,40.02,39.91,16.59,30.9,70.56,70.36,61.33,65.13,67.03,64.65,28.32,64.79,64.11,55.76,59.15,61.39,59.02,27.84,62.96,62.28,54.26,57.66,60.17,57.79,27.57,63.3,62.62,54.47,57.79,60.1,57.59,342,438
"2019-04-16 14:38:00.0",788889,3930,145.6,40.93,40.95,0.655,0.655,1.524,12.0475,40.02,39.91,16.61,27.78,64.04,63.09,54.81,58.13,60.65,58.13,25.81,59.63,58.47,50.66,53.65,56.37,53.86,25.67,59.36,58.2,50.46,53.52,56.23,53.72,25.4,58.88,57.73,50.05,53.04,55.76,53.18,342,438
"2019-04-16 14:38:20.0",788890,3930,145.7,40.97,40.99,0.656,0.656,1.523,12.0531,40.02,39.91,16.61,24.79,58.68,57.18,49.44,52.29,55.42,52.43,23.23,55.15,53.58,46.25,48.97,52.16,49.24,23.02,54.67,53.11,45.84,48.49,51.75,48.76,22.89,54.33,52.84,45.64,48.29,51.55,48.56,343,437
"2019-04-16 14:38:40.0",788891,3930,145.8,41.01,41.03,0.656,0.656,1.521,12.0586,40.02,39.91,16.61,22.68,54.94,53.38,46.05,48.69,52.36,48.9,21.6,52.29,50.73,43.74,46.25,49.92,46.59,21.39,51.82,50.26,43.33,45.84,49.58,46.18,21.19,51.41,49.85,42.99,45.43,49.24,45.84,343,437
"2019-04-16 14:39:00.0",788892,3930,145.9,41.05,41.07,0.657,0.657,1.52,12.0586,40.02,39.91,16.64,21.66,53.24,51.95,44.89,47.47,51.68,47.81,20.78,51,49.78,43.06,45.43,49.65,45.91,20.65,50.73,49.51,42.79,45.23,49.44,45.71,20.51,50.32,49.17,42.51,44.89,49.1,45.3,343,437
"2019-04-16 14:39:20.0",788893,3930,146,41.09,41.11,0.657,0.657,1.519,12.053,40.02,39.91,16.66,21.26,52.84,51.95,45.03,47.61,52.23,48.02,20.44,50.8,49.98,43.33,45.77,50.32,46.25,20.31,50.32,49.51,42.99,45.37,49.98,45.91,20.17,50.12,49.37,42.85,45.23,49.85,45.71,343,437
"2019-04-16 14:39:40.0",788894,3930,146.1,41.13,41.14,0.658,0.658,1.518,12.053,40.02,39.91,16.66,21.46,53.65,53.31,46.39,49.03,53.79,49.31,20.65,51.61,51.34,44.69,47.2,51.89,47.54,20.37,50.66,50.32,43.87,46.32,51.21,46.86,20.44,51.07,50.8,44.28,46.72,51.48,47.06,343,437
"2019-04-16 14:40:00.0",788895,3940,146.2,41.17,41.18,0.658,0.658,1.517,12.0419,40.02,39.91,16.69,22,54.74,54.74,47.81,50.6,55.49,50.94,21.12,52.43,52.43,45.77,48.42,53.31,48.83,20.78,51.55,51.55,45.03,47.61,52.5,48.08,20.92,51.89,51.89,45.37,48.02,52.84,48.35,344,436
"2019-04-16 14:40:20.0",788896,3940,146.3,41.21,41.22,0.659,0.659,1.515,12.0419,40.02,39.91,16.69,22.34,55.42,55.62,48.63,51.48,56.3,51.68,21.39,53.04,53.11,46.45,49.1,53.92,49.44,21.19,52.23,52.23,45.71,48.42,53.31,48.83,21.26,52.43,52.57,45.98,48.69,53.52,49.03,344,436
"2019-04-16 14:40:40.0",788897,3940,146.4,41.24,41.26,0.659,0.659,1.514,12.0474,40.02,39.91,16.71,22.48,55.28,55.49,48.56,51.41,56.37,51.75,21.6,52.97,53.11,46.52,49.17,54.06,49.65,21.39,52.36,52.43,45.91,48.63,53.52,49.1,21.32,52.16,52.29,45.84,48.49,53.38,48.97,344,436
"2019-04-16 14:41:00.0",788898,3940,146.5,41.28,41.3,0.66,0.66,1.513,12.053,40.02,39.91,16.71,22.28,54.53,54.67,47.95,50.73,55.83,51.21,21.39,52.36,52.43,45.98,48.69,53.52,49.17,21.19,51.75,51.82,45.43,48.08,53.04,48.63,21.05,51.41,51.48,45.09,47.74,52.7,48.29,344,436
"2019-04-16 14:41:20.0",788899,3940,146.6,41.32,41.34,0.66,0.661,1.512,12.0474,40.02,39.91,16.74,21.53,53.04,53.11,46.52,49.24,54.53,49.85,20.65,50.87,50.94,44.62,47.2,52.36,47.81,20.44,50.39,50.39,44.14,46.72,51.89,47.4,20.31,49.98,49.98,43.8,46.39,51.55,47,344,436
"2019-04-16 14:41:40.0",788900,3940,146.7,41.36,41.38,0.661,0.661,1.511,12.0363,40.02,39.91,16.74,20.85,51.82,51.82,45.43,48.02,53.52,48.69,20.03,49.78,49.78,43.6,46.11,51.48,46.79,19.9,49.31,49.31,43.19,45.71,51.07,46.39,19.76,49.03,49.03,42.92,45.43,50.8,46.11,344,436
"2019-04-16 14:42:00.0",788901,3950,146.8,41.4,41.42,0.661,0.662,1.51,12.053,40.02,39.91,16.74,20.37,50.94,50.94,44.62,47.2,52.77,47.74,19.56,48.97,48.97,42.85,45.37,50.8,45.98,19.42,48.63,48.56,42.51,44.96,50.46,45.64,19.36,48.42,48.35,42.38,44.76,50.32,45.43,345,435
"2019-04-16 14:42:20.0",788902,3950,146.9,41.44,41.46,0.662,0.662,1.508,12.0641,40.02,39.91,16.76,20.31,51.21,51.21,44.82,47.4,53.04,47.81,19.56,49.31,49.24,43.13,45.57,51.07,46.11,19.49,49.03,49.1,42.99,45.43,50.94,45.98,19.49,48.9,48.97,42.85,45.3,50.8,45.84,345,435
"2019-04-16 14:42:40.0",788903,3950,147,41.48,41.49,0.662,0.663,1.507,12.0529,40.02,39.91,16.76,21.05,52.97,53.11,46.52,49.17,54.74,49.58,20.31,50.8,50.94,44.55,47.13,52.57,47.61,20.31,50.87,51,44.62,47.2,52.57,47.61,20.31,50.8,51,44.69,47.27,52.57,47.61,345,435
"2019-04-16 14:43:00.0",788904,3950,147.1,41.51,41.53,0.663,0.663,1.506,12.0529,40.02,39.91,16.79,21.87,54.26,54.4,47.68,50.39,55.76,50.8,20.92,51.82,51.82,45.37,48.02,53.31,48.49,20.99,51.82,51.95,45.43,48.08,53.38,48.56,20.99,51.89,51.95,45.5,48.15,53.38,48.56,345,435
"2019-04-16 14:43:20.0",788905,3950,147.2,41.55,41.57,0.663,0.664,1.505,12.0529,40.02,39.91,16.79,22.14,54.6,54.6,47.74,50.46,55.76,50.87,21.26,52.29,52.23,45.64,48.29,53.45,48.76,21.19,52.09,51.95,45.43,48.08,53.24,48.56,21.19,51.95,51.89,45.37,47.95,53.18,48.42,345,435
"2019-04-16 14:43:40.0",788906,3950,147.3,41.59,41.61,0.664,0.664,1.504,12.0362,40.02,39.91,16.81,22.55,55.21,55.08,48.08,50.87,56.03,51.28,21.8,53.38,53.18,46.39,49.1,54.13,49.58,21.66,52.9,52.63,45.98,48.63,53.72,49.17,21.53,52.57,52.36,45.71,48.35,53.45,48.9,346,434
"2019-04-16 14:44:00.0",788907,3950,147.4,41.63,41.65,0.664,0.665,1.503,12.0473,40.01,39.91,16.81,23.36,56.71,56.64,49.51,52.36,57.39,52.77,22.68,55.01,54.87,47.95,50.73,55.62,51.21,22.55,54.53,54.4,47.54,50.32,55.21,50.8,22.34,54.06,53.92,47.13,49.85,54.81,50.39,346,434
"2019-04-16 14:44:20.0",788908,3950,147.4,41.67,41.69,0.665,0.665,1.502,12.0418,40.01,39.91,16.81,24.65,59.29,59.36,51.89,54.94,59.83,55.42,23.91,57.25,57.32,50.19,53.11,57.79,53.65,23.77,56.78,56.78,49.71,52.63,57.39,53.18,23.5,56.3,56.3,49.31,52.16,56.98,52.7,346,434
"2019-04-16 14:44:40.0",788909,3950,147.5,41.71,41.72,0.665,0.666,1.501,12.0362,40.01,39.91,16.84,25.67,61.05,61.33,53.72,56.84,61.6,57.39,24.65,58.61,58.81,51.48,54.47,59.09,55.15,24.52,58.27,58.34,51.14,54.13,58.75,54.81,24.52,58.27,58.41,51.14,54.2,58.81,54.74,346,434
"2019-04-16 14:45:00.0",788910,3950,147.6,41.74,41.76,0.666,0.666,1.499,12.0473,40.01,39.91,16.84,26.49,63.02,63.43,55.62,58.88,63.36,59.36,25.26,60.04,60.31,52.84,55.89,60.38,56.5,25.2,59.56,59.9,52.5,55.62,60.17,56.3,25.33,60.1,60.44,53.04,56.16,60.51,56.71,346,434
"2019-04-16 14:45:20.0",788911,3950,147.7,41.78,41.8,0.666,0.667,1.498,12.0418,40.01,39.91,16.86,27.37,64.65,65.27,57.25,60.65,64.99,61.19,25.94,61.19,61.6,53.99,57.25,61.6,57.93,25.88,60.58,60.99,53.52,56.71,61.19,57.52,26.01,61.12,61.6,54.06,57.32,61.67,58,346,434
"2019-04-16 14:45:40.0",788912,3960,147.8,41.82,41.84,0.667,0.667,1.497,12.0529,40.01,39.91,16.86,27.1,63.64,64.04,56.16,59.49,63.91,60.24,25.67,59.97,60.17,52.77,55.89,60.31,56.78,25.4,59.15,59.36,52.09,55.21,59.76,56.16,25.47,59.49,59.7,52.36,55.49,59.97,56.37,347,433
"2019-04-16 14:46:00.0",788913,3960,147.9,41.85,41.87,0.667,0.667,1.496,12.0529,40.01,39.91,16.86,25.54,60.04,59.97,52.5,55.62,60.31,56.5,24.04,56.44,56.23,49.17,52.02,56.78,53.11,23.84,55.89,55.62,48.63,51.55,56.3,52.57,23.84,55.96,55.69,48.69,51.55,56.3,52.57,347,433
"2019-04-16 14:46:20.0",788914,3960,148,41.89,41.91,0.668,0.668,1.495,12.0529,40.01,39.91,16.89,23.84,56.78,56.3,49.1,51.95,56.84,52.84,22.34,53.38,52.7,45.91,48.56,53.45,49.58,22.41,53.24,52.63,45.84,48.56,53.45,49.51,22.41,53.31,52.7,45.98,48.63,53.45,49.58,347,433
"2019-04-16 14:46:40.0",788915,3960,148.1,41.93,41.95,0.668,0.668,1.494,12.0529,40.01,39.91,16.89,22.82,55.15,54.4,47.4,50.05,55.08,50.87,21.6,52.16,51.41,44.69,47.27,52.23,48.15,21.66,52.29,51.55,44.82,47.4,52.43,48.29,21.66,52.16,51.48,44.82,47.34,52.29,48.22,347,433
"2019-04-16 14:47:00.0",788916,3960,148.2,41.97,41.98,0.669,0.669,1.493,12.0529,40.01,39.91,16.91,22.82,55.49,54.87,47.81,50.53,55.55,51.21,21.94,53.11,52.57,45.77,48.35,53.31,49.17,21.8,52.7,52.16,45.43,48.02,53.04,48.83,21.8,52.63,52.16,45.37,47.95,52.97,48.76,347,433
"2019-04-16 14:47:20.0",788917,3970,148.3,42,42.02,0.669,0.669,1.492,12.0473,40.01,39.91,16.91,23.5,56.37,55.96,48.83,51.61,56.78,52.57,22.48,53.79,53.45,46.59,49.24,54.33,50.26,22.41,53.58,53.18,46.39,49.03,54.13,50.05,22.34,53.45,53.04,46.32,48.97,54.06,49.92,348,432
"2019-04-16 14:47:40.0",788918,3970,148.4,42.04,42.06,0.67,0.67,1.491,12.0473,40.01,39.91,16.91,23.09,55.21,54.67,47.68,50.39,55.69,51.48,22.14,52.77,52.16,45.5,48.08,53.31,49.24,22.07,52.57,52.02,45.37,47.95,53.18,49.1,22.07,52.43,51.89,45.23,47.88,53.04,48.9,348,432
"2019-04-16 14:48:00.0",788919,3970,148.5,42.08,42.09,0.67,0.67,1.49,12.0417,40.01,39.91,16.94,22.34,53.58,52.77,45.91,48.49,53.99,49.65,21.46,51.28,50.46,43.87,46.39,51.75,47.54,21.39,51.14,50.32,43.74,46.25,51.61,47.4,21.32,51,50.19,43.67,46.18,51.48,47.34,348,432
"2019-04-16 14:48:20.0",788920,3970,148.6,42.11,42.13,0.671,0.671,1.489,12.0417,40.01,39.91,16.94,21.73,52.23,51.28,44.62,47.06,52.7,48.29,20.85,50.12,49.1,42.65,45.03,50.53,46.25,20.78,49.92,48.97,42.51,44.96,50.39,46.18,20.78,49.78,48.9,42.45,44.82,50.32,46.05,348,432
"2019-04-16 14:48:40.0",788921,3970,148.7,42.15,42.17,0.671,0.671,1.488,12.0417,40.01,39.91,16.96,21.12,51.21,50.19,43.53,45.98,51.82,47.2,20.24,49.1,48.08,41.7,44.01,49.71,45.3,20.24,48.97,47.95,41.63,43.94,49.58,45.16,20.17,48.9,47.88,41.56,43.87,49.51,45.09,348,432
"2019-04-16 14:49:00.0",788922,3970,148.8,42.19,42.2,0.672,0.672,1.487,12.0584,40.02,39.91,16.96,21.05,51.41,50.46,43.87,46.25,52.23,47.4,20.24,49.51,48.56,42.24,44.55,50.32,45.71,20.24,49.37,48.49,42.17,44.48,50.26,45.64,20.24,49.37,48.49,42.17,44.48,50.26,45.64,349,431
"2019-04-16 14:49:20.0",788923,3970,148.9,42.22,42.24,0.672,0.672,1.486,12.0528,40.02,39.91,16.98,21.73,53.11,52.5,45.77,48.29,54.26,49.37,20.99,51.28,50.73,44.14,46.59,52.5,47.81,20.99,51.07,50.6,44.08,46.52,52.29,47.68,20.99,51.14,50.6,44.14,46.52,52.43,47.68,349,431
"2019-04-16 14:49:40.0",788924,3970,149,42.26,42.28,0.672,0.673,1.485,12.0528,40.02,39.91,16.98,22.82,55.42,55.21,48.22,50.87,56.91,52.02,22.07,53.38,53.18,46.45,49.03,54.87,50.19,22.07,53.24,53.04,46.32,48.9,54.74,50.12,22.07,53.31,53.11,46.45,49.03,54.81,50.19,349,431
"2019-04-16 14:50:00.0",788925,3970,149.1,42.3,42.31,0.673,0.673,1.484,12.0584,40.02,39.91,17.01,23.63,56.78,56.71,49.65,52.43,58.34,53.58,22.75,54.47,54.33,47.54,50.19,56.03,51.41,22.75,54.33,54.2,47.4,50.12,55.89,51.34,22.75,54.33,54.26,47.47,50.19,55.96,51.41,349,431
"2019-04-16 14:50:20.0",788926,3970,149.2,42.33,42.35,0.673,0.674,1.482,12.0528,40.02,39.91,17.01,23.7,56.64,56.5,49.44,52.23,58.13,53.38,22.82,54.33,54.06,47.27,49.98,55.69,51.14,22.68,53.99,53.72,47,49.65,55.42,50.87,22.68,53.99,53.79,47,49.71,55.49,50.87,349,431
"2019-04-16 14:50:40.0",788927,3970,149.3,42.37,42.39,0.674,0.674,1.481,12.0528,40.02,39.91,17.01,23.57,56.16,55.83,48.76,51.48,57.39,52.7,22.62,53.79,53.38,46.59,49.24,54.94,50.46,22.48,53.31,52.9,46.18,48.76,54.53,49.98,22.48,53.31,52.84,46.18,48.76,54.53,49.92,349,431
"2019-04-16 14:51:00.0",788928,3980,149.4,42.4,42.42,0.674,0.675,1.48,12.0472,40.02,39.91,17.01,23.23,55.21,54.67,47.68,50.39,56.23,51.41,22.21,52.77,52.16,45.43,47.95,53.65,49.1,22.07,52.43,51.82,45.16,47.68,53.38,48.83,22,52.36,51.75,45.09,47.61,53.31,48.69,350,430
"2019-04-16 14:51:20.0",788929,3980,149.5,42.44,42.46,0.675,0.675,1.479,12.0417,40.02,39.91,17.04,22.68,54.33,53.65,46.72,49.31,55.15,50.26,21.66,51.89,51.14,44.48,47,52.7,47.95,21.6,51.68,50.87,44.28,46.79,52.5,47.74,21.53,51.55,50.8,44.21,46.72,52.36,47.68,350,430
"2019-04-16 14:51:40.0",788930,3980,149.6,42.48,42.49,0.675,0.675,1.478,12.0472,40.02,39.91,17.06,22.48,54.13,53.45,46.59,49.1,55.01,49.98,21.53,51.82,51.07,44.48,47,52.7,47.88,21.39,51.48,50.73,44.21,46.66,52.36,47.54,21.32,51.34,50.6,44.08,46.52,52.29,47.47,350,430
"2019-04-16 14:52:00.0",788931,3980,149.7,42.51,42.53,0.676,0.676,1.477,12.0472,40.02,39.91,17.06,22.14,53.52,52.77,46.05,48.56,54.53,49.37,21.19,51.14,50.46,43.94,46.39,52.23,47.27,21.05,50.87,50.26,43.74,46.18,52.02,47,21.05,50.8,50.12,43.67,46.11,51.95,46.93,350,430
"2019-04-16 14:52:20.0",788932,3980,149.8,42.55,42.56,0.676,0.676,1.476,12.0472,40.02,39.92,17.06,21.87,53.31,52.77,45.98,48.49,54.6,49.17,21.05,51.21,50.6,44.08,46.52,52.43,47.27,20.92,50.87,50.32,43.8,46.25,52.16,47,20.92,50.87,50.32,43.87,46.25,52.16,47,350,430
"2019-04-16 14:52:40.0",788933,4000,149.9,42.58,42.6,0.677,0.677,1.475,12.0528,40.04,39.92,17.09,22.48,54.87,54.53,47.61,50.26,56.3,50.87,21.66,52.7,52.43,45.77,48.29,54.13,48.97,21.6,52.43,52.09,45.5,48.02,53.92,48.76,21.66,52.57,52.29,45.71,48.22,54.13,48.83,351,429
"2019-04-16 14:53:00.0",788934,3990,150,42.62,42.63,0.677,0.677,1.475,12.0584,40.02,39.92,17.09,23.63,57.18,57.18,49.98,52.84,58.75,53.45,22.75,54.87,54.81,47.95,50.6,56.44,51.34,22.68,54.6,54.53,47.74,50.39,56.3,51.21,22.75,54.74,54.67,47.88,50.6,56.37,51.34,351,429
"2019-04-16 14:53:20.0",788935,4010,150.1,42.65,42.67,0.678,0.678,1.474,12.0528,40.04,39.92,17.11,24.72,58.88,58.95,51.61,54.6,60.44,55.35,23.77,56.5,56.5,49.44,52.29,58,53.11,23.7,56.23,56.23,49.24,52.09,57.79,52.9,23.77,56.3,56.3,49.37,52.23,57.86,52.97,351,429
"2019-04-16 14:53:40.0",788936,4010,150.2,42.69,42.7,0.678,0.678,1.473,12.0528,40.04,39.93,17.11,25.54,60.31,60.44,52.97,55.96,61.73,56.78,24.58,57.79,57.86,50.66,53.58,59.22,54.53,24.45,57.46,57.46,50.32,53.24,58.88,54.2,24.52,57.52,57.59,50.46,53.45,59.02,54.33,351,429
"2019-04-16 14:54:00.0",788937,4010,150.3,42.72,42.74,0.678,0.679,1.472,12.0528,40.04,39.92,17.11,26.42,61.66,61.87,54.26,57.39,63.02,58.34,25.4,59.08,59.15,51.82,54.8,60.31,55.89,25.2,58.68,58.68,51.48,54.47,60.03,55.55,25.26,58.61,58.74,51.48,54.47,59.97,55.55,351,429
"2019-04-16 14:54:20.0",788938,4010,150.4,42.76,42.77,0.679,0.679,1.471,12.0528,40.04,39.92,17.14,26.89,62.14,62.27,54.6,57.79,63.36,58.88,25.74,59.35,59.29,52.02,55.01,60.58,56.23,25.67,58.95,58.95,51.68,54.74,60.24,55.96,25.53,58.74,58.74,51.48,54.53,60.03,55.69,351,429
"2019-04-16 14:54:40.0",788939,4010,150.5,42.79,42.81,0.679,0.68,1.47,12.0417,40.04,39.92,17.14,26.28,60.51,60.24,52.77,55.82,61.53,57.05,25.2,57.66,57.39,50.19,53.11,58.68,54.47,25.06,57.32,57.05,49.92,52.84,58.4,54.19,24.92,57.11,56.84,49.71,52.56,58.13,53.85,352,428
"2019-04-16 14:55:00.0",788940,4010,150.6,42.83,42.84,0.68,0.68,1.469,12.0417,40.04,39.92,17.16,25.13,58.13,57.52,50.25,53.11,58.95,54.33,24.04,55.48,54.8,47.81,50.59,56.23,51.88,23.97,55.35,54.67,47.67,50.46,56.1,51.75,23.9,55.21,54.6,47.61,50.32,56.03,51.61,352,428
"2019-04-16 14:55:20.0",788941,4010,150.7,42.86,42.88,0.68,0.68,1.468,12.0417,40.04,39.92,17.19,24.38,56.91,56.1,48.9,51.68,57.45,52.84,23.43,54.53,53.65,46.79,49.44,55.08,50.66,23.36,54.33,53.58,46.66,49.3,54.94,50.53,23.29,54.13,53.31,46.45,49.1,54.74,50.25,352,428
"2019-04-16 14:55:40.0",788942,4010,150.8,42.9,42.91,0.681,0.681,1.467,12.0417,40.04,39.92,17.19,23.84,55.96,55.07,47.94,50.59,56.5,51.75,22.95,53.72,52.77,45.91,48.49,54.19,49.64,22.89,53.51,52.56,45.7,48.22,53.99,49.44,22.82,53.38,52.43,45.64,48.15,53.92,49.3,352,428
"2019-04-16 14:56:00.0",788943,4010,150.9,42.93,42.95,0.681,0.681,1.466,12.0472,40.04,39.92,17.21,23.63,55.69,54.67,47.54,50.19,56.09,51.2,22.68,53.44,52.43,45.57,48.08,53.85,49.17,22.61,53.11,52.09,45.23,47.74,53.58,48.9,22.61,53.24,52.22,45.43,47.94,53.72,49.03,352,428
"2019-04-16 14:56:20.0",788944,4010,151,42.96,42.98,0.682,0.682,1.465,12.0528,40.04,39.92,17.21,23.97,56.98,56.09,48.76,51.41,57.32,52.29,23.09,54.67,53.78,46.72,49.3,55.01,50.19,22.95,54.12,53.17,46.25,48.76,54.53,49.78,23.09,54.53,53.65,46.65,49.23,54.94,50.12,353,427
"2019-04-16 14:56:40.0",788945,4020,151.1,43,43.02,0.682,0.682,1.464,12.0584,40.04,39.92,17.21,24.99,59.08,58.4,50.86,53.65,59.42,54.53,24.04,56.5,55.82,48.62,51.27,56.91,52.22,23.97,56.23,55.55,48.35,51,56.7,52.02,24.04,56.5,55.82,48.62,51.34,56.98,52.29,353,427
"2019-04-16 14:57:00.0",788946,4010,151.2,43.03,43.05,0.682,0.683,1.463,12.0472,40.04,39.92,17.24,26.15,61.32,60.92,53.11,56.03,61.73,56.98,25.19,58.88,58.4,50.93,53.78,59.35,54.8,25.13,58.61,58.13,50.66,53.51,59.08,54.53,25.19,58.74,58.27,50.8,53.65,59.15,54.6,353,427
"2019-04-16 14:57:20.0",788947,4010,151.3,43.07,43.08,0.683,0.683,1.462,12.0528,40.05,39.91,17.26,27.16,63.15,62.82,54.87,57.93,63.49,58.88,26.21,60.64,60.3,52.63,55.62,60.98,56.64,26.08,60.23,59.9,52.29,55.21,60.64,56.3,26.14,60.37,60.03,52.43,55.41,60.78,56.43,353,427
"2019-04-16 14:57:40.0",788948,4020,151.4,43.1,43.12,0.683,0.683,1.461,12.0528,40.05,39.91,17.29,28.05,64.51,64.31,56.23,59.42,64.85,60.44,26.96,61.8,61.52,53.78,56.84,62.14,57.93,26.96,61.66,61.32,53.65,56.7,62,57.79,26.96,61.59,61.39,53.65,56.7,62,57.72,353,427
"2019-04-16 14:58:00.0",788949,4010,151.5,43.13,43.15,0.684,0.684,1.46,12.0416,40.05,39.91,17.29,28.52,65.12,64.92,56.7,59.96,65.33,60.91,27.43,62.48,62.14,54.26,57.38,62.68,58.47,27.37,62.14,61.86,54.06,57.18,62.41,58.27,27.37,62.14,61.86,54.12,57.18,62.41,58.2,354,426
"2019-04-16 14:58:20.0",788950,4030,151.6,43.17,43.18,0.684,0.684,1.459,12.0472,40.05,39.91,17.31,29.06,66.21,66.01,57.72,61.05,66.21,61.93,27.98,63.29,62.88,55.01,58.2,63.29,59.22,27.84,63.02,62.68,54.8,57.99,63.09,59.01,27.91,63.02,62.68,54.87,57.99,63.09,59.01,354,426
"2019-04-16 14:58:40.0",788951,4030,151.8,43.2,43.22,0.685,0.685,1.459,12.0416,40.05,39.91,17.31,29.47,66.69,66.41,58.06,61.39,66.48,62.27,28.05,63.22,62.82,54.8,58.06,63.02,59.08,27.98,63.02,62.54,54.67,57.86,62.88,58.88,28.05,63.09,62.61,54.73,57.93,62.88,58.88,354,426
"2019-04-16 14:59:00.0",788952,4010,151.9,43.23,43.25,0.685,0.685,1.458,12.0416,40.05,39.92,17.31,28.93,65.87,65.33,56.98,60.24,65.13,60.91,27.57,62.68,61.93,53.99,57.04,61.87,57.86,27.5,62.07,61.39,53.51,56.64,61.46,57.52,27.5,62.41,61.73,53.85,56.91,61.66,57.66,354,426
"2019-04-16 14:59:20.0",788953,4030,152,43.27,43.28,0.685,0.686,1.457,12.0472,40.05,39.92,17.34,28.79,66.14,65.46,57.04,60.3,64.92,60.78,27.44,62.82,62.07,53.99,56.98,61.59,57.72,27.3,62.07,61.25,53.31,56.36,61.12,57.18,27.37,62.61,61.93,53.85,56.98,61.53,57.59,354,426
"2019-04-16 14:59:40.0",788954,4030,152.1,43.3,43.32,0.686,0.686,1.456,12.0472,40.05,39.92,17.34,28.79,66.01,65.26,56.84,60.1,64.79,60.78,27.3,62.41,61.53,53.51,56.57,61.25,57.38,27.16,61.87,60.98,53.04,56.09,60.85,56.98,27.23,62.07,61.25,53.31,56.36,61.05,57.18,354,426
