"TOA5","","","1764","CR1000.Std.24","CPU:MFRSR_10012018V2.8.CR1","13574","TableHdr","PbCdlComm-1.6.0 (2016/01/26)"
"TIMESTAMP","RECORD","loggerID""headID""xpgmVerID""xlat""xlon""xSiteElev""xFULLREV""xCRXHSTEPS""xSCANseconds""xSCANnAvg""xSCANtrough""xHOMEoffset""xALLTIMEband"
"TS","RN","--""--""--""deg""deg""m""--""--""sec""--""--""--""--"
"","","Smp""Smp""Smp""Smp""Smp""Smp""Smp""Smp""Smp""Smp""Smp""Smp""Smp"
"2019-04-15 12:00:00.0",371,1764,180054423,2.8,-32.1259,-64.7287,1160,800,20,20,1,10,0,-1
"TOA5","","","1764","CR1000.Std.24","CPU:MFRSR_10012018V2.8.CR1","13574","Table155","PbCdlComm-1.6.0 (2016/01/26)"
"TIMESTAMP","RECORD","xoset""az""el""al""cosz""cosasz""pamass""vBat""Thead""THTC""Tlogger""Dnadir(1)""Dnadir(2)""Dnadir(3)""Dnadir(4)""Dnadir(5)""Dnadir(6)""Dnadir(7)""Deast(1)""Deast(2)""Deast(3)""Deast(4)""Deast(5)""Deast(6)""Deast(7)""Dsun(1)""Dsun(2)""Dsun(3)""Dsun(4)""Dsun(5)""Dsun(6)""Dsun(7)""Dwest(1)""Dwest(2)""Dwest(3)""Dwest(4)""Dwest(5)""Dwest(6)""Dwest(7)""kount""khome"
"TS","RN","sec""deg""deg""deg""--""--""--""Volt""degC""degC""degC""mV""mV""mV""mV""mV""mV""mV""mV""mV""mV""mV""mV""mV""mV""mV""mV""mV""mV""mV""mV""mV""mV""mV""mV""mV""mV""mV""mV""--""--"
"","","Smp""Smp""Smp""Smp""Smp""Smp""Smp""Smp""Smp""Smp""Smp""Smp""Smp""Smp""Smp""Smp""Smp""Smp""Smp""Smp""Smp""Smp""Smp""Smp""Smp""Smp""Smp""Smp""Smp""Smp""Smp""Smp""Smp""Smp""Smp""Smp""Smp""Smp""Smp""Smp""Smp"
"2019-04-15 14:00:00.0",784455,3770,135.3,36.07,36.09,0.589,0.589,1.694,12.0547,39.88,39.89,12.7,-0.612,11.62,10.33,8.49,9.04,10.46,1.359,-0.612,11.42,10.12,8.36,8.9,10.26,1.291,-0.612,11.35,10.06,8.29,8.83,10.19,1.291,-0.612,11.28,10.06,8.29,8.83,10.19,1.291,321,459
"2019-04-15 14:00:20.0",784456,3770,135.4,36.12,36.14,0.589,0.59,1.692,12.0547,39.88,39.89,12.7,-0.612,12.3,10.87,8.97,9.58,10.94,1.563,-0.612,12.03,10.67,8.77,9.38,10.74,1.563,-0.612,11.89,10.6,8.77,9.31,10.67,1.563,-0.612,11.82,10.53,8.7,9.24,10.6,1.495,321,459
"2019-04-15 14:00:40.0",784457,3780,135.5,36.17,36.19,0.59,0.59,1.69,12.0433,39.88,39.88,12.72,-0.612,12.64,11.28,9.31,9.92,11.28,1.699,-0.612,12.37,11.01,9.11,9.65,11.01,1.699,-0.612,12.3,10.94,9.04,9.58,10.94,1.699,-0.612,12.23,10.94,8.97,9.51,10.87,1.631,322,458
"2019-04-15 14:01:00.0",784458,3780,135.5,36.22,36.24,0.591,0.591,1.688,12.0433,39.88,39.88,12.72,-0.544,12.98,11.55,9.51,10.12,11.55,1.903,-0.612,12.57,11.21,9.24,9.78,11.14,1.835,-0.612,12.5,11.14,9.17,9.78,11.14,1.835,-0.612,12.43,11.01,9.11,9.72,11.08,1.767,322,458
"2019-04-15 14:01:20.0",784459,3780,135.6,36.27,36.29,0.592,0.592,1.686,12.0433,39.88,39.88,12.74,-0.544,12.98,11.55,9.58,10.12,11.55,1.971,-0.612,12.57,11.21,9.24,9.85,11.21,1.903,-0.612,12.43,11.14,9.17,9.72,11.14,1.903,-0.612,12.37,11.01,9.11,9.65,11.01,1.835,322,458
"2019-04-15 14:01:40.0",784460,3780,135.7,36.32,36.34,0.592,0.593,1.684,12.0433,39.88,39.87,12.74,-0.544,12.77,11.42,9.44,9.99,11.42,1.971,-0.612,12.37,11.01,9.11,9.65,11.08,1.971,-0.612,12.23,10.94,9.04,9.51,11.01,1.971,-0.612,12.16,10.87,8.97,9.51,10.87,1.903,322,458
"2019-04-15 14:02:00.0",784461,3780,135.8,36.37,36.39,0.593,0.593,1.683,12.0433,39.88,39.88,12.74,-0.612,12.37,11.08,9.17,9.72,11.14,2.038,-0.612,11.96,10.67,8.77,9.31,10.74,1.971,-0.612,11.89,10.53,8.7,9.24,10.67,1.971,-0.544,11.82,10.6,8.7,9.24,10.67,1.971,322,458
"2019-04-15 14:02:20.0",784462,3800,135.9,36.42,36.44,0.594,0.594,1.681,12.0375,39.88,39.9,12.77,-0.544,11.96,10.67,8.83,9.38,10.87,2.106,-0.544,11.55,10.33,8.49,9.04,10.46,2.038,-0.544,11.42,10.19,8.43,8.97,10.4,2.038,-0.544,11.35,10.12,8.36,8.9,10.26,1.971,322,458
"2019-04-15 14:02:40.0",784463,3800,136,36.46,36.49,0.594,0.595,1.679,12.0486,39.88,39.9,12.77,-0.544,11.42,10.19,8.43,8.9,10.4,2.106,-0.544,11.01,9.78,8.09,8.56,10.06,1.971,-0.544,10.87,9.72,8.02,8.49,9.99,1.971,-0.544,10.74,9.65,7.95,8.43,9.85,1.971,323,457
"2019-04-15 14:03:00.0",784464,3800,136,36.51,36.54,0.595,0.595,1.677,12.0542,39.88,39.9,12.77,-0.544,10.87,9.72,8.02,8.49,10.06,2.038,-0.544,10.46,9.38,7.746,8.22,9.72,1.971,-0.544,10.4,9.31,7.678,8.15,9.58,1.971,-0.612,10.33,9.17,7.61,8.09,9.58,1.971,323,457
"2019-04-15 14:03:20.0",784465,3800,136.1,36.56,36.58,0.596,0.596,1.675,12.0542,39.88,39.9,12.79,-0.612,10.46,9.38,7.746,8.22,9.72,2.038,-0.612,10.12,9.04,7.474,7.882,9.38,1.971,-0.612,10.06,8.97,7.406,7.814,9.31,1.971,-0.612,9.92,8.9,7.338,7.814,9.31,1.971,323,457
"2019-04-15 14:03:40.0",784466,3800,136.2,36.61,36.63,0.596,0.597,1.673,12.0542,39.88,39.9,12.79,-0.612,10.19,9.11,7.542,7.95,9.51,2.038,-0.612,9.85,8.83,7.27,7.678,9.17,1.971,-0.612,9.78,8.77,7.203,7.678,9.11,1.971,-0.612,9.72,8.7,7.203,7.61,9.11,1.971,323,457
"2019-04-15 14:04:00.0",784467,3800,136.3,36.66,36.68,0.597,0.597,1.671,12.0541,39.88,39.9,12.79,-0.612,9.99,8.97,7.406,7.814,9.38,2.038,-0.612,9.72,8.7,7.203,7.61,9.11,2.038,-0.612,9.65,8.63,7.135,7.542,9.04,2.038,-0.612,9.58,8.56,7.067,7.474,8.97,1.971,323,457
"2019-04-15 14:04:20.0",784468,3800,136.4,36.71,36.73,0.598,0.598,1.669,12.0429,39.88,39.88,12.81,-0.679,9.92,8.83,7.27,7.746,9.24,2.106,-0.679,9.65,8.63,7.067,7.474,8.97,2.038,-0.679,9.51,8.56,6.999,7.474,8.9,1.971,-0.679,9.51,8.49,6.999,7.406,8.9,1.971,324,456
"2019-04-15 14:04:40.0",784469,3800,136.4,36.76,36.78,0.598,0.599,1.667,12.0429,39.88,39.88,12.81,-0.679,9.99,8.9,7.338,7.746,9.31,2.174,-0.679,9.65,8.7,7.135,7.542,9.04,2.106,-0.679,9.65,8.63,7.067,7.474,8.97,2.106,-0.679,9.58,8.56,7.067,7.406,8.9,2.038,324,456
"2019-04-15 14:05:00.0",784470,3800,136.5,36.81,36.83,0.599,0.599,1.665,12.0429,39.88,39.88,12.81,-0.679,10.12,9.04,7.474,7.882,9.38,2.31,-0.679,9.85,8.83,7.27,7.678,9.17,2.242,-0.679,9.78,8.77,7.203,7.61,9.11,2.242,-0.679,9.72,8.7,7.203,7.61,9.04,2.242,324,456
"2019-04-15 14:05:20.0",784471,3800,136.6,36.86,36.88,0.6,0.6,1.663,12.0429,39.88,39.88,12.84,-0.679,10.33,9.24,7.61,8.09,9.58,2.446,-0.679,10.06,8.97,7.406,7.814,9.31,2.378,-0.679,10.06,8.97,7.338,7.814,9.24,2.31,-0.679,9.92,8.9,7.338,7.746,9.24,2.31,324,456
"2019-04-15 14:05:40.0",784472,3800,136.7,36.9,36.92,0.6,0.601,1.662,12.0428,39.88,39.9,12.84,-0.612,10.6,9.51,7.814,8.22,9.78,2.582,-0.612,10.33,9.24,7.61,8.02,9.51,2.514,-0.612,10.26,9.17,7.542,7.95,9.44,2.514,-0.612,10.26,9.11,7.474,7.95,9.38,2.514,324,456
"2019-04-15 14:06:00.0",784473,3810,136.8,36.95,36.97,0.601,0.601,1.66,12.0539,39.88,39.88,12.84,-0.612,10.8,9.72,8.02,8.43,9.99,2.718,-0.612,10.53,9.44,7.746,8.22,9.72,2.65,-0.612,10.53,9.38,7.678,8.15,9.65,2.65,-0.612,10.46,9.31,7.678,8.09,9.58,2.582,325,455
"2019-04-15 14:06:20.0",784474,3810,136.9,37,37.02,0.602,0.602,1.658,12.0539,39.88,39.9,12.86,-0.544,11.08,9.92,8.22,8.7,10.19,2.922,-0.544,10.8,9.65,7.95,8.43,9.85,2.786,-0.544,10.74,9.58,7.95,8.36,9.85,2.854,-0.544,10.67,9.58,7.882,8.36,9.78,2.786,325,455
"2019-04-15 14:06:40.0",784475,3810,136.9,37.05,37.07,0.602,0.603,1.656,12.0539,39.88,39.9,12.86,-0.476,11.28,10.12,8.29,8.83,10.33,2.99,-0.476,10.94,9.78,8.09,8.49,10.06,2.854,-0.476,10.87,9.72,8.02,8.49,9.92,2.854,-0.476,10.8,9.65,7.95,8.43,9.85,2.854,325,455
"2019-04-15 14:07:00.0",784476,3810,137,37.1,37.12,0.603,0.603,1.654,12.0483,39.88,39.9,12.88,-0.476,11.35,10.19,8.36,8.83,10.4,3.058,-0.476,11.08,9.85,8.15,8.56,10.06,2.99,-0.476,10.94,9.78,8.09,8.56,9.99,2.922,-0.476,10.87,9.72,8.02,8.49,9.99,2.922,325,455
"2019-04-15 14:07:20.0",784477,3810,137.1,37.14,37.16,0.604,0.604,1.652,12.0538,39.88,39.89,12.88,-0.544,11.35,10.12,8.36,8.83,10.4,2.99,-0.544,11.01,9.78,8.09,8.49,10.06,2.922,-0.544,10.94,9.72,8.02,8.49,9.99,2.922,-0.544,10.8,9.65,7.95,8.43,9.92,2.854,325,455
"2019-04-15 14:07:40.0",784478,3810,137.2,37.19,37.21,0.604,0.605,1.651,12.0538,39.91,39.89,12.88,-0.544,11.35,10.12,8.36,8.83,10.4,2.99,-0.544,10.94,9.78,8.09,8.56,10.06,2.854,-0.544,10.87,9.72,8.02,8.49,9.99,2.854,-0.544,10.8,9.65,7.95,8.43,9.92,2.854,325,455
"2019-04-15 14:08:00.0",784479,3820,137.3,37.24,37.26,0.605,0.605,1.649,12.0371,39.89,39.89,12.88,-0.544,11.28,10.06,8.29,8.77,10.33,2.99,-0.544,10.87,9.78,8.02,8.49,9.99,2.854,-0.544,10.8,9.65,7.95,8.43,9.92,2.854,-0.544,10.74,9.58,7.882,8.36,9.85,2.854,326,454
"2019-04-15 14:08:20.0",784480,3820,137.4,37.29,37.31,0.606,0.606,1.647,12.0371,39.88,39.88,12.91,-0.544,11.21,9.99,8.22,8.7,10.26,2.922,-0.544,10.8,9.65,7.95,8.43,9.92,2.854,-0.544,10.74,9.58,7.882,8.36,9.85,2.786,-0.544,10.67,9.51,7.882,8.29,9.85,2.786,326,454
"2019-04-15 14:08:40.0",784481,3820,137.4,37.34,37.36,0.606,0.607,1.645,12.0371,39.88,39.89,12.91,-0.544,11.08,9.92,8.15,8.63,10.19,2.922,-0.544,10.8,9.65,7.95,8.36,9.92,2.786,-0.544,10.67,9.51,7.882,8.29,9.78,2.786,-0.544,10.67,9.51,7.814,8.29,9.78,2.786,326,454
"2019-04-15 14:09:00.0",784482,3820,137.5,37.38,37.4,0.607,0.607,1.643,12.0426,39.88,39.89,12.93,-0.544,11.01,9.92,8.15,8.56,10.12,2.854,-0.544,10.74,9.51,7.882,8.36,9.85,2.786,-0.544,10.67,9.51,7.814,8.29,9.78,2.718,-0.544,10.53,9.44,7.746,8.22,9.72,2.786,326,454
"2019-04-15 14:09:20.0",784483,3820,137.6,37.43,37.45,0.608,0.608,1.642,12.0426,39.88,39.89,12.93,-0.544,11.01,9.78,8.09,8.56,10.12,2.854,-0.544,10.67,9.51,7.882,8.29,9.78,2.786,-0.544,10.6,9.44,7.814,8.22,9.72,2.718,-0.544,10.53,9.38,7.746,8.22,9.72,2.718,326,454
"2019-04-15 14:09:40.0",784484,3820,137.7,37.48,37.5,0.608,0.609,1.64,12.0537,39.88,39.89,12.93,-0.544,10.94,9.78,8.09,8.49,10.06,2.854,-0.544,10.6,9.51,7.814,8.29,9.78,2.718,-0.544,10.53,9.44,7.746,8.22,9.72,2.718,-0.544,10.46,9.38,7.746,8.22,9.65,2.718,327,453
"2019-04-15 14:10:00.0",784485,3820,137.8,37.53,37.55,0.609,0.609,1.638,12.0593,39.88,39.89,12.95,-0.544,10.87,9.78,8.02,8.49,10.06,2.854,-0.544,10.6,9.44,7.814,8.29,9.78,2.718,-0.544,10.46,9.38,7.746,8.22,9.72,2.718,-0.544,10.46,9.31,7.746,8.15,9.65,2.65,327,453
"2019-04-15 14:10:20.0",784486,3820,137.9,37.57,37.59,0.61,0.61,1.636,12.0537,39.88,39.89,12.95,-0.544,10.8,9.72,8.02,8.49,10.06,2.718,-0.544,10.53,9.44,7.814,8.22,9.78,2.65,-0.544,10.46,9.38,7.746,8.22,9.72,2.65,-0.544,10.4,9.31,7.678,8.15,9.65,2.65,327,453
"2019-04-15 14:10:40.0",784487,3820,138,37.62,37.64,0.61,0.611,1.635,12.0537,39.89,39.89,12.98,-0.544,10.8,9.72,8.02,8.49,10.06,2.718,-0.544,10.46,9.38,7.746,8.22,9.78,2.65,-0.544,10.4,9.38,7.746,8.15,9.72,2.582,-0.544,10.33,9.31,7.678,8.15,9.65,2.582,327,453
"2019-04-15 14:11:00.0",784488,3820,138,37.67,37.69,0.611,0.611,1.633,12.0481,39.9,39.9,12.98,-0.544,10.74,9.72,8.02,8.49,10.06,2.718,-0.544,10.46,9.38,7.746,8.22,9.78,2.582,-0.544,10.4,9.31,7.746,8.15,9.72,2.582,-0.544,10.33,9.24,7.678,8.09,9.65,2.514,327,453
"2019-04-15 14:11:20.0",784489,3820,138.1,37.71,37.74,0.612,0.612,1.631,12.0537,39.9,39.9,12.98,-0.544,10.74,9.72,8.02,8.49,10.12,2.65,-0.544,10.4,9.38,7.814,8.29,9.85,2.582,-0.544,10.4,9.38,7.746,8.22,9.78,2.582,-0.544,10.33,9.31,7.746,8.15,9.78,2.514,327,453
"2019-04-15 14:11:40.0",784490,3830,138.2,37.76,37.78,0.612,0.613,1.629,12.0425,39.9,39.9,12.98,-0.544,10.8,9.78,8.15,8.63,10.33,2.718,-0.544,10.46,9.51,7.95,8.36,9.99,2.582,-0.544,10.46,9.44,7.882,8.36,9.92,2.582,-0.612,10.4,9.38,7.814,8.29,9.92,2.514,328,452
"2019-04-15 14:12:00.0",784491,3830,138.3,37.81,37.83,0.613,0.613,1.628,12.0425,39.9,39.9,13,-0.544,10.94,9.99,8.36,8.83,10.53,2.786,-0.612,10.6,9.72,8.09,8.56,10.26,2.65,-0.544,10.6,9.65,8.09,8.56,10.26,2.65,-0.612,10.53,9.58,8.02,8.49,10.19,2.65,328,452
"2019-04-15 14:12:20.0",784492,3830,138.4,37.86,37.88,0.614,0.614,1.626,12.0425,39.9,39.88,13,-0.544,11.21,10.26,8.63,9.1,10.94,2.854,-0.544,10.87,9.99,8.42,8.9,10.67,2.786,-0.544,10.87,9.99,8.36,8.83,10.67,2.718,-0.544,10.8,9.92,8.36,8.83,10.67,2.786,328,452
"2019-04-15 14:12:40.0",784493,3830,138.5,37.9,37.92,0.614,0.615,1.624,12.0425,39.9,39.91,13,-0.544,11.62,10.74,9.04,9.58,11.55,3.057,-0.544,11.35,10.53,8.83,9.38,11.28,2.99,-0.544,11.28,10.46,8.83,9.38,11.21,2.922,-0.544,11.21,10.46,8.76,9.38,11.21,2.99,328,452
"2019-04-15 14:13:00.0",784494,3830,138.5,37.95,37.97,0.615,0.615,1.623,12.0425,39.9,39.91,13.02,-0.476,12.23,11.41,9.65,10.26,12.3,3.329,-0.476,11.96,11.21,9.44,10.06,12.09,3.261,-0.544,11.96,11.14,9.44,9.99,12.03,3.261,-0.544,11.89,11.14,9.44,9.99,12.03,3.261,328,452
"2019-04-15 14:13:20.0",784495,3830,138.6,38,38.02,0.616,0.616,1.621,12.048,39.9,39.91,13.02,-0.476,13.11,12.37,10.53,11.14,13.32,3.805,-0.476,12.91,12.16,10.33,11.01,13.11,3.737,-0.476,12.84,12.09,10.33,10.94,13.11,3.737,-0.476,12.84,12.09,10.33,10.94,13.11,3.669,329,451
"2019-04-15 14:13:40.0",784496,3830,138.7,38.04,38.06,0.616,0.617,1.619,12.0536,39.9,39.89,13.05,-0.408,14.27,13.66,11.69,12.37,14.74,4.348,-0.408,14.06,13.38,11.48,12.23,14.54,4.348,-0.408,14,13.38,11.48,12.16,14.47,4.28,-0.408,14,13.32,11.48,12.16,14.47,4.28,329,451
"2019-04-15 14:14:00.0",784497,3830,138.8,38.09,38.11,0.617,0.617,1.618,12.0536,39.9,39.9,13.05,-0.272,15.76,15.15,13.05,13.86,16.37,5.164,-0.272,15.49,14.95,12.84,13.66,16.17,5.096,-0.272,15.42,14.88,12.84,13.66,16.1,5.096,-0.272,15.36,14.88,12.84,13.66,16.1,5.096,329,451
"2019-04-15 14:14:20.0",784498,3830,138.9,38.13,38.16,0.618,0.618,1.616,12.0536,39.9,39.89,13.07,-0.136,17.26,16.78,14.54,15.42,18.14,5.979,-0.136,16.99,16.51,14.34,15.22,17.87,5.843,-0.068,16.99,16.51,14.27,15.15,17.87,5.843,-0.068,16.92,16.44,14.27,15.15,17.87,5.843,329,451
"2019-04-15 14:14:40.0",784499,3830,139,38.18,38.2,0.618,0.618,1.614,12.0536,39.9,39.9,13.07,0.068,18.82,18.41,15.97,16.99,19.91,6.727,0.068,18.41,18.07,15.7,16.65,19.57,6.591,0.068,18.41,18.01,15.63,16.58,19.5,6.591,0.068,18.35,17.94,15.63,16.58,19.43,6.591,329,451
"2019-04-15 14:15:00.0",784500,3840,139.1,38.23,38.25,0.619,0.619,1.613,12.0424,39.9,39.89,13.07,0.272,20.25,19.84,17.26,18.35,21.47,7.406,0.272,19.84,19.43,16.92,17.94,20.99,7.338,0.272,19.7,19.36,16.85,17.87,20.99,7.27,0.272,19.64,19.36,16.78,17.87,20.93,7.27,330,450
"2019-04-15 14:15:20.0",784501,3840,139.2,38.27,38.29,0.619,0.62,1.611,12.0424,39.9,39.89,13.09,0.476,21.61,21.27,18.55,19.7,22.97,8.15,0.476,21.13,20.86,18.14,19.3,22.49,7.95,0.476,21.06,20.79,18.07,19.23,22.49,7.95,0.476,20.99,20.72,18.07,19.16,22.42,7.95,330,450
"2019-04-15 14:15:40.0",784502,3840,139.2,38.32,38.34,0.62,0.62,1.609,12.0424,39.9,39.89,13.09,0.679,23.03,22.76,19.84,21.13,24.6,8.83,0.679,22.49,22.29,19.43,20.72,24.05,8.7,0.679,22.49,22.22,19.36,20.65,23.98,8.7,0.679,22.42,22.15,19.36,20.59,23.92,8.63,330,450
"2019-04-15 14:16:00.0",784503,3840,139.3,38.37,38.39,0.621,0.621,1.608,12.0424,39.9,39.89,13.09,0.883,24.46,24.26,21.2,22.56,26.09,9.58,0.883,23.85,23.71,20.72,22.01,25.48,9.31,0.883,23.78,23.64,20.65,21.95,25.41,9.31,0.883,23.64,23.51,20.59,21.88,25.34,9.24,330,450
"2019-04-15 14:16:20.0",784504,3840,139.4,38.41,38.43,0.621,0.622,1.606,12.0424,39.9,39.89,13.09,1.019,25.48,25.34,22.22,23.64,27.25,10.06,1.019,24.8,24.73,21.61,22.96,26.57,9.72,1.019,24.66,24.6,21.54,22.9,26.43,9.72,0.951,24.6,24.46,21.4,22.76,26.29,9.65,330,450
"2019-04-15 14:16:40.0",784505,3840,139.5,38.46,38.48,0.622,0.622,1.605,12.0424,39.9,39.89,13.12,1.087,25.89,25.82,22.63,24.05,27.72,10.12,0.951,25,25,21.88,23.3,26.91,9.72,0.951,24.87,24.8,21.74,23.1,26.7,9.65,0.951,24.73,24.66,21.61,22.96,26.5,9.58,330,450
"2019-04-15 14:17:00.0",784506,3840,139.6,38.5,38.52,0.623,0.623,1.603,12.0535,39.9,39.89,13.12,0.951,25.48,25.41,22.29,23.71,27.45,9.72,0.815,24.53,24.46,21.47,22.83,26.43,9.31,0.815,24.39,24.32,21.27,22.63,26.23,9.17,0.815,24.19,24.12,21.13,22.49,26.02,9.1,331,449
"2019-04-15 14:17:20.0",784507,3840,139.7,38.55,38.57,0.623,0.623,1.601,12.0535,39.9,39.9,13.12,0.679,24.53,24.46,21.4,22.76,26.5,8.97,0.611,23.51,23.37,20.45,21.81,25.41,8.49,0.611,23.3,23.24,20.31,21.61,25.14,8.42,0.544,23.1,22.96,20.11,21.4,24.93,8.29,331,449
"2019-04-15 14:17:40.0",784508,3840,139.8,38.59,38.61,0.624,0.624,1.6,12.0535,39.9,39.89,13.14,0.476,23.24,23.03,20.18,21.4,25.14,8.02,0.34,22.22,22.01,19.23,20.45,23.98,7.542,0.34,22.01,21.88,19.09,20.31,23.78,7.474,0.34,21.81,21.61,18.89,20.11,23.64,7.406,331,449
"2019-04-15 14:18:00.0",784509,3840,139.8,38.64,38.66,0.624,0.625,1.598,12.0535,39.9,39.89,13.14,0.204,21.88,21.61,18.89,20.04,23.64,7.066,0.136,20.93,20.65,18,19.16,22.62,6.658,0.136,20.72,20.45,17.87,18.96,22.42,6.59,0.136,20.52,20.31,17.73,18.82,22.28,6.522,331,449
"2019-04-15 14:18:20.0",784510,3840,139.9,38.68,38.7,0.625,0.625,1.597,12.0646,39.9,39.89,13.14,0,20.59,20.31,17.66,18.82,22.35,6.319,-0.068,19.77,19.43,16.92,18,21.4,5.911,-0.068,19.57,19.23,16.78,17.8,21.2,5.843,-0.068,19.43,19.09,16.65,17.66,21.06,5.775,331,449
"2019-04-15 14:18:40.0",784511,3860,140,38.73,38.75,0.626,0.626,1.595,12.0423,39.9,39.9,13.14,-0.136,19.57,19.23,16.71,17.8,21.2,5.639,-0.204,18.82,18.41,16.03,17.05,20.38,5.299,-0.204,18.62,18.28,15.9,16.92,20.25,5.232,-0.204,18.55,18.14,15.83,16.78,20.11,5.164,332,448
"2019-04-15 14:19:00.0",784512,3860,140.1,38.78,38.79,0.626,0.627,1.594,12.0423,39.9,39.89,13.16,-0.272,18.82,18.48,16.1,17.12,20.45,5.096,-0.272,18.14,17.73,15.42,16.44,19.7,4.824,-0.272,18,17.6,15.35,16.31,19.5,4.824,-0.272,17.87,17.53,15.22,16.17,19.36,4.824,332,448
"2019-04-15 14:19:20.0",784513,3860,140.2,38.82,38.84,0.627,0.627,1.592,12.0423,39.9,39.89,13.16,-0.34,18.34,18,15.63,16.65,19.91,4.756,-0.34,17.73,17.32,15.08,16.03,19.16,4.62,-0.34,17.6,17.19,14.95,15.9,19.09,4.552,-0.34,17.46,17.05,14.88,15.83,18.96,4.552,332,448
"2019-04-15 14:19:40.0",784514,3860,140.3,38.87,38.89,0.627,0.628,1.59,12.0423,39.9,39.89,13.16,-0.34,18.07,17.66,15.35,16.37,19.57,4.552,-0.408,17.46,17.05,14.81,15.76,18.82,4.416,-0.408,17.32,16.92,14.74,15.63,18.68,4.348,-0.408,17.19,16.78,14.61,15.56,18.62,4.28,332,448
"2019-04-15 14:20:00.0",784515,3860,140.4,38.91,38.93,0.628,0.628,1.589,12.0368,39.9,39.89,13.16,-0.408,17.8,17.39,15.15,16.1,19.23,4.416,-0.408,17.19,16.78,14.54,15.49,18.48,4.212,-0.408,16.99,16.65,14.47,15.42,18.34,4.144,-0.408,16.92,16.51,14.34,15.29,18.28,4.144,332,448
"2019-04-15 14:20:20.0",784516,3860,140.5,38.96,38.98,0.629,0.629,1.587,12.0368,39.9,39.89,13.19,-0.408,17.46,17.05,14.81,15.76,18.82,4.212,-0.408,16.85,16.44,14.27,15.22,18.14,4.009,-0.408,16.71,16.31,14.2,15.08,18,4.009,-0.408,16.65,16.17,14.06,14.95,17.87,3.941,332,448
"2019-04-15 14:20:40.0",784517,3860,140.5,39,39.02,0.629,0.63,1.586,12.0535,39.9,39.89,13.19,-0.408,17.12,16.65,14.47,15.42,18.41,4.008,-0.408,16.44,16.03,13.93,14.81,17.66,3.805,-0.408,16.31,15.9,13.79,14.68,17.6,3.805,-0.408,16.24,15.83,13.72,14.61,17.46,3.805,333,447
"2019-04-15 14:21:00.0",784518,3860,140.6,39.05,39.06,0.63,0.63,1.584,12.0535,39.9,39.89,13.19,-0.408,16.71,16.24,14.06,14.95,17.94,3.805,-0.408,16.03,15.56,13.52,14.4,17.19,3.601,-0.408,15.97,15.49,13.38,14.27,17.12,3.601,-0.408,15.83,15.35,13.32,14.2,16.99,3.533,333,447
"2019-04-15 14:21:20.0",784519,3860,140.7,39.09,39.11,0.631,0.631,1.583,12.0535,39.9,39.9,13.21,-0.476,16.24,15.76,13.66,14.47,17.39,3.601,-0.476,15.63,15.08,13.11,13.86,16.65,3.397,-0.476,15.56,15.01,12.98,13.86,16.58,3.329,-0.476,15.42,14.88,12.91,13.72,16.51,3.261,333,447
"2019-04-15 14:21:40.0",784520,3860,140.8,39.13,39.15,0.631,0.631,1.581,12.0535,39.9,39.89,13.21,-0.476,15.83,15.29,13.25,14.06,16.85,3.329,-0.476,15.22,14.68,12.7,13.52,16.24,3.125,-0.476,15.15,14.61,12.64,13.38,16.1,3.125,-0.476,15.01,14.47,12.57,13.32,16.03,3.125,333,447
"2019-04-15 14:22:00.0",784521,3860,140.9,39.18,39.2,0.632,0.632,1.58,12.0535,39.9,39.89,13.21,-0.476,15.49,14.88,12.91,13.66,16.44,3.125,-0.544,14.88,14.34,12.37,13.18,15.83,2.989,-0.476,14.81,14.27,12.3,13.11,15.69,2.989,-0.544,14.74,14.13,12.23,12.98,15.63,2.921,333,447
"2019-04-15 14:22:20.0",784522,3870,141,39.22,39.24,0.632,0.633,1.578,12.0423,39.9,39.9,13.21,-0.476,15.29,14.61,12.64,13.38,16.1,2.989,-0.544,14.67,14.06,12.16,12.91,15.56,2.853,-0.544,14.61,14,12.09,12.84,15.42,2.853,-0.544,14.54,13.93,12.03,12.77,15.35,2.853,334,446
"2019-04-15 14:22:40.0",784523,3870,141.1,39.27,39.29,0.633,0.633,1.577,12.0423,39.9,39.89,13.23,-0.476,15.15,14.47,12.5,13.25,15.97,2.921,-0.544,14.67,14,12.03,12.77,15.35,2.786,-0.544,14.54,13.86,11.96,12.7,15.29,2.786,-0.476,14.47,13.79,11.89,12.64,15.15,2.786,334,446
"2019-04-15 14:23:00.0",784524,3870,141.2,39.31,39.33,0.634,0.634,1.575,12.0423,39.9,39.89,13.23,-0.476,15.15,14.47,12.43,13.18,15.83,2.921,-0.476,14.67,14,12.03,12.77,15.35,2.853,-0.476,14.54,13.86,11.96,12.7,15.22,2.786,-0.476,14.54,13.86,11.89,12.64,15.15,2.786,334,446
"2019-04-15 14:23:20.0",784525,3870,141.3,39.36,39.38,0.634,0.634,1.574,12.0423,39.9,39.89,13.23,-0.476,15.29,14.54,12.5,13.25,15.83,2.921,-0.476,14.74,14.06,12.03,12.77,15.35,2.786,-0.476,14.67,13.93,11.96,12.7,15.29,2.786,-0.476,14.61,13.86,11.89,12.64,15.15,2.786,334,446
"2019-04-15 14:23:40.0",784526,3870,141.4,39.4,39.42,0.635,0.635,1.572,12.0423,39.9,39.89,13.26,-0.476,15.42,14.67,12.57,13.32,15.97,2.921,-0.476,14.95,14.13,12.16,12.91,15.42,2.853,-0.476,14.81,14.13,12.09,12.84,15.29,2.853,-0.476,14.81,14,12.03,12.77,15.29,2.853,334,446
"2019-04-15 14:24:00.0",784527,3870,141.4,39.44,39.46,0.635,0.636,1.571,12.0423,39.9,39.89,13.26,-0.408,15.69,14.88,12.7,13.52,16.1,3.057,-0.408,15.22,14.4,12.36,13.04,15.63,2.921,-0.408,15.15,14.34,12.23,13.04,15.49,2.921,-0.408,15.08,14.27,12.16,12.91,15.42,2.921,334,446
"2019-04-15 14:24:20.0",784528,3880,141.5,39.49,39.51,0.636,0.636,1.57,12.0534,39.9,39.9,13.26,-0.408,15.97,15.08,12.91,13.72,16.31,3.125,-0.408,15.49,14.67,12.5,13.25,15.76,2.989,-0.408,15.42,14.61,12.5,13.25,15.69,3.057,-0.408,15.35,14.47,12.43,13.18,15.63,3.057,335,445
"2019-04-15 14:24:40.0",784529,3880,141.6,39.53,39.55,0.636,0.637,1.568,12.0534,39.9,39.9,13.26,-0.408,16.37,15.42,13.18,13.93,16.58,3.261,-0.408,15.83,14.95,12.77,13.52,16.03,3.193,-0.34,15.76,14.81,12.7,13.45,15.97,3.193,-0.408,15.69,14.81,12.64,13.38,15.9,3.125,335,445
"2019-04-15 14:25:00.0",784530,3880,141.7,39.57,39.59,0.637,0.637,1.567,12.0534,39.9,39.9,13.28,-0.272,16.71,15.69,13.45,14.2,16.78,3.397,-0.34,16.24,15.29,12.98,13.79,16.24,3.329,-0.34,16.1,15.15,12.91,13.66,16.17,3.329,-0.34,16.03,15.08,12.84,13.66,16.1,3.261,335,445
"2019-04-15 14:25:20.0",784531,3880,141.8,39.62,39.64,0.638,0.638,1.565,12.0534,39.9,39.9,13.28,-0.272,16.98,15.9,13.59,14.4,16.92,3.533,-0.272,16.44,15.42,13.18,13.93,16.37,3.397,-0.272,16.37,15.35,13.11,13.86,16.31,3.397,-0.272,16.24,15.29,13.04,13.79,16.24,3.397,335,445
"2019-04-15 14:25:40.0",784532,3880,141.9,39.66,39.68,0.638,0.639,1.564,12.059,39.9,39.9,13.28,-0.204,17.12,16.1,13.72,14.47,16.98,3.601,-0.204,16.58,15.56,13.25,14,16.44,3.533,-0.204,16.51,15.42,13.18,13.93,16.37,3.465,-0.204,16.37,15.35,13.04,13.86,16.31,3.465,335,445
"2019-04-15 14:26:00.0",784533,3880,142,39.71,39.72,0.639,0.639,1.562,12.0423,39.9,39.91,13.3,-0.204,17.12,16.03,13.66,14.47,16.98,3.669,-0.204,16.58,15.49,13.18,14,16.31,3.533,-0.204,16.44,15.42,13.11,13.86,16.24,3.533,-0.204,16.31,15.29,12.98,13.72,16.17,3.465,336,444
"2019-04-15 14:26:20.0",784534,3880,142.1,39.75,39.77,0.639,0.64,1.561,12.0423,39.9,39.9,13.3,-0.204,16.98,15.83,13.45,14.27,16.71,3.669,-0.204,16.31,15.29,12.98,13.72,16.1,3.533,-0.204,16.17,15.15,12.84,13.59,15.97,3.533,-0.272,16.1,15.01,12.77,13.52,15.9,3.465,336,444
"2019-04-15 14:26:40.0",784535,3880,142.2,39.79,39.81,0.64,0.64,1.559,12.0423,39.9,39.9,13.3,-0.272,16.51,15.42,13.11,13.86,16.31,3.533,-0.272,15.9,14.81,12.64,13.32,15.63,3.397,-0.272,15.76,14.74,12.5,13.18,15.56,3.397,-0.272,15.63,14.54,12.36,13.11,15.42,3.397,336,444
"2019-04-15 14:27:00.0",784536,3880,142.3,39.84,39.86,0.641,0.641,1.558,12.0534,39.9,39.9,13.3,-0.34,15.97,14.88,12.64,13.38,15.83,3.465,-0.34,15.42,14.34,12.16,12.84,15.15,3.329,-0.34,15.22,14.2,12.03,12.7,15.08,3.261,-0.34,15.15,14.13,11.96,12.64,14.95,3.261,336,444
"2019-04-15 14:27:20.0",784537,3880,142.3,39.88,39.9,0.641,0.641,1.557,12.0423,39.9,39.9,13.33,-0.34,15.56,14.47,12.3,12.98,15.35,3.397,-0.408,14.95,13.93,11.82,12.5,14.81,3.261,-0.408,14.81,13.79,11.75,12.36,14.74,3.261,-0.408,14.74,13.72,11.69,12.3,14.61,3.193,336,444
"2019-04-15 14:27:40.0",784538,3890,142.4,39.92,39.94,0.642,0.642,1.555,12.0534,39.9,39.9,13.33,-0.408,15.29,14.27,12.16,12.84,15.29,3.465,-0.408,14.74,13.79,11.75,12.43,14.74,3.329,-0.408,14.67,13.72,11.69,12.3,14.67,3.329,-0.408,14.54,13.66,11.62,12.3,14.61,3.261,337,443
"2019-04-15 14:28:00.0",784539,3890,142.5,39.97,39.98,0.642,0.643,1.554,12.0534,39.9,39.91,13.33,-0.408,15.35,14.47,12.36,13.04,15.49,3.669,-0.408,14.95,14.06,12.03,12.7,15.08,3.601,-0.408,14.81,14.06,11.96,12.7,15.01,3.533,-0.408,14.81,13.93,11.89,12.64,14.95,3.601,337,443
"2019-04-15 14:28:20.0",784540,3890,142.6,40.01,40.03,0.643,0.643,1.553,12.0478,39.9,39.91,13.35,-0.408,15.83,15.08,12.91,13.66,16.17,4.008,-0.408,15.42,14.74,12.64,13.32,15.76,3.94,-0.408,15.35,14.67,12.57,13.32,15.69,3.94,-0.408,15.22,14.54,12.5,13.25,15.63,3.94,337,443
"2019-04-15 14:28:40.0",784541,3890,142.7,40.05,40.07,0.643,0.644,1.551,12.0534,39.9,39.9,13.35,-0.34,16.44,15.83,13.59,14.4,16.98,4.484,-0.34,16.03,15.42,13.32,14.13,16.51,4.416,-0.34,15.97,15.35,13.25,14,16.51,4.348,-0.34,15.9,15.29,13.18,13.93,16.44,4.416,337,443
"2019-04-15 14:29:00.0",784542,3890,142.8,40.09,40.11,0.644,0.644,1.55,12.0478,39.9,39.89,13.35,-0.272,17.12,16.58,14.33,15.15,17.8,4.892,-0.34,16.64,16.17,13.93,14.81,17.32,4.824,-0.34,16.64,16.1,13.86,14.74,17.26,4.824,-0.34,16.51,16.03,13.86,14.67,17.12,4.756,337,443
"2019-04-15 14:29:20.0",784543,3890,142.9,40.14,40.15,0.645,0.645,1.548,12.0534,39.9,39.89,13.35,-0.272,17.73,17.32,15.01,15.9,18.55,5.367,-0.272,17.32,16.85,14.61,15.49,18.07,5.231,-0.272,17.19,16.78,14.54,15.42,17.94,5.231,-0.272,17.12,16.71,14.47,15.35,17.94,5.163,337,443
"2019-04-15 14:29:40.0",784544,3900,143,40.18,40.2,0.645,0.645,1.547,12.0423,39.9,39.9,13.35,-0.136,18.48,18,15.69,16.58,19.36,5.775,-0.204,18,17.53,15.22,16.17,18.82,5.707,-0.204,17.94,17.46,15.15,16.1,18.75,5.707,-0.204,17.87,17.39,15.08,16.03,18.62,5.639,338,442
"2019-04-15 14:30:00.0",784545,3900,143.1,40.22,40.24,0.646,0.646,1.546,12.0423,39.9,39.89,13.38,-0.068,19.23,18.82,16.37,17.32,20.11,6.25,-0.068,18.68,18.28,15.9,16.85,19.57,6.182,-0.068,18.68,18.28,15.83,16.78,19.5,6.182,-0.068,18.55,18.14,15.76,16.78,19.43,6.114,338,442
"2019-04-15 14:30:20.0",784546,3900,143.2,40.26,40.28,0.646,0.647,1.544,12.0423,39.9,39.9,13.38,0.068,20.04,19.63,17.05,18.07,20.92,6.862,0.068,19.5,19.09,16.64,17.66,20.38,6.726,0.068,19.43,19.02,16.51,17.6,20.25,6.658,0.068,19.36,18.95,16.51,17.53,20.25,6.658,338,442
"2019-04-15 14:30:40.0",784547,3900,143.3,40.3,40.32,0.647,0.647,1.543,12.0423,39.9,39.9,13.38,0.272,20.86,20.45,17.73,18.82,21.67,7.405,0.204,20.31,19.84,17.26,18.34,21.06,7.201,0.272,20.18,19.77,17.19,18.28,20.99,7.201,0.204,20.11,19.7,17.12,18.14,20.92,7.201,338,442
"2019-04-15 14:31:00.0",784548,3900,143.4,40.35,40.37,0.647,0.648,1.542,12.0423,39.9,39.89,13.4,0.408,21.47,21.06,18.28,19.43,22.28,7.813,0.408,20.86,20.45,17.73,18.82,21.6,7.609,0.408,20.79,20.31,17.66,18.75,21.47,7.609,0.34,20.65,20.31,17.6,18.68,21.4,7.541,338,442
"2019-04-15 14:31:20.0",784549,3900,143.4,40.39,40.41,0.648,0.648,1.54,12.0534,39.9,39.9,13.4,0.544,21.94,21.4,18.61,19.7,22.49,8.15,0.476,21.2,20.72,17.94,19.09,21.81,7.881,0.476,21.06,20.59,17.87,18.95,21.67,7.881,0.476,20.99,20.52,17.8,18.89,21.6,7.813,339,441
"2019-04-15 14:31:40.0",784550,3900,143.5,40.43,40.45,0.649,0.649,1.539,12.0534,39.9,39.9,13.4,0.544,21.88,21.33,18.48,19.63,22.42,8.22,0.544,21.13,20.59,17.8,18.82,21.54,7.881,0.544,20.99,20.45,17.66,18.75,21.4,7.881,0.544,20.92,20.38,17.6,18.68,21.33,7.813,339,441
"2019-04-15 14:32:00.0",784551,3900,143.6,40.47,40.49,0.649,0.649,1.538,12.0534,39.9,39.89,13.4,0.544,21.47,20.79,17.94,19.02,21.74,7.949,0.544,20.59,19.91,17.19,18.21,20.86,7.609,0.544,20.45,19.77,17.05,18.07,20.65,7.541,0.476,20.38,19.7,16.98,17.94,20.59,7.541,339,441
"2019-04-15 14:32:20.0",784552,3900,143.7,40.51,40.53,0.65,0.65,1.536,12.053,39.9,39.91,13.42,0.476,20.59,19.77,16.98,17.94,20.65,7.473,0.408,19.63,18.82,16.17,17.05,19.63,7.066,0.408,19.5,18.68,16.03,16.92,19.5,6.998,0.408,19.43,18.55,15.9,16.85,19.43,6.93,339,441
"2019-04-15 14:32:40.0",784553,3900,143.8,40.56,40.57,0.65,0.65,1.535,12.053,39.9,39.91,13.42,0.408,19.36,18.41,15.69,16.58,19.23,6.794,0.272,18.48,17.53,14.95,15.76,18.28,6.386,0.272,18.34,17.39,14.81,15.63,18.21,6.386,0.272,18.21,17.26,14.74,15.49,18.07,6.386,339,441
"2019-04-15 14:33:00.0",784554,3900,143.9,40.6,40.62,0.651,0.651,1.534,12.053,39.9,39.91,13.42,0.204,18.14,17.05,14.47,15.29,17.8,6.182,0.204,17.32,16.24,13.79,14.54,16.98,5.843,0.136,17.19,16.1,13.66,14.4,16.85,5.775,0.136,17.05,15.97,13.59,14.27,16.78,5.775,339,441
"2019-04-15 14:33:20.0",784555,3910,144,40.64,40.66,0.651,0.652,1.533,12.0418,39.9,39.89,13.45,0.068,16.92,15.76,13.32,14,16.44,5.503,0.068,16.17,15.01,12.64,13.32,15.69,5.231,0.068,16.03,14.88,12.57,13.18,15.56,5.163,0,15.97,14.81,12.43,13.11,15.49,5.095,340,440
"2019-04-15 14:33:40.0",784556,3910,144.1,40.68,40.7,0.652,0.652,1.531,12.0418,39.9,39.89,13.45,0,15.83,14.47,12.16,12.77,15.15,4.959,-0.068,15.01,13.79,11.55,12.09,14.47,4.62,-0.068,14.95,13.66,11.41,12.02,14.27,4.552,-0.068,14.81,13.59,11.35,11.96,14.2,4.552,340,440
"2019-04-15 14:34:00.0",784557,3910,144.2,40.72,40.74,0.652,0.653,1.53,12.0415,39.89,39.91,13.45,-0.136,14.74,13.38,11.07,11.62,13.93,4.348,-0.204,14.13,12.7,10.53,11.01,13.32,4.076,-0.204,14,12.64,10.46,10.94,13.18,4.076,-0.204,13.93,12.5,10.39,10.87,13.11,4.008,340,440
"2019-04-15 14:34:20.0",784558,3910,144.3,40.76,40.78,0.653,0.653,1.529,12.0415,39.89,39.89,13.45,-0.272,13.86,12.43,10.19,10.67,12.91,3.872,-0.272,13.25,11.82,9.72,10.19,12.36,3.669,-0.272,13.18,11.75,9.65,10.12,12.23,3.669,-0.272,13.11,11.69,9.58,10.05,12.23,3.601,340,440
"2019-04-15 14:34:40.0",784559,3910,144.4,40.8,40.82,0.653,0.654,1.528,12.0526,39.89,39.91,13.45,-0.34,13.32,11.75,9.58,9.99,12.23,3.533,-0.34,12.77,11.28,9.17,9.58,11.69,3.397,-0.34,12.7,11.14,9.1,9.51,11.62,3.397,-0.34,12.64,11.14,9.1,9.44,11.55,3.397,340,440
"2019-04-15 14:35:00.0",784560,3920,144.5,40.84,40.86,0.654,0.654,1.526,12.0471,39.89,39.91,13.47,-0.34,13.04,11.48,9.38,9.72,11.89,3.465,-0.34,12.64,11.07,9.04,9.38,11.55,3.397,-0.34,12.57,11.01,8.97,9.31,11.48,3.329,-0.34,12.5,11.01,8.9,9.31,11.41,3.329,341,439
"2019-04-15 14:35:20.0",784561,3920,144.6,40.89,40.9,0.655,0.655,1.525,12.0526,39.89,39.91,13.47,-0.272,13.18,11.55,9.44,9.78,12.02,3.533,-0.34,12.84,11.21,9.1,9.51,11.69,3.465,-0.34,12.77,11.14,9.1,9.51,11.62,3.465,-0.34,12.7,11.14,9.1,9.44,11.62,3.465,341,439
"2019-04-15 14:35:40.0",784562,3920,144.7,40.93,40.95,0.655,0.655,1.524,12.0528,39.89,39.89,13.47,-0.272,13.52,11.89,9.72,10.12,12.36,3.737,-0.272,13.18,11.55,9.44,9.85,12.02,3.669,-0.272,13.11,11.55,9.44,9.78,11.96,3.601,-0.272,13.11,11.55,9.38,9.78,11.96,3.601,341,439
"2019-04-15 14:36:00.0",784563,3920,144.8,40.97,40.99,0.656,0.656,1.523,12.0528,39.89,39.89,13.49,-0.204,14,12.3,10.12,10.53,12.77,4.008,-0.204,13.59,12.02,9.85,10.26,12.43,3.872,-0.204,13.59,11.96,9.78,10.19,12.36,3.872,-0.204,13.52,11.96,9.78,10.19,12.36,3.872,341,439
"2019-04-15 14:36:20.0",784564,3920,144.9,41.01,41.03,0.656,0.656,1.521,12.0528,39.89,39.89,13.49,-0.136,14.54,12.84,10.53,10.94,13.25,4.28,-0.136,14.13,12.5,10.19,10.67,12.91,4.144,-0.136,14.06,12.43,10.19,10.67,12.84,4.144,-0.136,14,12.36,10.12,10.6,12.84,4.144,341,439
"2019-04-15 14:36:40.0",784565,3930,144.9,41.05,41.07,0.657,0.657,1.52,12.0417,39.89,39.87,13.49,0,15.15,13.38,10.94,11.41,13.79,4.484,-0.068,14.74,13.04,10.67,11.14,13.38,4.416,-0.068,14.67,12.98,10.67,11.14,13.38,4.416,0,14.67,12.98,10.6,11.07,13.32,4.416,342,438
"2019-04-15 14:37:00.0",784566,3920,145,41.09,41.11,0.657,0.657,1.519,12.0417,39.89,39.89,13.49,0.068,15.9,14.13,11.62,12.09,14.47,4.959,0.068,15.56,13.79,11.35,11.82,14.2,4.824,0.068,15.56,13.79,11.35,11.82,14.13,4.824,0.136,15.49,13.72,11.28,11.82,14.13,4.824,342,438
"2019-04-15 14:37:20.0",784567,3920,145.1,41.13,41.15,0.658,0.658,1.518,12.0418,39.89,39.91,13.52,0.272,17.05,15.22,12.5,13.11,15.56,5.503,0.272,16.64,14.88,12.3,12.84,15.22,5.435,0.272,16.64,14.88,12.3,12.84,15.22,5.435,0.272,16.58,14.88,12.3,12.84,15.22,5.435,342,438
"2019-04-15 14:37:40.0",784568,3930,145.2,41.17,41.19,0.658,0.659,1.516,12.0418,39.89,39.89,13.52,0.476,18.34,16.51,13.66,14.27,16.71,6.182,0.476,17.94,16.17,13.38,14.06,16.44,6.114,0.476,17.94,16.17,13.38,14,16.37,6.114,0.476,17.94,16.1,13.38,14,16.37,6.114,342,438
"2019-04-15 14:38:00.0",784569,3920,145.3,41.21,41.23,0.659,0.659,1.515,12.0418,39.89,39.89,13.52,0.679,19.63,17.8,14.81,15.56,18,6.862,0.679,19.23,17.46,14.54,15.29,17.66,6.794,0.679,19.23,17.46,14.54,15.29,17.6,6.794,0.679,19.16,17.46,14.54,15.29,17.66,6.794,342,438
"2019-04-15 14:38:20.0",784570,3920,145.4,41.25,41.27,0.659,0.66,1.514,12.0418,39.89,39.89,13.52,0.883,20.92,19.16,16.03,16.85,19.29,7.609,0.883,20.45,18.82,15.76,16.51,18.95,7.541,0.883,20.45,18.75,15.76,16.51,18.95,7.541,0.883,20.38,18.75,15.69,16.51,18.95,7.541,342,438
"2019-04-15 14:38:40.0",784571,3930,145.5,41.29,41.31,0.66,0.66,1.513,12.0529,39.89,39.89,13.52,1.087,22.08,20.38,17.12,18,20.59,8.29,1.087,21.54,19.91,16.78,17.66,20.11,8.15,1.087,21.47,19.91,16.78,17.6,20.11,8.15,1.087,21.47,19.91,16.71,17.6,20.04,8.15,343,437
"2019-04-15 14:39:00.0",784572,3930,145.6,41.33,41.35,0.66,0.661,1.512,12.0526,39.89,39.89,13.54,1.223,22.96,21.33,18,18.95,21.54,8.83,1.223,22.35,20.79,17.6,18.48,20.99,8.63,1.155,22.28,20.72,17.53,18.41,20.92,8.63,1.155,22.28,20.72,17.53,18.41,20.92,8.63,343,437
"2019-04-15 14:39:20.0",784573,3930,145.7,41.37,41.39,0.661,0.661,1.51,12.0526,39.89,39.89,13.54,1.291,23.57,22.01,18.61,19.63,22.22,9.17,1.223,22.83,21.33,18.07,19.02,21.6,8.97,1.223,22.76,21.26,18,18.95,21.47,8.9,1.223,22.69,21.26,18,18.95,21.47,8.83,343,437
"2019-04-15 14:39:40.0",784574,3930,145.8,41.41,41.43,0.661,0.662,1.509,12.047,39.89,39.91,13.54,1.359,23.98,22.49,19.09,20.04,22.76,9.44,1.291,23.3,21.81,18.48,19.5,22.01,9.17,1.291,23.1,21.67,18.41,19.43,21.94,9.1,1.291,23.1,21.74,18.41,19.36,21.94,9.1,343,437
"2019-04-15 14:40:00.0",784575,3930,145.9,41.45,41.47,0.662,0.662,1.508,12.047,39.89,39.91,13.54,1.427,24.46,22.96,19.57,20.58,23.3,9.78,1.359,23.57,22.28,18.89,19.91,22.56,9.44,1.359,23.51,22.15,18.82,19.84,22.49,9.44,1.359,23.44,22.08,18.75,19.77,22.42,9.38,343,437
"2019-04-15 14:40:20.0",784576,3940,146,41.49,41.51,0.662,0.663,1.507,12.0414,39.89,39.91,13.54,1.427,24.59,23.23,19.77,20.79,23.51,9.92,1.359,23.71,22.35,19.02,20.04,22.69,9.58,1.359,23.57,22.22,18.89,19.97,22.56,9.51,1.359,23.44,22.15,18.89,19.91,22.49,9.44,344,436
"2019-04-15 14:40:40.0",784577,3940,146.1,41.53,41.54,0.663,0.663,1.506,12.0523,39.89,39.91,13.54,1.495,24.53,23.17,19.77,20.79,23.51,9.92,1.359,23.64,22.35,19.02,20.04,22.69,9.58,1.359,23.57,22.22,18.89,19.97,22.56,9.58,1.359,23.44,22.22,18.89,19.91,22.56,9.51,344,436
"2019-04-15 14:41:00.0",784578,3940,146.2,41.57,41.58,0.663,0.664,1.505,12.0412,39.89,39.91,13.56,1.495,24.53,23.17,19.7,20.79,23.51,9.99,1.427,23.64,22.28,19.02,20.04,22.69,9.65,1.427,23.51,22.22,18.89,19.97,22.56,9.58,1.359,23.37,22.15,18.82,19.91,22.49,9.51,344,436
"2019-04-15 14:41:20.0",784579,3940,146.3,41.61,41.62,0.664,0.664,1.503,12.0412,39.89,39.91,13.56,1.427,24.25,22.83,19.43,20.52,23.23,9.92,1.359,23.3,21.94,18.68,19.7,22.28,9.51,1.359,23.1,21.81,18.55,19.57,22.15,9.44,1.291,22.96,21.67,18.41,19.43,22.01,9.31,344,436
"2019-04-15 14:41:40.0",784580,3940,146.4,41.64,41.66,0.665,0.665,1.502,12.0412,39.89,39.89,13.56,1.291,23.51,22.01,18.61,19.63,22.28,9.38,1.155,22.42,21.06,17.8,18.75,21.33,8.97,1.155,22.28,20.86,17.66,18.61,21.2,8.9,1.155,22.15,20.65,17.53,18.48,21.06,8.83,344,436
"2019-04-15 14:42:00.0",784581,3940,146.5,41.68,41.7,0.665,0.665,1.501,12.0412,39.89,39.91,13.56,1.087,22.49,20.92,17.66,18.61,21.26,8.83,1.019,21.54,20.04,16.85,17.73,20.38,8.42,0.951,21.33,19.77,16.71,17.6,20.18,8.36,0.951,21.2,19.7,16.58,17.46,20.11,8.29,344,436
"2019-04-15 14:42:20.0",784582,3950,146.6,41.72,41.74,0.666,0.666,1.5,12.0577,39.89,39.89,13.59,0.951,21.74,20.11,16.92,17.73,20.52,8.36,0.883,20.79,19.23,16.17,16.98,19.7,8.02,0.883,20.65,19.09,16.03,16.85,19.57,7.949,0.883,20.52,18.95,15.97,16.71,19.43,7.949,345,435
"2019-04-15 14:42:40.0",784583,3950,146.7,41.76,41.78,0.666,0.666,1.499,12.0521,39.89,39.89,13.59,0.951,21.26,19.63,16.51,17.32,20.25,8.22,0.951,20.52,18.95,15.9,16.64,19.57,7.949,0.883,20.45,18.89,15.83,16.64,19.43,7.881,0.951,20.31,18.82,15.76,16.58,19.36,7.881,345,435
"2019-04-15 14:43:00.0",784584,3950,146.8,41.8,41.82,0.667,0.667,1.498,12.0521,39.89,39.89,13.59,1.087,21.4,19.84,16.71,17.53,20.58,8.42,1.019,20.72,19.23,16.17,16.98,19.97,8.15,1.019,20.58,19.09,16.1,16.92,19.84,8.15,1.019,20.52,19.02,16.03,16.85,19.84,8.08,345,435
"2019-04-15 14:43:20.0",784585,3950,146.9,41.84,41.86,0.667,0.667,1.497,12.0577,39.89,39.89,13.59,1.155,21.6,20.18,17.05,17.94,21.13,8.7,1.087,20.99,19.63,16.58,17.46,20.58,8.49,1.087,20.86,19.5,16.51,17.32,20.45,8.49,1.087,20.72,19.36,16.44,17.26,20.38,8.42,345,435
"2019-04-15 14:43:40.0",784586,3950,147,41.88,41.89,0.668,0.668,1.496,12.0466,39.89,39.89,13.61,1.155,22.08,20.79,17.66,18.55,21.88,9.1,1.087,21.4,20.18,17.19,18.07,21.33,8.9,1.087,21.26,20.11,17.05,17.94,21.13,8.83,1.087,21.13,19.91,16.98,17.8,21.06,8.7,345,435
"2019-04-15 14:44:00.0",784587,3950,147.1,41.92,41.93,0.668,0.668,1.494,12.0408,39.89,39.9,13.61,1.155,22.49,21.4,18.28,19.23,22.62,9.51,1.087,21.74,20.72,17.73,18.61,21.94,9.24,1.087,21.6,20.58,17.6,18.48,21.81,9.1,1.019,21.47,20.38,17.46,18.41,21.74,9.1,346,434
"2019-04-15 14:44:20.0",784588,3950,147.2,41.95,41.97,0.669,0.669,1.493,12.0408,39.89,39.91,13.61,1.087,22.83,21.81,18.68,19.7,23.23,9.72,1.019,21.94,20.99,18,18.95,22.42,9.38,1.019,21.81,20.86,17.87,18.82,22.28,9.24,1.019,21.6,20.72,17.8,18.75,22.15,9.24,346,434
"2019-04-15 14:44:40.0",784589,3950,147.3,41.99,42.01,0.669,0.669,1.492,12.0408,39.89,39.91,13.64,1.019,22.89,21.94,18.89,19.91,23.57,9.85,0.951,22.01,21.13,18.14,19.09,22.69,9.38,0.951,21.81,20.92,18,19.02,22.56,9.31,0.951,21.74,20.79,17.94,18.89,22.49,9.31,346,434
"2019-04-15 14:45:00.0",784590,3950,147.4,42.03,42.05,0.67,0.67,1.491,12.0408,39.89,39.9,13.64,1.019,23.03,22.15,19.09,20.18,23.98,9.92,0.951,22.15,21.33,18.41,19.36,23.1,9.51,0.951,22.01,21.2,18.28,19.29,22.96,9.51,0.951,21.88,21.06,18.21,19.23,22.96,9.44,346,434
"2019-04-15 14:45:20.0",784591,3950,147.5,42.07,42.09,0.67,0.67,1.49,12.0408,39.89,39.9,13.64,1.019,23.3,22.56,19.5,20.58,24.59,10.19,0.951,22.49,21.67,18.75,19.77,23.71,9.78,0.951,22.35,21.6,18.68,19.7,23.57,9.78,0.951,22.28,21.54,18.61,19.63,23.57,9.72,346,434
"2019-04-15 14:45:40.0",784592,3960,147.6,42.11,42.12,0.671,0.671,1.489,12.0518,39.89,39.91,13.64,1.087,23.71,23.03,19.97,21.06,25.2,10.46,1.019,22.83,22.15,19.23,20.31,24.32,10.05,1.019,22.76,22.08,19.16,20.18,24.19,10.05,1.019,22.69,22.01,19.09,20.11,24.12,9.99,347,433
"2019-04-15 14:46:00.0",784593,3960,147.6,42.14,42.16,0.671,0.671,1.488,12.0518,39.89,39.91,13.64,1.223,24.19,23.57,20.45,21.54,25.82,10.8,1.155,23.37,22.69,19.7,20.79,24.93,10.46,1.155,23.23,22.62,19.63,20.72,24.8,10.33,1.155,23.23,22.56,19.57,20.65,24.73,10.33,347,433
"2019-04-15 14:46:20.0",784594,3960,147.7,42.18,42.2,0.671,0.672,1.487,12.0518,39.89,39.91,13.66,1.291,24.8,24.19,21.06,22.22,26.56,11.21,1.223,23.98,23.37,20.31,21.47,25.68,10.8,1.223,23.85,23.23,20.25,21.33,25.54,10.8,1.223,23.78,23.23,20.18,21.33,25.48,10.73,347,433
"2019-04-15 14:46:40.0",784595,3960,147.8,42.22,42.24,0.672,0.672,1.486,12.0518,39.89,39.91,13.66,1.427,25.48,24.93,21.67,22.89,27.31,11.62,1.359,24.66,24.12,20.99,22.15,26.5,11.28,1.359,24.59,23.98,20.86,22.08,26.36,11.21,1.359,24.46,23.91,20.86,22.01,26.29,11.14,347,433
"2019-04-15 14:47:00.0",784596,3960,147.9,42.26,42.27,0.672,0.673,1.485,12.0518,39.89,39.91,13.66,1.563,26.22,25.68,22.42,23.64,28.19,12.09,1.563,25.41,24.86,21.67,22.89,27.31,11.75,1.495,25.34,24.8,21.6,22.83,27.17,11.69,1.495,25.2,24.73,21.54,22.76,27.17,11.69,347,433
"2019-04-15 14:47:20.0",784597,3960,148,42.29,42.31,0.673,0.673,1.484,12.0517,39.89,39.91,13.68,1.766,27.04,26.5,23.1,24.46,29.08,12.64,1.698,26.22,25.68,22.42,23.71,28.19,12.23,1.698,26.09,25.61,22.35,23.64,28.06,12.23,1.698,26.02,25.48,22.28,23.51,27.99,12.16,347,433
"2019-04-15 14:47:40.0",784598,3970,148.1,42.33,42.35,0.673,0.674,1.483,12.0406,39.89,39.91,13.68,1.902,27.79,27.38,23.85,25.27,29.89,13.11,1.834,26.97,26.56,23.17,24.46,29.01,12.7,1.834,26.84,26.43,23.03,24.39,28.87,12.7,1.834,26.77,26.29,22.96,24.32,28.81,12.64,348,432
"2019-04-15 14:48:00.0",784599,3970,148.2,42.37,42.39,0.674,0.674,1.481,12.0406,39.89,39.91,13.68,2.106,28.53,28.13,24.59,26.02,30.78,13.59,2.038,27.65,27.24,23.85,25.2,29.76,13.18,2.038,27.58,27.17,23.71,25.14,29.69,13.18,2.038,27.45,27.11,23.64,25.07,29.62,13.11,348,432
"2019-04-15 14:48:20.0",784600,3970,148.3,42.4,42.42,0.674,0.675,1.48,12.0406,39.89,39.91,13.68,2.31,29.21,28.81,25.2,26.7,31.45,14.06,2.174,28.33,27.92,24.46,25.88,30.5,13.59,2.242,28.26,27.85,24.32,25.82,30.37,13.59,2.174,28.13,27.79,24.32,25.75,30.3,13.52,348,432
"2019-04-15 14:48:40.0",784601,3970,148.4,42.44,42.46,0.675,0.675,1.479,12.0462,39.89,39.9,13.71,2.446,29.76,29.42,25.75,27.31,32.07,14.4,2.378,28.87,28.47,24.93,26.43,31.05,13.93,2.378,28.81,28.4,24.86,26.29,30.91,13.86,2.378,28.67,28.33,24.8,26.29,30.84,13.86,348,432
"2019-04-15 14:49:00.0",784602,3970,148.5,42.48,42.5,0.675,0.676,1.478,12.0405,39.89,39.91,13.71,2.582,30.23,29.89,26.16,27.72,32.47,14.67,2.514,29.28,28.94,25.34,26.84,31.39,14.2,2.514,29.14,28.81,25.27,26.77,31.32,14.13,2.514,29.14,28.74,25.2,26.7,31.25,14.13,348,432
"2019-04-15 14:49:20.0",784603,3970,148.6,42.52,42.53,0.676,0.676,1.477,12.0517,39.89,39.91,13.73,2.717,30.5,30.16,26.43,27.99,32.68,14.81,2.582,29.48,29.14,25.54,27.04,31.59,14.33,2.582,29.42,29.01,25.41,26.97,31.45,14.27,2.65,29.28,28.94,25.34,26.9,31.32,14.27,349,431
"2019-04-15 14:49:40.0",784604,3970,148.7,42.55,42.57,0.676,0.676,1.476,12.0517,39.89,39.91,13.73,2.785,30.5,30.1,26.36,27.99,32.47,14.81,2.717,29.42,29.01,25.41,26.97,31.25,14.27,2.65,29.28,28.87,25.27,26.77,31.12,14.2,2.65,29.14,28.74,25.2,26.7,30.98,14.13,349,431
"2019-04-15 14:50:00.0",784605,3970,148.8,42.59,42.61,0.677,0.677,1.475,12.0517,39.89,39.91,13.73,2.785,29.82,29.35,25.68,27.17,31.45,14.4,2.65,28.6,28.13,24.59,26.02,30.1,13.72,2.582,28.4,27.92,24.39,25.82,29.82,13.66,2.582,28.26,27.79,24.25,25.68,29.69,13.52,349,431
"2019-04-15 14:50:20.0",784606,3970,148.9,42.63,42.64,0.677,0.677,1.474,12.0517,39.89,39.91,13.73,2.582,28.19,27.51,23.91,25.34,29.28,13.25,2.378,26.84,26.16,22.69,23.98,27.72,12.57,2.378,26.56,25.82,22.42,23.78,27.45,12.36,2.378,26.36,25.68,22.28,23.57,27.24,12.3,349,431
"2019-04-15 14:50:40.0",784607,3970,149,42.66,42.68,0.678,0.678,1.473,12.0516,39.89,39.91,13.73,2.174,25.75,24.73,21.33,22.56,26.09,11.55,1.97,24.46,23.37,20.11,21.2,24.59,10.87,1.97,24.19,23.1,19.84,20.99,24.32,10.73,1.97,24.05,22.89,19.7,20.86,24.12,10.6,349,431
"2019-04-15 14:51:00.0",784608,3970,149.1,42.7,42.72,0.678,0.678,1.472,12.0516,39.89,39.91,13.75,1.766,23.51,22.08,18.82,19.84,22.96,9.92,1.63,22.28,20.86,17.73,18.68,21.67,9.38,1.63,22.08,20.65,17.6,18.48,21.47,9.24,1.563,21.88,20.45,17.39,18.34,21.26,9.1,349,431
"2019-04-15 14:51:20.0",784609,3980,149.2,42.73,42.75,0.679,0.679,1.471,12.0404,39.89,39.91,13.75,1.427,21.47,19.77,16.71,17.53,20.31,8.56,1.291,20.45,18.75,15.76,16.58,19.16,8.02,1.291,20.25,18.55,15.56,16.37,18.95,7.949,1.223,20.11,18.34,15.42,16.17,18.75,7.813,350,430
"2019-04-15 14:51:40.0",784610,3980,149.3,42.77,42.79,0.679,0.679,1.47,12.0404,39.89,39.91,13.75,1.087,19.7,17.66,14.67,15.35,17.87,7.269,0.951,18.68,16.64,13.79,14.47,16.71,6.726,0.951,18.48,16.44,13.59,14.27,16.58,6.658,0.951,18.41,16.37,13.52,14.13,16.44,6.522,350,430
"2019-04-15 14:52:00.0",784611,3980,149.4,42.8,42.82,0.68,0.68,1.469,12.0404,39.89,39.89,13.78,0.815,18.14,15.83,12.98,13.52,15.76,6.114,0.747,17.32,15.01,12.23,12.77,14.88,5.707,0.679,17.19,14.88,12.09,12.64,14.74,5.639,0.679,17.05,14.81,12.09,12.57,14.67,5.571,350,430
"2019-04-15 14:52:20.0",784612,3980,149.5,42.84,42.86,0.68,0.68,1.468,12.0404,39.89,39.91,13.78,0.611,17.19,14.67,11.82,12.3,14.4,5.367,0.543,16.51,14.06,11.28,11.75,13.72,5.095,0.543,16.44,14,11.28,11.69,13.66,5.095,0.543,16.37,13.93,11.21,11.69,13.59,5.027,350,430
"2019-04-15 14:52:40.0",784613,3980,149.6,42.88,42.89,0.68,0.681,1.467,12.0404,39.89,39.91,13.78,0.611,17.05,14.4,11.55,11.96,14,5.163,0.611,16.58,14,11.21,11.62,13.52,5.027,0.611,16.51,13.93,11.14,11.62,13.52,4.959,0.611,16.51,13.93,11.14,11.62,13.45,4.959,350,430
"2019-04-15 14:53:00.0",784614,4000,149.7,42.91,42.93,0.681,0.681,1.466,12.0515,39.89,39.91,13.8,0.747,17.66,14.95,12.02,12.5,14.47,5.435,0.747,17.32,14.74,11.82,12.3,14.2,5.299,0.747,17.32,14.81,11.82,12.36,14.2,5.367,0.747,17.32,14.81,11.89,12.36,14.2,5.435,351,429
"2019-04-15 14:53:20.0",784615,4000,149.8,42.95,42.96,0.681,0.682,1.465,12.0515,39.89,39.89,13.8,1.087,19.29,16.71,13.59,14.13,16.17,6.386,1.155,19.16,16.71,13.59,14.2,16.1,6.454,1.155,19.23,16.78,13.66,14.27,16.17,6.522,1.155,19.29,16.85,13.72,14.33,16.24,6.522,351,429
"2019-04-15 14:53:40.0",784616,4000,149.9,42.98,43,0.682,0.682,1.464,12.0515,39.89,39.91,13.82,1.766,22.15,19.84,16.37,17.19,19.23,8.22,1.834,22.08,19.84,16.51,17.32,19.23,8.36,1.902,22.15,19.97,16.64,17.46,19.36,8.42,1.902,22.22,20.11,16.71,17.53,19.43,8.49,351,429
"2019-04-15 14:54:00.0",784617,3990,150,43.02,43.04,0.682,0.682,1.463,12.0515,39.89,39.91,13.82,2.65,25.27,23.17,19.5,20.58,22.56,10.26,2.65,24.86,22.89,19.29,20.38,22.35,10.19,2.717,24.93,22.96,19.36,20.45,22.35,10.33,2.717,25,23.03,19.36,20.45,22.42,10.33,351,429
"2019-04-15 14:54:20.0",784618,4010,150.1,43.05,43.07,0.683,0.683,1.463,12.0515,39.89,39.89,13.82,3.125,26.9,24.93,21.06,22.28,24.32,11.28,2.989,25.95,24.05,20.31,21.47,23.51,10.87,2.989,25.95,24.05,20.31,21.47,23.51,10.8,2.989,25.95,24.05,20.31,21.47,23.44,10.8,351,429
"2019-04-15 14:54:40.0",784619,4010,150.2,43.09,43.11,0.683,0.683,1.462,12.0403,39.89,39.89,13.82,3.057,26.9,24.86,20.99,22.15,24.25,11.01,2.853,25.68,23.64,19.91,20.99,23.1,10.39,2.853,25.68,23.64,19.91,20.99,23.03,10.39,2.853,25.75,23.71,19.97,21.06,23.1,10.39,352,428
"2019-04-15 14:55:00.0",784620,4010,150.4,43.12,43.14,0.684,0.684,1.461,12.0403,39.89,39.89,13.82,2.717,26.09,23.85,19.97,21.06,23.17,10.19,2.514,24.8,22.56,18.89,19.91,21.94,9.51,2.514,24.8,22.56,18.89,19.91,21.88,9.51,2.514,24.73,22.56,18.82,19.84,21.88,9.44,352,428
"2019-04-15 14:55:20.0",784621,4010,150.5,43.16,43.17,0.684,0.684,1.46,12.0403,39.89,39.91,13.85,2.31,24.93,22.42,18.68,19.63,21.74,9.1,2.106,23.71,21.26,17.66,18.55,20.58,8.56,2.106,23.71,21.26,17.66,18.55,20.58,8.56,2.106,23.64,21.26,17.66,18.55,20.52,8.49,352,428
"2019-04-15 14:55:40.0",784622,4010,150.6,43.19,43.21,0.684,0.685,1.459,12.0403,39.89,39.89,13.85,2.038,24.25,21.6,17.94,18.82,20.86,8.42,1.834,23.17,20.58,17.05,17.94,19.84,7.949,1.834,23.1,20.58,17.05,17.87,19.84,7.949,1.902,23.17,20.58,17.05,17.94,19.84,7.949,352,428
"2019-04-15 14:56:00.0",784623,4010,150.7,43.23,43.24,0.685,0.685,1.458,12.0403,39.89,39.91,13.85,1.834,24.05,21.33,17.6,18.48,20.45,8.02,1.698,22.96,20.38,16.78,17.66,19.57,7.609,1.698,22.96,20.38,16.85,17.66,19.57,7.609,1.698,23.03,20.38,16.85,17.66,19.57,7.609,352,428
"2019-04-15 14:56:20.0",784624,4010,150.8,43.26,43.28,0.685,0.686,1.457,12.0403,39.89,39.91,13.87,1.834,24.25,21.54,17.8,18.68,20.58,7.949,1.698,23.23,20.58,16.98,17.87,19.7,7.473,1.698,23.23,20.65,16.98,17.87,19.7,7.541,1.698,23.3,20.65,17.05,17.94,19.7,7.541,352,428
"2019-04-15 14:56:40.0",784625,4020,150.9,43.3,43.31,0.686,0.686,1.456,12.0515,39.89,39.89,13.87,1.834,24.8,22.01,18.21,19.09,20.99,7.949,1.698,23.71,21.06,17.39,18.28,20.11,7.609,1.698,23.71,21.13,17.46,18.34,20.11,7.609,1.698,23.78,21.13,17.46,18.34,20.18,7.609,353,427
"2019-04-15 14:57:00.0",784626,4010,151,43.33,43.35,0.686,0.686,1.455,12.0515,39.89,39.89,13.87,1.902,25.41,22.69,18.75,19.7,21.54,8.08,1.698,24.25,21.6,17.87,18.82,20.58,7.677,1.766,24.32,21.6,17.87,18.82,20.58,7.677,1.766,24.39,21.74,17.94,18.89,20.65,7.745,353,427
"2019-04-15 14:57:20.0",784627,4010,151.1,43.36,43.38,0.687,0.687,1.454,12.0514,39.89,39.87,13.87,1.902,26.16,23.3,19.29,20.31,22.08,8.22,1.766,24.86,22.22,18.41,19.36,21.06,7.745,1.766,24.86,22.22,18.41,19.36,21.06,7.745,1.766,24.93,22.28,18.48,19.43,21.13,7.813,353,427
"2019-04-15 14:57:40.0",784628,4020,151.2,43.4,43.41,0.687,0.687,1.453,12.0514,39.89,39.91,13.9,1.97,26.84,24.05,19.91,20.92,22.62,8.36,1.834,25.68,22.96,18.95,19.91,21.6,7.813,1.834,25.54,22.89,18.95,19.91,21.6,7.813,1.834,25.68,22.96,19.02,19.97,21.6,7.881,353,427
"2019-04-15 14:58:00.0",784629,4010,151.3,43.43,43.45,0.687,0.688,1.452,12.0514,39.89,39.89,13.9,2.038,27.58,24.73,20.52,21.54,23.23,8.36,1.902,26.36,23.57,19.5,20.52,22.08,7.881,1.834,26.22,23.51,19.43,20.45,22.08,7.881,1.902,26.29,23.51,19.5,20.52,22.08,7.949,353,427
"2019-04-15 14:58:20.0",784630,4030,151.4,43.47,43.48,0.688,0.688,1.451,12.0403,39.89,39.89,13.9,2.038,28.33,25.34,20.99,22.08,23.64,8.42,1.902,26.97,24.12,19.97,20.99,22.56,7.881,1.902,26.84,23.98,19.84,20.92,22.42,7.881,1.902,26.77,23.98,19.84,20.92,22.42,7.881,354,426
"2019-04-15 14:58:40.0",784631,4030,151.5,43.5,43.52,0.688,0.689,1.451,12.0403,39.89,39.89,13.9,2.038,28.94,25.88,21.47,22.56,23.98,8.36,1.902,27.58,24.66,20.38,21.47,22.89,7.881,1.834,27.38,24.46,20.25,21.26,22.76,7.813,1.834,27.31,24.39,20.18,21.26,22.69,7.745,354,426
"2019-04-15 14:59:00.0",784632,4010,151.6,43.53,43.55,0.689,0.689,1.45,12.0403,39.89,39.91,13.94,1.97,29.42,26.29,21.74,22.89,24.32,8.22,1.834,28.06,25.07,20.79,21.81,23.23,7.745,1.766,27.79,24.8,20.52,21.6,23.03,7.609,1.766,27.65,24.73,20.45,21.54,22.96,7.609,354,426
"2019-04-15 14:59:20.0",784633,4030,151.7,43.57,43.58,0.689,0.689,1.449,12.0403,39.89,39.89,13.94,1.902,29.89,26.7,22.08,23.23,24.59,8.08,1.766,28.6,25.48,21.06,22.15,23.51,7.609,1.698,28.19,25.14,20.79,21.88,23.23,7.473,1.698,28.06,25.07,20.72,21.74,23.1,7.473,354,426
"2019-04-15 14:59:40.0",784634,4030,151.8,43.6,43.62,0.69,0.69,1.448,12.0403,39.89,39.91,13.94,1.834,30.3,27.04,22.35,23.51,24.8,7.881,1.698,29.08,25.88,21.4,22.49,23.78,7.473,1.63,28.67,25.54,21.06,22.22,23.51,7.405,1.63,28.47,25.34,20.92,22.08,23.3,7.337,354,426
