"TOA5","","","1764","CR1000.Std.24","CPU:MFRSR_10012018V2.8.CR1","13574","TableHdr","PbCdlComm-1.6.0 (2016/01/26)"
"TIMESTAMP","RECORD","loggerID""headID""xpgmVerID""xlat""xlon""xSiteElev""xFULLREV""xCRXHSTEPS""xSCANseconds""xSCANnAvg""xSCANtrough""xHOMEoffset""xALLTIMEband"
"TS","RN","--""--""--""deg""deg""m""--""--""sec""--""--""--""--"
"","","Smp""Smp""Smp""Smp""Smp""Smp""Smp""Smp""Smp""Smp""Smp""Smp""Smp"
"2019-04-15 12:00:00.0",371,1764,180054423,2.8,-32.1259,-64.7287,1160,800,20,20,1,10,0,-1
"TOA5","","","1764","CR1000.Std.24","CPU:MFRSR_10012018V2.8.CR1","13574","Table155","PbCdlComm-1.6.0 (2016/01/26)"
"TIMESTAMP","RECORD","xoset""az""el""al""cosz""cosasz""pamass""vBat""Thead""THTC""Tlogger""Dnadir(1)""Dnadir(2)""Dnadir(3)""Dnadir(4)""Dnadir(5)""Dnadir(6)""Dnadir(7)""Deast(1)""Deast(2)""Deast(3)""Deast(4)""Deast(5)""Deast(6)""Deast(7)""Dsun(1)""Dsun(2)""Dsun(3)""Dsun(4)""Dsun(5)""Dsun(6)""Dsun(7)""Dwest(1)""Dwest(2)""Dwest(3)""Dwest(4)""Dwest(5)""Dwest(6)""Dwest(7)""kount""khome"
"TS","RN","sec""deg""deg""deg""--""--""--""Volt""degC""degC""degC""mV""mV""mV""mV""mV""mV""mV""mV""mV""mV""mV""mV""mV""mV""mV""mV""mV""mV""mV""mV""mV""mV""mV""mV""mV""mV""mV""mV""--""--"
"","","Smp""Smp""Smp""Smp""Smp""Smp""Smp""Smp""Smp""Smp""Smp""Smp""Smp""Smp""Smp""Smp""Smp""Smp""Smp""Smp""Smp""Smp""Smp""Smp""Smp""Smp""Smp""Smp""Smp""Smp""Smp""Smp""Smp""Smp""Smp""Smp""Smp""Smp""Smp""Smp""Smp"
"2019-04-15 16:00:00.0",784815,4260,172.3,47.56,47.57,0.738,0.738,1.353,12.0402,39.89,39.89,14.18,0.204,28.47,25.54,21.4,22.62,24.25,7.201,0.204,27.38,24.52,20.52,21.67,23.3,6.997,0.204,27.38,24.59,20.58,21.74,23.3,6.997,0.204,27.51,24.66,20.65,21.81,23.37,7.065,388,392
"2019-04-15 16:00:20.0",784816,4260,172.4,47.57,47.58,0.738,0.738,1.353,12.0402,39.89,39.87,14.18,0.272,28.74,25.88,21.67,22.83,24.52,7.405,0.272,27.72,24.93,20.86,22.01,23.57,7.201,0.272,27.79,25,20.92,22.08,23.64,7.269,0.272,27.85,25.07,20.99,22.15,23.71,7.269,388,392
"2019-04-15 16:00:40.0",784817,4260,172.6,47.58,47.59,0.738,0.738,1.353,12.0402,39.89,39.87,14.18,0.34,29.14,26.29,22.01,23.23,24.93,7.609,0.34,28.13,25.34,21.2,22.42,23.98,7.473,0.34,28.26,25.41,21.26,22.49,24.05,7.473,0.408,28.33,25.41,21.33,22.49,24.12,7.473,388,392
"2019-04-15 16:01:00.0",784818,4260,172.7,47.58,47.6,0.738,0.738,1.353,12.0402,39.89,39.87,14.18,0.408,29.55,26.63,22.28,23.57,25.2,7.813,0.476,28.53,25.68,21.54,22.76,24.32,7.677,0.476,28.6,25.75,21.6,22.76,24.32,7.745,0.476,28.67,25.82,21.6,22.83,24.39,7.745,388,392
"2019-04-15 16:01:20.0",784819,4260,172.8,47.59,47.61,0.738,0.739,1.353,12.0513,39.89,39.89,14.18,0.476,29.69,26.77,22.42,23.71,25.34,8.08,0.476,28.67,25.88,21.67,22.89,24.46,7.881,0.476,28.67,25.88,21.67,22.89,24.46,7.881,0.476,28.74,25.95,21.74,22.96,24.52,7.949,389,391
"2019-04-15 16:01:40.0",784820,4260,172.9,47.6,47.62,0.738,0.739,1.352,12.0513,39.89,39.89,14.18,0.543,29.82,26.9,22.55,23.85,25.48,8.22,0.476,28.67,25.88,21.74,22.96,24.52,8.02,0.476,28.74,25.88,21.74,22.96,24.59,8.02,0.476,28.74,26.02,21.74,23.03,24.59,8.02,389,391
"2019-04-15 16:02:00.0",784821,4260,173,47.61,47.63,0.739,0.739,1.352,12.0513,39.89,39.89,14.18,0.543,29.69,26.9,22.55,23.78,25.54,8.42,0.476,28.6,25.88,21.74,23.03,24.66,8.15,0.476,28.67,25.95,21.74,23.03,24.66,8.22,0.476,28.74,25.95,21.81,23.03,24.73,8.22,389,391
"2019-04-15 16:02:20.0",784822,4260,173.2,47.62,47.63,0.739,0.739,1.352,12.0513,39.89,39.87,14.18,0.408,29.69,26.9,22.55,23.85,25.54,8.42,0.408,28.74,26.09,21.88,23.1,24.66,8.29,0.408,28.74,26.02,21.88,23.1,24.73,8.29,0.408,28.74,26.02,21.88,23.1,24.73,8.29,389,391
"2019-04-15 16:02:40.0",784823,4260,173.3,47.63,47.64,0.739,0.739,1.352,12.0513,39.89,39.89,14.21,0.951,30.71,27.79,23.37,24.73,26.36,9.04,0.951,29.62,26.83,22.55,23.85,25.48,8.83,0.951,29.62,26.83,22.55,23.85,25.48,8.83,0.951,29.62,26.9,22.55,23.85,25.48,8.76,389,391
"2019-04-15 16:03:00.0",784824,4260,173.4,47.64,47.65,0.739,0.739,1.352,12.0513,39.89,39.89,14.21,0.951,30.3,27.45,23.03,24.32,26.16,8.97,0.951,29.08,26.36,22.15,23.44,25.14,8.63,0.951,29.08,26.36,22.15,23.37,25.14,8.7,0.951,29.08,26.36,22.15,23.37,25.07,8.63,389,391
"2019-04-15 16:03:20.0",784825,4270,173.5,47.64,47.66,0.739,0.739,1.352,12.0402,39.89,39.87,14.21,0.883,29.35,26.63,22.35,23.57,25.48,8.56,0.883,28.19,25.54,21.47,22.69,24.46,8.29,0.883,28.13,25.54,21.47,22.62,24.46,8.22,0.883,28.13,25.48,21.4,22.62,24.39,8.22,390,390
"2019-04-15 16:03:40.0",784826,4270,173.6,47.65,47.67,0.739,0.739,1.351,12.0402,39.89,39.89,14.21,0.883,28.4,25.75,21.6,22.83,24.8,8.15,0.815,27.31,24.73,20.79,21.88,23.85,7.881,0.815,27.31,24.66,20.72,21.88,23.78,7.881,0.815,27.31,24.66,20.72,21.88,23.78,7.813,390,390
"2019-04-15 16:04:00.0",784827,4270,173.8,47.66,47.67,0.739,0.739,1.351,12.0402,39.89,39.87,14.21,0.883,27.79,25.14,21.06,22.22,24.32,7.881,0.883,26.7,24.19,20.25,21.33,23.3,7.609,0.883,26.7,24.12,20.25,21.33,23.3,7.609,0.883,26.7,24.12,20.25,21.33,23.3,7.541,390,390
"2019-04-15 16:04:20.0",784828,4270,173.9,47.67,47.68,0.739,0.739,1.351,12.0402,39.89,39.87,14.21,0.883,27.11,24.53,20.58,21.67,23.78,7.609,0.883,26.16,23.57,19.77,20.86,22.83,7.337,0.883,26.09,23.57,19.77,20.79,22.83,7.337,0.883,26.09,23.51,19.77,20.79,22.83,7.337,390,390
"2019-04-15 16:04:40.0",784829,4270,174,47.67,47.69,0.739,0.739,1.351,12.0513,39.89,39.87,14.21,0.951,26.9,24.25,20.31,21.4,23.51,7.473,0.883,25.95,23.37,19.57,20.65,22.69,7.269,0.883,25.61,22.96,19.23,20.25,22.28,7.065,0.679,25.41,22.96,19.23,20.25,22.28,7.133,390,390
"2019-04-15 16:05:00.0",784830,4280,174.1,47.68,47.69,0.739,0.74,1.351,12.0513,39.89,39.87,14.23,0.815,26.5,23.91,20.04,21.13,23.3,7.473,0.815,25.61,23.17,19.36,20.45,22.49,7.269,0.815,25.61,23.1,19.36,20.45,22.49,7.269,0.815,25.68,23.17,19.43,20.52,22.49,7.337,391,389
"2019-04-15 16:05:20.0",784831,4280,174.3,47.69,47.7,0.739,0.74,1.351,12.0513,39.89,39.87,14.23,0.951,26.9,24.32,20.38,21.47,23.64,7.677,0.951,26.09,23.51,19.77,20.79,22.83,7.473,0.883,26.09,23.57,19.77,20.86,22.83,7.541,0.951,26.16,23.64,19.77,20.86,22.83,7.541,391,389
"2019-04-15 16:05:40.0",784832,4280,174.4,47.69,47.71,0.74,0.74,1.35,12.0569,39.89,39.87,14.23,1.019,27.58,24.93,20.86,22.01,23.98,8.02,1.019,26.77,24.19,20.31,21.4,23.3,7.813,1.019,26.83,24.25,20.31,21.47,23.37,7.881,1.087,26.9,24.32,20.38,21.47,23.37,7.949,391,389
"2019-04-15 16:06:00.0",784833,4280,174.5,47.7,47.72,0.74,0.74,1.35,12.0513,39.89,39.89,14.23,1.155,28.4,25.68,21.54,22.69,24.66,8.49,1.223,27.72,25,20.99,22.15,23.98,8.36,1.223,27.79,25.14,21.06,22.22,23.98,8.42,1.223,27.72,25.14,20.99,22.15,24.05,8.36,391,389
"2019-04-15 16:06:20.0",784834,4280,174.6,47.71,47.72,0.74,0.74,1.35,12.0513,39.89,39.87,14.23,1.359,29.35,26.63,22.28,23.57,25.41,8.97,1.359,28.6,25.95,21.74,22.96,24.73,8.83,1.359,28.6,25.95,21.74,22.96,24.73,8.83,1.427,28.6,25.88,21.67,22.89,24.66,8.76,391,389
"2019-04-15 16:06:40.0",784835,4280,174.7,47.71,47.73,0.74,0.74,1.35,12.0402,39.89,39.87,14.23,1.495,30.1,27.24,22.83,24.05,25.95,9.24,1.495,29.35,26.5,22.22,23.51,25.2,9.1,1.495,29.28,26.43,22.15,23.37,25.14,9.1,1.495,29.14,26.36,22.08,23.3,25.07,9.04,392,388
"2019-04-15 16:07:00.0",784836,4280,174.9,47.72,47.74,0.74,0.74,1.35,12.0402,39.89,39.89,14.23,1.563,30.71,27.79,23.23,24.59,26.36,9.44,1.563,29.96,27.04,22.62,23.91,25.61,9.31,1.563,29.82,26.9,22.49,23.78,25.48,9.17,1.563,29.69,26.77,22.42,23.64,25.41,9.17,392,388
"2019-04-15 16:07:20.0",784837,4280,175,47.73,47.74,0.74,0.74,1.35,12.0402,39.89,39.87,14.23,1.698,31.18,28.13,23.57,24.86,26.63,9.58,1.63,30.3,27.31,22.83,24.05,25.82,9.38,1.63,30.16,27.17,22.69,23.91,25.68,9.31,1.63,30.16,27.11,22.69,23.91,25.68,9.31,392,388
"2019-04-15 16:07:40.0",784838,4280,175.1,47.73,47.75,0.74,0.74,1.35,12.0402,39.89,39.89,14.23,1.766,31.59,28.47,23.78,25.07,26.83,9.78,1.834,30.71,27.65,23.1,24.32,26.02,9.58,1.834,30.57,27.51,22.96,24.19,25.88,9.51,1.834,30.64,27.51,22.96,24.19,25.88,9.51,392,388
"2019-04-15 16:08:00.0",784839,4280,175.2,47.74,47.75,0.74,0.74,1.35,12.0402,39.89,39.89,14.23,1.902,31.93,28.67,23.91,25.2,26.97,9.92,1.902,30.84,27.65,23.03,24.25,25.95,9.58,1.902,30.78,27.58,22.96,24.19,25.82,9.58,1.834,30.71,27.51,22.89,24.12,25.82,9.51,392,388
"2019-04-15 16:08:20.0",784840,4280,175.4,47.74,47.76,0.74,0.74,1.349,12.0402,39.89,39.89,14.23,1.902,31.79,28.47,23.64,24.86,26.7,9.85,1.834,30.44,27.17,22.55,23.71,25.48,9.38,1.834,30.37,27.04,22.49,23.64,25.41,9.31,1.766,30.3,26.97,22.42,23.57,25.34,9.24,392,388
"2019-04-15 16:08:40.0",784841,4290,175.5,47.75,47.77,0.74,0.74,1.349,12.0513,39.89,39.91,14.23,1.834,31.11,27.65,22.89,24.05,25.95,9.38,1.766,29.89,26.56,21.94,23.03,24.86,9.04,1.766,29.82,26.43,21.81,22.96,24.73,8.97,1.766,29.69,26.29,21.74,22.83,24.66,8.83,393,387
"2019-04-15 16:09:00.0",784842,4290,175.6,47.76,47.77,0.74,0.74,1.349,12.0513,39.89,39.89,14.23,1.834,30.71,27.17,22.49,23.57,25.61,9.24,1.834,29.48,26.09,21.47,22.55,24.53,8.83,1.766,29.35,25.95,21.4,22.49,24.46,8.76,1.766,29.28,25.82,21.33,22.35,24.32,8.7,393,387
"2019-04-15 16:09:20.0",784843,4290,175.7,47.76,47.78,0.74,0.741,1.349,12.0513,39.89,39.91,14.25,1.97,30.5,27.04,22.28,23.37,25.48,9.24,1.97,29.42,25.95,21.4,22.42,24.46,8.9,1.902,29.35,25.88,21.33,22.42,24.46,8.83,1.902,29.28,25.82,21.26,22.35,24.39,8.83,393,387
"2019-04-15 16:09:40.0",784844,4290,175.8,47.77,47.78,0.74,0.741,1.349,12.0625,39.89,39.87,14.25,2.31,31.12,27.58,22.76,23.85,26.02,9.78,2.31,30.1,26.7,22.01,23.1,25.14,9.44,2.31,30.1,26.63,22.01,23.1,25.14,9.44,2.31,30.16,26.7,22.01,23.1,25.2,9.51,393,387
"2019-04-15 16:10:00.0",784845,4290,176,47.77,47.79,0.74,0.741,1.349,12.0513,39.89,39.89,14.25,2.853,32.47,29.01,23.98,25.14,27.31,10.87,2.921,31.73,28.33,23.44,24.59,26.7,10.8,2.921,31.66,28.33,23.44,24.59,26.63,10.8,2.921,31.66,28.26,23.37,24.53,26.63,10.73,393,387
"2019-04-15 16:10:20.0",784846,4300,176.1,47.78,47.79,0.741,0.741,1.349,12.0402,39.89,39.87,14.25,3.669,34.72,31.25,25.95,27.24,29.35,12.64,3.669,33.83,30.5,25.27,26.56,28.53,12.43,3.601,33.63,30.23,25.07,26.29,28.26,12.3,3.533,33.15,29.69,24.59,25.82,27.92,11.96,394,386
"2019-04-15 16:10:40.0",784847,4300,176.2,47.78,47.79,0.741,0.741,1.349,12.0402,39.89,39.87,14.25,4.416,37.7,34.17,28.4,29.82,31.59,14.61,4.28,36.41,32.88,27.31,28.67,30.3,13.99,4.076,35.53,31.93,26.5,27.79,29.62,13.45,4.008,35.53,32,26.5,27.85,29.55,13.38,394,386
"2019-04-15 16:11:00.0",784848,4300,176.3,47.78,47.8,0.741,0.741,1.349,12.0402,39.89,39.87,14.28,5.231,41.92,38.52,32.2,33.76,34.99,17.39,4.959,40.22,36.89,30.78,32.27,33.42,16.51,4.756,38.25,34.78,29.01,30.5,32.07,15.49,5.231,41.37,38.25,32.07,33.56,34.58,17.39,394,386
"2019-04-15 16:11:20.0",784849,4300,176.5,47.79,47.8,0.741,0.741,1.348,12.0402,39.89,39.87,14.28,8.29,51.02,48.98,42.26,44.7,45.52,25.54,8.22,50.68,48.91,42.12,44.43,44.91,25.27,5.843,41.17,37.84,31.93,33.63,35.26,18.14,9.24,54.35,52.92,45.72,48.3,48.37,27.85,394,386
"2019-04-15 16:11:40.0",784850,4300,176.6,47.79,47.81,0.741,0.741,1.348,12.0513,39.89,39.89,14.28,8.56,49.19,46.54,40.01,42.39,43.75,24.46,7.065,42.73,39.54,33.7,35.67,37.43,19.97,6.114,41.44,37.84,31.79,33.49,34.99,18.07,7.745,44.09,40.97,34.99,37.03,38.79,21.26,394,386
"2019-04-15 16:12:00.0",784851,4300,176.7,47.8,47.81,0.741,0.741,1.348,12.0402,39.89,39.87,14.28,7.405,45.59,41.78,35.19,37.09,38.45,20.58,6.182,41.03,37.16,31.05,32.68,34.17,17.46,5.91,41.24,37.23,30.98,32.61,33.83,17.32,6.862,42.94,39.13,32.88,34.65,35.94,19.09,394,386
"2019-04-15 16:12:20.0",784852,4300,176.8,47.8,47.82,0.741,0.741,1.348,12.0513,39.89,39.89,14.28,6.522,43.89,39.61,33.02,34.72,36.01,18.61,5.503,39.74,35.33,29.28,30.71,32.07,15.9,5.503,40.22,35.67,29.48,30.98,32.07,16.03,6.114,41.51,37.23,30.91,32.54,33.7,17.32,395,385
"2019-04-15 16:12:40.0",784853,4300,176.9,47.81,47.82,0.741,0.741,1.348,12.0513,39.89,39.89,14.28,5.639,41.85,36.96,30.44,31.86,32.95,16.3,4.756,38.18,33.36,27.24,28.47,29.62,14.06,5.027,39,34.17,27.92,29.21,30.3,14.74,5.231,39.68,34.85,28.53,29.89,30.84,15.22,395,385
"2019-04-15 16:13:00.0",784854,4300,177.1,47.81,47.82,0.741,0.741,1.348,12.0513,39.89,39.91,14.28,4.824,40.01,34.72,28.19,29.48,30.44,14.47,4.28,37.03,31.79,25.68,26.77,27.79,12.84,4.552,37.77,32.61,26.36,27.51,28.47,13.38,4.552,38.11,32.88,26.63,27.79,28.74,13.59,395,385
"2019-04-15 16:13:20.0",784855,4300,177.2,47.81,47.83,0.741,0.741,1.348,12.0569,39.89,39.87,14.3,4.484,38.86,33.22,26.77,27.85,28.81,13.25,4.076,36.35,30.84,24.66,25.68,26.63,12.02,4.212,36.89,31.32,25.14,26.22,27.04,12.36,4.28,37.09,31.59,25.34,26.36,27.24,12.5,395,385
"2019-04-15 16:13:40.0",784856,4300,177.3,47.82,47.83,0.741,0.741,1.348,12.0513,39.89,39.89,14.3,4.144,37.84,31.93,25.48,26.5,27.31,12.3,3.872,35.67,29.82,23.71,24.59,25.41,11.28,3.94,36.01,30.16,23.98,24.93,25.68,11.48,3.94,36.14,30.37,24.12,25.07,25.82,11.55,395,385
"2019-04-15 16:14:00.0",784857,4310,177.4,47.82,47.83,0.741,0.741,1.348,12.0402,39.89,39.89,14.3,3.872,36.89,30.71,24.32,25.2,26.02,11.35,3.601,34.92,28.87,22.76,23.57,24.39,10.53,3.669,35.19,29.14,22.96,23.78,24.53,10.67,3.669,35.33,29.21,23.03,23.91,24.66,10.67,396,384
"2019-04-15 16:14:20.0",784858,4310,177.5,47.82,47.84,0.741,0.741,1.348,12.0402,39.89,39.89,14.3,3.669,36.14,29.76,23.37,24.19,24.93,10.67,3.397,34.31,27.99,21.88,22.62,23.44,9.99,3.397,34.44,28.26,22.08,22.83,23.57,10.05,3.397,34.51,28.26,22.08,22.83,23.57,10.05,396,384
"2019-04-15 16:14:40.0",784859,4310,177.7,47.83,47.84,0.741,0.741,1.348,12.0402,39.89,39.89,14.3,3.261,35.33,28.81,22.42,23.17,23.98,10.05,3.057,33.7,27.31,21.2,21.88,22.62,9.51,3.737,35.12,28.47,22.08,22.83,23.44,10.05,4.416,35.12,28.47,22.15,22.83,23.37,10.12,396,384
"2019-04-15 16:15:00.0",784860,4310,177.8,47.83,47.84,0.741,0.741,1.348,12.0402,39.89,39.87,14.3,4.62,36.48,29.48,22.89,23.57,24.32,10.39,4.416,34.92,28.13,21.74,22.35,23.03,9.78,4.348,34.85,28.13,21.74,22.35,23.03,9.78,4.416,34.99,28.26,21.81,22.49,23.1,9.92,396,384
"2019-04-15 16:15:20.0",784861,4310,177.9,47.83,47.84,0.741,0.741,1.348,12.0457,39.89,39.87,14.3,4.62,36.41,29.42,22.69,23.37,24.05,10.33,4.484,34.99,28.13,21.67,22.28,22.96,9.78,4.484,34.99,28.19,21.67,22.35,22.96,9.92,4.552,35.06,28.19,21.74,22.42,23.03,9.92,396,384
"2019-04-15 16:15:40.0",784862,4320,178,47.83,47.85,0.741,0.741,1.348,12.0513,39.89,39.87,14.32,4.891,36.75,29.69,22.89,23.57,24.25,10.6,4.756,35.4,28.47,21.88,22.49,23.17,10.12,4.824,35.53,28.67,22.08,22.69,23.23,10.26,4.756,35.33,28.47,21.94,22.56,23.17,10.12,397,383
"2019-04-15 16:16:00.0",784863,4320,178.2,47.83,47.85,0.741,0.741,1.348,12.0513,39.89,39.87,14.32,5.231,37.5,30.3,23.37,23.98,24.66,11.01,5.095,36.14,29.14,22.42,23.03,23.64,10.6,5.163,36.21,29.28,22.56,23.17,23.71,10.73,5.027,36.01,29.08,22.35,22.96,23.57,10.53,397,383
"2019-04-15 16:16:20.0",784864,4320,178.3,47.84,47.85,0.741,0.741,1.347,12.0513,39.89,39.87,14.32,5.707,38.52,31.25,24.12,24.8,25.34,11.62,5.639,37.37,30.3,23.37,23.98,24.46,11.41,5.639,37.3,30.3,23.37,24.05,24.46,11.41,5.435,36.82,29.89,22.96,23.57,24.12,11.07,397,383
"2019-04-15 16:16:40.0",784865,4320,178.4,47.84,47.85,0.741,0.741,1.347,12.0513,39.89,39.87,14.32,6.25,39.95,32.61,25.2,25.88,26.36,12.5,6.182,38.86,31.73,24.46,25.14,25.54,12.3,6.182,38.79,31.66,24.46,25.14,25.48,12.23,5.775,37.7,30.57,23.57,24.19,24.73,11.48,397,383
"2019-04-15 16:17:00.0",784866,4320,178.5,47.84,47.85,0.741,0.741,1.347,12.0513,39.89,39.91,14.32,6.997,42.05,34.51,26.77,27.51,27.79,13.72,7.065,41.1,33.9,26.29,27.04,27.24,13.66,6.862,40.69,33.42,25.88,26.56,26.84,13.25,6.522,39.27,32.13,24.8,25.54,26.02,12.43,397,383
"2019-04-15 16:17:20.0",784867,4320,178.6,47.84,47.86,0.741,0.741,1.347,12.0513,39.89,39.89,14.32,8.63,45.59,38.11,29.89,30.84,31.05,16.24,8.83,44.91,37.84,29.82,30.84,30.98,16.58,7.745,43.14,35.87,27.92,28.67,28.81,14.74,8.15,42.6,35.6,28.13,29.14,29.62,15.29,397,383
"2019-04-15 16:17:40.0",784868,4320,178.8,47.84,47.86,0.741,0.741,1.347,12.0402,39.89,39.89,14.35,54.83,133.4,142.5,131.1,141.6,140.9,100.8,58.7,137.4,148.1,136.7,147.5,146.2,105.3,9.65,46.54,39.68,31.52,32.75,33.49,18.41,57.95,135.7,146.7,135.8,146.8,146.1,104.9,398,382
"2019-04-15 16:18:00.0",784869,4330,178.9,47.84,47.86,0.741,0.741,1.347,12.0402,39.89,39.87,14.35,52.24,132.5,140.4,127.7,137.2,135.3,96.1,36.21,103.5,105.8,93.7,99.9,96.6,67.19,13.52,52.04,46.2,38.18,40.29,41.37,24.59,34.65,100.4,102.7,91.2,97.1,94.2,64.95,398,382
"2019-04-15 16:18:20.0",784870,4320,179,47.85,47.86,0.741,0.742,1.347,12.0402,39.89,39.91,14.35,32,101.2,102.3,90.2,96.1,93.1,63.32,28.81,95.8,96.5,84.6,90.1,87.3,58.97,14.74,54.96,49.53,41.24,43.48,44.23,26.9,28.94,95.1,96,84.3,89.9,87.2,58.97,398,382
"2019-04-15 16:18:40.0",784871,4320,179.1,47.85,47.86,0.741,0.742,1.347,12.0402,39.89,39.91,14.35,22.49,85.3,82.8,70.79,74.26,70.99,46.54,16.44,70.38,65.76,54.76,56.8,54.01,33.9,13.72,55.16,49.39,40.76,42.8,42.73,25.48,17.46,70.38,65.97,55.37,57.81,55.64,35.06,398,382
"2019-04-15 16:19:00.0",784872,4330,179.3,47.85,47.86,0.741,0.742,1.347,12.0513,39.89,39.91,14.35,14.33,59.72,53.47,43.75,45.65,44.97,27.04,12.64,54.15,47.83,38.86,40.49,40.08,23.57,13.18,55.37,49.12,40.08,41.78,41.31,24.53,13.18,55.44,49.25,40.15,41.85,41.31,24.53,398,382
"2019-04-15 16:19:20.0",784873,4330,179.4,47.85,47.86,0.741,0.742,1.347,12.0513,39.91,39.91,14.37,14.06,59.17,52.65,42.94,44.7,43.96,26.43,13.18,55.57,49.19,40.08,41.78,41.17,24.53,13.18,55.57,49.25,40.08,41.71,41.17,24.46,13.11,55.44,49.05,39.88,41.51,40.97,24.39,399,381
"2019-04-15 16:19:40.0",784874,4330,179.5,47.85,47.86,0.741,0.742,1.347,12.0513,39.92,39.91,14.37,14.67,60.46,54.01,44.16,45.99,45.18,27.45,13.86,57.13,50.82,41.51,43.28,42.66,25.68,13.79,57,50.68,41.37,43.14,42.53,25.61,13.45,56.25,49.8,40.56,42.26,41.58,24.93,399,381
"2019-04-15 16:20:00.0",784875,4330,179.6,47.85,47.86,0.741,0.742,1.347,12.0513,39.92,39.91,14.37,15.9,63.72,57.61,47.49,49.59,48.64,30.1,15.01,60.87,55.03,45.38,47.35,46.4,28.53,14.54,58.77,52.58,43.07,44.91,44.23,27.11,14.47,60.19,54.15,44.43,46.33,45.25,27.72,399,381
"2019-04-15 16:20:20.0",784876,4330,179.7,47.85,47.87,0.741,0.742,1.347,12.0513,39.92,39.91,14.4,17.94,70.38,64.88,53.94,56.39,54.76,34.72,16.64,66.17,60.53,50.07,52.24,50.68,31.86,15.97,61.35,55.44,45.79,47.96,47.28,29.42,15.9,65.02,59.31,48.91,51.02,49.46,30.84,399,381
"2019-04-15 16:20:40.0",784877,4330,179.9,47.85,47.87,0.741,0.742,1.347,12.0513,39.92,39.91,14.4,20.79,78.54,74.05,62.43,65.49,62.98,41.03,19.57,75.48,71.2,59.92,62.77,60.19,39.06,16.78,63.32,57.47,47.62,49.93,49.12,30.98,19.16,75.55,71.27,60.06,62.98,60.19,39,399,381
"2019-04-15 16:21:00.0",784878,4330,180,47.85,47.87,0.741,0.742,1.347,12.0513,39.92,39.91,14.42,23.91,86,82.6,70.38,74.12,71.2,47.42,21.2,80.2,76.43,64.61,67.67,64.61,42.6,18.21,65.76,60.06,50.14,52.72,52.11,33.42,22.56,82.3,78.87,67.12,70.59,67.73,44.91,399,381
"2019-04-15 16:21:20.0",784879,4340,-179.9,47.85,47.87,0.741,0.742,1.347,12.0402,39.92,39.91,14.42,28.81,100.2,98,84,88.4,84.1,57.34,27.11,97.6,95.4,81.5,85.5,80.7,54.89,18.61,67.46,61.62,51.29,53.94,53.06,34.31,29.08,100.1,98.4,84.7,89.3,84.7,57.95,400,380
"2019-04-15 16:21:40.0",784880,4340,-179.8,47.85,47.86,0.741,0.742,1.347,12.0402,39.92,39.91,14.42,28.87,99.2,96.1,81.9,86.1,81.8,55.84,29.01,99.2,97.1,83.4,87.8,83.5,57.54,18.55,67.94,61.69,51.02,53.4,52.24,33.83,34.1,108.8,108.4,94.4,100.1,95.7,66.99,400,380
"2019-04-15 16:22:00.0",784881,4340,-179.6,47.85,47.86,0.741,0.742,1.347,12.0457,39.92,39.91,14.44,38.59,120.4,121.4,106.6,113.3,108.5,77.04,33.56,106,105.1,91.1,96,91.1,63.59,17.6,67.05,60.06,49.19,51.43,50,32.13,25.54,91,87.9,75.14,79.15,75.14,51.16,400,380
"2019-04-15 16:22:20.0",784882,4340,-179.5,47.85,47.86,0.741,0.742,1.347,12.0402,39.92,39.91,14.44,27.92,97.1,92.9,78.74,82.7,78.67,53.87,25.41,91.7,87.6,74.18,77.85,73.84,50.54,17.05,65.69,58.02,46.94,48.85,47.28,30.23,28.06,96.1,92.8,79.28,83.6,79.55,54.82,400,380
"2019-04-15 16:22:40.0",784883,4340,-179.4,47.85,47.86,0.741,0.742,1.347,12.0457,39.95,39.91,14.47,43.21,125.8,126.4,110.7,117.5,112.9,80.7,31.05,102.6,99.9,85.5,89.9,85.2,59.24,15.01,63.11,54.42,43.14,44.63,42.8,26.7,31.39,102.9,100.7,86.8,91.8,87.6,61.21,400,380
"2019-04-15 16:23:00.0",784884,4350,-179.3,47.85,47.86,0.741,0.742,1.347,12.0513,39.95,39.91,14.47,32,104.6,100.5,85.3,89.5,84.8,58.56,31.79,103.3,101.8,88.4,94,90.6,63.86,13.65,61.34,52.04,40.62,41.92,40.15,24.66,60.46,151,159.1,144.6,155.5,152.1,111.9,401,379
"2019-04-15 16:23:20.0",784885,4350,-179.2,47.85,47.86,0.741,0.742,1.347,12.0513,39.95,39.91,14.49,63.04,154.4,161.8,146.5,157.5,154.5,113.7,60.39,147.1,154.3,140.1,150.4,147.6,108.6,12.64,60.05,50.14,38.65,39.67,37.77,22.76,61.89,149.7,157.5,143.2,154.1,151.2,111.5,401,379
"2019-04-15 16:23:40.0",784886,4350,-179,47.84,47.86,0.741,0.741,1.347,12.0513,39.95,39.91,14.52,62.09,154.8,161.8,145.9,156.3,152.4,112,60.05,148.8,156,141,151.3,147.3,108.3,12.02,59.44,49.32,37.77,38.59,36.62,21.74,61.07,150.9,158.4,143.3,153.8,149.9,110.5,401,379
"2019-04-15 16:24:00.0",784887,4350,-178.9,47.84,47.86,0.741,0.741,1.347,12.0569,39.95,39.91,14.52,61.62,154.9,161.5,145.4,155.8,151.8,111.2,60.12,149.2,156.5,141.5,151.5,147.6,108.1,11.96,59.58,49.46,37.77,38.59,36.62,21.6,60.6,150.3,158,142.6,152.8,149,109.3,401,379
"2019-04-15 16:24:20.0",784888,4350,-178.8,47.84,47.86,0.741,0.741,1.347,12.0625,39.97,39.91,14.54,61.75,154.8,161.6,145.6,156,152.2,111.2,60.66,149.5,157,142,152.4,148.8,108.8,12.02,59.44,49.39,37.84,38.65,36.75,21.6,60.73,149.5,157.3,142.5,152.6,149,109,401,379
"2019-04-15 16:24:40.0",784889,4350,-178.7,47.84,47.86,0.741,0.741,1.347,12.0402,39.97,39.91,14.54,61.28,151.4,158,142.7,153.1,149.8,108.8,61.34,148.9,156.7,142.3,152.8,149.7,109,11.96,58.9,48.91,37.5,38.31,36.55,21.33,61.28,148.7,156.5,142.2,152.8,149.9,109,402,378
"2019-04-15 16:25:00.0",784890,4350,-178.5,47.84,47.85,0.741,0.741,1.347,12.0402,39.97,39.91,14.56,63.04,154.8,162.6,147.5,158.3,155,112.8,56.04,142,148,133.5,143,139.3,100.9,11.96,58.63,48.78,37.57,38.45,36.75,21.33,52.51,137.1,141.3,126.2,134.6,130.3,93.5,402,378
"2019-04-15 16:25:20.0",784891,4350,-178.4,47.84,47.85,0.741,0.741,1.347,12.0457,39.97,39.91,14.59,14.81,69.9,60.46,47.62,48.84,45.58,27.38,12.84,63.59,54.35,42.32,43.21,40.22,23.64,12.3,58.56,49.05,37.97,38.93,36.96,21.26,13.45,63.99,54.96,43.07,44.22,41.44,24.59,402,378
"2019-04-15 16:25:40.0",784892,4350,-178.3,47.84,47.85,0.741,0.741,1.347,12.0457,40,39.91,14.61,14.4,66.37,56.99,44.7,45.85,43.2,25.68,12.5,60.26,51.08,39.6,40.49,38.11,22.08,12.84,58.83,49.66,38.79,39.88,38.04,21.94,13.11,60.8,51.83,40.62,41.64,39.47,23.1,402,378
"2019-04-15 16:26:00.0",784893,4350,-178.2,47.83,47.85,0.741,0.741,1.348,12.0402,40,39.91,14.61,14.47,66.1,56.99,44.9,46.06,43.48,25.68,12.91,61.61,52.78,41.3,42.32,39.74,23.16,13.04,59.17,50.34,39.47,40.56,38.72,22.42,13.31,62.56,53.87,42.32,43.41,40.83,23.91,402,378
"2019-04-15 16:26:20.0",784894,4350,-178.1,47.83,47.84,0.741,0.741,1.348,12.0513,40,39.91,14.64,21.53,82.9,75.88,61.95,64.2,60.26,38.38,16.1,70.24,62.36,49.93,51.42,48.1,29.41,13.18,59.24,50.74,39.94,41.1,39.47,22.96,15.35,67.93,59.98,47.89,49.32,46.19,27.99,402,378
"2019-04-15 16:26:40.0",784895,4360,-177.9,47.83,47.84,0.741,0.741,1.348,12.0513,40,39.91,14.66,15.62,67.39,59.1,47.42,48.91,46.8,28.12,14.2,62.09,54.14,43.2,44.56,42.8,25.34,13.72,59.58,51.36,40.76,42.05,40.69,23.78,14.47,62.16,54.21,43.2,44.7,43,25.54,403,377
"2019-04-15 16:27:00.0",784896,4360,-177.8,47.83,47.84,0.741,0.741,1.348,12.0569,40,39.91,14.68,15.62,65.42,57.27,45.79,47.28,45.65,27.17,14.2,60.46,52.58,41.91,43.2,41.98,24.66,14.13,59.98,52.04,41.44,42.8,41.57,24.32,14.33,60.32,52.38,41.78,43.07,41.85,24.46,403,377
"2019-04-15 16:27:20.0",784897,4360,-177.7,47.82,47.84,0.741,0.741,1.348,12.0513,39.97,39.91,14.71,15.83,65.48,57.54,46.19,47.69,46.33,27.44,14.67,61,53.39,42.8,44.22,43.2,25.34,14.47,60.53,52.85,42.25,43.68,42.59,24.93,14.67,60.93,53.33,42.73,44.09,43,25.27,403,377
"2019-04-15 16:27:40.0",784898,4360,-177.6,47.82,47.83,0.741,0.741,1.348,12.0569,39.97,39.91,14.71,16.44,66.71,59.17,47.75,49.39,48.23,28.67,15.35,62.36,55.02,44.29,45.85,44.97,26.49,15.22,61.75,54.48,43.88,45.38,44.56,26.15,15.22,62.16,54.82,44.15,45.72,44.77,26.36,403,377
"2019-04-15 16:28:00.0",784899,4360,-177.4,47.82,47.83,0.741,0.741,1.348,12.0625,39.97,39.91,14.75,17.66,69.08,61.88,50.27,52.1,51.15,30.5,16.51,64.67,57.67,46.74,48.37,47.69,28.33,16.57,64.06,57.06,46.4,48.09,47.62,28.19,15.96,63.58,56.59,45.85,47.55,47.08,27.65,403,377
"2019-04-15 16:28:20.0",784900,4370,-177.3,47.81,47.83,0.741,0.741,1.348,12.0457,39.97,39.91,14.78,19.36,71.53,64.81,53.33,55.57,55.43,33.63,18.34,67.66,61.34,50.54,52.78,52.78,32,17.12,65.42,58.49,47.62,49.39,49.32,29.28,17.93,66.57,60.53,50.13,52.37,52.65,31.59,404,376
"2019-04-15 16:28:40.0",784901,4370,-177.2,47.81,47.82,0.741,0.741,1.348,12.0457,39.97,39.91,14.8,29.75,97.3,94.5,81,85.5,84.6,55.7,54,135.5,141.8,128.3,137.6,137,96.7,17.53,66.5,59.85,48.84,50.81,51.63,30.64,63.58,149.1,159.1,145.8,157.1,157.4,112.3,404,376
"2019-04-15 16:29:00.0",784902,4370,-177.1,47.81,47.82,0.741,0.741,1.348,12.0457,39.97,39.91,14.83,48.57,130.2,133.1,118,125.5,124.3,85.6,57.74,142,149,134.6,144.1,143.6,100.9,18.82,68.68,62.22,51.08,53.19,54.55,32.61,55.97,140.1,147.3,133.5,143.4,143.3,100.7,404,376
"2019-04-15 16:29:20.0",784903,4370,-177,47.8,47.82,0.741,0.741,1.348,12.0402,39.97,39.91,14.83,70.37,164.5,175.4,160.1,172.2,172.2,122.7,68,157.2,168.5,154.4,166.2,166.4,118.3,19.29,70.51,64.13,52.65,54.75,56.31,33.69,68.74,158.4,169.8,155.8,167.8,168.3,119.8,404,376
"2019-04-15 16:29:40.0",784904,4370,-176.8,47.8,47.81,0.741,0.741,1.348,12.0457,39.97,39.92,14.88,70.31,164.3,175.1,160,172.1,172.5,122.8,68.81,158.5,170,156,167.9,168.8,120,19.09,71.39,64.87,53.05,55.09,56.59,33.76,69.56,160.4,172.3,158.3,170.4,171.1,121.7,404,376
"2019-04-15 16:30:00.0",784905,4370,-176.7,47.79,47.81,0.741,0.741,1.348,12.0513,40,39.91,14.88,70.44,165.6,176.3,161,173,173.3,123.4,69.42,160.8,172.1,157.7,169.8,170.3,121.2,19.29,72.28,65.69,53.66,55.77,57.26,34.1,69.97,162.1,173.8,159.4,171.5,171.9,122.3,404,376
"2019-04-15 16:30:20.0",784906,4370,-176.6,47.79,47.8,0.741,0.741,1.348,12.0569,40,39.91,14.9,70.44,167.2,177.8,161.6,173.4,173.2,123.2,68.88,161.7,172.7,157.7,169.3,169.3,120.2,19.84,73.43,66.98,54.89,56.99,58.55,34.92,69.36,162.6,174,158.8,170.5,170.8,121.4,405,375
"2019-04-15 16:30:40.0",784907,4370,-176.5,47.79,47.8,0.741,0.741,1.349,12.0569,40,39.91,14.92,70.24,166.8,177.5,161.4,173.1,173.4,122.7,69.08,161.1,172.5,157.7,169.6,169.8,120.1,19.97,73.84,67.52,55.29,57.47,58.89,35.12,69.35,162,173.3,158.6,170.4,170.8,120.8,405,375
"2019-04-15 16:31:00.0",784908,4370,-176.3,47.78,47.8,0.741,0.741,1.349,12.0569,40,39.91,14.95,46.12,128.9,130.2,113.9,120.6,119.3,80.6,27.1,92.5,88.4,74.31,77.51,76.83,48.09,20.38,73.91,67.79,55.77,57.94,59.1,35.12,23.03,85.8,80.4,66.5,69.02,68.2,41.5,405,375
"2019-04-15 16:31:20.0",784909,4370,-176.2,47.78,47.79,0.741,0.741,1.349,12.0569,40,39.91,14.97,48.43,133.8,137.7,122.5,130.9,129.7,88.5,54.14,138,144.7,130.3,139.8,139.7,95.8,21.81,74.93,69.63,58.01,60.66,62.63,37.77,55.63,139.7,146.5,132.4,141.8,142.4,97.4,405,375
"2019-04-15 16:31:40.0",784910,4370,-176.1,47.77,47.79,0.74,0.741,1.349,12.0569,40,39.91,15,57.26,143.6,150.5,135.6,145,145.2,99.6,50.61,130.7,136.3,122.2,130.4,130.4,88.6,22.55,74.79,70.03,58.96,61.95,64.26,38.79,46.12,124.2,128,114.1,121.6,121.2,81.8,405,375
"2019-04-15 16:32:00.0",784911,4380,-176,47.77,47.78,0.74,0.741,1.349,12.0402,40,39.91,15.02,53.6,138.4,144.6,130.3,139.7,139.9,96,50.47,130.6,136.5,122.7,131.2,131,89,22.62,73.84,69.56,58.83,61.88,64.4,38.65,46.53,124.6,129.1,115.5,123.2,123,82.9,406,374
"2019-04-15 16:32:20.0",784912,4380,-175.9,47.76,47.78,0.74,0.741,1.349,12.0457,40.03,39.91,15.04,52.98,136.5,142.7,128.8,137.8,139,94.5,54.68,135.6,143.9,131.2,140.9,142.4,97.2,21.87,72.41,68.2,57.74,60.66,63.38,37.63,61.2,146.3,156.4,143.4,154.5,155.9,107.7,406,374
"2019-04-15 16:32:40.0",784913,4380,-175.7,47.76,47.77,0.74,0.74,1.349,12.0513,40.03,39.91,15.07,44.76,122.9,126.4,112.5,119.6,119.4,78.86,48.77,127.4,133.2,120,128,128.3,86,21.19,70.92,66.71,56.45,59.23,62.02,36.21,40.69,112.6,115.2,102.5,109,109.6,72.14,406,374
"2019-04-15 16:33:00.0",784914,4380,-175.6,47.75,47.76,0.74,0.74,1.349,12.0457,40.03,39.91,15.12,23.84,80.2,76.69,65.21,68.47,70.44,41.64,21.87,73.57,70.37,59.98,63.04,65.41,38.18,20.24,68.88,64.6,54.48,57.06,59.78,34.17,22.01,73.63,70.17,59.71,62.77,65.21,38.18,406,374
"2019-04-15 16:33:20.0",784915,4380,-175.5,47.74,47.76,0.74,0.74,1.349,12.0457,40.03,39.91,15.14,23.57,77.98,74.65,63.65,66.91,69.42,40.62,21.53,71.6,68.4,58.35,61.27,63.99,36.95,20.45,68.88,64.94,54.95,57.6,60.52,34.44,21.53,71.32,67.93,57.87,60.86,63.65,36.75,406,374
"2019-04-15 16:33:40.0",784916,4400,-175.4,47.74,47.75,0.74,0.74,1.35,12.0513,40.03,39.91,15.17,23.23,75.74,72.48,61.88,65.07,68,39.4,21.19,70.1,66.91,57.13,59.98,63.1,36.21,20.51,68.61,64.94,55.09,57.74,60.93,34.51,21.47,70.58,67.45,57.67,60.66,63.72,36.61,407,373
"2019-04-15 16:34:00.0",784917,4400,-175.2,47.73,47.75,0.74,0.74,1.35,12.0569,40.03,39.9,15.19,27.17,89.5,88.2,76.15,80.2,81.6,49.38,36.68,106.4,108.9,96.4,102.3,103.2,66.43,20.45,68.27,64.87,55.22,58.01,61.41,34.71,32.67,99,99.9,87.5,92.3,92.9,58.42,407,373
"2019-04-15 16:34:20.0",784918,4400,-175.1,47.73,47.74,0.74,0.74,1.35,12.0569,40.03,39.9,15.21,24.52,80.2,77.91,67.11,70.64,73.23,43,21.74,71.32,68.88,59.16,62.29,65.48,37.63,20.51,68.13,65.01,55.56,58.55,61.95,34.91,22.21,71.66,69.22,59.57,62.83,66.03,38.18,407,373
"2019-04-15 16:34:40.0",784919,4400,-175,47.72,47.74,0.74,0.74,1.35,12.0569,40.02,39.9,15.26,23.1,74.31,71.66,61.68,64.94,68.47,39.26,20.79,68.06,65.28,56.04,58.96,62.63,35.32,20.31,67.38,64.4,55.09,57.94,61.41,34.44,21.53,69.56,66.84,57.47,60.52,63.99,36.48,407,373
"2019-04-15 16:35:00.0",784920,4400,-174.9,47.71,47.73,0.74,0.74,1.35,12.0569,40,39.9,15.29,22.14,72.68,69.97,60.12,63.31,66.77,37.9,19.83,66.43,63.58,54.48,57.26,60.93,33.96,19.77,66.43,63.38,54.27,57.13,60.52,33.69,20.65,68.13,65.35,56.04,58.96,62.36,35.19,407,373
"2019-04-15 16:35:20.0",784921,4400,-174.8,47.71,47.72,0.74,0.74,1.35,12.0513,40,39.9,15.31,20.99,70.78,67.86,58.15,61.13,64.6,36.14,18.82,64.73,61.68,52.71,55.43,58.96,32.33,19.29,65.96,62.97,53.8,56.58,59.98,33.28,19.56,66.57,63.65,54.48,57.26,60.59,33.76,407,373
"2019-04-15 16:35:40.0",784922,4400,-174.6,47.7,47.72,0.74,0.74,1.35,12.0457,40,39.91,15.34,20.31,69.96,67.04,57.4,60.32,63.78,35.39,18.82,65.21,62.29,53.32,56.11,59.57,32.74,19.02,65.82,62.9,53.87,56.58,59.91,33.15,18.61,64.8,61.81,52.85,55.5,58.96,32.27,408,372
"2019-04-15 16:36:00.0",784923,4400,-174.5,47.69,47.71,0.74,0.74,1.35,12.0457,40,39.91,15.39,20.11,69.69,66.91,57.4,60.39,63.85,35.25,18.95,65.75,63.1,54.07,56.85,60.25,33.28,18.68,65.28,62.49,53.53,56.24,59.71,32.81,18.14,63.92,61,52.17,54.89,58.42,31.72,408,372
"2019-04-15 16:36:20.0",784924,4400,-174.4,47.69,47.7,0.739,0.74,1.351,12.0513,40,39.91,15.41,20.17,70.17,67.66,58.08,61.13,64.6,35.87,19.09,66.5,64.06,55.02,57.87,61.2,34.03,18.07,64.12,61.41,52.58,55.22,58.76,31.93,18.27,64.53,61.88,53.12,55.9,59.44,32.47,408,372
"2019-04-15 16:36:40.0",784925,4400,-174.3,47.68,47.7,0.739,0.74,1.351,12.0457,40,39.91,15.43,20.45,70.98,68.74,59.23,62.36,65.82,36.82,18.95,66.3,64.06,55.09,57.94,61.47,34.1,18.27,64.73,62.29,53.46,56.31,59.84,32.67,18.41,65.07,62.76,54,56.85,60.46,33.15,408,372
"2019-04-15 16:37:00.0",784926,4400,-174.2,47.67,47.69,0.739,0.739,1.351,12.0457,40,39.91,15.46,20.72,72,70.1,60.59,63.85,67.38,37.84,19.09,66.91,65.01,56.11,59.1,62.7,34.85,18.48,65.48,63.31,54.55,57.47,61.13,33.62,18.61,66.03,64.06,55.36,58.35,62.09,34.17,408,372
"2019-04-15 16:37:20.0",784927,4410,-174,47.67,47.68,0.739,0.739,1.351,12.0513,40.01,39.91,15.51,21.33,74.18,72.82,63.24,66.7,70.17,39.74,19.77,69.01,67.65,58.76,61.95,65.55,36.75,18.82,66.3,64.6,55.9,58.89,62.76,34.57,18.95,67.65,66.09,57.33,60.52,64.05,35.46,409,371
"2019-04-15 16:37:40.0",784928,4410,-173.9,47.66,47.67,0.739,0.739,1.351,12.0569,40.01,39.91,15.53,25.54,86.2,86.4,75.47,79.75,81.9,48.5,24.25,82,82.3,71.87,75.94,78.12,46.05,18.75,66.09,64.53,56.04,59.1,63.24,34.64,23.98,81.2,81.3,70.98,74.99,77.16,45.17,409,371
"2019-04-15 16:38:00.0",784929,4410,-173.8,47.65,47.67,0.739,0.739,1.351,12.0569,40.01,39.91,15.58,23.77,82.1,81.9,71.53,75.53,78.52,45.58,20.51,72.82,72.14,62.83,66.23,69.49,39.13,18.68,65.69,64.39,56.11,59.3,63.44,34.64,21.19,74.11,73.77,64.53,68.27,71.46,40.69,409,371
"2019-04-15 16:38:20.0",784930,4410,-173.7,47.64,47.66,0.739,0.739,1.352,12.0569,40.01,39.91,15.6,23.16,80.4,80.1,69.76,73.56,76.49,43.81,18.88,69.22,68.13,58.96,62.08,65.48,35.66,18.41,65.07,63.78,55.5,58.69,62.97,33.96,19.9,70.98,70.17,61,64.33,67.72,37.63,409,371
"2019-04-15 16:38:40.0",784931,4410,-173.5,47.63,47.65,0.739,0.739,1.352,12.0569,40.01,39.91,15.63,19.56,69.76,68.67,59.71,63.04,67.04,36.27,17.46,63.38,62.02,53.87,56.79,61.07,32.06,17.59,62.97,61.61,53.53,56.51,60.86,32.13,17.93,64.26,63.04,54.75,57.81,61.95,33.01,409,371
"2019-04-15 16:39:00.0",784932,4410,-173.4,47.63,47.64,0.739,0.739,1.352,12.0569,40.01,39.91,15.68,18.41,66.23,65.01,56.51,59.64,64.12,33.69,16.78,61.13,59.78,51.96,54.82,59.37,30.5,16.78,60.79,59.37,51.56,54.41,58.96,30.36,16.85,61.54,60.11,52.24,55.09,59.5,30.77,409,371
"2019-04-15 16:39:20.0",784933,4420,-173.3,47.62,47.63,0.739,0.739,1.352,12.0402,40.01,39.91,15.7,17.86,65.62,64.33,55.97,59.03,63.58,32.88,16.71,61.61,60.52,52.71,55.63,60.11,30.77,15.96,58.96,57.47,49.86,52.58,57.4,28.94,16.78,62.49,61.34,53.39,56.31,60.52,31.18,410,370
"2019-04-15 16:39:40.0",784934,4420,-173.2,47.61,47.62,0.739,0.739,1.352,12.0457,40.01,39.91,15.73,20.11,72.14,71.73,62.56,66.02,69.83,37.16,16.37,62.76,61.75,53.53,56.31,60.39,30.63,15.15,57.06,55.56,48.23,50.94,55.9,27.44,16.57,63.24,62.22,54.07,56.99,61,31.25,410,370
"2019-04-15 16:40:00.0",784935,4420,-173.1,47.6,47.62,0.738,0.739,1.352,12.0457,40.01,39.91,15.75,16.23,61.95,60.59,52.64,55.5,60.45,29.96,14.54,56.04,54.54,47.28,49.79,54.82,26.42,14.81,56.18,54.68,47.55,50.2,55.36,26.83,15.08,57.19,55.84,48.5,51.22,56.18,27.44,410,370
"2019-04-15 16:40:20.0",784936,4420,-172.9,47.59,47.61,0.738,0.739,1.353,12.0457,40.01,39.91,15.77,15.22,58.28,56.85,49.38,52.1,57.53,27.51,13.99,54.14,52.64,45.71,48.16,53.53,25.2,14.33,55.09,53.59,46.53,49.11,54.41,25.88,14.33,55.16,53.66,46.67,49.18,54.48,25.95,410,370
"2019-04-15 16:40:40.0",784937,4420,-172.8,47.58,47.6,0.738,0.738,1.353,12.0457,40.01,39.91,15.82,14.74,57.19,55.7,48.43,51.08,56.65,26.63,13.79,53.66,52.17,45.37,47.82,53.32,24.86,13.92,54.14,52.64,45.78,48.3,53.73,25.13,13.92,54,52.57,45.71,48.16,53.66,25.06,410,370
"2019-04-15 16:41:00.0",784938,4420,-172.7,47.58,47.59,0.738,0.738,1.353,12.0569,40.01,39.91,15.82,14.4,56.24,54.82,47.62,50.2,55.97,25.88,13.59,53.12,51.76,44.97,47.41,52.98,24.45,13.65,53.25,51.83,44.97,47.41,52.98,24.45,13.65,53.46,51.96,45.17,47.62,53.19,24.59,411,369
"2019-04-15 16:41:20.0",784939,4420,-172.6,47.57,47.58,0.738,0.738,1.353,12.0513,40.01,39.91,15.87,14.4,56.11,54.68,47.55,50.13,56.04,25.81,13.65,53.12,51.76,44.97,47.41,53.12,24.39,13.65,53.12,51.76,44.97,47.41,53.05,24.32,13.72,53.46,51.96,45.24,47.62,53.32,24.52,411,369
"2019-04-15 16:41:40.0",784940,4420,-172.5,47.56,47.57,0.738,0.738,1.353,12.0569,40.01,39.91,15.9,14.74,56.92,55.56,48.3,50.88,56.85,26.29,13.92,53.87,52.51,45.71,48.16,53.93,24.86,13.99,54.14,52.78,45.92,48.36,54.07,25,14.06,54.21,52.85,45.99,48.43,54.21,25.06,411,369
"2019-04-15 16:42:00.0",784941,4420,-172.3,47.55,47.56,0.738,0.738,1.354,12.0569,40.01,39.91,15.92,15.56,58.76,57.53,50.13,52.78,58.69,27.51,14.81,55.77,54.61,47.55,50.13,55.84,26.22,14.74,55.77,54.54,47.48,50.06,55.7,26.15,14.81,55.84,54.61,47.55,50.13,55.84,26.15,411,369
"2019-04-15 16:42:20.0",784942,4420,-172.2,47.54,47.55,0.738,0.738,1.354,12.0569,40.01,39.91,15.95,16.71,61.27,60.18,52.51,55.29,61.13,29.34,15.89,58.14,57.12,49.79,52.51,58.07,27.92,15.76,57.94,56.78,49.52,52.17,57.8,27.71,15.62,57.67,56.44,49.18,51.83,57.46,27.44,411,369
"2019-04-15 16:42:40.0",784943,4430,-172.1,47.53,47.54,0.738,0.738,1.354,12.0402,40.01,39.91,15.97,18.27,64.39,63.44,55.36,58.41,64.05,31.72,17.52,61.13,60.25,52.64,55.63,61.13,30.36,16.98,60.45,59.43,51.76,54.54,60.11,29.61,16.98,60.38,59.23,51.69,54.47,60.11,29.48,412,368
"2019-04-15 16:43:00.0",784944,4430,-172,47.52,47.53,0.738,0.738,1.354,12.0402,40.01,39.91,16,25.68,85.9,87.5,77.16,81.5,85.1,47.61,28.87,91.5,94.6,84.1,89,91.6,53.05,17.93,62.63,61.61,53.59,56.58,62.08,31.18,29.68,93.3,96.9,86.4,91.6,94.3,55.02,412,368
"2019-04-15 16:43:20.0",784945,4430,-171.9,47.51,47.52,0.737,0.738,1.354,12.0457,40.01,39.91,16.02,22.62,75.26,75.12,65.89,69.62,74.44,39.94,21.12,70.91,70.78,61.95,65.41,70.1,37.43,19.29,66.02,64.94,56.44,59.5,64.66,33.35,20.58,70.64,70.1,61.13,64.53,69.15,36.61,412,368
"2019-04-15 16:43:40.0",784946,4430,-171.7,47.5,47.51,0.737,0.737,1.355,12.0457,40.01,39.91,16.04,28.26,89.9,91.2,80.4,85,88.6,50.74,31.45,92.5,95.6,85.4,90.9,94.6,56.17,20.51,68.94,67.86,58.96,62.22,67.18,35.52,29.89,89.8,92,81.8,86.9,90.5,52.91,412,368
"2019-04-15 16:44:00.0",784947,4430,-171.6,47.49,47.5,0.737,0.737,1.355,12.0457,40,39.91,16.07,29.68,91.8,93.1,82.1,87,90.9,52.91,33.55,95.9,99.4,89.1,95.1,99.2,59.84,21.8,71.39,70.37,61.13,64.53,69.49,37.49,54.2,127.1,138.3,128.7,139.5,145.1,95.1,412,368
"2019-04-15 16:44:20.0",784948,4430,-171.5,47.48,47.49,0.737,0.737,1.355,12.0457,40,39.91,16.09,76.07,161,178.4,167.9,182.2,188.4,127.2,75.12,156.2,173.8,164.2,178,183.8,124.2,23.16,74.31,73.36,63.85,67.45,72.41,40.08,71.39,152.5,168.2,157.8,170.6,175.4,117.6,412,368
"2019-04-15 16:44:40.0",784949,4430,-171.4,47.47,47.48,0.737,0.737,1.355,12.0625,40,39.91,16.12,28.32,90.8,91.2,79.81,84.4,87.4,50.54,25.74,84,84.3,73.7,77.77,80.9,46.26,23.23,75.6,74.51,64.73,68.26,72.41,40.14,28.66,90,91.2,80.4,85.2,88.2,51.76,413,367
"2019-04-15 16:45:00.0",784950,4430,-171.2,47.46,47.47,0.737,0.737,1.356,12.0569,40,39.91,16.14,42.66,115.5,120.1,107.4,113.9,115.9,71.93,36.34,104.8,109.3,98.2,104.7,107.5,66.7,24.05,76.82,75.8,65.95,69.76,73.83,41.5,54.34,130.3,140.6,129.7,139.9,143.7,94.1,413,367
"2019-04-15 16:45:20.0",784951,4430,-171.1,47.45,47.46,0.737,0.737,1.356,12.0569,40,39.91,16.17,47.82,122.4,128.9,117,124.8,128.4,81.8,60.93,139,151,139.9,151.1,155.2,103.4,24.45,77.23,76.14,66.23,70.1,74.31,42.18,64.46,144.7,158.1,147.3,159.2,163.4,109.8,413,367
"2019-04-15 16:45:40.0",784952,4430,-171,47.43,47.45,0.737,0.737,1.356,12.0569,40.01,39.91,16.22,77.36,162.9,179.1,167.6,181.5,186.2,126.9,74.78,156.6,172.5,161.5,174.7,179.4,122.1,24.45,76.68,75.6,65.82,69.55,73.9,42.11,72.88,153.4,168.7,158,171.1,176.1,119.6,413,367
"2019-04-15 16:46:00.0",784953,4430,-170.9,47.42,47.44,0.736,0.737,1.356,12.0569,40.03,39.91,16.22,28.46,89.5,89.3,77.91,82.3,85.1,49.92,27.78,87.3,87.5,76.34,80.7,83.1,48.97,24.93,76.48,75.6,65.95,69.82,73.9,42.25,28.46,88.4,88.8,77.84,82.3,84.7,50.19,413,367
"2019-04-15 16:46:20.0",784954,4440,-170.8,47.41,47.43,0.736,0.736,1.357,12.0457,40.03,39.91,16.27,42.38,113.5,118.5,106.7,114,116.8,73.97,44.9,114.9,121.3,110.2,118,121.3,77.77,24.93,75.67,74.92,65.61,69.62,73.83,42.25,43.61,111.5,117.3,106.4,113.9,116.8,74.44,414,366
"2019-04-15 16:46:40.0",784955,4440,-170.6,47.4,47.42,0.736,0.736,1.357,12.0513,40.03,39.91,16.29,30.43,93.8,95.4,84.4,89.5,92,55.08,30.09,92,93.6,82.9,88,90.3,54.47,23.03,72.47,71.39,62.28,65.95,69.82,39.19,27.92,86.3,87.1,76.68,81.2,83.9,49.52,414,366
"2019-04-15 16:47:00.0",784956,4440,-170.5,47.39,47.4,0.736,0.736,1.357,12.0402,40.03,39.91,16.32,24.18,76.28,75.19,65.54,69.28,72.95,41.09,21.53,69.42,67.92,58.96,62.28,66.09,36.47,21.8,69.55,67.99,59.09,62.42,66.29,36.61,22.21,70.71,69.35,60.31,63.78,67.51,37.56,414,366
"2019-04-15 16:47:20.0",784957,4440,-170.4,47.38,47.39,0.736,0.736,1.357,12.0394,40.03,39.91,16.34,22.07,71.45,69.69,60.38,63.71,67.65,37.15,19.76,65.2,63.1,54.47,57.46,61.47,33.01,20.51,66.63,64.73,56.03,59.16,62.96,34.16,20.65,67.24,65.27,56.44,59.57,63.37,34.57,414,366
"2019-04-15 16:47:40.0",784958,4440,-170.3,47.37,47.38,0.736,0.736,1.358,12.0449,40.03,39.91,16.36,20.99,68.67,66.56,57.53,60.59,64.59,34.91,19.22,63.51,61.26,52.84,55.69,59.7,31.72,19.7,64.66,62.42,53.86,56.85,60.72,32.53,20.04,65.54,63.37,54.74,57.73,61.47,33.21,414,366
"2019-04-15 16:48:00.0",784959,4440,-170.2,47.35,47.37,0.736,0.736,1.358,12.0449,40.03,39.91,16.41,20.24,66.63,64.32,55.42,58.41,62.55,33.35,18.68,62.01,59.63,51.35,54.06,58.21,30.56,19.22,63.23,60.92,52.43,55.29,59.23,31.45,19.29,63.57,61.2,52.71,55.56,59.43,31.65,414,366
"2019-04-15 16:48:20.0",784960,4440,-170,47.34,47.36,0.735,0.736,1.358,12.0561,40.03,39.91,16.41,19.29,64.32,61.67,53.05,55.83,60.04,31.38,18.07,60.59,58,49.85,52.43,56.58,29.34,18.34,61.13,58.55,50.33,52.98,56.99,29.68,18.2,61.06,58.34,50.13,52.77,56.85,29.55,415,365
"2019-04-15 16:48:40.0",784961,4440,-169.9,47.33,47.34,0.735,0.735,1.358,12.0561,40.03,39.91,16.46,18.54,62.49,59.7,51.28,53.93,58.34,29.88,17.66,59.43,56.71,48.63,51.14,55.42,28.25,17.66,59.5,56.71,48.63,51.14,55.36,28.32,17.46,59.16,56.31,48.29,50.74,55.02,28.05,415,365
"2019-04-15 16:49:00.0",784962,4440,-169.8,47.32,47.33,0.735,0.735,1.359,12.0554,40.02,39.91,16.49,18.34,61.94,59.16,50.74,53.32,57.87,29.41,17.59,59.23,56.51,48.43,50.94,55.15,28.12,17.52,59.16,56.37,48.36,50.8,55.08,28.05,17.25,58.55,55.76,47.75,50.19,54.54,27.64,415,365
"2019-04-15 16:49:20.0",784963,4440,-169.7,47.3,47.32,0.735,0.735,1.359,12.061,40.02,39.91,16.51,18.61,62.62,59.9,51.41,54.06,58.48,29.88,17.79,59.57,56.92,48.77,51.28,55.49,28.39,17.73,59.5,56.71,48.63,51.14,55.42,28.19,17.12,58,55.15,47.2,49.58,54,27.1,415,365
"2019-04-15 16:49:40.0",784964,4440,-169.6,47.29,47.31,0.735,0.735,1.359,12.0498,40.02,39.91,16.54,19.09,63.5,60.86,52.3,55.01,59.43,30.5,18.2,60.31,57.8,49.58,52.16,56.44,28.93,17.59,58.95,56.17,48.09,50.53,54.88,27.71,17.73,59.16,56.51,48.49,51.01,55.42,28.05,415,365
"2019-04-15 16:50:00.0",784965,4460,-169.5,47.28,47.29,0.735,0.735,1.359,12.0387,40.02,39.91,16.56,19.7,65.47,63.16,54.4,57.26,61.4,31.85,18.34,61.4,59.09,50.8,53.38,57.39,29.54,17.59,58.95,56.17,48.09,50.6,54.95,27.64,18.34,61.26,58.95,50.8,53.38,57.53,29.61,416,364
"2019-04-15 16:50:20.0",784966,4460,-169.3,47.26,47.28,0.734,0.735,1.36,12.0443,40.02,39.91,16.59,19.42,64.12,61.47,52.71,55.35,59.77,30.63,17.73,59.29,56.51,48.36,50.74,55.15,27.78,17.86,59.43,56.71,48.56,51.01,55.49,27.91,17.93,59.77,57.05,48.9,51.28,55.76,28.12,416,364
"2019-04-15 16:50:40.0",784967,4460,-169.2,47.25,47.27,0.734,0.735,1.36,12.0382,40.02,39.9,16.61,19.36,64.18,61.53,52.7,55.29,59.77,30.43,18,60.04,57.39,49.1,51.55,55.96,28.25,18.13,60.18,57.53,49.24,51.75,56.17,28.39,17.73,59.7,56.92,48.63,50.94,55.49,27.85,416,364
"2019-04-15 16:51:00.0",784968,4460,-169.1,47.24,47.25,0.734,0.734,1.36,12.0437,40.02,39.9,16.64,20.78,67.85,65.61,56.44,59.36,63.64,33.28,19.9,64.79,62.69,53.99,56.71,60.99,31.85,18.88,61.74,59.22,50.87,53.45,58,29.61,19.63,64.66,62.55,53.86,56.58,60.79,31.72,416,364
"2019-04-15 16:51:20.0",784969,4460,-169,47.22,47.24,0.734,0.734,1.361,12.0382,40.02,39.9,16.66,24.59,77.97,77.02,66.97,70.5,74.03,40.82,23.16,72.67,71.79,62.55,65.95,69.82,38.31,20.17,63.84,61.67,53.11,55.96,60.72,31.65,23.77,74.03,73.42,64.25,67.85,71.65,39.73,416,364
"2019-04-15 16:51:40.0",784970,4460,-168.9,47.21,47.23,0.734,0.734,1.361,12.0549,40.01,39.9,16.69,32.74,92.7,94.6,84.2,89.4,93.1,55.29,38.24,98.8,102.6,92.4,98.6,102.4,62.96,21.6,66.36,64.45,55.76,58.88,63.71,33.96,34.98,93.5,96,85.8,91.3,94.9,57.19,417,363
"2019-04-15 16:52:00.0",784971,4460,-168.7,47.2,47.21,0.734,0.734,1.361,12.0549,39.99,39.9,16.71,35.25,95.4,97.7,87.4,93.3,97.6,58.82,52.43,118.5,127.2,117.4,126.7,131.8,85.6,22.41,67.44,65.54,56.64,59.77,64.86,34.98,66.97,137.6,150.6,141,152.7,158.6,106,417,363
"2019-04-15 16:52:20.0",784972,4460,-168.6,47.18,47.2,0.734,0.734,1.362,12.0489,40.02,39.9,16.74,30.43,89.8,90.3,79.33,83.8,87.1,50.67,25.74,77.49,77.02,67.31,71.04,74.91,42.24,21.26,66.69,64.32,55.28,58.14,62.69,33.21,25.06,75.73,74.98,65.68,69.48,73.49,41.16,417,363
"2019-04-15 16:52:40.0",784973,4460,-168.5,47.17,47.18,0.733,0.734,1.362,12.0545,40.02,39.9,16.76,24.18,74.57,72.81,63.03,66.36,70.7,38.24,21.26,67.71,65.47,56.3,59.09,63.37,33.42,21.19,66.69,64.25,55.22,58.07,62.48,32.87,22.07,68.94,66.9,57.73,60.79,65.06,34.77,417,363
"2019-04-15 16:53:00.0",784974,4460,-168.4,47.16,47.17,0.733,0.733,1.362,12.0489,40.02,39.9,16.79,23.16,72.13,69.75,59.97,62.96,67.37,35.86,21.12,66.49,63.91,54.81,57.59,62.01,32.53,20.85,66.36,63.64,54.47,57.19,61.47,32.12,21.39,67.17,64.66,55.42,58.27,62.62,33.01,417,363
"2019-04-15 16:53:20.0",784975,4460,-168.3,47.14,47.16,0.733,0.733,1.362,12.0545,40.02,39.9,16.81,23.3,73.62,71.04,60.85,63.84,67.78,36.2,21.67,68.19,65.68,56.3,59.16,63.23,33.42,20.71,66.02,63.16,53.93,56.58,60.85,31.72,21.73,68.19,65.61,56.24,59.09,63.23,33.48,417,363
"2019-04-15 16:53:40.0",784976,4470,-168.1,47.13,47.14,0.733,0.733,1.363,12.0433,40.02,39.9,16.84,23.23,71.86,69.07,59.22,62.21,66.49,35.38,21.67,67.31,64.52,55.28,58.07,62.28,32.94,21.05,66.76,63.77,54.4,57.12,61.19,32.12,21.73,67.65,64.79,55.49,58.27,62.42,33.08,418,362
"2019-04-15 16:54:00.0",784977,4470,-168,47.11,47.13,0.733,0.733,1.363,12.0485,40.02,39.9,16.86,23.16,72.6,69.48,59.36,62.28,66.15,35.32,21.8,68.53,65.54,55.96,58.75,62.62,33.35,21.8,68.66,65.61,55.96,58.75,62.55,33.35,21.8,68.46,65.4,55.76,58.54,62.42,33.21,418,362
"2019-04-15 16:54:20.0",784978,4470,-167.9,47.1,47.11,0.733,0.733,1.363,12.043,40.02,39.9,16.89,24.11,75.12,71.99,61.4,64.45,67.98,37.15,23.23,71.65,68.8,58.82,61.74,65.27,35.72,23.09,71.45,68.46,58.34,61.26,64.79,35.45,22.41,70.23,67.03,57.05,59.9,63.5,34.37,418,362
"2019-04-15 16:54:40.0",784979,4470,-167.8,47.08,47.1,0.732,0.733,1.364,12.0485,40.02,39.9,16.91,27.23,82.7,80.3,68.87,72.4,75.25,43.13,31.85,91.8,91.3,79.53,84,86.3,52.02,24.52,74.5,71.52,60.99,63.98,67.31,37.9,35.11,98.6,99,86.7,91.8,93.5,57.32,418,362
"2019-04-15 16:55:00.0",784980,4470,-167.7,47.07,47.08,0.732,0.732,1.364,12.043,40.02,39.9,16.91,34.3,103.8,103.5,89.8,94.5,94.9,58.34,40.34,113.7,116.6,103,109.2,109.4,69.95,25.94,78.44,75.39,64.38,67.78,70.63,40.89,50.39,129.4,135.9,122.5,131,131.8,87.1,418,362
"2019-04-15 16:55:20.0",784981,4480,-167.5,47.05,47.07,0.732,0.732,1.364,12.0541,40.02,39.9,16.94,54.54,133.9,139.1,124.6,132.6,133.3,87.7,39.87,110.2,111.9,98.5,104.5,105.1,66.97,26.89,81,77.56,65.81,69.14,71.58,42.04,46.59,119.5,123.2,109.9,117.1,118.2,76.88,419,361
"2019-04-15 16:55:40.0",784982,4480,-167.4,47.04,47.05,0.732,0.732,1.365,12.0538,40.02,39.9,16.98,37.63,111,110,94.7,99.6,99.2,62.08,33.96,101.8,100.4,86.3,90.7,90.7,56.17,26.01,80.8,76.68,64.59,67.64,69.61,40.68,33.96,101.2,99.9,86,90.6,90.7,56.1,419,361
"2019-04-15 16:56:00.0",784983,4480,-167.3,47.02,47.03,0.732,0.732,1.365,12.0538,40.02,39.9,17.01,82.5,172.6,186.8,172.6,186.1,187.9,130.5,78.58,164,177.6,164.1,176.9,178.6,123.9,25.54,80.4,75.52,63.23,66.08,68.05,39.87,78.92,164.8,178.1,164.4,177.1,179.2,124.4,419,361
"2019-04-15 16:56:20.0",784984,4480,-167.2,47,47.02,0.731,0.732,1.365,12.0538,40.02,39.92,17.04,79.33,169.8,181.9,166.5,179,179.7,125,76.61,162.4,174.6,160.3,172.5,173.4,120.7,24.11,79.26,73.62,60.92,63.43,64.86,37.69,76.95,163,175.2,160.8,173.1,174.2,121.4,419,361
"2019-04-15 16:56:40.0",784985,4480,-167.1,46.99,47,0.731,0.731,1.366,12.0538,40.02,39.9,17.04,77.49,169.1,180,164,176.1,176,122.5,75.73,162.1,173.7,159,171,171.5,119.3,22.82,77.7,71.45,58.68,60.92,62.01,35.86,75.79,163.1,174.5,159.6,171.4,171.8,119.9,419,361
"2019-04-15 16:57:00.0",784986,4480,-167,46.97,46.99,0.731,0.731,1.366,12.0538,40.02,39.9,17.09,74.91,165.3,175.2,158.9,170.3,169.7,117.8,68.46,152,161.6,147.2,158.3,158.5,109.4,21.73,76.13,69.41,56.57,58.61,59.36,34.03,71.04,157.2,167.1,152.1,163.2,162.9,112.7,419,361
"2019-04-15 16:57:20.0",784987,4480,-166.8,46.96,46.97,0.731,0.731,1.367,12.0425,40.04,39.91,17.09,73.35,163.9,174,158.1,169.7,169,117.2,73.89,161.1,172.6,157.8,169.6,169.2,117.2,20.71,74.44,67.24,54.47,56.3,56.91,32.33,69.95,157.1,166.3,150.7,161.2,159.6,110,420,360
"2019-04-15 16:57:40.0",784988,4480,-166.7,46.94,46.96,0.731,0.731,1.367,12.0425,40.05,39.91,17.11,62.14,147.3,154,138.6,148.6,148.2,101.7,75.86,161.6,173.4,159,171.2,171.4,119.4,19.9,73.21,65.74,53.04,54.74,55.35,31.24,73.76,158.3,169,154.7,166.9,167.4,116.6,420,360
"2019-04-15 16:58:00.0",784989,4480,-166.6,46.92,46.94,0.73,0.731,1.367,12.0481,40.05,39.91,17.14,61.26,143,148,132.6,141.7,141.1,96.1,56.71,135.2,140.4,125.8,134.3,133.9,90.9,19.02,72.47,64.79,51.96,53.52,53.72,30.02,58,138.7,144.2,129.4,138.5,137.5,93.9,420,360
"2019-04-15 16:58:20.0",784990,4480,-166.5,46.91,46.92,0.73,0.73,1.368,12.0481,40.05,39.91,17.16,46.66,128,128.8,112.3,118.6,116.2,76.74,47.54,126.1,128.5,113.1,120.1,118.3,78.85,19.02,72.6,64.93,52.09,53.79,53.99,30.22,52.5,134.3,137.9,122,129.6,127.7,86,420,360
"2019-04-15 16:58:40.0",784991,4480,-166.4,46.89,46.91,0.73,0.73,1.368,12.0481,40.05,39.94,17.19,70.43,161.4,170.1,154,165.2,164.2,114.5,67.71,153.6,162.9,147.8,158.2,157.2,109.5,19.83,73.35,65.95,53.38,55.22,55.69,31.78,69.41,155.3,164.8,149.8,160.8,160.1,112,420,360
"2019-04-15 16:59:00.0",784992,4490,-166.3,46.87,46.89,0.73,0.73,1.368,12.0535,40.05,39.91,17.21,53.04,141.7,144.9,127.5,135.1,131.9,89.6,50.19,134.3,137.6,121.1,128.2,125,84.4,19.63,73.55,66.15,53.45,55.22,55.49,31.58,49.03,133,136,119.5,126.7,123.5,83.1,421,359
"2019-04-15 16:59:20.0",784993,4490,-166.1,46.86,46.87,0.73,0.73,1.369,12.0535,40.08,39.93,17.24,38.24,119,117.4,100.4,105.3,101.5,65.88,38.03,115.1,114.6,98.6,103.6,100,65.2,19.7,73.62,66.42,53.72,55.62,55.83,31.78,41.56,120.2,120.8,104.9,110.7,107.4,70.97,421,359
"2019-04-15 16:59:40.0",784994,4490,-166,46.84,46.86,0.729,0.73,1.369,12.059,40.08,39.91,17.26,58.95,146.7,151.9,135.2,143.9,141.7,97.1,54.47,136.5,141.2,125.6,133.5,131.3,89.4,20.37,73.96,66.96,54.33,56.23,56.78,32.53,55.35,137.7,142.8,127.2,135.5,133.6,91.3,421,359
