"TOA5","","","1764","CR1000.Std.24","CPU:MFRSR_10012018V2.8.CR1","13574","TableHdr","PbCdlComm-1.6.0 (2016/01/26)"
"TIMESTAMP","RECORD","loggerID""headID""xpgmVerID""xlat""xlon""xSiteElev""xFULLREV""xCRXHSTEPS""xSCANseconds""xSCANnAvg""xSCANtrough""xHOMEoffset""xALLTIMEband"
"TS","RN","--""--""--""deg""deg""m""--""--""sec""--""--""--""--"
"","","Smp""Smp""Smp""Smp""Smp""Smp""Smp""Smp""Smp""Smp""Smp""Smp""Smp"
"2019-04-15 00:00:00.0",370,1764,180054423,2.8,-32.1259,-64.7287,1160,800,20,20,1,10,0,-1
"TOA5","","","1764","CR1000.Std.24","CPU:MFRSR_10012018V2.8.CR1","13574","Table155","PbCdlComm-1.6.0 (2016/01/26)"
"TIMESTAMP","RECORD","xoset""az""el""al""cosz""cosasz""pamass""vBat""Thead""THTC""Tlogger""Dnadir(1)""Dnadir(2)""Dnadir(3)""Dnadir(4)""Dnadir(5)""Dnadir(6)""Dnadir(7)""Deast(1)""Deast(2)""Deast(3)""Deast(4)""Deast(5)""Deast(6)""Deast(7)""Dsun(1)""Dsun(2)""Dsun(3)""Dsun(4)""Dsun(5)""Dsun(6)""Dsun(7)""Dwest(1)""Dwest(2)""Dwest(3)""Dwest(4)""Dwest(5)""Dwest(6)""Dwest(7)""kount""khome"
"TS","RN","sec""deg""deg""deg""--""--""--""Volt""degC""degC""degC""mV""mV""mV""mV""mV""mV""mV""mV""mV""mV""mV""mV""mV""mV""mV""mV""mV""mV""mV""mV""mV""mV""mV""mV""mV""mV""mV""mV""--""--"
"","","Smp""Smp""Smp""Smp""Smp""Smp""Smp""Smp""Smp""Smp""Smp""Smp""Smp""Smp""Smp""Smp""Smp""Smp""Smp""Smp""Smp""Smp""Smp""Smp""Smp""Smp""Smp""Smp""Smp""Smp""Smp""Smp""Smp""Smp""Smp""Smp""Smp""Smp""Smp""Smp""Smp"
"2019-04-15 07:00:00.0",783195,-9999,67.75,-47.14,-47.14,-0.733,-9999,-9999,12.0472,39.99,39.91,17.62,-0.862,-0.936,-0.936,-0.892,-0.943,-0.896,-0.821,-0.854,-0.934,-0.94,-0.888,-0.908,-0.874,-0.795,-0.856,-0.951,-0.953,-0.89,-0.91,-0.87,-0.821,-0.852,-0.936,-0.961,-0.884,-0.906,-0.89,-0.817,0,700
"2019-04-15 07:00:20.0",783196,-9999,67.82,-47.07,-47.07,-0.732,-9999,-9999,12.0416,39.98,39.91,17.62,-0.864,-0.943,-0.971,-0.902,-0.916,-0.91,-0.803,-0.852,-0.947,-0.967,-0.878,-0.912,-0.906,-0.805,-0.856,-0.912,-0.959,-0.888,-0.908,-0.918,-0.779,-0.86,-0.951,-0.934,-0.888,-0.912,-0.916,-0.787,0,0
"2019-04-15 07:00:40.0",783197,-9999,67.9,-47.01,-47.01,-0.731,-9999,-9999,12.0416,39.98,39.91,17.59,-0.87,-0.957,-0.949,-0.902,-0.924,-0.908,-0.813,-0.854,-0.9,-0.951,-0.906,-0.908,-0.88,-0.793,-0.849,-0.947,-0.945,-0.884,-0.908,-0.882,-0.807,-0.854,-0.914,-0.947,-0.886,-0.908,-0.888,-0.797,0,0
"2019-04-15 07:01:00.0",783198,-9999,67.97,-46.94,-46.94,-0.731,-9999,-9999,12.0416,39.99,39.91,17.62,-0.868,-0.963,-0.973,-0.906,-0.926,-0.922,-0.815,-0.856,-0.908,-0.947,-0.882,-0.906,-0.894,-0.797,-0.854,-0.912,-0.949,-0.884,-0.892,-0.89,-0.821,-0.864,-0.908,-0.936,-0.9,-0.902,-0.902,-0.815,0,0
"2019-04-15 07:01:20.0",783199,-9999,68.04,-46.88,-46.88,-0.73,-9999,-9999,12.0472,39.99,39.91,17.59,-0.866,-0.959,-0.961,-0.908,-0.92,-0.906,-0.791,-0.864,-0.91,-0.953,-0.888,-0.912,-0.926,-0.799,-0.852,-0.938,-0.957,-0.91,-0.912,-0.884,-0.823,-0.858,-0.93,-0.969,-0.892,-0.914,-0.884,-0.825,0,0
"2019-04-15 07:01:40.0",783200,-9999,68.11,-46.81,-46.81,-0.729,-9999,-9999,12.0361,39.99,39.91,17.59,-0.868,-0.945,-0.959,-0.9,-0.922,-0.924,-0.813,-0.852,-0.932,-0.983,-0.892,-0.898,-0.894,-0.811,-0.856,-0.934,-0.965,-0.892,-0.918,-0.9,-0.787,-0.856,-0.961,-0.957,-0.89,-0.908,-0.9,-0.777,0,700
"2019-04-15 07:02:00.0",783201,-9999,68.19,-46.75,-46.75,-0.728,-9999,-9999,12.0361,39.99,39.91,17.59,-0.868,-0.959,-0.973,-0.9,-0.945,-0.928,-0.801,-0.758,-0.835,-0.868,-0.799,-0.815,-0.827,-0.742,-0.769,-0.862,-0.868,-0.795,-0.839,-0.799,-0.732,-0.765,-0.845,-0.872,-0.797,-0.821,-0.805,-0.714,0,0
"2019-04-15 07:02:20.0",783202,-9999,68.26,-46.68,-46.68,-0.728,-9999,-9999,12.0361,39.96,39.91,17.59,-0.775,-0.849,-0.872,-0.811,-0.827,-0.795,-0.726,-0.769,-0.856,-0.866,-0.795,-0.827,-0.807,-0.71,-0.765,-0.813,-0.864,-0.791,-0.819,-0.799,-0.72,-0.771,-0.849,-0.86,-0.799,-0.819,-0.805,-0.712,0,0
"2019-04-15 07:02:40.0",783203,-9999,68.33,-46.62,-46.62,-0.727,-9999,-9999,12.0416,39.96,39.91,17.59,-0.775,-0.878,-0.874,-0.813,-0.856,-0.803,-0.716,-0.767,-0.839,-0.876,-0.803,-0.821,-0.841,-0.732,-0.763,-0.856,-0.864,-0.795,-0.821,-0.813,-0.726,-0.769,-0.847,-0.858,-0.807,-0.823,-0.805,-0.704,0,0
"2019-04-15 07:03:00.0",783204,-9999,68.4,-46.55,-46.55,-0.726,-9999,-9999,12.0416,39.96,39.91,17.59,-0.777,-0.845,-0.878,-0.813,-0.831,-0.813,-0.708,-0.771,-0.843,-0.896,-0.807,-0.807,-0.817,-0.74,-0.767,-0.852,-0.876,-0.803,-0.815,-0.811,-0.732,-0.767,-0.827,-0.872,-0.805,-0.821,-0.807,-0.708,0,0
"2019-04-15 07:03:20.0",783205,-9999,68.47,-46.48,-46.48,-0.725,-9999,-9999,12.0361,39.96,39.91,17.59,-0.779,-0.831,-0.888,-0.811,-0.831,-0.811,-0.702,-0.769,-0.87,-0.878,-0.807,-0.809,-0.811,-0.72,-0.76,-0.843,-0.858,-0.805,-0.823,-0.803,-0.704,-0.769,-0.833,-0.864,-0.799,-0.821,-0.793,-0.694,0,700
"2019-04-15 07:03:40.0",783206,-9999,68.55,-46.42,-46.42,-0.724,-9999,-9999,12.0361,39.96,39.91,17.56,-0.793,-0.858,-0.894,-0.823,-0.837,-0.807,-0.716,-0.783,-0.854,-0.882,-0.811,-0.839,-0.825,-0.76,-0.781,-0.866,-0.88,-0.821,-0.835,-0.837,-0.734,-0.785,-0.858,-0.892,-0.817,-0.837,-0.825,-0.724,0,0
"2019-04-15 07:04:00.0",783207,-9999,68.62,-46.35,-46.35,-0.724,-9999,-9999,12.0361,39.96,39.91,17.56,-0.795,-0.847,-0.894,-0.825,-0.843,-0.831,-0.744,-0.779,-0.849,-0.89,-0.823,-0.839,-0.852,-0.736,-0.779,-0.852,-0.884,-0.821,-0.841,-0.841,-0.728,-0.783,-0.854,-0.894,-0.821,-0.837,-0.825,-0.728,0,0
"2019-04-15 07:04:20.0",783208,-9999,68.69,-46.29,-46.29,-0.723,-9999,-9999,12.0416,39.96,39.91,17.56,-0.874,-0.969,-0.999,-0.914,-0.932,-0.896,-0.803,-0.86,-0.943,-0.957,-0.896,-0.91,-0.9,-0.839,-0.86,-0.912,-0.961,-0.89,-0.908,-0.892,-0.815,-0.862,-0.957,-0.959,-0.892,-0.936,-0.884,-0.827,0,0
"2019-04-15 07:04:40.0",783209,-9999,68.76,-46.22,-46.22,-0.722,-9999,-9999,12.0361,39.96,39.91,17.56,-0.876,-0.971,-0.967,-0.896,-0.928,-0.906,-0.811,-0.86,-0.922,-0.955,-0.898,-0.9,-0.908,-0.833,-0.86,-0.934,-0.965,-0.89,-0.91,-0.898,-0.817,-0.864,-0.912,-0.973,-0.892,-0.912,-0.916,-0.819,0,0
"2019-04-15 07:05:00.0",783210,-9999,68.83,-46.16,-46.16,-0.721,-9999,-9999,12.0416,39.96,39.91,17.56,-0.868,-0.945,-0.971,-0.902,-0.92,-0.892,-0.823,-0.866,-0.924,-0.965,-0.896,-0.943,-0.93,-0.819,-0.86,-0.943,-0.967,-0.914,-0.918,-0.926,-0.815,-0.856,-0.926,-0.969,-0.9,-0.92,-0.906,-0.805,0,700
"2019-04-15 07:05:20.0",783211,-9999,68.9,-46.09,-46.09,-0.72,-9999,-9999,12.0416,39.96,39.91,17.56,-0.872,-0.926,-0.987,-0.912,-0.928,-0.9,-0.803,-0.862,-0.936,-0.951,-0.896,-0.92,-0.892,-0.817,-0.86,-0.955,-0.983,-0.898,-0.943,-0.884,-0.811,-0.862,-0.93,-0.961,-0.896,-0.894,-0.892,-0.793,0,0
"2019-04-15 07:05:40.0",783212,-9999,68.97,-46.02,-46.02,-0.72,-9999,-9999,12.0416,39.96,39.91,17.56,-0.872,-0.967,-0.983,-0.906,-0.953,-0.904,-0.799,-0.866,-0.926,-0.938,-0.892,-0.914,-0.908,-0.839,-0.864,-0.957,-0.977,-0.894,-0.912,-0.896,-0.819,-0.862,-0.932,-0.961,-0.896,-0.914,-0.9,-0.827,0,0
"2019-04-15 07:06:00.0",783213,-9999,69.04,-45.96,-45.96,-0.719,-9999,-9999,12.0361,39.96,39.91,17.54,-0.876,-0.926,-0.949,-0.904,-0.926,-0.928,-0.797,-0.864,-0.949,-0.967,-0.9,-0.924,-0.914,-0.825,-0.864,-0.934,-0.949,-0.902,-0.92,-0.906,-0.791,-0.787,-0.888,-0.898,-0.825,-0.843,-0.829,-0.726,0,0
"2019-04-15 07:06:20.0",783214,-9999,69.11,-45.89,-45.89,-0.718,-9999,-9999,12.0416,39.96,39.91,17.54,-0.799,-0.872,-0.924,-0.835,-0.852,-0.839,-0.728,-0.787,-0.845,-0.868,-0.817,-0.841,-0.811,-0.722,-0.787,-0.884,-0.884,-0.819,-0.823,-0.809,-0.724,-0.789,-0.86,-0.908,-0.817,-0.839,-0.852,-0.712,0,0
"2019-04-15 07:06:40.0",783215,-9999,69.18,-45.83,-45.83,-0.717,-9999,-9999,12.0416,39.96,39.91,17.54,-0.797,-0.854,-0.888,-0.854,-0.831,-0.849,-0.716,-0.787,-0.892,-0.9,-0.831,-0.876,-0.821,-0.738,-0.793,-0.868,-0.892,-0.827,-0.839,-0.811,-0.738,-0.785,-0.843,-0.912,-0.817,-0.837,-0.815,-0.724,0,700
"2019-04-15 07:07:00.0",783216,-9999,69.25,-45.76,-45.76,-0.716,-9999,-9999,12.0416,39.96,39.91,17.54,-0.799,-0.864,-0.9,-0.833,-0.866,-0.829,-0.746,-0.787,-0.884,-0.896,-0.829,-0.852,-0.856,-0.728,-0.781,-0.864,-0.894,-0.819,-0.839,-0.849,-0.708,-0.783,-0.835,-0.874,-0.821,-0.835,-0.817,-0.712,0,0
"2019-04-15 07:07:20.0",783217,-9999,69.32,-45.69,-45.69,-0.716,-9999,-9999,12.0416,39.96,39.91,17.54,-0.882,-0.953,-0.981,-0.904,-0.936,-0.941,-0.833,-0.864,-0.934,-0.975,-0.902,-0.92,-0.928,-0.799,-0.868,-0.922,-0.977,-0.9,-0.92,-0.92,-0.787,-0.872,-0.912,-0.965,-0.902,-0.916,-0.902,-0.811,0,0
"2019-04-15 07:07:40.0",783218,-9999,69.39,-45.63,-45.63,-0.715,-9999,-9999,12.0361,39.96,39.91,17.54,-0.876,-0.967,-1.009,-0.918,-0.934,-0.904,-0.825,-0.868,-0.951,-0.971,-0.898,-0.926,-0.91,-0.841,-0.862,-0.912,-0.951,-0.902,-0.922,-0.928,-0.837,-0.866,-0.961,-0.975,-0.902,-0.91,-0.93,-0.837,0,0
"2019-04-15 07:08:00.0",783219,-9999,69.46,-45.56,-45.56,-0.714,-9999,-9999,12.0528,39.96,39.91,17.54,-0.88,-0.951,-0.973,-0.912,-0.932,-0.912,-0.837,-0.87,-0.941,-0.961,-0.904,-0.92,-0.908,-0.801,-0.868,-0.926,-0.965,-0.9,-0.926,-0.912,-0.797,-0.872,-0.967,-0.969,-0.906,-0.92,-0.896,-0.819,0,0
"2019-04-15 07:08:20.0",783220,-9999,69.53,-45.5,-45.5,-0.713,-9999,-9999,12.0416,39.96,39.91,17.51,-0.89,-0.953,-0.981,-0.916,-0.936,-0.9,-0.797,-0.872,-0.957,-0.967,-0.9,-0.92,-0.908,-0.845,-0.866,-0.934,-0.959,-0.9,-0.941,-0.884,-0.827,-0.864,-0.91,-0.959,-0.898,-0.92,-0.886,-0.785,0,700
"2019-04-15 07:08:40.0",783221,-9999,69.6,-45.43,-45.43,-0.712,-9999,-9999,12.0416,39.96,39.91,17.51,-0.884,-0.959,-1.009,-0.949,-0.936,-0.926,-0.811,-0.872,-0.963,-0.993,-0.908,-0.922,-0.902,-0.835,-0.87,-0.916,-0.967,-0.888,-0.922,-0.888,-0.819,-0.864,-0.928,-0.967,-0.904,-0.922,-0.924,-0.811,0,0
"2019-04-15 07:09:00.0",783222,-9999,69.67,-45.36,-45.36,-0.712,-9999,-9999,12.0416,39.96,39.91,17.51,-0.888,-0.93,-0.983,-0.914,-0.936,-0.918,-0.823,-0.87,-0.945,-0.975,-0.934,-0.932,-0.92,-0.837,-0.872,-0.932,-0.979,-0.912,-0.926,-0.898,-0.827,-0.87,-0.926,-0.979,-0.894,-0.928,-0.924,-0.821,0,0
"2019-04-15 07:09:20.0",783223,-9999,69.74,-45.3,-45.3,-0.711,-9999,-9999,12.0416,39.96,39.91,17.51,-0.892,-0.93,-1.003,-0.916,-0.936,-0.936,-0.837,-0.868,-0.971,-0.959,-0.908,-0.928,-0.92,-0.833,-0.87,-0.93,-0.979,-0.912,-0.93,-0.936,-0.841,-0.872,-0.928,-0.973,-0.906,-0.928,-0.914,-0.825,0,0
"2019-04-15 07:09:40.0",783224,-9999,69.81,-45.23,-45.23,-0.71,-9999,-9999,12.0416,39.96,39.91,17.51,-0.884,-0.961,-1.009,-0.918,-0.936,-0.924,-0.811,-0.874,-0.941,-0.957,-0.91,-0.932,-0.92,-0.821,-0.868,-0.969,-0.975,-0.91,-0.932,-0.914,-0.815,-0.872,-0.971,-0.957,-0.912,-0.928,-0.912,-0.819,0,0
"2019-04-15 07:10:00.0",783225,-9999,69.88,-45.17,-45.17,-0.709,-9999,-9999,12.0416,39.96,39.91,17.49,-0.882,-0.936,-1.007,-0.918,-0.941,-0.918,-0.811,-0.872,-0.971,-0.981,-0.908,-0.924,-0.924,-0.801,-0.87,-0.945,-0.953,-0.908,-0.926,-0.908,-0.827,-0.872,-0.949,-0.951,-0.904,-0.93,-0.91,-0.815,0,700
"2019-04-15 07:10:20.0",783226,-9999,69.95,-45.1,-45.1,-0.708,-9999,-9999,12.0416,39.96,39.91,17.49,-0.888,-0.938,-0.955,-0.912,-0.92,-0.932,-0.815,-0.872,-0.971,-0.993,-0.906,-0.926,-0.896,-0.843,-0.87,-0.949,-0.971,-0.904,-0.932,-0.898,-0.839,-0.872,-0.953,-0.973,-0.914,-0.926,-0.932,-0.805,0,0
"2019-04-15 07:10:40.0",783227,-9999,70.02,-45.03,-45.03,-0.708,-9999,-9999,12.0472,39.96,39.91,17.49,-0.882,-0.953,-0.977,-0.908,-0.934,-0.916,-0.833,-0.872,-0.924,-0.973,-0.906,-0.945,-0.934,-0.819,-0.874,-0.967,-0.969,-0.93,-0.928,-0.92,-0.837,-0.87,-0.979,-0.969,-0.936,-0.912,-0.894,-0.837,0,0
"2019-04-15 07:11:00.0",783228,-9999,70.09,-44.97,-44.97,-0.707,-9999,-9999,12.0472,39.96,39.91,17.49,-0.884,-0.945,-0.983,-0.908,-0.938,-0.922,-0.833,-0.874,-0.949,-0.945,-0.9,-0.91,-0.936,-0.805,-0.87,-0.93,-0.977,-0.934,-0.928,-0.912,-0.807,-0.874,-0.934,-0.953,-0.904,-0.93,-0.912,-0.821,0,0
"2019-04-15 07:11:20.0",783229,-9999,70.15,-44.9,-44.9,-0.706,-9999,-9999,12.0361,39.96,39.91,17.46,-0.882,-0.934,-0.985,-0.92,-0.936,-0.92,-0.821,-0.87,-0.928,-0.963,-0.904,-0.926,-0.93,-0.829,-0.866,-0.973,-0.993,-0.9,-0.926,-0.906,-0.817,-0.874,-0.963,-0.993,-0.908,-0.912,-0.896,-0.843,0,0
"2019-04-15 07:11:40.0",783230,-9999,70.22,-44.83,-44.83,-0.705,-9999,-9999,12.0416,39.96,39.91,17.46,-0.882,-0.961,-0.985,-0.91,-0.932,-0.896,-0.837,-0.872,-0.969,-0.993,-0.9,-0.924,-0.914,-0.807,-0.872,-0.951,-0.965,-0.908,-0.918,-0.91,-0.803,-0.868,-0.949,-0.991,-0.904,-0.926,-0.89,-0.815,0,700
"2019-04-15 07:12:00.0",783231,-9999,70.29,-44.77,-44.77,-0.704,-9999,-9999,12.0416,39.96,39.91,17.46,-0.872,-0.932,-0.993,-0.922,-0.936,-0.904,-0.852,-0.868,-0.92,-0.973,-0.902,-0.926,-0.906,-0.803,-0.87,-0.955,-0.947,-0.926,-0.945,-0.926,-0.799,-0.874,-0.963,-0.955,-0.91,-0.924,-0.892,-0.823,0,0
"2019-04-15 07:12:20.0",783232,-9999,70.36,-44.7,-44.7,-0.703,-9999,-9999,12.0416,39.96,39.92,17.46,-0.888,-0.965,-0.989,-0.922,-0.938,-0.928,-0.852,-0.87,-0.928,-0.977,-0.904,-0.908,-0.934,-0.793,-0.87,-0.965,-0.947,-0.904,-0.924,-0.906,-0.795,-0.872,-0.961,-0.973,-0.896,-0.924,-0.892,-0.813,0,0
"2019-04-15 07:12:40.0",783233,-9999,70.43,-44.63,-44.63,-0.703,-9999,-9999,12.0528,39.96,39.92,17.44,-0.886,-0.977,-1.011,-0.922,-0.961,-0.949,-0.797,-0.872,-0.959,-0.967,-0.902,-0.951,-0.912,-0.843,-0.874,-0.936,-0.963,-0.906,-0.902,-0.926,-0.831,-0.874,-0.945,-0.969,-0.888,-0.924,-0.89,-0.795,0,0
"2019-04-15 07:13:00.0",783234,-9999,70.49,-44.57,-44.57,-0.702,-9999,-9999,12.0416,39.96,39.92,17.44,-0.884,-0.961,-0.989,-0.92,-0.936,-0.953,-0.837,-0.876,-0.941,-0.977,-0.906,-0.949,-0.928,-0.821,-0.874,-0.922,-0.965,-0.894,-0.922,-0.904,-0.819,-0.874,-0.92,-0.983,-0.904,-0.914,-0.902,-0.825,0,0
"2019-04-15 07:13:20.0",783235,-9999,70.56,-44.5,-44.5,-0.701,-9999,-9999,12.0416,39.96,39.92,17.44,-0.888,-0.947,-0.989,-0.924,-0.951,-0.916,-0.831,-0.874,-0.949,-0.979,-0.93,-0.926,-0.906,-0.845,-0.87,-0.926,-0.953,-0.906,-0.926,-0.912,-0.837,-0.872,-0.926,-0.975,-0.93,-0.928,-0.912,-0.787,0,700
"2019-04-15 07:13:40.0",783236,-9999,70.63,-44.43,-44.43,-0.7,-9999,-9999,12.0416,39.96,39.92,17.44,-0.882,-0.957,-0.985,-0.912,-0.938,-0.926,-0.843,-0.874,-0.953,-0.979,-0.914,-0.93,-0.92,-0.831,-0.874,-0.938,-0.981,-0.912,-0.928,-0.92,-0.841,-0.87,-0.928,-0.983,-0.914,-0.949,-0.92,-0.803,0,0
"2019-04-15 07:14:00.0",783237,-9999,70.7,-44.37,-44.37,-0.699,-9999,-9999,12.0416,39.96,39.91,17.44,-0.882,-0.971,-0.985,-0.916,-0.938,-0.904,-0.841,-0.876,-0.977,-0.977,-0.906,-0.928,-0.904,-0.809,-0.872,-0.973,-0.957,-0.906,-0.926,-0.914,-0.825,-0.876,-0.949,-0.979,-0.914,-0.93,-0.916,-0.841,0,0
"2019-04-15 07:14:20.0",783238,-9999,70.76,-44.3,-44.3,-0.698,-9999,-9999,12.0528,39.96,39.91,17.41,-0.88,-0.971,-0.967,-0.914,-0.922,-0.941,-0.801,-0.87,-0.941,-0.951,-0.912,-0.924,-0.908,-0.849,-0.874,-0.973,-0.981,-0.902,-0.926,-0.914,-0.837,-0.876,-0.961,-0.959,-0.91,-0.924,-0.902,-0.801,0,0
"2019-04-15 07:14:40.0",783239,-9999,70.83,-44.24,-44.24,-0.698,-9999,-9999,12.0361,39.96,39.91,17.41,-0.884,-0.932,-0.967,-0.918,-0.934,-0.92,-0.823,-0.874,-0.951,-0.983,-0.906,-0.904,-0.916,-0.841,-0.876,-0.93,-0.981,-0.906,-0.92,-0.928,-0.847,-0.876,-0.943,-0.971,-0.91,-0.928,-0.916,-0.799,0,0
"2019-04-15 07:15:00.0",783240,-9999,70.9,-44.17,-44.17,-0.697,-9999,-9999,12.0416,39.96,39.91,17.39,-0.882,-0.981,-0.999,-0.922,-0.947,-0.932,-0.809,-0.884,-0.985,-0.979,-0.91,-0.941,-0.924,-0.831,-0.874,-0.981,-0.981,-0.908,-0.924,-0.902,-0.813,-0.876,-0.975,-0.973,-0.912,-0.93,-0.906,-0.829,0,700
"2019-04-15 07:15:20.0",783241,-9999,70.96,-44.1,-44.1,-0.696,-9999,-9999,12.0416,39.96,39.91,17.39,-0.884,-0.945,-0.979,-0.906,-0.924,-0.924,-0.845,-0.876,-0.949,-0.981,-0.908,-0.934,-0.92,-0.833,-0.87,-0.941,-0.973,-0.912,-0.932,-0.916,-0.821,-0.876,-0.926,-0.977,-0.914,-0.932,-0.936,-0.847,0,0
"2019-04-15 07:15:40.0",783242,-9999,71.03,-44.04,-44.04,-0.695,-9999,-9999,12.0361,39.96,39.91,17.39,-0.884,-0.951,-0.987,-0.926,-0.949,-0.953,-0.852,-0.878,-0.953,-0.983,-0.916,-0.912,-0.924,-0.852,-0.872,-0.941,-0.977,-0.918,-0.93,-0.904,-0.843,-0.88,-0.951,-1.003,-0.914,-0.932,-0.941,-0.803,0,0
"2019-04-15 07:16:00.0",783243,-9999,71.1,-43.97,-43.97,-0.694,-9999,-9999,12.0416,39.96,39.91,17.39,-0.884,-0.932,-1.005,-0.922,-0.949,-0.943,-0.805,-0.876,-0.953,-0.979,-0.904,-0.924,-0.936,-0.835,-0.87,-0.924,-0.979,-0.91,-0.926,-0.91,-0.833,-0.88,-0.926,-0.971,-0.908,-0.928,-0.888,-0.795,0,0
"2019-04-15 07:16:20.0",783244,-9999,71.16,-43.9,-43.9,-0.693,-9999,-9999,12.0416,39.96,39.91,17.36,-0.884,-0.938,-0.981,-0.922,-0.938,-0.943,-0.835,-0.872,-0.947,-0.981,-0.908,-0.912,-0.938,-0.821,-0.882,-0.945,-0.975,-0.904,-0.924,-0.908,-0.825,-0.874,-0.947,-0.993,-0.941,-0.926,-0.892,-0.793,0,0
"2019-04-15 07:16:40.0",783245,-9999,71.23,-43.84,-43.84,-0.693,-9999,-9999,12.0416,39.96,39.91,17.36,-0.884,-0.957,-0.993,-0.924,-0.941,-0.924,-0.839,-0.882,-0.971,-0.969,-0.918,-0.93,-0.906,-0.829,-0.872,-0.967,-0.955,-0.908,-0.93,-0.936,-0.813,-0.87,-0.967,-0.971,-0.912,-0.926,-0.918,-0.837,0,700
"2019-04-15 07:17:00.0",783246,-9999,71.3,-43.77,-43.77,-0.692,-9999,-9999,12.0416,39.96,39.91,17.36,-0.888,-0.977,-1.009,-0.924,-0.928,-0.941,-0.825,-0.874,-0.932,-0.961,-0.912,-0.932,-0.938,-0.813,-0.874,-0.928,-0.973,-0.916,-0.926,-0.914,-0.829,-0.876,-0.926,-0.955,-0.912,-0.93,-0.902,-0.827,0,0
"2019-04-15 07:17:20.0",783247,-9999,71.36,-43.7,-43.7,-0.691,-9999,-9999,12.0416,39.96,39.91,17.34,-0.888,-0.936,-0.985,-0.918,-0.932,-0.902,-0.841,-0.872,-0.967,-0.993,-0.91,-0.945,-0.902,-0.793,-0.868,-0.941,-0.991,-0.906,-0.922,-0.93,-0.799,-0.88,-0.943,-0.969,-0.912,-0.93,-0.89,-0.815,0,0
"2019-04-15 07:17:40.0",783248,-9999,71.43,-43.64,-43.64,-0.69,-9999,-9999,12.0361,39.96,39.91,17.34,-0.89,-0.951,-0.981,-0.912,-0.936,-0.938,-0.817,-0.876,-0.914,-0.993,-0.902,-0.922,-0.91,-0.823,-0.878,-0.955,-0.993,-0.902,-0.924,-0.89,-0.837,-0.878,-0.965,-0.975,-0.908,-0.92,-0.924,-0.785,0,0
"2019-04-15 07:18:00.0",783249,-9999,71.49,-43.57,-43.57,-0.689,-9999,-9999,12.0361,39.96,39.91,17.34,-0.886,-0.971,-0.985,-0.914,-0.93,-0.924,-0.815,-0.874,-0.949,-0.963,-0.91,-0.928,-0.924,-0.841,-0.874,-0.926,-0.985,-0.916,-0.912,-0.9,-0.837,-0.876,-0.926,-0.975,-0.916,-0.928,-0.918,-0.791,0,0
"2019-04-15 07:18:20.0",783250,-9999,71.56,-43.5,-43.5,-0.688,-9999,-9999,12.0416,39.96,39.91,17.34,-0.884,-0.971,-0.971,-0.93,-0.926,-0.912,-0.833,-0.886,-0.924,-0.973,-0.9,-0.922,-0.934,-0.811,-0.874,-0.971,-0.977,-0.906,-0.949,-0.912,-0.823,-0.87,-0.965,-0.993,-0.908,-0.945,-0.932,-0.829,0,700
"2019-04-15 07:18:40.0",783251,-9999,71.62,-43.43,-43.43,-0.688,-9999,-9999,12.0416,39.96,39.91,17.34,-0.888,-0.945,-0.993,-0.908,-0.938,-0.928,-0.852,-0.884,-0.961,-0.973,-0.904,-0.93,-0.902,-0.847,-0.874,-0.959,-0.973,-0.904,-0.945,-0.906,-0.831,-0.876,-0.961,-0.965,-0.904,-0.945,-0.906,-0.801,0,0
"2019-04-15 07:19:00.0",783252,-9999,71.69,-43.37,-43.37,-0.687,-9999,-9999,12.0472,39.96,39.89,17.31,-0.888,-0.951,-0.997,-0.93,-0.949,-0.932,-0.809,-0.878,-0.965,-0.977,-0.906,-0.928,-0.916,-0.803,-0.878,-0.971,-0.969,-0.904,-0.916,-0.93,-0.819,-0.876,-0.961,-0.973,-0.904,-0.922,-0.886,-0.825,0,0
"2019-04-15 07:19:20.0",783253,-9999,71.76,-43.3,-43.3,-0.686,-9999,-9999,12.0361,39.96,39.91,17.31,-0.886,-0.999,-0.987,-0.928,-0.947,-0.953,-0.821,-0.882,-0.955,-0.961,-0.914,-0.934,-0.912,-0.809,-0.878,-0.953,-0.963,-0.908,-0.928,-0.932,-0.805,-0.876,-0.953,-0.979,-0.914,-0.955,-0.914,-0.815,0,0
"2019-04-15 07:19:40.0",783254,-9999,71.82,-43.23,-43.23,-0.685,-9999,-9999,12.0416,39.96,39.91,17.29,-0.888,-0.969,-0.979,-0.916,-0.953,-0.926,-0.803,-0.882,-0.957,-0.953,-0.91,-0.932,-0.943,-0.809,-0.874,-0.926,-0.977,-0.91,-0.955,-0.914,-0.841,-0.878,-0.957,-0.971,-0.912,-0.93,-0.91,-0.801,0,0
"2019-04-15 07:20:00.0",783255,-9999,71.89,-43.17,-43.17,-0.684,-9999,-9999,12.0361,39.96,39.91,17.29,-0.896,-0.991,-0.995,-0.932,-0.953,-0.949,-0.823,-0.874,-0.955,-0.979,-0.912,-0.928,-0.922,-0.827,-0.876,-0.957,-0.977,-0.926,-0.93,-0.91,-0.837,-0.878,-0.951,-0.979,-0.908,-0.932,-0.912,-0.823,0,700
"2019-04-15 07:20:20.0",783256,-9999,71.95,-43.1,-43.1,-0.683,-9999,-9999,12.0416,39.96,39.89,17.29,-0.888,-0.977,-0.989,-0.914,-0.932,-0.908,-0.835,-0.876,-0.953,-0.973,-0.91,-0.928,-0.914,-0.805,-0.88,-0.961,-0.975,-0.906,-0.92,-0.926,-0.815,-0.874,-0.967,-0.981,-0.91,-0.928,-0.894,-0.797,0,0
"2019-04-15 07:20:40.0",783257,-9999,72.01,-43.03,-43.03,-0.682,-9999,-9999,12.0416,39.96,39.91,17.26,-0.89,-0.953,-0.979,-0.922,-0.941,-0.922,-0.839,-0.878,-0.926,-0.955,-0.91,-0.951,-0.936,-0.817,-0.878,-0.934,-0.951,-0.93,-0.922,-0.91,-0.817,-0.882,-0.938,-0.973,-0.908,-0.93,-0.896,-0.799,0,0
"2019-04-15 07:21:00.0",783258,-9999,72.08,-42.96,-42.96,-0.682,-9999,-9999,12.0416,39.96,39.91,17.26,-0.89,-0.979,-0.989,-0.924,-0.93,-0.951,-0.831,-0.878,-0.985,-0.981,-0.918,-0.936,-0.93,-0.852,-0.878,-0.963,-0.985,-0.914,-0.938,-0.9,-0.809,-0.88,-0.981,-0.963,-0.914,-0.934,-0.918,-0.835,0,0
"2019-04-15 07:21:20.0",783259,-9999,72.14,-42.9,-42.9,-0.681,-9999,-9999,12.0416,39.96,39.91,17.26,-0.888,-0.977,-0.979,-0.934,-0.945,-0.916,-0.815,-0.876,-0.938,-1.009,-0.916,-0.92,-0.951,-0.866,-0.878,-0.945,-1.011,-0.922,-0.936,-0.92,-0.813,-0.88,-0.941,-0.985,-0.93,-0.938,-0.949,-0.845,0,0
"2019-04-15 07:21:40.0",783260,-9999,72.21,-42.83,-42.83,-0.68,-9999,-9999,12.0416,39.96,39.91,17.24,-0.884,-0.971,-0.969,-0.93,-0.945,-0.92,-0.86,-0.878,-0.979,-0.981,-0.922,-0.934,-0.912,-0.811,-0.876,-0.973,-0.981,-0.92,-0.932,-0.938,-0.825,-0.872,-0.965,-0.983,-0.916,-0.92,-0.906,-0.791,0,700
"2019-04-15 07:22:00.0",783261,-9999,72.27,-42.76,-42.76,-0.679,-9999,-9999,12.0416,39.96,39.91,17.24,-0.886,-0.971,-0.989,-0.92,-0.928,-0.908,-0.807,-0.874,-0.961,-0.995,-0.906,-0.908,-0.916,-0.815,-0.88,-0.971,-0.993,-0.904,-0.928,-0.892,-0.839,-0.88,-0.955,-0.969,-0.902,-0.922,-0.908,-0.811,0,0
"2019-04-15 07:22:20.0",783262,-9999,72.34,-42.7,-42.7,-0.678,-9999,-9999,12.0416,39.96,39.91,17.24,-0.892,-0.961,-0.991,-0.922,-0.93,-0.926,-0.809,-0.878,-0.953,-0.975,-0.945,-0.941,-0.912,-0.86,-0.876,-0.965,-0.985,-0.912,-0.936,-0.945,-0.813,-0.876,-0.961,-0.997,-0.918,-0.941,-0.904,-0.845,0,0
"2019-04-15 07:22:40.0",783263,-9999,72.4,-42.63,-42.63,-0.677,-9999,-9999,12.0361,39.96,39.91,17.21,-0.888,-0.987,-1.001,-0.928,-0.943,-0.93,-0.854,-0.876,-0.965,-0.979,-0.91,-0.914,-0.904,-0.813,-0.872,-0.961,-0.981,-0.906,-0.93,-0.928,-0.825,-0.884,-0.971,-0.981,-0.89,-0.908,-0.898,-0.797,0,0
"2019-04-15 07:23:00.0",783264,-9999,72.47,-42.56,-42.56,-0.676,-9999,-9999,12.0416,39.96,39.91,17.21,-0.886,-0.943,-1.005,-0.92,-0.92,-0.908,-0.841,-0.878,-0.922,-0.969,-0.906,-0.93,-0.912,-0.829,-0.878,-0.926,-0.973,-0.902,-0.928,-0.896,-0.819,-0.878,-0.945,-0.973,-0.902,-0.912,-0.912,-0.833,0,0
"2019-04-15 07:23:20.0",783265,-9999,72.53,-42.49,-42.49,-0.676,-9999,-9999,12.0416,39.96,39.91,17.21,-0.89,-0.961,-1.015,-0.912,-0.943,-0.924,-0.815,-0.882,-0.957,-0.977,-0.908,-0.941,-0.924,-0.852,-0.878,-0.947,-0.981,-0.912,-0.936,-0.92,-0.805,-0.878,-0.977,-0.983,-0.914,-0.938,-0.906,-0.841,0,700
"2019-04-15 07:23:40.0",783266,-9999,72.59,-42.43,-42.43,-0.675,-9999,-9999,12.0416,39.96,39.91,17.19,-0.89,-0.957,-0.999,-0.93,-0.971,-0.932,-0.845,-0.882,-0.951,-1.005,-0.92,-0.941,-0.916,-0.821,-0.878,-0.936,-0.983,-0.912,-0.936,-0.943,-0.823,-0.874,-0.936,-0.965,-0.916,-0.945,-0.904,-0.803,0,0
"2019-04-15 07:24:00.0",783267,-9999,72.66,-42.36,-42.36,-0.674,-9999,-9999,12.0361,39.96,39.92,17.16,-0.886,-0.979,-0.985,-0.922,-0.943,-0.914,-0.839,-0.878,-0.922,-0.985,-0.91,-0.926,-0.918,-0.847,-0.876,-0.971,-0.971,-0.912,-0.932,-0.904,-0.805,-0.882,-0.936,-1.003,-0.906,-0.928,-0.894,-0.843,0,0
"2019-04-15 07:24:20.0",783268,-9999,72.72,-42.29,-42.29,-0.673,-9999,-9999,12.0361,39.96,39.92,17.16,-0.884,-0.967,-0.983,-0.932,-0.934,-0.957,-0.833,-0.876,-0.973,-0.993,-0.912,-0.936,-0.949,-0.811,-0.872,-0.967,-0.985,-0.914,-0.926,-0.916,-0.845,-0.884,-0.971,-0.963,-0.912,-0.922,-0.943,-0.795,0,0
"2019-04-15 07:24:40.0",783269,-9999,72.78,-42.23,-42.23,-0.672,-9999,-9999,12.0416,39.96,39.92,17.14,-0.892,-0.957,-0.985,-0.924,-0.936,-0.918,-0.837,-0.878,-0.963,-0.965,-0.91,-0.93,-0.906,-0.803,-0.878,-0.967,-0.977,-0.91,-0.922,-0.928,-0.831,-0.88,-0.971,-0.969,-0.908,-0.932,-0.898,-0.817,0,0
"2019-04-15 07:25:00.0",783270,-9999,72.85,-42.16,-42.16,-0.671,-9999,-9999,12.0416,39.96,39.92,17.14,-0.892,-0.969,-0.995,-0.92,-0.945,-0.947,-0.823,-0.886,-0.971,-0.985,-0.908,-0.936,-0.9,-0.823,-0.88,-0.977,-0.959,-0.912,-0.934,-0.938,-0.849,-0.88,-0.93,-0.975,-0.914,-0.934,-0.918,-0.807,0,700
"2019-04-15 07:25:20.0",783271,-9999,72.91,-42.09,-42.09,-0.67,-9999,-9999,12.0416,39.96,39.92,17.14,-0.888,-0.983,-0.989,-0.924,-0.934,-0.934,-0.829,-0.876,-0.949,-0.987,-0.918,-0.934,-0.928,-0.862,-0.88,-0.943,-0.989,-0.922,-0.936,-0.908,-0.839,-0.88,-0.951,-0.985,-0.914,-0.957,-0.926,-0.827,0,0
"2019-04-15 07:25:40.0",783272,-9999,72.97,-42.02,-42.02,-0.669,-9999,-9999,12.0361,39.96,39.9,17.14,-0.892,-0.959,-0.969,-0.926,-0.928,-0.91,-0.811,-0.88,-0.945,-0.971,-0.906,-0.906,-0.92,-0.847,-0.876,-0.949,-0.967,-0.906,-0.928,-0.892,-0.821,-0.878,-0.941,-0.969,-0.906,-0.926,-0.908,-0.797,0,0
"2019-04-15 07:26:00.0",783273,-9999,73.04,-41.96,-41.96,-0.669,-9999,-9999,12.0416,39.96,39.92,17.11,-0.892,-0.991,-0.991,-0.928,-0.971,-0.92,-0.856,-0.88,-0.941,-0.985,-0.92,-0.936,-0.916,-0.858,-0.878,-0.934,-1.007,-0.924,-0.941,-0.922,-0.807,-0.88,-0.961,-0.965,-0.908,-0.941,-0.932,-0.835,0,0
"2019-04-15 07:26:20.0",783274,-9999,73.1,-41.89,-41.89,-0.668,-9999,-9999,12.0416,39.96,39.92,17.11,-0.888,-0.969,-0.995,-0.928,-0.938,-0.928,-0.831,-0.878,-0.945,-0.989,-0.92,-0.963,-0.926,-0.819,-0.878,-0.936,-0.989,-0.92,-0.932,-0.924,-0.827,-0.886,-0.943,-0.981,-0.918,-0.967,-0.945,-0.805,0,0
"2019-04-15 07:26:40.0",783275,-9999,73.16,-41.82,-41.82,-0.667,-9999,-9999,12.0416,39.96,39.92,17.11,-0.89,-0.997,-1.009,-0.934,-0.957,-0.957,-0.854,-0.882,-0.983,-1.007,-0.92,-0.945,-0.93,-0.841,-0.88,-0.979,-0.985,-0.924,-0.941,-0.91,-0.849,-0.882,-0.971,-0.993,-0.92,-0.938,-0.922,-0.823,0,700
"2019-04-15 07:27:00.0",783276,-9999,73.22,-41.75,-41.75,-0.666,-9999,-9999,12.0416,39.96,39.92,17.11,-0.896,-0.975,-1.005,-0.934,-0.947,-0.936,-0.841,-0.88,-0.985,-0.995,-0.92,-0.934,-0.912,-0.815,-0.88,-0.975,-0.983,-0.916,-0.943,-0.949,-0.843,-0.88,-0.987,-0.991,-0.92,-0.938,-0.912,-0.825,0,0
"2019-04-15 07:27:20.0",783277,-9999,73.29,-41.69,-41.69,-0.665,-9999,-9999,12.0416,39.96,39.92,17.09,-0.888,-0.959,-0.999,-0.934,-0.949,-0.951,-0.837,-0.878,-0.955,-0.983,-0.898,-0.938,-0.936,-0.813,-0.874,-0.951,-0.985,-0.92,-0.934,-0.914,-0.835,-0.884,-0.977,-0.981,-0.918,-0.932,-0.918,-0.819,0,0
"2019-04-15 07:27:40.0",783278,-9999,73.35,-41.62,-41.62,-0.664,-9999,-9999,12.0416,39.96,39.92,17.09,-0.894,-0.959,-0.991,-0.922,-0.938,-0.926,-0.801,-0.88,-0.965,-0.973,-0.91,-0.947,-0.938,-0.837,-0.876,-0.965,-0.975,-0.91,-0.924,-0.894,-0.799,-0.884,-0.965,-0.993,-0.906,-0.936,-0.928,-0.819,0,0
"2019-04-15 07:28:00.0",783279,-9999,73.41,-41.55,-41.55,-0.663,-9999,-9999,12.0416,39.96,39.92,17.06,-0.89,-0.971,-1.005,-0.92,-0.957,-0.941,-0.843,-0.876,-0.926,-0.973,-0.91,-0.947,-0.936,-0.837,-0.874,-0.928,-0.977,-0.908,-0.928,-0.906,-0.797,-0.878,-0.924,-0.979,-0.904,-0.924,-0.93,-0.827,0,0
"2019-04-15 07:28:20.0",783280,-9999,73.48,-41.48,-41.48,-0.662,-9999,-9999,12.0361,39.96,39.92,17.06,-0.888,-0.945,-0.987,-0.924,-0.936,-0.91,-0.847,-0.872,-0.945,-0.969,-0.914,-0.936,-0.918,-0.799,-0.874,-0.951,-0.979,-0.912,-0.93,-0.926,-0.837,-0.874,-0.936,-0.983,-0.91,-0.926,-0.91,-0.815,0,700
"2019-04-15 07:28:40.0",783281,-9999,73.54,-41.42,-41.42,-0.662,-9999,-9999,12.0416,39.96,39.92,17.06,-0.884,-0.932,-0.989,-0.92,-0.943,-0.916,-0.841,-0.876,-0.951,-0.973,-0.902,-0.912,-0.91,-0.831,-0.874,-0.922,-0.971,-0.902,-0.924,-0.892,-0.835,-0.876,-0.941,-0.967,-0.904,-0.928,-0.916,-0.815,0,0
"2019-04-15 07:29:00.0",783282,-9999,73.6,-41.35,-41.35,-0.661,-9999,-9999,12.0416,39.96,39.92,17.06,-0.894,-0.963,-1.003,-0.922,-0.936,-0.92,-0.852,-0.884,-0.932,-0.975,-0.916,-0.93,-0.904,-0.831,-0.876,-0.941,-0.979,-0.912,-0.957,-0.934,-0.803,-0.88,-0.938,-0.967,-0.914,-0.953,-0.91,-0.847,0,0
"2019-04-15 07:29:20.0",783283,-9999,73.66,-41.28,-41.28,-0.66,-9999,-9999,12.0416,39.96,39.92,17.06,-0.888,-0.947,-1.003,-0.924,-0.953,-0.932,-0.841,-0.872,-0.928,-0.971,-0.906,-0.936,-0.896,-0.829,-0.874,-0.912,-0.969,-0.904,-0.922,-0.902,-0.827,-0.876,-0.949,-0.969,-0.902,-0.949,-0.908,-0.809,0,0
"2019-04-15 07:29:40.0",783284,-9999,73.72,-41.21,-41.21,-0.659,-9999,-9999,12.0416,39.96,39.92,17.04,-0.888,-0.961,-0.975,-0.914,-0.941,-0.906,-0.847,-0.878,-0.957,-0.957,-0.912,-0.93,-0.92,-0.835,-0.874,-0.934,-0.959,-0.91,-0.959,-0.918,-0.849,-0.874,-0.965,-0.977,-0.912,-0.955,-0.936,-0.817,0,0
"2019-04-15 07:30:00.0",783285,-9999,73.78,-41.14,-41.14,-0.658,-9999,-9999,12.0416,39.96,39.92,17.04,-0.888,-0.951,-1.017,-0.924,-0.945,-0.92,-0.815,-0.878,-0.943,-0.987,-0.918,-0.92,-0.93,-0.837,-0.872,-0.943,-0.985,-0.916,-0.938,-0.92,-0.799,-0.876,-0.936,-0.979,-0.916,-0.938,-0.92,-0.843,0,700
"2019-04-15 07:30:20.0",783286,-9999,73.85,-41.08,-41.08,-0.657,-9999,-9999,12.0528,39.96,39.92,17.01,-0.886,-0.941,-0.969,-0.924,-0.938,-0.908,-0.837,-0.872,-0.924,-0.967,-0.9,-0.928,-0.928,-0.823,-0.874,-0.961,-0.965,-0.9,-0.922,-0.908,-0.833,-0.878,-0.938,-0.945,-0.904,-0.922,-0.908,-0.815,0,0
"2019-04-15 07:30:40.0",783287,-9999,73.91,-41.01,-41.01,-0.656,-9999,-9999,12.0416,39.96,39.92,17.01,-0.886,-0.985,-0.989,-0.928,-0.949,-0.936,-0.854,-0.876,-0.971,-0.981,-0.914,-0.951,-0.924,-0.813,-0.87,-0.973,-0.973,-0.914,-0.926,-0.941,-0.817,-0.872,-0.963,-0.981,-0.91,-0.93,-0.91,-0.787,0,0
"2019-04-15 07:31:00.0",783288,-9999,73.97,-40.94,-40.94,-0.655,-9999,-9999,12.0472,39.96,39.92,17.01,-0.886,-0.971,-1.019,-0.928,-0.941,-0.932,-0.831,-0.876,-0.959,-0.983,-0.916,-0.932,-0.928,-0.847,-0.872,-0.934,-1.005,-0.914,-0.91,-0.914,-0.813,-0.872,-0.932,-0.981,-0.916,-0.914,-0.92,-0.831,0,0
"2019-04-15 07:31:20.0",783289,-9999,74.03,-40.87,-40.87,-0.654,-9999,-9999,12.0416,39.96,39.92,17.01,-0.886,-0.969,-0.957,-0.912,-0.934,-0.945,-0.839,-0.876,-0.967,-1.001,-0.908,-0.926,-0.902,-0.817,-0.874,-0.967,-0.971,-0.91,-0.932,-0.938,-0.835,-0.878,-0.965,-0.977,-0.916,-0.93,-0.902,-0.795,0,0
"2019-04-15 07:31:40.0",783290,-9999,74.09,-40.81,-40.81,-0.653,-9999,-9999,12.0416,39.96,39.92,17.01,-0.884,-0.965,-0.997,-0.922,-0.965,-0.928,-0.843,-0.87,-0.924,-0.951,-0.904,-0.928,-0.912,-0.813,-0.87,-0.924,-0.941,-0.898,-0.922,-0.886,-0.809,-0.872,-0.918,-0.961,-0.908,-0.922,-0.902,-0.807,0,700
"2019-04-15 07:32:00.0",783291,-9999,74.15,-40.74,-40.74,-0.653,-9999,-9999,12.0361,39.96,39.92,17.01,-0.884,-0.965,-0.995,-0.916,-0.947,-0.947,-0.815,-0.874,-0.936,-0.983,-0.918,-0.936,-0.91,-0.813,-0.872,-0.938,-0.977,-0.908,-0.934,-0.936,-0.823,-0.866,-0.936,-0.987,-0.916,-0.93,-0.904,-0.803,0,0
"2019-04-15 07:32:20.0",783292,-9999,74.21,-40.67,-40.67,-0.652,-9999,-9999,12.0416,39.96,39.92,16.98,-0.884,-0.963,-0.953,-0.908,-0.934,-0.91,-0.819,-0.874,-0.953,-0.993,-0.908,-0.924,-0.898,-0.843,-0.872,-0.934,-0.985,-0.908,-0.955,-0.93,-0.805,-0.876,-0.928,-0.981,-0.908,-0.953,-0.898,-0.831,0,0
"2019-04-15 07:32:40.0",783293,-9999,74.27,-40.6,-40.6,-0.651,-9999,-9999,12.0416,39.96,39.92,16.98,-0.878,-0.971,-0.983,-0.914,-0.92,-0.92,-0.801,-0.874,-0.928,-0.969,-0.898,-0.922,-0.896,-0.813,-0.874,-0.924,-0.965,-0.902,-0.924,-0.922,-0.817,-0.868,-0.926,-0.989,-0.892,-0.922,-0.894,-0.801,0,0
"2019-04-15 07:33:00.0",783294,-9999,74.34,-40.53,-40.53,-0.65,-9999,-9999,12.0416,39.96,39.92,16.98,-0.888,-0.969,-1.001,-0.914,-0.93,-0.932,-0.837,-0.87,-0.941,-0.959,-0.918,-0.922,-0.91,-0.852,-0.872,-0.934,-0.959,-0.916,-0.936,-0.938,-0.793,-0.872,-0.934,-0.977,-0.914,-0.934,-0.916,-0.821,0,0
"2019-04-15 07:33:20.0",783295,-9999,74.4,-40.47,-40.47,-0.649,-9999,-9999,12.0416,39.96,39.92,16.96,-0.88,-0.945,-0.963,-0.912,-0.936,-0.936,-0.837,-0.876,-0.916,-0.989,-0.9,-0.943,-0.906,-0.815,-0.874,-0.959,-0.983,-0.904,-0.92,-0.908,-0.807,-0.874,-0.969,-0.965,-0.902,-0.92,-0.904,-0.837,0,700
"2019-04-15 07:33:40.0",783296,-9999,74.46,-40.4,-40.4,-0.648,-9999,-9999,12.0416,39.96,39.92,16.96,-0.878,-0.953,-0.985,-0.916,-0.945,-0.953,-0.813,-0.87,-0.967,-0.959,-0.912,-0.928,-0.91,-0.845,-0.874,-0.959,-0.957,-0.912,-0.934,-0.943,-0.833,-0.87,-0.981,-0.977,-0.92,-0.936,-0.898,-0.821,0,0
"2019-04-15 07:34:00.0",783297,-9999,74.52,-40.33,-40.33,-0.647,-9999,-9999,12.0416,39.96,39.91,16.96,-0.884,-0.985,-0.997,-0.924,-0.941,-0.93,-0.845,-0.872,-0.949,-0.957,-0.91,-0.932,-0.908,-0.827,-0.87,-0.943,-0.953,-0.906,-0.953,-0.932,-0.787,-0.87,-0.943,-0.967,-0.906,-0.926,-0.896,-0.815,0,0
"2019-04-15 07:34:20.0",783298,-9999,74.58,-40.26,-40.26,-0.646,-9999,-9999,12.0361,39.96,39.91,16.96,-0.888,-0.965,-0.997,-0.906,-0.955,-0.892,-0.795,-0.874,-0.91,-0.959,-0.904,-0.914,-0.894,-0.801,-0.874,-0.924,-0.963,-0.882,-0.92,-0.922,-0.819,-0.874,-0.924,-0.969,-0.904,-0.924,-0.896,-0.787,0,0
"2019-04-15 07:34:40.0",783299,-9999,74.64,-40.19,-40.19,-0.645,-9999,-9999,12.0416,39.96,39.91,16.94,-0.878,-0.941,-0.969,-0.914,-0.945,-0.924,-0.817,-0.872,-0.975,-0.983,-0.896,-0.93,-0.941,-0.813,-0.868,-0.953,-0.983,-0.912,-0.928,-0.918,-0.819,-0.874,-0.953,-0.955,-0.914,-0.928,-0.922,-0.801,0,0
"2019-04-15 07:35:00.0",783300,-9999,74.7,-40.13,-40.13,-0.644,-9999,-9999,12.0416,39.96,39.91,16.94,-0.88,-0.989,-0.991,-0.945,-0.969,-0.91,-0.849,-0.874,-0.961,-0.985,-0.912,-0.93,-0.92,-0.835,-0.868,-0.928,-0.975,-0.932,-0.947,-0.93,-0.843,-0.868,-0.922,-0.955,-0.91,-0.951,-0.9,-0.825,0,700
"2019-04-15 07:35:20.0",783301,-9999,74.76,-40.06,-40.06,-0.644,-9999,-9999,12.0528,39.96,39.91,16.94,-0.882,-0.973,-0.997,-0.922,-0.961,-0.912,-0.809,-0.866,-0.969,-0.981,-0.912,-0.926,-0.92,-0.805,-0.87,-0.957,-0.979,-0.908,-0.922,-0.928,-0.813,-0.874,-0.961,-0.973,-0.91,-0.926,-0.892,-0.829,0,0
"2019-04-15 07:35:40.0",783302,-9999,74.82,-39.99,-39.99,-0.643,-9999,-9999,12.0416,39.96,39.91,16.94,-0.876,-0.969,-0.969,-0.908,-0.93,-0.912,-0.791,-0.87,-0.924,-0.965,-0.898,-0.918,-0.908,-0.839,-0.87,-0.916,-0.941,-0.894,-0.916,-0.9,-0.811,-0.872,-0.936,-0.963,-0.88,-0.916,-0.914,-0.815,0,0
"2019-04-15 07:36:00.0",783303,-9999,74.88,-39.92,-39.92,-0.642,-9999,-9999,12.0416,39.96,39.91,16.94,-0.882,-0.965,-0.977,-0.906,-0.934,-0.912,-0.831,-0.868,-0.914,-0.979,-0.902,-0.902,-0.908,-0.801,-0.87,-0.912,-0.957,-0.92,-0.916,-0.886,-0.807,-0.868,-0.91,-0.971,-0.9,-0.92,-0.9,-0.787,0,0
"2019-04-15 07:36:20.0",783304,-9999,74.94,-39.85,-39.85,-0.641,-9999,-9999,12.0361,39.96,39.91,16.91,-0.88,-0.965,-0.971,-0.91,-0.945,-0.912,-0.819,-0.872,-0.951,-0.961,-0.894,-0.92,-0.902,-0.817,-0.868,-0.951,-0.963,-0.9,-0.908,-0.898,-0.801,-0.866,-0.924,-0.965,-0.896,-0.92,-0.904,-0.827,0,0
"2019-04-15 07:36:40.0",783305,-9999,75,-39.79,-39.79,-0.64,-9999,-9999,12.0416,39.96,39.91,16.91,-0.88,-0.926,-0.969,-0.89,-0.924,-0.932,-0.815,-0.874,-0.934,-0.965,-0.9,-0.918,-0.91,-0.843,-0.872,-0.924,-0.959,-0.902,-0.92,-0.922,-0.825,-0.868,-0.914,-0.961,-0.9,-0.92,-0.888,-0.783,0,700
"2019-04-15 07:37:00.0",783306,-9999,75.06,-39.72,-39.72,-0.639,-9999,-9999,12.0416,39.96,39.91,16.91,-0.876,-0.963,-0.981,-0.908,-0.93,-0.9,-0.807,-0.868,-0.969,-0.955,-0.912,-0.93,-0.918,-0.845,-0.866,-0.963,-0.965,-0.908,-0.922,-0.89,-0.787,-0.874,-0.965,-0.953,-0.912,-0.918,-0.924,-0.787,0,0
"2019-04-15 07:37:20.0",783307,-9999,75.12,-39.65,-39.65,-0.638,-9999,-9999,12.0361,39.96,39.91,16.91,-0.874,-0.932,-0.981,-0.924,-0.934,-0.904,-0.845,-0.872,-0.943,-0.987,-0.91,-0.93,-0.92,-0.811,-0.866,-0.973,-0.981,-0.916,-0.926,-0.936,-0.823,-0.868,-0.969,-0.985,-0.912,-0.93,-0.904,-0.833,0,0
"2019-04-15 07:37:40.0",783308,-9999,75.17,-39.58,-39.58,-0.637,-9999,-9999,12.0416,39.96,39.91,16.91,-0.88,-0.959,-0.995,-0.924,-0.936,-0.945,-0.819,-0.868,-0.93,-0.957,-0.908,-0.916,-0.902,-0.829,-0.864,-0.973,-0.979,-0.91,-0.928,-0.934,-0.821,-0.868,-0.969,-0.955,-0.908,-0.953,-0.918,-0.831,0,0
"2019-04-15 07:38:00.0",783309,-9999,75.23,-39.51,-39.51,-0.636,-9999,-9999,12.0416,39.96,39.91,16.91,-0.88,-0.985,-0.987,-0.92,-0.941,-0.951,-0.841,-0.862,-0.957,-0.973,-0.902,-0.924,-0.936,-0.799,-0.86,-0.934,-0.989,-0.906,-0.922,-0.926,-0.793,-0.864,-0.941,-0.965,-0.904,-0.924,-0.908,-0.805,0,0
"2019-04-15 07:38:20.0",783310,-9999,75.29,-39.44,-39.44,-0.635,-9999,-9999,12.0361,39.96,39.91,16.91,-0.872,-0.967,-0.969,-0.91,-0.932,-0.934,-0.807,-0.87,-0.955,-0.943,-0.898,-0.914,-0.908,-0.847,-0.868,-0.945,-0.971,-0.9,-0.92,-0.904,-0.827,-0.872,-0.953,-0.971,-0.902,-0.924,-0.894,-0.815,0,700
"2019-04-15 07:38:40.0",783311,-9999,75.35,-39.38,-39.38,-0.634,-9999,-9999,12.0416,39.96,39.91,16.91,-0.876,-0.938,-0.949,-0.904,-0.926,-0.904,-0.791,-0.874,-0.92,-0.961,-0.904,-0.904,-0.896,-0.819,-0.866,-0.924,-0.971,-0.904,-0.928,-0.926,-0.825,-0.868,-0.983,-0.979,-0.904,-0.922,-0.916,-0.835,0,0
"2019-04-15 07:39:00.0",783312,-9999,75.41,-39.31,-39.31,-0.633,-9999,-9999,12.0416,39.96,39.91,16.89,-0.878,-0.959,-0.965,-0.916,-0.936,-0.918,-0.805,-0.864,-0.936,-0.971,-0.898,-0.91,-0.892,-0.825,-0.862,-0.92,-0.967,-0.896,-0.918,-0.88,-0.787,-0.866,-0.906,-0.957,-0.896,-0.908,-0.916,-0.803,0,0
"2019-04-15 07:39:20.0",783313,-9999,75.47,-39.24,-39.24,-0.633,-9999,-9999,12.0416,39.96,39.91,16.89,-0.888,-0.979,-0.973,-0.912,-0.918,-0.912,-0.843,-0.868,-0.959,-0.975,-0.914,-0.926,-0.91,-0.843,-0.868,-0.928,-0.973,-0.908,-0.92,-0.91,-0.793,-0.868,-0.918,-0.975,-0.904,-0.945,-0.93,-0.783,0,0
"2019-04-15 07:39:40.0",783314,-9999,75.53,-39.17,-39.17,-0.632,-9999,-9999,12.0416,39.96,39.91,16.89,-0.878,-0.938,-0.969,-0.898,-0.926,-0.892,-0.833,-0.868,-0.932,-0.973,-0.902,-0.918,-0.932,-0.841,-0.862,-0.973,-0.967,-0.902,-0.924,-0.91,-0.833,-0.874,-0.973,-0.977,-0.91,-0.932,-0.898,-0.797,0,0
"2019-04-15 07:40:00.0",783315,-9999,75.59,-39.1,-39.1,-0.631,-9999,-9999,12.0416,39.96,39.91,16.89,-0.874,-0.926,-0.949,-0.924,-0.92,-0.904,-0.807,-0.87,-0.963,-0.967,-0.904,-0.924,-0.898,-0.809,-0.866,-0.949,-0.993,-0.906,-0.926,-0.906,-0.801,-0.864,-0.953,-1.001,-0.91,-0.93,-0.92,-0.817,0,700
"2019-04-15 07:40:20.0",783316,-9999,75.65,-39.04,-39.04,-0.63,-9999,-9999,12.0416,39.96,39.91,16.89,-0.878,-0.934,-0.991,-0.906,-0.928,-0.89,-0.837,-0.874,-0.961,-0.975,-0.906,-0.928,-0.898,-0.845,-0.874,-0.953,-0.957,-0.906,-0.92,-0.934,-0.837,-0.866,-0.936,-0.949,-0.91,-0.932,-0.916,-0.791,0,0
"2019-04-15 07:40:40.0",783317,-9999,75.71,-38.97,-38.97,-0.629,-9999,-9999,12.0416,39.96,39.91,16.86,-0.872,-0.959,-0.949,-0.9,-0.922,-0.926,-0.789,-0.874,-0.953,-0.989,-0.914,-0.926,-0.918,-0.807,-0.872,-0.93,-0.981,-0.91,-0.924,-0.898,-0.813,-0.866,-0.973,-0.981,-0.904,-0.912,-0.93,-0.825,0,0
"2019-04-15 07:41:00.0",783318,-9999,75.76,-38.9,-38.9,-0.628,-9999,-9999,12.0416,39.96,39.91,16.86,-0.886,-0.953,-0.975,-0.932,-0.934,-0.91,-0.819,-0.87,-0.951,-0.973,-0.908,-0.92,-0.912,-0.825,-0.866,-0.926,-0.981,-0.9,-0.947,-0.92,-0.841,-0.868,-0.975,-0.981,-0.91,-0.928,-0.902,-0.797,0,0
"2019-04-15 07:41:20.0",783319,-9999,75.82,-38.83,-38.83,-0.627,-9999,-9999,12.0472,39.96,39.91,16.86,-0.882,-0.963,-0.977,-0.904,-0.916,-0.89,-0.813,-0.864,-0.955,-0.987,-0.908,-0.92,-0.934,-0.807,-0.864,-0.943,-0.967,-0.906,-0.926,-0.906,-0.801,-0.866,-0.924,-0.975,-0.908,-0.916,-0.896,-0.823,0,0
"2019-04-15 07:41:40.0",783320,-9999,75.88,-38.76,-38.76,-0.626,-9999,-9999,12.0361,39.96,39.91,16.86,-0.876,-0.941,-0.991,-0.904,-0.926,-0.926,-0.783,-0.864,-0.922,-0.967,-0.9,-0.92,-0.906,-0.843,-0.864,-0.955,-0.963,-0.898,-0.922,-0.906,-0.833,-0.868,-0.939,-0.969,-0.898,-0.945,-0.894,-0.799,0,700
"2019-04-15 07:42:00.0",783321,-9999,75.94,-38.69,-38.69,-0.625,-9999,-9999,12.0416,39.96,39.91,16.86,-0.876,-0.959,-0.979,-0.902,-0.943,-0.92,-0.825,-0.864,-0.957,-0.995,-0.902,-0.93,-0.914,-0.827,-0.858,-0.934,-0.965,-0.908,-0.926,-0.914,-0.823,-0.864,-0.963,-0.977,-0.916,-0.928,-0.918,-0.831,0,0
"2019-04-15 07:42:20.0",783322,-9999,76,-38.62,-38.62,-0.624,-9999,-9999,12.0416,39.96,39.91,16.86,-0.876,-0.965,-0.995,-0.922,-0.939,-0.932,-0.807,-0.862,-0.945,-0.955,-0.896,-0.922,-0.888,-0.821,-0.864,-0.926,-0.979,-0.888,-0.912,-0.878,-0.825,-0.868,-0.924,-0.985,-0.89,-0.908,-0.916,-0.775,0,0
"2019-04-15 07:42:40.0",783323,-9999,76.05,-38.56,-38.56,-0.623,-9999,-9999,12.0361,39.96,39.91,16.86,-0.876,-0.977,-0.985,-0.92,-0.943,-0.908,-0.829,-0.864,-0.912,-0.981,-0.886,-0.904,-0.896,-0.791,-0.868,-0.947,-0.953,-0.89,-0.908,-0.898,-0.781,-0.864,-0.947,-0.955,-0.888,-0.892,-0.876,-0.777,0,0
"2019-04-15 07:43:00.0",783324,-9999,76.11,-38.49,-38.49,-0.622,-9999,-9999,12.0416,39.96,39.91,16.86,-0.874,-0.967,-0.963,-0.912,-0.945,-0.932,-0.795,-0.868,-0.936,-0.979,-0.89,-0.916,-0.884,-0.841,-0.864,-0.916,-0.955,-0.894,-0.916,-0.884,-0.831,-0.864,-0.965,-0.963,-0.896,-0.92,-0.924,-0.807,0,0
"2019-04-15 07:43:20.0",783325,-9999,76.17,-38.42,-38.42,-0.621,-9999,-9999,12.0416,39.96,39.91,16.84,-0.874,-0.932,-0.973,-0.91,-0.908,-0.898,-0.795,-0.864,-0.949,-0.951,-0.888,-0.91,-0.896,-0.827,-0.858,-0.93,-0.949,-0.882,-0.91,-0.912,-0.823,-0.86,-0.902,-0.953,-0.888,-0.912,-0.892,-0.781,0,700
"2019-04-15 07:43:40.0",783326,-9999,76.23,-38.35,-38.35,-0.62,-9999,-9999,12.0416,39.96,39.91,16.84,-0.868,-0.951,-0.983,-0.916,-0.926,-0.92,-0.799,-0.862,-0.91,-0.943,-0.892,-0.916,-0.882,-0.833,-0.864,-0.951,-0.955,-0.886,-0.896,-0.896,-0.827,-0.866,-0.93,-0.934,-0.89,-0.912,-0.916,-0.781,0,0
"2019-04-15 07:44:00.0",783327,-9999,76.29,-38.28,-38.28,-0.62,-9999,-9999,12.0416,39.96,39.91,16.84,-0.874,-0.961,-0.977,-0.902,-0.926,-0.914,-0.791,-0.864,-0.914,-0.975,-0.89,-0.91,-0.896,-0.829,-0.864,-0.91,-0.955,-0.894,-0.908,-0.884,-0.829,-0.86,-0.955,-0.957,-0.896,-0.902,-0.918,-0.827,0,0
"2019-04-15 07:44:20.0",783328,-9999,76.34,-38.21,-38.21,-0.619,-9999,-9999,12.0416,39.96,39.91,16.84,-0.872,-0.92,-0.967,-0.904,-0.949,-0.922,-0.815,-0.862,-0.949,-0.985,-0.908,-0.922,-0.934,-0.845,-0.858,-0.928,-0.979,-0.906,-0.91,-0.908,-0.837,-0.864,-0.945,-0.979,-0.904,-0.928,-0.906,-0.791,0,0
"2019-04-15 07:44:40.0",783329,-9999,76.4,-38.15,-38.15,-0.618,-9999,-9999,12.0361,39.96,39.91,16.84,-0.868,-0.971,-0.983,-0.914,-0.939,-0.945,-0.825,-0.864,-0.918,-0.951,-0.898,-0.916,-0.904,-0.793,-0.858,-0.951,-0.967,-0.9,-0.926,-0.906,-0.783,-0.864,-0.951,-0.959,-0.904,-0.92,-0.904,-0.787,0,0
"2019-04-15 07:45:00.0",783330,-9999,76.46,-38.08,-38.08,-0.617,-9999,-9999,12.0361,39.96,39.91,16.84,-0.872,-0.969,-0.975,-0.9,-0.924,-0.91,-0.827,-0.866,-0.922,-0.979,-0.91,-0.92,-0.92,-0.805,-0.872,-0.971,-0.951,-0.906,-0.926,-0.93,-0.797,-0.862,-0.965,-0.959,-0.908,-0.924,-0.916,-0.793,0,700
"2019-04-15 07:45:20.0",783331,-9999,76.52,-38.01,-38.01,-0.616,-9999,-9999,12.0361,39.96,39.91,16.84,-0.872,-0.957,-0.971,-0.924,-0.926,-0.898,-0.787,-0.862,-0.914,-0.979,-0.89,-0.906,-0.928,-0.807,-0.862,-0.941,-0.951,-0.888,-0.912,-0.904,-0.805,-0.86,-0.928,-0.961,-0.884,-0.89,-0.89,-0.801,0,0
"2019-04-15 07:45:40.0",783332,-9999,76.57,-37.94,-37.94,-0.615,-9999,-9999,12.0416,39.96,39.91,16.84,-0.876,-0.959,-0.973,-0.912,-0.934,-0.945,-0.809,-0.862,-0.965,-0.999,-0.906,-0.922,-0.934,-0.847,-0.866,-0.947,-0.975,-0.908,-0.922,-0.908,-0.829,-0.864,-0.926,-0.979,-0.906,-0.906,-0.892,-0.829,0,0
"2019-04-15 07:46:00.0",783333,-9999,76.63,-37.87,-37.87,-0.614,-9999,-9999,12.0416,39.96,39.91,16.81,-0.874,-0.963,-0.999,-0.91,-0.93,-0.93,-0.829,-0.866,-0.959,-0.961,-0.894,-0.9,-0.9,-0.805,-0.866,-0.928,-0.975,-0.894,-0.916,-0.91,-0.779,-0.866,-0.939,-0.981,-0.922,-0.908,-0.902,-0.787,0,0
"2019-04-15 07:46:20.0",783334,-9999,76.69,-37.8,-37.8,-0.613,-9999,-9999,12.0361,39.96,39.91,16.81,-0.876,-0.928,-0.981,-0.916,-0.932,-0.9,-0.813,-0.86,-0.91,-0.977,-0.894,-0.916,-0.884,-0.801,-0.858,-0.957,-0.957,-0.892,-0.918,-0.896,-0.793,-0.866,-0.957,-0.961,-0.894,-0.918,-0.92,-0.817,0,0
"2019-04-15 07:46:40.0",783335,-9999,76.74,-37.73,-37.73,-0.612,-9999,-9999,12.0416,39.96,39.91,16.81,-0.874,-0.953,-0.947,-0.91,-0.93,-0.89,-0.835,-0.862,-0.951,-0.979,-0.908,-0.928,-0.947,-0.805,-0.862,-0.926,-0.979,-0.906,-0.926,-0.928,-0.789,-0.864,-0.965,-0.977,-0.904,-0.922,-0.91,-0.811,0,700
"2019-04-15 07:47:00.0",783336,-9999,76.8,-37.67,-37.67,-0.611,-9999,-9999,12.0361,39.96,39.91,16.81,-0.878,-0.957,-0.985,-0.916,-0.955,-0.941,-0.823,-0.862,-0.955,-0.957,-0.886,-0.91,-0.92,-0.791,-0.862,-0.912,-0.93,-0.888,-0.904,-0.888,-0.823,-0.864,-0.91,-0.939,-0.914,-0.934,-0.87,-0.789,0,0
"2019-04-15 07:47:20.0",783337,-9999,76.86,-37.6,-37.6,-0.61,-9999,-9999,12.0472,39.96,39.92,16.81,-0.878,-0.963,-0.981,-0.914,-0.932,-0.916,-0.797,-0.868,-0.953,-0.953,-0.89,-0.908,-0.888,-0.791,-0.872,-0.932,-0.955,-0.888,-0.894,-0.878,-0.821,-0.864,-0.914,-0.961,-0.92,-0.918,-0.918,-0.827,0,0
"2019-04-15 07:47:40.0",783338,-9999,76.91,-37.53,-37.53,-0.609,-9999,-9999,12.0416,39.96,39.92,16.81,-0.874,-0.926,-0.983,-0.916,-0.93,-0.918,-0.829,-0.866,-0.92,-0.961,-0.89,-0.912,-0.904,-0.809,-0.86,-0.943,-0.977,-0.87,-0.914,-0.876,-0.805,-0.862,-0.951,-0.969,-0.892,-0.912,-0.89,-0.797,0,0
"2019-04-15 07:48:00.0",783339,-9999,76.97,-37.46,-37.46,-0.608,-9999,-9999,12.0416,39.96,39.92,16.81,-0.876,-0.965,-0.983,-0.922,-0.941,-0.926,-0.825,-0.864,-0.955,-0.959,-0.898,-0.914,-0.924,-0.809,-0.86,-0.902,-0.955,-0.91,-0.914,-0.894,-0.805,-0.864,-0.912,-0.961,-0.89,-0.91,-0.888,-0.821,0,0
"2019-04-15 07:48:20.0",783340,-9999,77.03,-37.39,-37.39,-0.607,-9999,-9999,12.0416,39.96,39.92,16.81,-0.874,-0.977,-0.993,-0.924,-0.92,-0.922,-0.799,-0.862,-0.918,-0.955,-0.902,-0.916,-0.912,-0.815,-0.862,-0.955,-0.961,-0.902,-0.941,-0.926,-0.811,-0.86,-0.918,-0.963,-0.884,-0.914,-0.9,-0.799,0,700
"2019-04-15 07:48:40.0",783341,-9999,77.08,-37.32,-37.32,-0.606,-9999,-9999,12.0361,39.96,39.92,16.81,-0.874,-0.961,-0.989,-0.914,-0.937,-0.924,-0.805,-0.862,-0.943,-0.977,-0.896,-0.914,-0.886,-0.813,-0.86,-0.898,-0.965,-0.89,-0.914,-0.876,-0.795,-0.866,-0.912,-0.959,-0.892,-0.896,-0.906,-0.815,0,0
"2019-04-15 07:49:00.0",783342,-9999,77.14,-37.25,-37.25,-0.605,-9999,-9999,12.0416,39.96,39.92,16.81,-0.876,-0.979,-0.989,-0.914,-0.932,-0.943,-0.831,-0.866,-0.969,-0.977,-0.912,-0.951,-0.922,-0.827,-0.862,-0.943,-0.949,-0.904,-0.928,-0.93,-0.811,-0.86,-0.928,-0.969,-0.908,-0.91,-0.912,-0.793,0,0
"2019-04-15 07:49:20.0",783343,-9999,77.2,-37.18,-37.18,-0.604,-9999,-9999,12.0361,39.96,39.92,16.79,-0.878,-0.969,-0.975,-0.904,-0.924,-0.91,-0.817,-0.864,-0.967,-0.969,-0.9,-0.92,-0.892,-0.852,-0.87,-0.943,-0.971,-0.906,-0.922,-0.89,-0.841,-0.866,-0.949,-0.965,-0.894,-0.92,-0.928,-0.791,0,0
"2019-04-15 07:49:40.0",783344,-9999,77.25,-37.12,-37.12,-0.603,-9999,-9999,12.0416,39.96,39.92,16.79,-0.874,-0.967,-0.977,-0.908,-0.932,-0.898,-0.833,-0.862,-0.924,-0.959,-0.894,-0.908,-0.88,-0.809,-0.862,-0.922,-0.932,-0.89,-0.928,-0.894,-0.807,-0.872,-0.914,-0.945,-0.888,-0.912,-0.912,-0.795,0,0
"2019-04-15 07:50:00.0",783345,-9999,77.31,-37.05,-37.05,-0.602,-9999,-9999,12.0472,39.96,39.92,16.79,-0.868,-0.955,-0.983,-0.92,-0.937,-0.943,-0.801,-0.862,-0.951,-0.965,-0.886,-0.92,-0.894,-0.827,-0.864,-0.918,-0.965,-0.9,-0.918,-0.886,-0.823,-0.86,-0.945,-0.967,-0.902,-0.918,-0.926,-0.785,0,700
"2019-04-15 07:50:20.0",783346,-9999,77.37,-36.98,-36.98,-0.602,-9999,-9999,12.0416,39.96,39.92,16.79,-0.874,-0.92,-0.965,-0.898,-0.918,-0.892,-0.793,-0.864,-0.934,-0.955,-0.896,-0.916,-0.904,-0.813,-0.862,-0.93,-0.941,-0.894,-0.937,-0.896,-0.829,-0.864,-0.937,-0.943,-0.896,-0.914,-0.882,-0.799,0,0
"2019-04-15 07:50:40.0",783347,-9999,77.42,-36.91,-36.91,-0.601,-9999,-9999,12.0416,39.96,39.92,16.79,-0.876,-0.977,-0.969,-0.91,-0.928,-0.898,-0.807,-0.864,-0.965,-0.965,-0.894,-0.92,-0.934,-0.835,-0.862,-0.924,-0.967,-0.896,-0.945,-0.924,-0.833,-0.864,-0.943,-0.969,-0.9,-0.918,-0.902,-0.825,0,0
"2019-04-15 07:51:00.0",783348,-9999,77.48,-36.84,-36.84,-0.6,-9999,-9999,12.0416,39.96,39.92,16.79,-0.872,-0.945,-0.983,-0.916,-0.941,-0.908,-0.85,-0.866,-0.926,-0.981,-0.908,-0.928,-0.914,-0.811,-0.864,-0.945,-0.981,-0.91,-0.926,-0.91,-0.827,-0.864,-0.939,-0.975,-0.906,-0.928,-0.898,-0.797,0,0
"2019-04-15 07:51:20.0",783349,-9999,77.53,-36.77,-36.77,-0.599,-9999,-9999,12.0416,39.96,39.92,16.79,-0.872,-0.961,-0.987,-0.916,-0.937,-0.922,-0.833,-0.866,-0.949,-0.969,-0.904,-0.924,-0.92,-0.813,-0.864,-0.949,-0.973,-0.906,-0.924,-0.912,-0.791,-0.858,-0.967,-0.973,-0.912,-0.934,-0.896,-0.797,0,0
"2019-04-15 07:51:40.0",783350,-9999,77.59,-36.7,-36.7,-0.598,-9999,-9999,12.0416,39.96,39.92,16.79,-0.872,-0.932,-0.995,-0.912,-0.928,-0.912,-0.833,-0.862,-0.904,-0.957,-0.89,-0.892,-0.898,-0.819,-0.862,-0.945,-0.971,-0.888,-0.908,-0.898,-0.801,-0.86,-0.928,-0.971,-0.888,-0.91,-0.88,-0.787,0,700
"2019-04-15 07:52:00.0",783351,-9999,77.64,-36.63,-36.63,-0.597,-9999,-9999,12.0416,39.96,39.92,16.79,-0.872,-0.961,-0.965,-0.9,-0.922,-0.896,-0.793,-0.868,-0.941,-0.945,-0.9,-0.918,-0.892,-0.805,-0.86,-0.924,-0.959,-0.894,-0.916,-0.888,-0.797,-0.862,-0.961,-0.963,-0.896,-0.92,-0.92,-0.815,0,0
"2019-04-15 07:52:20.0",783352,-9999,77.7,-36.56,-36.56,-0.596,-9999,-9999,12.0416,39.96,39.92,16.79,-0.87,-0.977,-0.965,-0.914,-0.934,-0.926,-0.827,-0.862,-0.945,-0.975,-0.904,-0.924,-0.914,-0.803,-0.862,-0.934,-0.975,-0.906,-0.926,-0.912,-0.787,-0.862,-0.961,-0.973,-0.904,-0.926,-0.894,-0.791,0,0
"2019-04-15 07:52:40.0",783353,-9999,77.76,-36.5,-36.5,-0.595,-9999,-9999,12.0416,39.96,39.92,16.76,-0.87,-0.959,-0.971,-0.902,-0.918,-0.926,-0.783,-0.862,-0.941,-0.951,-0.882,-0.908,-0.878,-0.799,-0.862,-0.904,-0.949,-0.89,-0.908,-0.874,-0.801,-0.862,-0.91,-0.953,-0.87,-0.912,-0.902,-0.817,0,0
"2019-04-15 07:53:00.0",783354,-9999,77.81,-36.43,-36.43,-0.594,-9999,-9999,12.0416,39.96,39.92,16.76,-0.874,-0.934,-0.983,-0.914,-0.934,-0.943,-0.801,-0.858,-0.914,-0.953,-0.904,-0.92,-0.894,-0.817,-0.858,-0.953,-0.967,-0.898,-0.914,-0.884,-0.781,-0.86,-0.932,-0.983,-0.894,-0.918,-0.924,-0.799,0,0
"2019-04-15 07:53:20.0",783355,-9999,77.87,-36.36,-36.36,-0.593,-9999,-9999,12.0361,39.96,39.92,16.76,-0.87,-0.953,-0.961,-0.894,-0.943,-0.902,-0.827,-0.86,-0.93,-0.973,-0.888,-0.912,-0.898,-0.791,-0.862,-0.92,-0.947,-0.892,-0.912,-0.874,-0.791,-0.864,-0.949,-0.957,-0.888,-0.912,-0.88,-0.779,0,700
"2019-04-15 07:53:40.0",783356,-9999,77.92,-36.29,-36.29,-0.592,-9999,-9999,12.0416,39.96,39.92,16.76,-0.878,-0.975,-0.981,-0.912,-0.914,-0.896,-0.823,-0.858,-0.939,-0.965,-0.918,-0.922,-0.932,-0.833,-0.852,-0.904,-0.971,-0.882,-0.918,-0.912,-0.813,-0.856,-0.939,-0.939,-0.894,-0.932,-0.894,-0.813,0,0
"2019-04-15 07:54:00.0",783357,-9999,77.98,-36.22,-36.22,-0.591,-9999,-9999,12.0416,39.96,39.92,16.76,-0.87,-0.951,-0.981,-0.91,-0.93,-0.937,-0.837,-0.852,-0.926,-0.959,-0.892,-0.914,-0.888,-0.823,-0.858,-0.945,-0.953,-0.884,-0.93,-0.874,-0.817,-0.858,-0.947,-0.977,-0.888,-0.912,-0.876,-0.765,0,0
"2019-04-15 07:54:20.0",783358,-9999,78.03,-36.15,-36.15,-0.59,-9999,-9999,12.0361,39.96,39.92,16.76,-0.868,-0.977,-0.983,-0.912,-0.93,-0.939,-0.823,-0.856,-0.941,-0.971,-0.89,-0.922,-0.935,-0.807,-0.856,-0.955,-0.955,-0.902,-0.914,-0.924,-0.781,-0.858,-0.935,-0.943,-0.91,-0.896,-0.92,-0.805,0,0
"2019-04-15 07:54:40.0",783359,-9999,78.09,-36.08,-36.08,-0.589,-9999,-9999,12.0416,39.96,39.92,16.76,-0.872,-0.949,-0.953,-0.902,-0.928,-0.906,-0.809,-0.864,-0.926,-0.967,-0.898,-0.92,-0.916,-0.813,-0.856,-0.932,-0.993,-0.896,-0.912,-0.904,-0.807,-0.862,-0.93,-0.965,-0.894,-0.91,-0.882,-0.795,0,0
"2019-04-15 07:55:00.0",783360,-9999,78.14,-36.01,-36.01,-0.588,-9999,-9999,12.0416,39.96,39.92,16.76,-0.868,-0.932,-0.967,-0.904,-0.926,-0.926,-0.791,-0.856,-0.961,-0.989,-0.902,-0.914,-0.924,-0.787,-0.86,-0.924,-0.963,-0.894,-0.91,-0.92,-0.791,-0.86,-0.951,-0.963,-0.89,-0.935,-0.898,-0.779,0,700
"2019-04-15 07:55:20.0",783361,-9999,78.2,-35.94,-35.94,-0.587,-9999,-9999,12.0361,39.96,39.92,16.76,-0.866,-0.955,-0.981,-0.91,-0.926,-0.914,-0.839,-0.848,-0.937,-0.947,-0.878,-0.908,-0.896,-0.807,-0.854,-0.918,-0.941,-0.882,-0.9,-0.896,-0.797,-0.854,-0.904,-0.969,-0.88,-0.904,-0.888,-0.793,0,0
"2019-04-15 07:55:40.0",783362,-9999,78.25,-35.87,-35.87,-0.586,-9999,-9999,12.0416,39.96,39.92,16.76,-0.864,-0.937,-0.951,-0.896,-0.935,-0.894,-0.803,-0.856,-0.963,-0.967,-0.9,-0.912,-0.93,-0.835,-0.856,-0.947,-0.961,-0.898,-0.92,-0.922,-0.807,-0.854,-0.912,-0.971,-0.898,-0.92,-0.922,-0.805,0,0
"2019-04-15 07:56:00.0",783363,-9999,78.31,-35.81,-35.81,-0.585,-9999,-9999,12.0472,39.96,39.92,16.76,-0.87,-0.926,-0.975,-0.904,-0.945,-0.932,-0.795,-0.852,-0.904,-0.941,-0.88,-0.898,-0.876,-0.813,-0.854,-0.937,-0.941,-0.878,-0.92,-0.87,-0.813,-0.854,-0.922,-0.949,-0.886,-0.904,-0.87,-0.809,0,0
"2019-04-15 07:56:20.0",783364,-9999,78.36,-35.74,-35.74,-0.584,-9999,-9999,12.0416,39.96,39.92,16.76,-0.864,-0.924,-0.939,-0.892,-0.914,-0.914,-0.779,-0.856,-0.937,-0.973,-0.896,-0.898,-0.906,-0.839,-0.852,-0.92,-0.987,-0.9,-0.912,-0.9,-0.817,-0.852,-0.957,-0.969,-0.896,-0.914,-0.902,-0.809,0,0
"2019-04-15 07:56:40.0",783365,-9999,78.42,-35.67,-35.67,-0.583,-9999,-9999,12.0528,39.97,39.92,16.76,-0.868,-0.92,-0.969,-0.896,-0.922,-0.884,-0.815,-0.85,-0.92,-0.957,-0.884,-0.91,-0.91,-0.785,-0.846,-0.918,-0.926,-0.882,-0.926,-0.906,-0.811,-0.85,-0.896,-0.941,-0.882,-0.882,-0.9,-0.799,0,700
"2019-04-15 07:57:00.0",783366,-9999,78.47,-35.6,-35.6,-0.582,-9999,-9999,12.0416,39.97,39.92,16.76,-0.858,-0.93,-0.983,-0.894,-0.937,-0.92,-0.797,-0.856,-0.943,-0.973,-0.886,-0.91,-0.896,-0.829,-0.85,-0.947,-0.961,-0.886,-0.902,-0.882,-0.801,-0.852,-0.935,-0.941,-0.892,-0.916,-0.896,-0.801,0,0
"2019-04-15 07:57:20.0",783367,-9999,78.53,-35.53,-35.53,-0.581,-9999,-9999,12.0416,39.97,39.91,16.76,-0.864,-0.957,-0.981,-0.898,-0.904,-0.904,-0.797,-0.85,-0.918,-0.975,-0.888,-0.902,-0.88,-0.779,-0.856,-0.914,-0.943,-0.876,-0.88,-0.882,-0.809,-0.856,-0.92,-0.926,-0.88,-0.896,-0.878,-0.805,0,0
"2019-04-15 07:57:40.0",783368,-9999,78.58,-35.46,-35.46,-0.58,-9999,-9999,12.0416,39.98,39.91,16.76,-0.856,-0.947,-0.963,-0.894,-0.914,-0.896,-0.777,-0.85,-0.93,-0.955,-0.884,-0.912,-0.898,-0.811,-0.846,-0.945,-0.965,-0.886,-0.912,-0.902,-0.777,-0.846,-0.943,-0.981,-0.9,-0.912,-0.904,-0.787,0,0
"2019-04-15 07:58:00.0",783369,-9999,78.63,-35.39,-35.39,-0.579,-9999,-9999,12.0416,39.98,39.91,16.76,-0.864,-0.947,-0.969,-0.904,-0.92,-0.91,-0.811,-0.852,-0.894,-0.961,-0.876,-0.9,-0.888,-0.777,-0.848,-0.92,-0.941,-0.882,-0.9,-0.876,-0.777,-0.85,-0.902,-0.951,-0.878,-0.892,-0.888,-0.811,0,0
"2019-04-15 07:58:20.0",783370,-9999,78.69,-35.32,-35.32,-0.578,-9999,-9999,12.0416,39.98,39.91,16.79,-0.86,-0.959,-0.943,-0.892,-0.916,-0.928,-0.819,-0.843,-0.916,-0.957,-0.88,-0.9,-0.892,-0.795,-0.843,-0.93,-0.939,-0.88,-0.882,-0.878,-0.763,-0.852,-0.918,-0.937,-0.87,-0.89,-0.888,-0.754,0,700
"2019-04-15 07:58:40.0",783371,-9999,78.74,-35.25,-35.25,-0.577,-9999,-9999,12.0361,39.98,39.91,16.79,-0.862,-0.9,-0.928,-0.884,-0.902,-0.908,-0.805,-0.852,-0.943,-0.953,-0.886,-0.908,-0.892,-0.793,-0.852,-0.912,-0.951,-0.892,-0.91,-0.894,-0.797,-0.848,-0.935,-0.959,-0.888,-0.906,-0.906,-0.813,0,0
"2019-04-15 07:59:00.0",783372,-9999,78.8,-35.18,-35.18,-0.576,-9999,-9999,12.0416,39.98,39.91,16.79,-0.864,-0.914,-0.949,-0.898,-0.916,-0.888,-0.809,-0.856,-0.939,-0.937,-0.874,-0.896,-0.91,-0.815,-0.848,-0.904,-0.93,-0.882,-0.904,-0.868,-0.799,-0.843,-0.949,-0.953,-0.884,-0.9,-0.878,-0.801,0,0
"2019-04-15 07:59:20.0",783373,-9999,78.85,-35.11,-35.11,-0.575,-9999,-9999,12.0416,39.97,39.91,16.79,-0.862,-0.914,-0.957,-0.888,-0.916,-0.878,-0.803,-0.848,-0.92,-0.951,-0.886,-0.898,-0.896,-0.811,-0.846,-0.935,-0.937,-0.88,-0.9,-0.878,-0.793,-0.843,-0.916,-0.91,-0.874,-0.896,-0.88,-0.771,0,0
"2019-04-15 07:59:40.0",783374,-9999,78.9,-35.04,-35.04,-0.574,-9999,-9999,12.0416,39.96,39.91,16.79,-0.856,-0.951,-0.959,-0.892,-0.904,-0.896,-0.783,-0.852,-0.908,-0.951,-0.88,-0.9,-0.874,-0.801,-0.848,-0.924,-0.949,-0.884,-0.906,-0.882,-0.785,-0.848,-0.951,-0.953,-0.886,-0.906,-0.908,-0.817,0,0
