"TOA5","","","1764","CR1000.Std.24","CPU:MFRSR_10012018V2.8.CR1","13574","TableHdr","PbCdlComm-1.6.0 (2016/01/26)"
"TIMESTAMP","RECORD","loggerID""headID""xpgmVerID""xlat""xlon""xSiteElev""xFULLREV""xCRXHSTEPS""xSCANseconds""xSCANnAvg""xSCANtrough""xHOMEoffset""xALLTIMEband"
"TS","RN","--""--""--""deg""deg""m""--""--""sec""--""--""--""--"
"","","Smp""Smp""Smp""Smp""Smp""Smp""Smp""Smp""Smp""Smp""Smp""Smp""Smp"
"2019-04-16 12:00:00.0",373,1764,180054423,2.8,-32.1259,-64.7287,1160,800,20,20,1,10,0,-1
"TOA5","","","1764","CR1000.Std.24","CPU:MFRSR_10012018V2.8.CR1","13574","Table155","PbCdlComm-1.6.0 (2016/01/26)"
"TIMESTAMP","RECORD","xoset""az""el""al""cosz""cosasz""pamass""vBat""Thead""THTC""Tlogger""Dnadir(1)""Dnadir(2)""Dnadir(3)""Dnadir(4)""Dnadir(5)""Dnadir(6)""Dnadir(7)""Deast(1)""Deast(2)""Deast(3)""Deast(4)""Deast(5)""Deast(6)""Deast(7)""Dsun(1)""Dsun(2)""Dsun(3)""Dsun(4)""Dsun(5)""Dsun(6)""Dsun(7)""Dwest(1)""Dwest(2)""Dwest(3)""Dwest(4)""Dwest(5)""Dwest(6)""Dwest(7)""kount""khome"
"TS","RN","sec""deg""deg""deg""--""--""--""Volt""degC""degC""degC""mV""mV""mV""mV""mV""mV""mV""mV""mV""mV""mV""mV""mV""mV""mV""mV""mV""mV""mV""mV""mV""mV""mV""mV""mV""mV""mV""mV""--""--"
"","","Smp""Smp""Smp""Smp""Smp""Smp""Smp""Smp""Smp""Smp""Smp""Smp""Smp""Smp""Smp""Smp""Smp""Smp""Smp""Smp""Smp""Smp""Smp""Smp""Smp""Smp""Smp""Smp""Smp""Smp""Smp""Smp""Smp""Smp""Smp""Smp""Smp""Smp""Smp""Smp""Smp"
"2019-04-16 12:00:00.0",788415,3300,112.6,14.73,14.79,0.254,0.255,3.865,12.0535,39.9,39.9,13.02,8.02,20.72,20.11,16.58,18.48,19.43,11.96,7.949,20.45,19.84,16.31,18.21,19.16,11.75,7.813,20.25,19.57,16.1,17.94,18.96,11.69,7.745,20.04,19.3,15.9,17.66,18.68,11.55,255,525
"2019-04-16 12:00:20.0",788416,3300,112.6,14.79,14.85,0.255,0.256,3.849,12.0535,39.9,39.9,13.02,8.22,20.59,20.04,16.71,18.62,19.77,12.23,8.15,20.25,19.84,16.51,18.41,19.5,12.09,8.02,20.11,19.57,16.31,18.14,19.3,11.96,7.949,19.91,19.36,16.03,17.87,19.09,11.75,255,525
"2019-04-16 12:00:40.0",788417,3300,112.7,14.86,14.91,0.256,0.257,3.834,12.0535,39.9,39.9,13.02,8.15,20.31,19.77,16.44,18.34,19.57,12.16,8.02,20.04,19.43,16.1,17.94,19.23,11.96,7.881,19.84,19.23,15.9,17.73,18.96,11.75,7.745,19.64,18.96,15.69,17.46,18.68,11.62,255,525
"2019-04-16 12:01:00.0",788418,3300,112.7,14.92,14.98,0.257,0.258,3.818,12.0535,39.9,39.9,13.05,8.29,20.52,20.04,16.65,18.55,19.91,12.43,8.22,20.38,19.84,16.51,18.34,19.7,12.3,8.15,20.25,19.7,16.31,18.21,19.5,12.23,8.09,20.04,19.43,16.17,18,19.3,12.03,255,525
"2019-04-16 12:01:20.0",788419,3300,112.8,14.99,15.04,0.259,0.26,3.802,12.0646,39.9,39.9,13.05,8.15,20.59,19.77,16.37,18.21,19.5,12.16,7.949,20.25,19.36,15.97,17.73,19.02,11.89,7.813,19.98,19.09,15.69,17.39,18.68,11.69,7.677,19.7,18.82,15.35,17.05,18.34,11.48,255,525
"2019-04-16 12:01:40.0",788420,3310,112.8,15.05,15.11,0.26,0.261,3.787,12.0423,39.9,39.9,13.07,7.27,19.91,18.62,15.08,16.71,17.73,11.07,7.134,19.7,18.34,14.81,16.37,17.33,10.87,6.998,19.5,18.07,14.54,16.1,17.05,10.6,6.93,19.3,17.87,14.4,15.9,16.85,10.53,256,524
"2019-04-16 12:02:00.0",788421,3310,112.9,15.12,15.17,0.261,0.262,3.771,12.0423,39.9,39.9,13.07,7.542,20.45,19.09,15.42,17.05,18,11.28,7.474,20.31,18.89,15.29,16.85,17.8,11.21,7.406,20.18,18.75,15.15,16.71,17.6,11.07,7.406,20.04,18.62,15.02,16.65,17.6,11.07,256,524
"2019-04-16 12:02:20.0",788422,3320,112.9,15.18,15.24,0.262,0.263,3.756,12.0423,39.9,39.9,13.07,8.22,21.13,19.84,16.17,17.87,18.96,12.03,8.09,20.86,19.57,15.9,17.6,18.68,11.82,8.02,20.72,19.36,15.76,17.39,18.55,11.75,7.949,20.52,19.16,15.56,17.19,18.28,11.62,256,524
"2019-04-16 12:02:40.0",788423,3310,113,15.25,15.3,0.263,0.264,3.741,12.0423,39.9,39.9,13.07,8.49,21.33,20.25,16.58,18.41,19.43,12.37,8.42,21.2,19.97,16.37,18.14,19.16,12.3,8.29,20.93,19.7,16.1,17.87,18.89,12.03,8.09,20.65,19.36,15.83,17.53,18.48,11.82,256,524
"2019-04-16 12:03:00.0",788424,3320,113,15.31,15.37,0.264,0.265,3.726,12.0423,39.9,39.9,13.09,7.813,20.86,19.23,15.49,17.12,18.07,11.48,7.474,20.38,18.62,14.88,16.44,17.33,11.07,7.338,20.11,18.28,14.54,16.03,16.92,10.8,7.202,19.84,18.07,14.4,15.83,16.78,10.67,256,524
"2019-04-16 12:03:20.0",788425,3320,113.1,15.38,15.43,0.265,0.266,3.711,12.0535,39.9,39.92,13.09,7.202,20.31,18.34,14.54,15.97,16.85,10.73,7.134,20.04,18.14,14.47,15.9,16.71,10.67,7.134,19.97,18.07,14.34,15.76,16.65,10.67,7.066,19.77,17.94,14.27,15.63,16.51,10.6,257,523
"2019-04-16 12:03:40.0",788426,3320,113.1,15.44,15.5,0.266,0.267,3.697,12.0535,39.9,39.9,13.12,7.745,20.72,19.23,15.56,17.19,18.07,11.62,7.677,20.45,18.96,15.35,16.99,17.87,11.48,7.541,20.25,18.75,15.15,16.71,17.6,11.35,7.474,20.04,18.55,14.95,16.51,17.39,11.21,257,523
"2019-04-16 12:04:00.0",788427,3320,113.2,15.51,15.56,0.267,0.268,3.682,12.053,39.9,39.9,13.12,7.745,20.59,19.16,15.49,17.12,18.14,11.69,7.677,20.31,18.89,15.35,16.92,18,11.62,7.677,20.18,18.82,15.22,16.85,17.87,11.55,7.609,20.04,18.62,15.08,16.71,17.8,11.48,257,523
"2019-04-16 12:04:20.0",788428,3320,113.2,15.57,15.63,0.268,0.269,3.668,12.053,39.9,39.9,13.12,8.22,20.79,19.63,16.1,17.87,19.09,12.37,8.15,20.59,19.5,15.97,17.66,18.96,12.3,8.08,20.45,19.36,15.83,17.6,18.82,12.23,8.02,20.25,19.09,15.63,17.32,18.55,12.09,257,523
"2019-04-16 12:04:40.0",788429,3320,113.3,15.64,15.69,0.27,0.27,3.653,12.053,39.9,39.9,13.12,8.08,20.65,19.43,15.9,17.6,18.82,12.3,7.881,20.31,19.02,15.49,17.12,18.41,12.03,7.745,20.04,18.75,15.22,16.85,18.07,11.82,7.609,19.77,18.48,15.01,16.58,17.87,11.69,257,523
"2019-04-16 12:05:00.0",788430,3320,113.3,15.7,15.76,0.271,0.272,3.639,12.053,39.9,39.9,13.14,7.338,19.63,18.21,14.68,16.24,17.46,11.41,7.134,19.3,17.87,14.4,15.9,17.19,11.28,7.066,19.16,17.73,14.27,15.76,17.05,11.14,6.998,19.02,17.53,14.13,15.56,16.85,11.01,257,523
"2019-04-16 12:05:20.0",788431,3320,113.4,15.76,15.82,0.272,0.273,3.625,12.0419,39.9,39.9,13.14,6.998,19.23,17.73,14.34,15.76,17.12,11.21,6.862,18.82,17.39,14.06,15.49,16.85,11.07,6.794,18.75,17.26,13.93,15.35,16.71,10.94,6.726,18.48,17.05,13.72,15.15,16.51,10.8,258,522
"2019-04-16 12:05:40.0",788432,3320,113.4,15.83,15.88,0.273,0.274,3.611,12.042,39.89,39.89,13.16,6.658,18.62,17.12,13.72,15.15,16.51,10.8,6.522,18.34,16.78,13.52,14.81,16.17,10.6,6.386,18.14,16.65,13.38,14.67,16.03,10.53,6.318,17.94,16.44,13.18,14.54,15.83,10.39,258,522
"2019-04-16 12:06:00.0",788433,3320,113.5,15.89,15.95,0.274,0.275,3.597,12.0531,39.89,39.9,13.16,5.911,17.53,15.83,12.64,13.86,15.15,9.92,5.707,17.26,15.49,12.3,13.45,14.67,9.65,5.639,17.05,15.35,12.16,13.32,14.54,9.51,5.503,16.85,15.15,11.96,13.11,14.34,9.38,258,522
"2019-04-16 12:06:20.0",788434,3320,113.5,15.96,16.01,0.275,0.276,3.583,12.042,39.89,39.9,13.16,5.503,17.19,15.35,12.09,13.25,14.47,9.51,5.367,16.98,15.08,11.89,12.98,14.2,9.31,5.299,16.78,15.01,11.75,12.84,14.06,9.17,5.231,16.71,14.81,11.62,12.7,13.93,9.1,258,522
"2019-04-16 12:06:40.0",788435,3320,113.6,16.02,16.08,0.276,0.277,3.57,12.0364,39.89,39.9,13.16,5.231,16.78,15.01,11.89,12.98,14.34,9.38,5.163,16.58,14.88,11.75,12.84,14.13,9.24,5.095,16.44,14.81,11.69,12.77,14.06,9.17,5.028,16.31,14.67,11.62,12.7,14,9.17,258,522
"2019-04-16 12:07:00.0",788436,3330,113.7,16.09,16.14,0.277,0.278,3.556,12.0531,39.89,39.9,13.19,5.367,16.78,15.35,12.37,13.52,14.95,9.85,5.367,16.65,15.22,12.23,13.45,14.88,9.78,5.299,16.51,15.15,12.23,13.38,14.81,9.78,5.299,16.44,15.08,12.16,13.32,14.81,9.72,259,521
"2019-04-16 12:07:20.0",788437,3330,113.7,16.15,16.21,0.278,0.279,3.543,12.0476,39.9,39.9,13.19,5.843,17.19,16.1,13.18,14.47,16.17,10.6,5.911,17.05,16.03,13.11,14.4,16.1,10.6,5.843,16.98,15.97,13.04,14.4,16.03,10.6,5.843,16.92,15.97,13.04,14.34,15.97,10.6,259,521
"2019-04-16 12:07:40.0",788438,3330,113.8,16.22,16.27,0.279,0.28,3.53,12.0532,39.9,39.89,13.19,6.454,17.8,17.05,14.06,15.56,17.39,11.55,6.454,17.73,16.98,14.06,15.49,17.26,11.48,6.454,17.66,16.92,14,15.42,17.19,11.48,6.454,17.6,16.85,13.93,15.35,17.19,11.41,259,521
"2019-04-16 12:08:00.0",788439,3330,113.8,16.28,16.34,0.28,0.281,3.516,12.0532,39.9,39.89,13.21,6.998,18.68,17.94,14.88,16.44,18.21,12.16,6.93,18.55,17.8,14.74,16.31,18.07,12.03,6.93,18.41,17.66,14.61,16.17,17.94,12.03,6.862,18.34,17.53,14.54,16.03,17.8,11.89,259,521
"2019-04-16 12:08:20.0",788440,3330,113.9,16.35,16.4,0.281,0.282,3.503,12.0532,39.9,39.9,13.21,7.066,18.89,18.14,15.01,16.58,18.48,12.3,7.066,18.75,18,14.95,16.51,18.28,12.3,6.998,18.62,17.87,14.88,16.44,18.21,12.16,6.998,18.55,17.8,14.81,16.31,18.14,12.09,259,521
"2019-04-16 12:08:40.0",788441,3330,113.9,16.41,16.46,0.283,0.283,3.49,12.0532,39.9,39.9,13.21,7.609,19.5,18.96,15.97,17.66,19.63,13.18,7.541,19.36,18.89,15.9,17.6,19.57,13.11,7.541,19.23,18.82,15.83,17.53,19.5,13.11,7.473,19.16,18.68,15.69,17.39,19.36,13.04,259,521
"2019-04-16 12:09:00.0",788442,3340,114,16.47,16.53,0.284,0.284,3.478,12.0421,39.9,39.89,13.23,8.08,19.97,19.77,16.78,18.62,20.72,13.93,8.02,19.84,19.7,16.71,18.55,20.59,13.93,8.02,19.77,19.63,16.64,18.41,20.52,13.79,8.02,19.7,19.5,16.51,18.34,20.45,13.72,260,520
"2019-04-16 12:09:20.0",788443,3340,114,16.54,16.59,0.285,0.286,3.465,12.0421,39.9,39.9,13.23,9.04,21.33,21.47,18.34,20.45,22.49,15.22,9.17,21.4,21.6,18.55,20.59,22.62,15.35,9.17,21.33,21.54,18.48,20.59,22.62,15.35,9.1,21.26,21.47,18.41,20.45,22.49,15.29,260,520
"2019-04-16 12:09:40.0",788444,3340,114.1,16.6,16.66,0.286,0.287,3.452,12.0421,39.9,39.9,13.23,10.87,23.64,24.59,21.4,23.91,25.95,17.73,10.87,23.57,24.46,21.33,23.85,25.88,17.66,10.8,23.37,24.25,21.13,23.64,25.68,17.53,10.6,23.03,23.85,20.79,23.24,25.27,17.26,260,520
"2019-04-16 12:10:00.0",788445,3340,114.1,16.67,16.72,0.287,0.288,3.44,12.0421,39.9,39.9,13.26,10.46,23.3,23.85,20.65,23.03,25,17.12,10.12,22.76,23.17,19.97,22.28,24.25,16.58,9.92,22.49,22.83,19.63,21.88,23.85,16.31,9.72,22.22,22.49,19.29,21.47,23.44,16.03,260,520
"2019-04-16 12:10:20.0",788446,3340,114.2,16.73,16.78,0.288,0.289,3.427,12.0476,39.9,39.9,13.26,8.97,21.88,21.67,18.41,20.45,22.28,15.22,8.7,21.4,21.2,17.94,19.84,21.67,14.81,8.56,21.2,20.86,17.6,19.57,21.33,14.61,8.42,20.93,20.59,17.39,19.23,21.06,14.4,260,520
"2019-04-16 12:10:40.0",788447,3350,114.2,16.8,16.85,0.289,0.29,3.415,12.0532,39.9,39.9,13.26,7.677,20.45,19.63,16.31,18,19.7,13.45,7.405,19.97,19.09,15.83,17.39,19.02,12.98,7.269,19.77,18.82,15.56,17.12,18.82,12.77,7.134,19.57,18.62,15.29,16.85,18.48,12.57,261,519
"2019-04-16 12:11:00.0",788448,3350,114.3,16.86,16.91,0.29,0.291,3.402,12.0532,39.9,39.9,13.26,6.726,19.57,18.28,14.95,16.31,17.94,12.09,6.59,19.29,18.07,14.61,16.03,17.53,11.96,6.522,19.16,17.87,14.54,15.9,17.39,11.75,6.454,19.02,17.73,14.33,15.69,17.19,11.69,261,519
"2019-04-16 12:11:20.0",788449,3350,114.3,16.93,16.98,0.291,0.292,3.39,12.0532,39.9,39.9,13.26,6.862,19.91,18.75,15.35,16.85,18.41,12.43,6.794,19.77,18.68,15.29,16.71,18.34,12.43,6.794,19.63,18.55,15.15,16.64,18.28,12.36,6.726,19.5,18.41,15.08,16.58,18.14,12.36,261,519
"2019-04-16 12:11:40.0",788450,3350,114.4,16.99,17.04,0.292,0.293,3.378,12.0532,39.9,39.9,13.28,8.08,21.4,20.99,17.66,19.43,21.26,14.47,8.15,21.4,21.06,17.66,19.5,21.26,14.54,8.15,21.26,20.93,17.6,19.43,21.26,14.47,8.15,21.13,20.86,17.53,19.29,21.13,14.47,261,519
"2019-04-16 12:12:00.0",788451,3350,114.4,17.05,17.11,0.293,0.294,3.366,12.0532,39.9,39.9,13.28,9.85,23.57,23.91,20.52,22.69,24.66,16.98,9.92,23.57,23.85,20.45,22.69,24.59,16.98,9.92,23.44,23.71,20.38,22.56,24.46,16.92,9.85,23.3,23.57,20.25,22.42,24.32,16.85,261,519
"2019-04-16 12:12:20.0",788452,3350,114.5,17.12,17.17,0.294,0.295,3.354,12.0473,39.9,39.9,13.3,11.07,25,25.48,21.94,24.46,26.29,18.28,10.94,24.73,25.07,21.6,23.98,25.82,17.94,10.87,24.53,24.8,21.4,23.71,25.54,17.8,10.73,24.25,24.53,21.06,23.44,25.27,17.6,262,518
"2019-04-16 12:12:40.0",788453,3350,114.6,17.18,17.23,0.295,0.296,3.342,12.0473,39.9,39.89,13.3,10.67,24.46,24.46,20.86,23.17,24.93,17.39,10.33,23.78,23.64,20.25,22.42,24.19,16.85,10.12,23.44,23.3,19.91,22.08,23.85,16.64,9.92,23.03,22.96,19.57,21.67,23.51,16.37,262,518
"2019-04-16 12:13:00.0",788454,3350,114.6,17.25,17.3,0.296,0.297,3.331,12.0417,39.9,39.9,13.3,9.17,22.35,21.94,18.62,20.59,22.42,15.63,8.9,21.81,21.33,18,19.91,21.74,15.15,8.7,21.54,21.06,17.73,19.63,21.4,14.88,8.56,21.33,20.79,17.46,19.29,21.13,14.74,262,518
"2019-04-16 12:13:20.0",788455,3350,114.7,17.31,17.36,0.298,0.298,3.319,12.0473,39.9,39.9,13.3,7.881,20.86,19.97,16.64,18.28,19.97,13.86,7.609,20.45,19.5,16.17,17.8,19.43,13.52,7.473,20.25,19.29,15.97,17.6,19.23,13.38,7.405,20.11,19.09,15.76,17.32,19.02,13.18,262,518
"2019-04-16 12:13:40.0",788456,3350,114.7,17.38,17.43,0.299,0.299,3.307,12.0417,39.9,39.9,13.33,7.066,20.18,19.02,15.56,17.05,18.62,12.98,6.93,19.91,18.68,15.29,16.78,18.28,12.7,6.794,19.77,18.55,15.15,16.58,18.07,12.57,6.726,19.63,18.34,14.95,16.44,17.94,12.43,262,518
"2019-04-16 12:14:00.0",788457,3350,114.8,17.44,17.49,0.3,0.301,3.296,12.0414,39.9,39.9,13.33,7.066,20.52,19.43,15.9,17.46,18.95,13.11,6.998,20.38,19.29,15.83,17.32,18.82,13.04,6.998,20.25,19.23,15.76,17.26,18.75,12.98,6.93,20.11,19.09,15.63,17.12,18.61,12.91,262,518
"2019-04-16 12:14:20.0",788458,3360,114.8,17.5,17.55,0.301,0.302,3.285,12.0525,39.9,39.9,13.33,7.745,21.4,20.72,17.19,18.89,20.45,14.33,7.745,21.26,20.59,17.12,18.82,20.38,14.27,7.745,21.2,20.45,17.05,18.68,20.25,14.2,7.745,20.99,20.31,16.92,18.61,20.18,14.13,263,517
"2019-04-16 12:14:40.0",788459,3360,114.9,17.57,17.62,0.302,0.303,3.273,12.0525,39.9,39.9,13.35,8.22,21.81,21.2,17.66,19.43,21.06,14.81,8.15,21.67,20.92,17.46,19.16,20.79,14.61,8.08,21.54,20.79,17.32,19.02,20.65,14.47,8.08,21.33,20.59,17.19,18.89,20.45,14.4,263,517
"2019-04-16 12:15:00.0",788460,3360,114.9,17.63,17.68,0.303,0.304,3.262,12.0581,39.9,39.9,13.35,8.22,21.81,20.86,17.26,18.95,20.52,14.47,8.08,21.54,20.59,17.05,18.68,20.18,14.27,8.02,21.4,20.38,16.85,18.48,20.04,14.06,7.949,21.26,20.18,16.71,18.34,19.84,14,263,517
"2019-04-16 12:15:20.0",788461,3360,115,17.69,17.74,0.304,0.305,3.251,12.0525,39.9,39.9,13.35,7.813,21.54,20.18,16.51,18.07,19.43,13.72,7.677,21.26,19.84,16.24,17.73,19.02,13.45,7.609,21.13,19.7,16.03,17.53,18.89,13.25,7.473,20.92,19.5,15.9,17.39,18.68,13.11,263,517
"2019-04-16 12:15:40.0",788462,3360,115,17.76,17.81,0.305,0.306,3.24,12.0523,39.9,39.91,13.35,7.066,20.92,19.09,15.35,16.71,17.87,12.57,6.862,20.52,18.61,14.95,16.24,17.32,12.16,6.726,20.25,18.34,14.67,15.97,17.12,12.02,6.59,19.97,18.07,14.47,15.69,16.85,11.82,263,517
"2019-04-16 12:16:00.0",788463,3370,115.1,17.82,17.87,0.306,0.307,3.229,12.0412,39.9,39.91,13.35,6.25,19.97,17.8,14.13,15.29,16.31,11.48,6.046,19.57,17.46,13.79,14.95,15.9,11.14,5.979,19.43,17.26,13.66,14.74,15.69,11.01,5.843,19.23,17.05,13.45,14.54,15.49,10.87,264,516
"2019-04-16 12:16:20.0",788464,3370,115.1,17.89,17.94,0.307,0.308,3.218,12.0412,39.9,39.89,13.38,5.775,19.36,17.19,13.52,14.61,15.56,10.94,5.639,19.02,16.85,13.25,14.33,15.29,10.73,5.571,18.82,16.64,13.11,14.2,15.15,10.6,5.503,18.68,16.58,12.98,14.06,15.01,10.6,264,516
"2019-04-16 12:16:40.0",788465,3370,115.2,17.95,18,0.308,0.309,3.207,12.0412,39.9,39.91,13.38,5.979,19.36,17.46,13.93,15.08,16.17,11.41,5.979,19.36,17.46,13.93,15.08,16.17,11.41,5.979,19.29,17.39,13.86,15.01,16.1,11.35,5.979,19.16,17.32,13.79,14.88,16.03,11.28,264,516
"2019-04-16 12:17:00.0",788466,3370,115.3,18.01,18.06,0.309,0.31,3.197,12.0412,39.9,39.89,13.38,6.25,19.77,17.87,14.27,15.42,16.64,11.82,6.114,19.36,17.53,13.93,15.08,16.31,11.55,6.046,19.23,17.32,13.86,15.01,16.1,11.48,5.979,19.09,17.19,13.66,14.81,16.03,11.35,264,516
"2019-04-16 12:17:20.0",788467,3370,115.3,18.08,18.13,0.31,0.311,3.186,12.0465,39.89,39.91,13.4,5.979,19.36,17.39,13.79,14.88,16.1,11.41,5.911,19.16,17.19,13.59,14.74,15.9,11.28,5.843,19.09,17.05,13.52,14.67,15.83,11.21,5.843,18.95,16.98,13.45,14.54,15.69,11.21,264,516
"2019-04-16 12:17:40.0",788468,3370,115.4,18.14,18.19,0.311,0.312,3.176,12.041,39.89,39.91,13.4,5.911,19.43,17.32,13.72,14.81,15.97,11.41,5.843,19.16,17.05,13.45,14.54,15.69,11.21,5.775,19.09,16.98,13.38,14.47,15.56,11.07,5.707,18.95,16.85,13.25,14.33,15.42,11.07,264,516
"2019-04-16 12:18:00.0",788469,3370,115.4,18.21,18.25,0.312,0.313,3.165,12.0521,39.89,39.89,13.4,5.911,19.7,17.46,13.72,14.81,15.9,11.35,5.775,19.5,17.26,13.59,14.61,15.63,11.14,5.775,19.36,17.12,13.45,14.54,15.56,11.14,5.707,19.23,17.05,13.32,14.4,15.42,11.01,265,515
"2019-04-16 12:18:20.0",788470,3370,115.5,18.27,18.32,0.313,0.314,3.155,12.0521,39.89,39.91,13.4,5.979,19.97,17.6,13.86,14.88,15.97,11.41,5.911,19.84,17.39,13.66,14.74,15.69,11.28,5.843,19.7,17.26,13.52,14.54,15.56,11.21,5.775,19.57,17.19,13.38,14.47,15.49,11.07,265,515
"2019-04-16 12:18:40.0",788471,3370,115.5,18.33,18.38,0.315,0.315,3.144,12.0521,39.89,39.89,13.42,5.979,20.31,17.8,13.93,14.95,15.9,11.41,5.979,20.11,17.66,13.79,14.88,15.76,11.35,5.911,19.97,17.53,13.72,14.81,15.69,11.28,5.911,19.91,17.46,13.59,14.67,15.63,11.21,265,515
"2019-04-16 12:19:00.0",788472,3370,115.6,18.4,18.44,0.316,0.316,3.134,12.0519,39.89,39.91,13.42,6.658,21.26,19.09,15.15,16.44,17.39,12.5,6.658,21.13,19.02,15.15,16.37,17.32,12.5,6.658,20.99,18.89,15.01,16.3,17.19,12.43,6.59,20.79,18.75,14.95,16.17,17.05,12.36,265,515
"2019-04-16 12:19:20.0",788473,3370,115.6,18.46,18.51,0.317,0.317,3.124,12.0519,39.89,39.91,13.42,7.337,21.94,20.25,16.37,17.8,18.89,13.72,7.269,21.74,20.11,16.3,17.73,18.75,13.59,7.201,21.6,19.91,16.17,17.6,18.61,13.52,7.201,21.4,19.77,16.03,17.39,18.48,13.38,265,515
"2019-04-16 12:19:40.0",788474,3380,115.7,18.52,18.57,0.318,0.318,3.114,12.0408,39.89,39.91,13.42,8.02,22.83,21.54,17.66,19.29,20.45,14.95,7.881,22.49,21.2,17.46,19.02,20.18,14.74,7.813,22.28,20.99,17.26,18.82,19.97,14.54,7.677,22.08,20.72,17.05,18.55,19.7,14.4,266,514
"2019-04-16 12:20:00.0",788475,3380,115.7,18.59,18.63,0.319,0.32,3.104,12.0352,39.89,39.89,13.45,8.08,22.96,21.67,17.8,19.43,20.59,15.01,7.881,22.62,21.26,17.46,19.02,20.18,14.74,7.813,22.42,20.99,17.26,18.75,19.91,14.54,7.677,22.15,20.79,16.98,18.48,19.63,14.4,266,514
"2019-04-16 12:20:20.0",788476,3380,115.8,18.65,18.7,0.32,0.321,3.094,12.0408,39.89,39.91,13.45,7.813,22.76,21.26,17.39,18.89,20.04,14.61,7.677,22.49,20.92,17.05,18.55,19.63,14.4,7.541,22.22,20.72,16.85,18.34,19.43,14.2,7.473,22.08,20.45,16.64,18.07,19.16,14,266,514
"2019-04-16 12:20:40.0",788477,3380,115.9,18.71,18.76,0.321,0.322,3.084,12.0407,39.89,39.91,13.45,7.745,22.69,21.13,17.26,18.75,19.91,14.61,7.609,22.42,20.86,17.05,18.55,19.63,14.4,7.541,22.22,20.65,16.85,18.34,19.43,14.27,7.473,22.01,20.45,16.64,18.07,19.23,14.06,266,514
"2019-04-16 12:21:00.0",788478,3380,115.9,18.78,18.82,0.322,0.323,3.074,12.0407,39.89,39.91,13.45,8.02,22.89,21.54,17.66,19.23,20.45,15.08,7.881,22.56,21.2,17.39,18.95,20.18,14.88,7.813,22.35,20.99,17.19,18.75,19.97,14.74,7.745,22.15,20.72,16.98,18.48,19.77,14.61,266,514
"2019-04-16 12:21:20.0",788479,3400,116,18.84,18.89,0.323,0.324,3.064,12.0574,39.89,39.91,13.45,8.22,23.03,21.74,17.87,19.43,20.79,15.35,8.08,22.83,21.4,17.6,19.16,20.45,15.08,8.02,22.62,21.2,17.39,18.95,20.25,14.95,7.949,22.49,20.99,17.26,18.75,20.04,14.81,267,513
"2019-04-16 12:21:40.0",788480,3400,116,18.9,18.95,0.324,0.325,3.055,12.0518,39.89,39.91,13.45,8.36,23.37,21.94,18,19.63,20.99,15.56,8.29,23.1,21.67,17.8,19.36,20.65,15.35,8.22,22.89,21.47,17.6,19.16,20.45,15.15,8.08,22.62,21.2,17.39,18.95,20.25,15.01,267,513
"2019-04-16 12:22:00.0",788481,3400,116.1,18.97,19.01,0.325,0.326,3.045,12.0518,39.89,39.91,13.47,8.29,23.17,21.74,17.94,19.5,20.86,15.49,8.15,22.83,21.4,17.6,19.16,20.45,15.22,8.08,22.62,21.13,17.39,18.89,20.18,15.01,7.949,22.42,20.92,17.12,18.68,19.91,14.88,267,513
"2019-04-16 12:22:20.0",788482,3400,116.1,19.03,19.08,0.326,0.327,3.036,12.0517,39.89,39.91,13.47,8.08,23.1,21.54,17.66,19.23,20.45,15.15,7.949,22.76,21.2,17.32,18.89,20.04,14.88,7.813,22.56,20.99,17.12,18.61,19.84,14.74,7.745,22.35,20.72,16.92,18.34,19.5,14.54,267,513
"2019-04-16 12:22:40.0",788483,3400,116.2,19.09,19.14,0.327,0.328,3.026,12.0517,39.89,39.91,13.47,8.02,23.3,21.67,17.66,19.23,20.31,15.08,7.881,22.96,21.33,17.39,18.89,19.91,14.81,7.745,22.83,21.13,17.19,18.68,19.77,14.74,7.677,22.56,20.86,16.98,18.41,19.5,14.47,267,513
"2019-04-16 12:23:00.0",788484,3400,116.2,19.16,19.2,0.328,0.329,3.017,12.0629,39.89,39.91,13.47,8.22,23.71,22.15,18.21,19.77,20.92,15.63,8.15,23.44,21.94,18,19.57,20.72,15.42,8.08,23.23,21.81,17.87,19.36,20.52,15.29,7.949,23.03,21.54,17.66,19.16,20.31,15.15,267,513
"2019-04-16 12:23:20.0",788485,3400,116.3,19.22,19.27,0.329,0.33,3.007,12.0406,39.89,39.91,13.49,8.83,24.32,23.3,19.36,21.13,22.42,16.78,8.83,24.05,23.1,19.23,20.99,22.35,16.71,8.76,23.91,22.89,19.09,20.79,22.15,16.58,8.7,23.71,22.76,18.89,20.65,22.01,16.44,268,512
"2019-04-16 12:23:40.0",788486,3400,116.3,19.28,19.33,0.33,0.331,2.998,12.0461,39.89,39.91,13.49,9.44,24.93,24.25,20.38,22.28,23.91,17.94,9.38,24.66,23.98,20.18,22.08,23.71,17.8,9.31,24.46,23.78,20.04,21.94,23.51,17.66,9.24,24.25,23.64,19.84,21.74,23.3,17.6,268,512
"2019-04-16 12:24:00.0",788487,3400,116.4,19.35,19.39,0.331,0.332,2.989,12.0405,39.89,39.91,13.49,10.05,25.54,25.2,21.4,23.44,25.27,19.02,10.05,25.34,25,21.26,23.3,25.07,18.89,9.99,25.14,24.87,21.13,23.17,24.93,18.75,9.92,25,24.66,20.92,22.96,24.73,18.61,268,512
"2019-04-16 12:24:20.0",788488,3400,116.5,19.41,19.46,0.332,0.333,2.98,12.0405,39.89,39.91,13.49,10.46,26.02,25.82,21.94,24.12,26.02,19.63,10.33,25.68,25.41,21.67,23.78,25.68,19.36,10.26,25.48,25.2,21.47,23.57,25.48,19.16,10.12,25.2,25,21.26,23.3,25.2,19.02,268,512
"2019-04-16 12:24:40.0",788489,3400,116.5,19.47,19.52,0.333,0.334,2.971,12.0405,39.89,39.91,13.49,10.39,25.88,25.61,21.74,23.85,25.75,19.43,10.19,25.54,25.2,21.4,23.44,25.27,19.02,10.05,25.27,24.93,21.13,23.17,25,18.89,9.92,25,24.66,20.86,22.89,24.73,18.61,268,512
"2019-04-16 12:25:00.0",788490,3400,116.6,19.54,19.58,0.334,0.335,2.962,12.0516,39.89,39.91,13.52,9.99,25.61,25.14,21.2,23.17,24.93,18.82,9.78,25.2,24.66,20.79,22.76,24.46,18.48,9.72,25,24.39,20.58,22.49,24.19,18.28,9.58,24.73,24.12,20.31,22.22,23.91,18.07,269,511
"2019-04-16 12:25:20.0",788491,3400,116.6,19.6,19.64,0.335,0.336,2.953,12.0516,39.89,39.89,13.52,9.78,25.41,24.66,20.79,22.69,24.32,18.41,9.58,25.07,24.32,20.45,22.28,23.91,18.07,9.51,24.87,24.12,20.25,22.08,23.64,17.87,9.38,24.59,23.85,19.97,21.81,23.37,17.73,269,511
"2019-04-16 12:25:40.0",788492,3400,116.7,19.66,19.71,0.336,0.337,2.944,12.0516,39.89,39.91,13.52,9.58,25.41,24.46,20.45,22.28,23.78,18,9.44,25,24.05,20.04,21.88,23.23,17.66,9.31,24.8,23.78,19.84,21.6,23.03,17.46,9.17,24.59,23.51,19.57,21.33,22.76,17.32,269,511
"2019-04-16 12:26:00.0",788493,3400,116.7,19.73,19.77,0.338,0.338,2.935,12.0516,39.89,39.91,13.52,9.17,25,23.71,19.63,21.33,22.69,17.26,9.04,24.66,23.37,19.29,20.99,22.28,16.92,8.9,24.46,23.1,19.09,20.79,22.08,16.78,8.83,24.25,22.89,18.89,20.52,21.88,16.64,269,511
"2019-04-16 12:26:20.0",788494,3400,116.8,19.79,19.83,0.339,0.339,2.926,12.0516,39.89,39.91,13.52,8.83,24.59,23.03,18.95,20.58,21.88,16.64,8.63,24.19,22.56,18.55,20.11,21.33,16.3,8.49,23.91,22.28,18.28,19.84,21.06,16.1,8.36,23.64,22.01,18,19.57,20.86,15.9,269,511
"2019-04-16 12:26:40.0",788495,3400,116.8,19.85,19.9,0.34,0.34,2.918,12.0571,39.89,39.91,13.54,8.22,23.71,21.94,17.94,19.43,20.65,15.76,8.08,23.3,21.47,17.53,18.95,20.25,15.42,7.949,23.1,21.33,17.32,18.75,20.04,15.22,7.881,22.96,21.13,17.12,18.55,19.77,15.08,269,511
"2019-04-16 12:27:00.0",788496,3420,116.9,19.91,19.96,0.341,0.341,2.909,12.0404,39.89,39.91,13.54,7.473,22.49,20.45,16.51,17.8,19.09,14.54,7.201,22.01,19.91,15.97,17.26,18.48,14.13,7.133,21.81,19.7,15.83,17.05,18.28,13.93,7.065,21.6,19.5,15.63,16.85,18.07,13.79,270,510
"2019-04-16 12:27:20.0",788497,3420,117,19.98,20.02,0.342,0.342,2.9,12.0404,39.89,39.91,13.54,6.726,21.4,19.16,15.22,16.37,17.66,13.38,6.522,21.06,18.75,14.88,15.97,17.26,13.04,6.454,20.86,18.55,14.74,15.83,17.05,12.98,6.386,20.72,18.34,14.54,15.69,16.85,12.77,270,510
"2019-04-16 12:27:40.0",788498,3420,117,20.04,20.08,0.343,0.343,2.892,12.0404,39.89,39.91,13.54,6.318,20.92,18.61,14.74,15.9,17.19,12.98,6.25,20.72,18.34,14.54,15.63,16.92,12.77,6.182,20.52,18.21,14.47,15.49,16.78,12.7,6.114,20.31,18.07,14.33,15.35,16.71,12.64,270,510
"2019-04-16 12:28:00.0",788499,3420,117.1,20.1,20.15,0.344,0.344,2.883,12.0404,39.89,39.91,13.54,6.658,21.26,19.23,15.49,16.64,18.07,13.66,6.59,21.06,19.02,15.29,16.51,17.94,13.59,6.522,20.92,18.95,15.22,16.44,17.87,13.52,6.522,20.72,18.82,15.15,16.3,17.73,13.45,270,510
"2019-04-16 12:28:20.0",788500,3420,117.1,20.17,20.21,0.345,0.345,2.875,12.0404,39.89,39.91,13.54,6.998,21.74,19.91,16.17,17.53,19.02,14.4,6.998,21.6,19.77,16.1,17.39,18.89,14.33,6.93,21.47,19.7,15.97,17.26,18.75,14.27,6.862,21.26,19.57,15.9,17.12,18.61,14.13,270,510
"2019-04-16 12:28:40.0",788501,3420,117.2,20.23,20.27,0.346,0.346,2.866,12.0515,39.89,39.89,13.56,7.337,22.35,20.58,16.78,18.14,19.57,14.88,7.201,22.08,20.31,16.51,17.8,19.29,14.67,7.133,21.88,20.11,16.37,17.66,19.09,14.54,7.065,21.74,19.91,16.17,17.53,18.95,14.4,271,509
"2019-04-16 12:29:00.0",788502,3420,117.2,20.29,20.33,0.347,0.348,2.858,12.0515,39.89,39.91,13.56,7.337,22.69,20.86,16.98,18.34,19.77,15.01,7.269,22.35,20.58,16.71,18.07,19.43,14.74,7.201,22.28,20.45,16.58,17.94,19.29,14.67,7.133,22.08,20.31,16.44,17.73,19.09,14.47,271,509
"2019-04-16 12:29:20.0",788503,3420,117.3,20.35,20.4,0.348,0.349,2.85,12.0515,39.89,39.91,13.56,7.609,23.37,21.6,17.6,19.02,20.31,15.42,7.473,23.1,21.33,17.39,18.75,20.11,15.29,7.473,22.96,21.2,17.26,18.61,19.97,15.22,7.405,22.76,21.06,17.12,18.48,19.84,15.08,271,509
"2019-04-16 12:29:40.0",788504,3420,117.4,20.42,20.46,0.349,0.35,2.842,12.0515,39.89,39.91,13.56,7.949,23.78,22.28,18.34,19.84,21.33,16.3,7.813,23.44,22.01,18.14,19.63,21.13,16.1,7.813,23.3,21.88,18.07,19.5,20.99,16.1,7.745,23.1,21.74,17.94,19.36,20.86,15.97,271,509
"2019-04-16 12:30:00.0",788505,3420,117.4,20.48,20.52,0.35,0.351,2.833,12.0515,39.89,39.91,13.56,8.29,24.12,23.03,19.09,20.65,22.35,17.12,8.22,23.78,22.69,18.82,20.38,22.01,16.92,8.15,23.64,22.49,18.68,20.25,21.88,16.78,8.08,23.44,22.35,18.55,20.11,21.74,16.64,271,509
"2019-04-16 12:30:20.0",788506,3430,117.5,20.54,20.58,0.351,0.352,2.825,12.0403,39.89,39.91,13.56,8.7,24.73,23.71,19.84,21.54,23.23,17.94,8.63,24.46,23.44,19.57,21.26,22.96,17.66,8.56,24.25,23.3,19.43,21.13,22.83,17.6,8.49,24.05,23.1,19.29,20.92,22.62,17.46,272,508
"2019-04-16 12:30:40.0",788507,3430,117.5,20.6,20.65,0.352,0.353,2.817,12.0403,39.89,39.89,13.59,9.1,25.27,24.53,20.58,22.42,24.19,18.68,8.97,24.93,24.19,20.25,22.01,23.85,18.48,8.9,24.73,23.98,20.11,21.88,23.64,18.34,8.83,24.59,23.78,19.97,21.67,23.44,18.14,272,508
"2019-04-16 12:31:00.0",788508,3430,117.6,20.67,20.71,0.353,0.354,2.809,12.0403,39.89,39.91,13.59,9.24,25.41,24.73,20.79,22.62,24.53,19.02,9.04,24.93,24.19,20.31,22.08,23.91,18.55,8.9,24.73,23.91,20.11,21.81,23.71,18.41,8.83,24.46,23.71,19.91,21.6,23.51,18.28,272,508
"2019-04-16 12:31:20.0",788509,3430,117.6,20.73,20.77,0.354,0.355,2.801,12.0403,39.89,39.91,13.59,8.97,25.14,24.25,20.31,22.08,23.91,18.61,8.76,24.66,23.71,19.84,21.54,23.44,18.21,8.7,24.46,23.51,19.7,21.33,23.17,18,8.56,24.19,23.3,19.43,21.13,22.96,17.87,272,508
"2019-04-16 12:31:40.0",788510,3430,117.7,20.79,20.83,0.355,0.356,2.794,12.0403,39.89,39.89,13.59,8.76,24.86,23.91,20.04,21.74,23.64,18.34,8.56,24.46,23.51,19.63,21.33,23.17,18,8.49,24.25,23.3,19.5,21.13,22.96,17.87,8.42,24.05,23.1,19.29,20.92,22.76,17.73,272,508
"2019-04-16 12:32:00.0",788511,3430,117.7,20.85,20.9,0.356,0.357,2.786,12.0403,39.89,39.91,13.61,8.97,25.27,24.46,20.52,22.28,24.19,18.82,8.9,25,24.19,20.31,22.01,23.85,18.61,8.83,24.8,23.98,20.18,21.88,23.71,18.48,8.76,24.66,23.85,19.97,21.67,23.51,18.34,272,508
"2019-04-16 12:32:20.0",788512,3430,117.8,20.92,20.96,0.357,0.358,2.778,12.0514,39.89,39.91,13.61,9.38,25.68,25.07,21.13,22.96,24.8,19.36,9.24,25.34,24.59,20.79,22.49,24.39,19.09,9.1,25.14,24.39,20.58,22.35,24.19,18.89,9.04,24.93,24.19,20.38,22.15,23.98,18.75,273,507
"2019-04-16 12:32:40.0",788513,3430,117.9,20.98,21.02,0.358,0.359,2.77,12.0626,39.89,39.91,13.61,9.31,25.61,24.8,20.86,22.62,24.53,19.23,9.1,25.2,24.32,20.45,22.22,24.05,18.82,9.04,25,24.12,20.25,21.94,23.78,18.61,8.97,24.73,23.85,20.04,21.74,23.57,18.48,273,507
"2019-04-16 12:33:00.0",788514,3430,117.9,21.04,21.08,0.359,0.36,2.763,12.0514,39.89,39.91,13.61,9.1,25.27,24.32,20.45,22.15,23.98,18.82,8.97,24.93,23.98,20.04,21.74,23.57,18.48,8.9,24.73,23.71,19.84,21.54,23.37,18.34,8.76,24.46,23.51,19.7,21.33,23.17,18.14,273,507
"2019-04-16 12:33:20.0",788515,3430,118,21.1,21.14,0.36,0.361,2.755,12.0514,39.91,39.91,13.61,8.83,24.86,23.78,19.84,21.54,23.3,18.34,8.7,24.46,23.37,19.5,21.13,22.89,18,8.56,24.25,23.17,19.29,20.92,22.69,17.8,8.49,24.05,22.89,19.09,20.65,22.42,17.66,273,507
"2019-04-16 12:33:40.0",788516,3430,118,21.17,21.21,0.361,0.362,2.747,12.0514,39.91,39.91,13.64,8.49,24.32,23.1,19.23,20.79,22.56,17.73,8.36,23.98,22.69,18.82,20.38,22.15,17.46,8.29,23.78,22.49,18.61,20.25,21.88,17.26,8.15,23.57,22.28,18.48,19.97,21.74,17.05,273,507
"2019-04-16 12:34:00.0",788517,3440,118.1,21.23,21.27,0.362,0.363,2.74,12.0403,39.91,39.91,13.64,8.22,23.91,22.56,18.68,20.25,21.94,17.26,8.08,23.64,22.22,18.41,19.91,21.6,16.98,8.02,23.51,22.08,18.28,19.77,21.4,16.85,8.02,23.3,21.88,18.14,19.57,21.26,16.78,274,506
"2019-04-16 12:34:20.0",788518,3440,118.1,21.29,21.33,0.363,0.364,2.732,12.0403,39.91,39.91,13.64,8.22,24.05,22.56,18.61,20.18,21.81,17.19,8.08,23.78,22.28,18.34,19.84,21.47,16.92,8.02,23.57,22.08,18.21,19.7,21.33,16.85,8.02,23.51,21.94,18.14,19.57,21.2,16.71,274,506
"2019-04-16 12:34:40.0",788519,3440,118.2,21.35,21.39,0.364,0.365,2.725,12.0403,39.91,39.91,13.64,7.949,23.57,22.01,18.14,19.57,21.33,16.78,7.745,23.23,21.6,17.73,19.16,20.86,16.37,7.677,22.96,21.4,17.6,18.95,20.65,16.3,7.609,22.76,21.2,17.46,18.82,20.52,16.1,274,506
"2019-04-16 12:35:00.0",788520,3440,118.3,21.41,21.46,0.365,0.366,2.717,12.0403,39.91,39.91,13.66,7.609,23.1,21.47,17.6,18.95,20.79,16.3,7.473,22.69,21.06,17.26,18.61,20.38,16.03,7.405,22.49,20.86,17.12,18.48,20.25,15.9,7.269,22.28,20.72,16.98,18.28,20.11,15.76,274,506
"2019-04-16 12:35:20.0",788521,3440,118.3,21.48,21.52,0.366,0.367,2.71,12.0403,39.91,39.91,13.66,7.541,22.83,21.47,17.66,19.09,20.99,16.44,7.405,22.49,21.13,17.46,18.82,20.72,16.24,7.337,22.35,20.99,17.32,18.68,20.58,16.17,7.337,22.22,20.86,17.19,18.55,20.45,16.1,274,506
"2019-04-16 12:35:40.0",788522,3440,118.4,21.54,21.58,0.367,0.368,2.703,12.0402,39.91,39.91,13.66,7.813,23.23,22.01,18.28,19.77,21.74,17.12,7.677,22.96,21.67,18,19.43,21.47,16.85,7.609,22.69,21.47,17.87,19.29,21.26,16.71,7.541,22.56,21.4,17.73,19.16,21.13,16.64,274,506
"2019-04-16 12:36:00.0",788523,3440,118.4,21.6,21.64,0.368,0.369,2.695,12.0514,39.91,39.91,13.68,7.881,23.51,22.35,18.61,20.11,22.22,17.46,7.813,23.1,21.94,18.34,19.84,21.88,17.26,7.745,22.96,21.81,18.21,19.7,21.74,17.12,7.677,22.83,21.67,18.07,19.5,21.6,16.98,275,505
"2019-04-16 12:36:20.0",788524,3440,118.5,21.66,21.7,0.369,0.37,2.688,12.057,39.91,39.91,13.68,8.22,24.05,23.03,19.29,20.86,22.96,18.14,8.08,23.71,22.76,19.02,20.52,22.69,17.87,8.02,23.57,22.56,18.89,20.38,22.49,17.73,7.949,23.44,22.42,18.75,20.25,22.35,17.66,275,505
"2019-04-16 12:36:40.0",788525,3440,118.6,21.72,21.76,0.37,0.371,2.681,12.0514,39.91,39.91,13.68,8.56,24.8,23.98,20.11,21.81,23.98,18.89,8.42,24.46,23.64,19.91,21.47,23.64,18.68,8.42,24.32,23.51,19.7,21.33,23.51,18.61,8.36,24.12,23.3,19.57,21.2,23.3,18.41,275,505
"2019-04-16 12:37:00.0",788526,3440,118.6,21.79,21.83,0.371,0.372,2.674,12.057,39.91,39.91,13.68,9.1,25.68,25.14,21.26,23.03,25.34,20.04,9.04,25.48,24.86,21.06,22.76,25,19.77,8.97,25.27,24.66,20.86,22.62,24.86,19.7,8.9,25.14,24.53,20.72,22.49,24.66,19.57,275,505
"2019-04-16 12:37:20.0",788527,3440,118.7,21.85,21.89,0.372,0.373,2.667,12.0514,39.91,39.91,13.71,9.92,26.77,26.56,22.69,24.66,27.04,21.54,9.85,26.5,26.36,22.49,24.46,26.77,21.33,9.78,26.36,26.16,22.35,24.32,26.63,21.26,9.71,26.16,26.02,22.22,24.19,26.56,21.13,275,505
"2019-04-16 12:37:40.0",788528,3460,118.7,21.91,21.95,0.373,0.374,2.66,12.0458,39.91,39.91,13.71,10.8,27.92,28.13,24.25,26.43,28.94,23.17,10.73,27.58,27.79,23.98,26.16,28.6,22.96,10.67,27.38,27.58,23.85,25.95,28.47,22.83,10.53,27.17,27.38,23.64,25.75,28.26,22.62,276,504
"2019-04-16 12:38:00.0",788529,3460,118.8,21.97,22.01,0.374,0.375,2.653,12.0402,39.91,39.91,13.71,11.48,28.67,29.21,25.34,27.65,30.3,24.32,11.35,28.33,28.81,25,27.31,29.89,24.05,11.28,28.13,28.53,24.8,27.04,29.69,23.85,11.21,27.85,28.33,24.59,26.84,29.42,23.64,276,504
"2019-04-16 12:38:20.0",788530,3460,118.8,22.03,22.07,0.375,0.376,2.646,12.0402,39.91,39.91,13.73,11.89,29.14,29.69,25.82,28.19,30.84,24.86,11.69,28.81,29.28,25.41,27.79,30.37,24.53,11.62,28.53,29.08,25.2,27.51,30.16,24.32,11.55,28.33,28.74,25,27.31,29.89,24.12,276,504
"2019-04-16 12:38:40.0",788531,3460,118.9,22.1,22.14,0.376,0.377,2.639,12.0402,39.91,39.91,13.73,12.23,29.76,30.23,26.29,28.67,31.39,25.34,12.09,29.42,29.89,25.95,28.4,30.91,25,12.02,29.21,29.69,25.75,28.19,30.71,24.86,11.89,28.94,29.42,25.54,27.92,30.44,24.66,276,504
"2019-04-16 12:39:00.0",788532,3460,119,22.16,22.2,0.377,0.378,2.632,12.0402,39.92,39.91,13.73,12.36,30.03,30.37,26.36,28.81,31.45,25.54,12.23,29.55,29.96,25.95,28.33,30.91,25.14,12.09,29.35,29.69,25.75,28.13,30.71,24.93,12.02,29.08,29.42,25.54,27.85,30.44,24.73,276,504
"2019-04-16 12:39:20.0",788533,3460,119,22.22,22.26,0.378,0.379,2.625,12.0514,39.92,39.91,13.73,12.16,29.55,29.82,25.88,28.19,30.91,25.14,12.02,29.14,29.42,25.48,27.79,30.37,24.73,11.89,28.94,29.21,25.27,27.58,30.23,24.59,11.82,28.67,28.94,25,27.31,29.96,24.39,277,503
"2019-04-16 12:39:40.0",788534,3460,119.1,22.28,22.32,0.379,0.38,2.619,12.0514,39.92,39.91,13.73,12.02,29.42,29.55,25.54,27.85,30.5,24.86,11.89,29.01,29.08,25.14,27.38,29.96,24.39,11.75,28.74,28.81,24.93,27.11,29.69,24.19,11.62,28.47,28.53,24.66,26.84,29.42,23.98,277,503
"2019-04-16 12:40:00.0",788535,3460,119.1,22.34,22.38,0.38,0.381,2.612,12.0514,39.92,39.91,13.75,11.75,29.21,29.08,25,27.24,29.76,24.25,11.55,28.74,28.6,24.59,26.7,29.21,23.78,11.48,28.53,28.33,24.32,26.5,28.94,23.57,11.35,28.26,27.99,24.05,26.16,28.6,23.3,277,503
"2019-04-16 12:40:20.0",788536,3460,119.2,22.4,22.44,0.381,0.382,2.605,12.0514,39.92,39.91,13.75,11.28,28.74,28.33,24.19,26.29,28.67,23.37,11.07,28.26,27.85,23.78,25.82,28.19,22.96,11.01,28.06,27.58,23.57,25.61,27.92,22.76,10.87,27.79,27.31,23.3,25.34,27.65,22.56,277,503
"2019-04-16 12:40:40.0",788537,3460,119.3,22.47,22.5,0.382,0.383,2.598,12.0514,39.92,39.91,13.75,11.28,28.87,28.4,24.25,26.36,28.67,23.3,11.14,28.53,28.13,23.98,26.02,28.33,23.1,11.01,28.33,27.92,23.85,25.88,28.13,22.89,10.94,28.13,27.65,23.57,25.61,27.85,22.69,277,503
"2019-04-16 12:41:00.0",788538,3460,119.3,22.53,22.57,0.383,0.384,2.592,12.0514,39.92,39.91,13.78,11.75,29.69,29.48,25.27,27.45,29.69,24.19,11.62,29.35,29.14,25,27.11,29.28,23.91,11.55,29.08,28.87,24.73,26.9,29.08,23.78,11.41,28.81,28.6,24.46,26.63,28.81,23.51,277,503
"2019-04-16 12:41:20.0",788539,3470,119.4,22.59,22.63,0.384,0.385,2.585,12.0402,39.92,39.91,13.78,12.36,30.71,30.57,26.22,28.53,30.64,25.07,12.16,30.16,29.96,25.68,27.92,29.96,24.46,12.02,29.82,29.55,25.34,27.51,29.62,24.19,11.82,29.48,29.14,24.93,27.11,29.21,23.91,278,502
"2019-04-16 12:41:40.0",788540,3470,119.4,22.65,22.69,0.385,0.386,2.579,12.0402,39.92,39.91,13.78,11.89,29.96,29.35,25,27.17,29.14,23.85,11.55,29.28,28.67,24.39,26.43,28.4,23.23,11.35,28.94,28.26,23.98,26.02,27.99,22.96,11.21,28.67,27.92,23.71,25.75,27.65,22.62,278,502
"2019-04-16 12:42:00.0",788541,3470,119.5,22.71,22.75,0.386,0.387,2.572,12.0458,39.92,39.91,13.82,11.07,28.74,27.79,23.51,25.48,27.38,22.42,10.8,28.19,27.24,22.96,24.93,26.77,22.01,10.67,27.92,26.9,22.76,24.59,26.5,21.74,10.53,27.58,26.56,22.42,24.25,26.16,21.47,278,502
"2019-04-16 12:42:20.0",788542,3470,119.5,22.77,22.81,0.387,0.388,2.566,12.0458,39.92,39.91,13.82,10.39,27.72,26.5,22.22,24.05,25.88,21.33,10.05,27.11,25.82,21.6,23.37,25.2,20.72,9.92,26.77,25.48,21.33,23.03,24.86,20.45,9.78,26.5,25.2,21.06,22.76,24.59,20.18,278,502
"2019-04-16 12:42:40.0",788543,3470,119.6,22.83,22.87,0.388,0.389,2.559,12.0402,39.92,39.91,13.82,9.51,26.77,25.07,20.79,22.42,24.12,19.77,9.24,26.22,24.46,20.25,21.74,23.44,19.23,9.1,25.95,24.12,19.91,21.47,23.17,18.95,8.97,25.68,23.85,19.7,21.2,22.83,18.75,278,502
"2019-04-16 12:43:00.0",788544,3480,119.7,22.9,22.93,0.389,0.39,2.553,12.0513,39.92,39.91,13.82,8.7,25.88,23.78,19.43,20.86,22.42,18.41,8.49,25.34,23.23,18.95,20.31,21.88,17.94,8.36,25.14,22.96,18.75,20.11,21.67,17.73,8.29,24.93,22.83,18.55,19.91,21.4,17.53,279,501
"2019-04-16 12:43:20.0",788545,3480,119.7,22.96,22.99,0.39,0.391,2.547,12.0513,39.92,39.91,13.85,8.49,25.68,23.57,19.29,20.72,22.28,18.28,8.36,25.27,23.23,18.95,20.31,21.94,18,8.29,25.07,23.03,18.82,20.25,21.81,17.87,8.22,24.86,22.83,18.68,20.04,21.67,17.73,279,501
"2019-04-16 12:43:40.0",788546,3480,119.8,23.02,23.06,0.391,0.392,2.54,12.0513,39.92,39.91,13.85,8.56,25.75,23.78,19.5,20.99,22.62,18.55,8.42,25.27,23.37,19.16,20.58,22.22,18.28,8.36,25.07,23.17,19.02,20.38,22.08,18.07,8.29,24.93,22.96,18.82,20.25,21.81,17.94,279,501
"2019-04-16 12:44:00.0",788547,3480,119.8,23.08,23.12,0.392,0.393,2.534,12.0513,39.92,39.91,13.85,8.15,24.93,22.96,18.75,20.11,21.81,17.94,7.949,24.46,22.42,18.34,19.63,21.33,17.53,7.881,24.25,22.22,18.14,19.43,21.13,17.32,7.745,23.98,22.01,17.94,19.23,20.92,17.12,279,501
"2019-04-16 12:44:20.0",788548,3480,119.9,23.14,23.18,0.393,0.394,2.528,12.0513,39.92,39.91,13.85,7.609,23.91,21.88,17.8,19.09,20.79,17.05,7.405,23.51,21.4,17.39,18.61,20.31,16.64,7.337,23.3,21.26,17.26,18.48,20.11,16.44,7.269,23.03,20.99,17.05,18.21,19.97,16.3,279,501
"2019-04-16 12:44:40.0",788549,3480,120,23.2,23.24,0.394,0.395,2.522,12.0513,39.92,39.91,13.85,7.133,23.23,20.99,16.98,18.14,19.97,16.24,6.93,22.83,20.58,16.64,17.8,19.43,15.9,6.862,22.69,20.45,16.51,17.6,19.36,15.69,6.794,22.49,20.31,16.37,17.46,19.16,15.63,279,501
"2019-04-16 12:45:00.0",788550,3480,120,23.26,23.3,0.395,0.396,2.515,12.0402,39.92,39.91,13.87,6.998,23.37,21.06,16.98,18.07,19.77,16.1,6.862,22.89,20.58,16.64,17.66,19.43,15.76,6.794,22.76,20.45,16.44,17.6,19.23,15.69,6.726,22.56,20.31,16.37,17.46,19.16,15.56,280,500
"2019-04-16 12:45:20.0",788551,3480,120.1,23.32,23.36,0.396,0.397,2.509,12.0402,39.92,39.91,13.87,6.93,23.17,21.06,17.05,18.21,20.04,16.24,6.862,22.89,20.72,16.78,17.94,19.7,16.03,6.794,22.76,20.58,16.71,17.87,19.63,15.97,6.794,22.56,20.45,16.58,17.73,19.57,15.9,280,500
"2019-04-16 12:45:40.0",788552,3480,120.1,23.38,23.42,0.397,0.397,2.503,12.0402,39.92,39.91,13.87,7.405,23.91,22.01,18,19.29,21.33,17.32,7.337,23.64,21.81,17.87,19.16,21.13,17.19,7.337,23.57,21.74,17.8,19.09,21.06,17.12,7.337,23.51,21.67,17.73,19.02,20.99,17.05,280,500
"2019-04-16 12:46:00.0",788553,3480,120.2,23.45,23.48,0.398,0.398,2.497,12.0402,39.92,39.91,13.9,8.22,25.14,23.57,19.5,20.92,23.1,18.89,8.08,24.73,23.23,19.23,20.65,22.83,18.68,8.08,24.59,23.1,19.16,20.58,22.76,18.61,8.08,24.46,22.96,19.09,20.52,22.69,18.55,280,500
"2019-04-16 12:46:20.0",788554,3480,120.3,23.51,23.54,0.399,0.399,2.491,12.0402,39.92,39.91,13.9,9.04,26.29,25.14,20.99,22.62,24.93,20.52,8.97,26.02,24.86,20.86,22.42,24.66,20.31,8.9,25.88,24.73,20.72,22.28,24.59,20.25,8.9,25.75,24.59,20.65,22.22,24.46,20.18,280,500
"2019-04-16 12:46:40.0",788555,3490,120.3,23.57,23.6,0.4,0.4,2.485,12.0513,39.92,39.91,13.9,9.99,27.85,26.9,22.69,24.46,26.77,22.15,9.92,27.51,26.5,22.42,24.12,26.43,21.81,9.85,27.38,26.36,22.22,23.98,26.22,21.67,9.78,27.11,26.16,22.08,23.85,26.09,21.54,281,499
"2019-04-16 12:47:00.0",788556,3490,120.4,23.63,23.67,0.401,0.401,2.479,12.0458,39.92,39.91,13.9,10.12,27.92,26.9,22.69,24.46,26.7,22.15,9.78,27.24,26.16,22.01,23.78,25.95,21.54,9.65,27.04,25.88,21.74,23.51,25.68,21.26,9.58,26.77,25.61,21.54,23.23,25.41,21.06,281,499
"2019-04-16 12:47:20.0",788557,3490,120.4,23.69,23.73,0.402,0.402,2.473,12.0513,39.92,39.91,13.9,9.58,27.24,25.95,21.74,23.44,25.61,21.2,9.31,26.7,25.34,21.2,22.83,24.93,20.65,9.24,26.5,25.14,20.99,22.62,24.66,20.45,9.1,26.22,24.86,20.79,22.35,24.46,20.25,281,499
"2019-04-16 12:47:40.0",788558,3490,120.5,23.75,23.79,0.403,0.403,2.467,12.0513,39.92,39.91,13.9,9.38,27.24,25.88,21.67,23.3,25.41,20.99,9.17,26.7,25.34,21.2,22.76,24.8,20.52,9.1,26.5,25.14,20.99,22.56,24.59,20.38,8.97,26.22,24.86,20.79,22.35,24.39,20.18,281,499
"2019-04-16 12:48:00.0",788559,3490,120.6,23.81,23.85,0.404,0.404,2.462,12.0513,39.92,39.9,13.92,9.31,27.24,25.95,21.67,23.3,25.41,20.99,9.1,26.7,25.41,21.2,22.83,24.8,20.58,9.04,26.5,25.14,20.99,22.62,24.59,20.38,8.9,26.22,24.93,20.79,22.35,24.39,20.18,281,499
"2019-04-16 12:48:20.0",788560,3490,120.6,23.87,23.91,0.405,0.405,2.456,12.0513,39.92,39.91,13.92,9.38,27.38,26.29,22.01,23.71,25.82,21.33,9.24,27.04,25.88,21.67,23.37,25.48,21.06,9.17,26.84,25.75,21.54,23.17,25.27,20.99,9.1,26.63,25.54,21.4,23.03,25.14,20.79,281,499
"2019-04-16 12:48:40.0",788561,3500,120.7,23.93,23.97,0.406,0.406,2.45,12.0458,39.92,39.91,13.92,10.26,28.81,28.06,23.78,25.68,27.85,23.17,10.26,28.6,27.92,23.64,25.54,27.72,23.03,10.19,28.53,27.79,23.57,25.41,27.65,22.96,10.19,28.33,27.72,23.51,25.34,27.58,22.89,282,498
"2019-04-16 12:49:00.0",788562,3500,120.7,23.99,24.03,0.407,0.407,2.444,12.0402,39.92,39.91,13.92,11.21,30.23,29.82,25.48,27.51,29.89,24.93,11.07,29.76,29.42,25.14,27.17,29.55,24.66,11.07,29.55,29.21,25,26.97,29.35,24.53,11.01,29.35,29.01,24.8,26.84,29.14,24.32,282,498
"2019-04-16 12:49:20.0",788563,3500,120.8,24.05,24.09,0.408,0.408,2.439,12.0402,39.92,39.91,13.92,11.69,30.71,30.44,26.16,28.26,30.78,25.75,11.55,30.16,30.03,25.75,27.85,30.3,25.41,11.48,30.03,29.76,25.54,27.65,30.1,25.27,11.35,29.76,29.55,25.34,27.45,29.96,25.07,282,498
"2019-04-16 12:49:40.0",788564,3500,120.9,24.11,24.15,0.409,0.409,2.433,12.0402,39.92,39.91,13.94,12.02,31.12,30.98,26.63,28.81,31.39,26.36,11.89,30.57,30.5,26.22,28.4,30.91,26.02,11.82,30.37,30.23,26.02,28.19,30.71,25.82,11.69,30.1,30.03,25.82,27.92,30.44,25.68,282,498
"2019-04-16 12:50:00.0",788565,3500,120.9,24.17,24.21,0.41,0.41,2.427,12.0402,39.92,39.91,13.94,12.36,31.39,31.32,27.04,29.28,31.93,26.9,12.16,30.84,30.71,26.5,28.67,31.32,26.43,12.02,30.57,30.44,26.22,28.4,31.05,26.16,11.89,30.23,30.1,25.88,28.06,30.64,25.88,282,498
"2019-04-16 12:50:20.0",788566,3500,121,24.23,24.27,0.41,0.411,2.422,12.0513,39.92,39.91,13.94,11.75,30.3,29.82,25.54,27.65,30.3,25.54,11.48,29.62,29.08,24.86,26.9,29.48,24.86,11.35,29.35,28.81,24.59,26.63,29.14,24.59,11.21,29.01,28.47,24.32,26.29,28.87,24.39,283,497
"2019-04-16 12:50:40.0",788567,3500,121,24.3,24.33,0.411,0.412,2.416,12.0513,39.92,39.91,13.94,10.8,28.74,27.85,23.64,25.54,28.13,23.64,10.53,28.13,27.17,23.03,24.86,27.38,23.1,10.46,27.85,26.9,22.83,24.59,27.11,22.89,10.33,27.65,26.63,22.56,24.39,26.84,22.62,283,497
"2019-04-16 12:51:00.0",788568,3500,121.1,24.36,24.39,0.412,0.413,2.411,12.0513,39.92,39.91,13.94,9.92,27.45,26.02,21.88,23.57,26.02,21.88,9.65,26.77,25.34,21.26,22.89,25.27,21.2,9.51,26.56,25.14,21.06,22.62,25,20.99,9.38,26.29,24.86,20.79,22.42,24.8,20.86,283,497
"2019-04-16 12:51:20.0",788569,3500,121.2,24.42,24.45,0.413,0.414,2.405,12.0513,39.92,39.91,13.97,9.1,26.29,24.66,20.58,22.08,24.53,20.52,8.9,25.75,24.19,20.18,21.6,23.98,20.11,8.83,25.54,23.98,19.97,21.47,23.85,19.97,8.76,25.34,23.78,19.84,21.26,23.64,19.77,283,497
"2019-04-16 12:51:40.0",788570,3500,121.2,24.48,24.51,0.414,0.415,2.4,12.0513,39.92,39.91,13.97,8.97,26.16,24.66,20.58,22.08,24.53,20.52,8.83,25.75,24.25,20.18,21.67,24.12,20.18,8.76,25.54,24.05,20.04,21.54,23.98,20.04,8.7,25.34,23.85,19.91,21.4,23.78,19.97,283,497
"2019-04-16 12:52:00.0",788571,3510,121.3,24.54,24.57,0.415,0.416,2.394,12.0402,39.92,39.91,13.97,8.97,26.16,24.73,20.65,22.22,24.73,20.72,8.83,25.75,24.32,20.31,21.81,24.32,20.31,8.76,25.54,24.12,20.18,21.67,24.12,20.25,8.7,25.41,23.98,20.04,21.54,23.98,20.11,284,496
"2019-04-16 12:52:20.0",788572,3510,121.3,24.6,24.63,0.416,0.417,2.389,12.0402,39.92,39.91,13.97,9.04,26.36,24.93,20.86,22.42,24.93,20.86,8.9,25.95,24.53,20.52,22.01,24.53,20.52,8.83,25.82,24.39,20.38,21.88,24.39,20.45,8.76,25.61,24.25,20.25,21.74,24.25,20.31,284,496
"2019-04-16 12:52:40.0",788573,3510,121.4,24.66,24.69,0.417,0.418,2.383,12.0402,39.92,39.91,13.97,9.51,27.65,26.36,22.08,23.78,26.22,21.94,9.44,27.38,26.09,21.88,23.51,25.88,21.74,9.44,27.24,25.95,21.81,23.37,25.82,21.6,9.38,27.11,25.82,21.67,23.3,25.68,21.54,284,496
"2019-04-16 12:53:00.0",788574,3510,121.5,24.72,24.75,0.418,0.419,2.378,12.0458,39.92,39.91,13.97,10.53,29.76,28.67,24.25,26.09,28.4,23.85,10.46,29.48,28.33,23.91,25.75,28.06,23.57,10.39,29.35,28.19,23.78,25.61,27.85,23.51,10.33,29.14,28.06,23.64,25.48,27.72,23.37,284,496
"2019-04-16 12:53:20.0",788575,3510,121.5,24.78,24.81,0.419,0.42,2.373,12.0402,39.92,39.91,13.99,11.07,30.57,29.69,25.2,27.17,29.62,24.93,10.8,29.96,29.08,24.66,26.56,29.01,24.46,10.73,29.69,28.81,24.46,26.36,28.81,24.25,10.67,29.42,28.6,24.25,26.16,28.6,24.12,284,496
"2019-04-16 12:53:40.0",788576,3510,121.6,24.84,24.87,0.42,0.421,2.367,12.0402,39.92,39.91,13.99,11.21,30.64,30.03,25.68,27.65,30.3,25.48,11.01,30.03,29.42,25.07,27.04,29.69,25,10.87,29.76,29.21,24.86,26.84,29.42,24.8,10.8,29.55,28.94,24.73,26.7,29.28,24.66,284,496
"2019-04-16 12:54:00.0",788577,3520,121.7,24.9,24.93,0.421,0.422,2.362,12.0513,39.92,39.91,13.99,11.28,30.64,30.16,25.82,27.79,30.64,25.75,11.01,29.89,29.48,25.2,27.17,29.89,25.14,10.87,29.69,29.21,25,26.97,29.69,25,10.8,29.48,29.01,24.8,26.77,29.48,24.86,285,495
"2019-04-16 12:54:20.0",788578,3520,121.7,24.96,24.99,0.422,0.422,2.357,12.0513,39.92,39.91,13.99,11.35,30.98,30.5,26.09,28.19,30.91,25.95,11.07,30.3,29.82,25.48,27.51,30.16,25.41,11.01,30.03,29.55,25.27,27.31,29.89,25.2,10.94,29.82,29.35,25.07,27.04,29.69,24.93,285,495
"2019-04-16 12:54:40.0",788579,3520,121.8,25.02,25.05,0.423,0.423,2.352,12.0625,39.92,39.91,14.01,11.14,30.64,30.16,25.82,27.79,30.57,25.61,10.87,30.03,29.48,25.2,27.11,29.89,25.07,10.8,29.76,29.21,25,26.9,29.62,24.86,10.67,29.55,29.01,24.8,26.7,29.42,24.66,285,495
"2019-04-16 12:55:00.0",788580,3520,121.8,25.08,25.11,0.424,0.424,2.346,12.0513,39.92,39.91,14.01,11.07,30.5,30.1,25.82,27.79,30.71,25.68,10.87,29.82,29.48,25.2,27.17,30.1,25.14,10.73,29.62,29.21,25,26.97,29.82,25,10.67,29.42,29.01,24.86,26.77,29.62,24.8,285,495
"2019-04-16 12:55:20.0",788581,3520,121.9,25.14,25.17,0.425,0.425,2.341,12.0569,39.92,39.91,14.01,11.14,30.37,30.23,26.02,28.13,31.18,26.09,11.01,29.82,29.76,25.61,27.65,30.64,25.68,10.94,29.69,29.55,25.41,27.45,30.44,25.54,10.87,29.48,29.42,25.34,27.31,30.3,25.41,285,495
"2019-04-16 12:55:40.0",788582,3520,122,25.2,25.23,0.426,0.426,2.336,12.0458,39.92,39.91,14.01,11.75,31.45,31.52,27.17,29.35,32.41,27.17,11.55,30.84,30.84,26.63,28.74,31.73,26.56,11.41,30.64,30.57,26.36,28.47,31.52,26.36,11.41,30.44,30.37,26.22,28.33,31.32,26.22,286,494
"2019-04-16 12:56:00.0",788583,3520,122,25.26,25.29,0.427,0.427,2.331,12.0458,39.92,39.91,14.01,11.75,31.39,31.32,27.11,29.21,32.34,27.04,11.48,30.71,30.57,26.43,28.53,31.59,26.36,11.35,30.37,30.3,26.16,28.26,31.25,26.16,11.28,30.16,30.1,25.95,27.99,31.05,25.95,286,494
"2019-04-16 12:56:20.0",788584,3530,122.1,25.32,25.35,0.428,0.428,2.326,12.0458,39.92,39.91,14.04,11.62,30.98,30.98,26.77,28.87,32.07,26.84,11.41,30.44,30.37,26.22,28.33,31.45,26.29,11.35,30.23,30.16,26.02,28.13,31.18,26.09,11.21,30.03,29.96,25.82,27.92,30.98,25.95,286,494
"2019-04-16 12:56:40.0",788585,3520,122.2,25.38,25.41,0.429,0.429,2.321,12.0458,39.92,39.91,14.04,11.75,31.32,31.25,27.04,29.14,32.27,27.04,11.55,30.71,30.64,26.5,28.6,31.73,26.5,11.48,30.5,30.44,26.29,28.4,31.52,26.36,11.41,30.3,30.23,26.09,28.19,31.32,26.22,286,494
"2019-04-16 12:57:00.0",788586,3520,122.2,25.44,25.47,0.43,0.43,2.316,12.0458,39.92,39.91,14.04,12.16,32,32.07,27.79,30.03,33.09,27.79,11.96,31.45,31.45,27.24,29.42,32.47,27.17,11.82,31.18,31.18,26.97,29.14,32.2,26.97,11.75,30.98,30.98,26.77,28.94,32,26.84,286,494
"2019-04-16 12:57:20.0",788587,3530,122.3,25.5,25.53,0.43,0.431,2.311,12.0458,39.92,39.91,14.04,12.43,32.47,32.61,28.26,30.57,33.7,28.19,12.3,32.07,32.2,27.85,30.1,33.15,27.85,12.23,31.86,32,27.72,29.96,32.95,27.65,12.16,31.66,31.73,27.51,29.76,32.75,27.51,286,494
"2019-04-16 12:57:40.0",788588,3530,122.3,25.56,25.59,0.431,0.432,2.306,12.0569,39.92,39.91,14.04,13.45,34.44,34.65,30.03,32.47,35.33,29.76,13.25,34.04,34.17,29.62,32,34.78,29.28,13.18,33.76,33.9,29.35,31.73,34.51,29.08,13.11,33.56,33.63,29.14,31.45,34.24,28.81,287,493
"2019-04-16 12:58:00.0",788589,3530,122.4,25.62,25.65,0.432,0.433,2.301,12.0513,39.92,39.91,14.06,13.11,33.7,33.63,29.08,31.39,34.31,28.94,12.7,32.75,32.61,28.19,30.44,33.36,28.06,12.57,32.47,32.27,27.85,30.1,33.02,27.79,12.43,32.07,31.93,27.58,29.76,32.68,27.51,287,493
"2019-04-16 12:58:20.0",788590,3530,122.5,25.68,25.71,0.433,0.434,2.296,12.0513,39.92,39.91,14.06,12.36,32.41,32.07,27.58,29.76,32.68,27.51,12.09,31.86,31.39,26.97,29.08,31.93,26.84,11.96,31.52,31.12,26.7,28.81,31.59,26.63,11.82,31.18,30.71,26.43,28.47,31.25,26.36,287,493
"2019-04-16 12:58:40.0",788591,3530,122.5,25.73,25.77,0.434,0.435,2.291,12.0513,39.92,39.91,14.06,11.75,31.52,30.84,26.43,28.47,31.39,26.36,11.41,30.84,30.16,25.82,27.85,30.71,25.75,11.35,30.5,29.89,25.54,27.58,30.44,25.54,11.21,30.23,29.62,25.34,27.31,30.16,25.27,287,493
"2019-04-16 12:59:00.0",788592,3530,122.6,25.79,25.83,0.435,0.436,2.286,12.0513,39.92,39.91,14.09,11.75,31.59,31.25,26.9,29.01,32.07,26.9,11.62,31.18,30.91,26.63,28.67,31.79,26.63,11.62,31.05,30.78,26.5,28.6,31.66,26.56,11.55,30.84,30.64,26.36,28.4,31.52,26.43,287,493
"2019-04-16 12:59:20.0",788593,3540,122.7,25.85,25.88,0.436,0.437,2.281,12.0402,39.92,39.91,14.09,13.25,34.04,34.31,29.76,32.13,35.33,29.76,13.32,33.97,34.17,29.76,32.13,35.19,29.69,13.25,33.76,34.1,29.62,32,35.12,29.55,13.25,33.63,33.97,29.55,31.93,34.99,29.55,288,492
"2019-04-16 12:59:40.0",788594,3540,122.7,25.91,25.94,0.437,0.437,2.277,12.0402,39.92,39.91,14.09,14.74,36.28,36.62,31.93,34.51,37.64,31.86,14.47,35.67,35.94,31.32,33.9,36.89,31.32,14.4,35.33,35.67,31.05,33.56,36.55,31.05,14.27,35.06,35.33,30.71,33.22,36.21,30.71,288,492
