"TOA5","","","1764","CR1000.Std.24","CPU:MFRSR_10012018V2.8.CR1","13574","TableHdr","PbCdlComm-1.6.0 (2016/01/26)"
"TIMESTAMP","RECORD","loggerID""headID""xpgmVerID""xlat""xlon""xSiteElev""xFULLREV""xCRXHSTEPS""xSCANseconds""xSCANnAvg""xSCANtrough""xHOMEoffset""xALLTIMEband"
"TS","RN","--""--""--""deg""deg""m""--""--""sec""--""--""--""--"
"","","Smp""Smp""Smp""Smp""Smp""Smp""Smp""Smp""Smp""Smp""Smp""Smp""Smp"
"2019-04-16 00:00:00.0",372,1764,180054423,2.8,-32.1259,-64.7287,1160,800,20,20,1,10,0,-1
"TOA5","","","1764","CR1000.Std.24","CPU:MFRSR_10012018V2.8.CR1","13574","Table155","PbCdlComm-1.6.0 (2016/01/26)"
"TIMESTAMP","RECORD","xoset""az""el""al""cosz""cosasz""pamass""vBat""Thead""THTC""Tlogger""Dnadir(1)""Dnadir(2)""Dnadir(3)""Dnadir(4)""Dnadir(5)""Dnadir(6)""Dnadir(7)""Deast(1)""Deast(2)""Deast(3)""Deast(4)""Deast(5)""Deast(6)""Deast(7)""Dsun(1)""Dsun(2)""Dsun(3)""Dsun(4)""Dsun(5)""Dsun(6)""Dsun(7)""Dwest(1)""Dwest(2)""Dwest(3)""Dwest(4)""Dwest(5)""Dwest(6)""Dwest(7)""kount""khome"
"TS","RN","sec""deg""deg""deg""--""--""--""Volt""degC""degC""degC""mV""mV""mV""mV""mV""mV""mV""mV""mV""mV""mV""mV""mV""mV""mV""mV""mV""mV""mV""mV""mV""mV""mV""mV""mV""mV""mV""mV""--""--"
"","","Smp""Smp""Smp""Smp""Smp""Smp""Smp""Smp""Smp""Smp""Smp""Smp""Smp""Smp""Smp""Smp""Smp""Smp""Smp""Smp""Smp""Smp""Smp""Smp""Smp""Smp""Smp""Smp""Smp""Smp""Smp""Smp""Smp""Smp""Smp""Smp""Smp""Smp""Smp""Smp""Smp"
"2019-04-16 08:00:00.0",787695,-9999,79.36,-35.12,-35.12,-0.575,-9999,-9999,12.0414,39.84,39.87,12.72,-0.986,-1.038,-1.091,-1.022,-1.038,-1.02,-0.933,-0.969,-1.062,-1.054,-1.012,-1.022,-1.012,-0.917,-0.971,-1.046,-1.077,-1.006,-1.026,-1.012,-0.89,-0.967,-1.036,-1.044,-0.998,-1.024,-1.006,-0.917,0,0
"2019-04-16 08:00:20.0",787696,-9999,79.42,-35.05,-35.05,-0.574,-9999,-9999,12.0414,39.84,39.87,12.72,-0.983,-1.046,-1.111,-1.026,-1.04,-1.014,-0.935,-0.971,-1.048,-1.064,-0.996,-1.02,-0.99,-0.911,-0.977,-1.02,-1.064,-1.004,-1.02,-0.986,-0.894,-0.971,-1.04,-1.066,-0.988,-1.05,-1.006,-0.923,0,700
"2019-04-16 08:00:40.0",787697,-9999,79.47,-34.98,-34.98,-0.573,-9999,-9999,12.0415,39.86,39.87,12.74,-0.983,-1.032,-1.058,-1.01,-1.032,-1.012,-0.921,-0.969,-1.03,-1.046,-1.002,-1.01,-0.986,-0.907,-0.973,-1.056,-1.075,-1.006,-1.022,-0.992,-0.921,-0.973,-1.026,-1.05,-1.004,-1,-1.01,-0.907,0,0
"2019-04-16 08:01:00.0",787698,-9999,79.52,-34.91,-34.91,-0.572,-9999,-9999,12.0415,39.84,39.89,12.74,-0.983,-1.073,-1.083,-1.016,-1.036,-1.04,-0.898,-0.973,-1.034,-1.048,-1.01,-1.028,-1.014,-0.945,-0.981,-1.058,-1.085,-1.01,-1.026,-1.014,-0.937,-0.973,-1.03,-1.066,-1.018,-1.028,-1.038,-0.907,0,0
"2019-04-16 08:01:20.0",787699,-9999,79.58,-34.84,-34.84,-0.571,-9999,-9999,12.036,39.84,39.89,12.74,-0.983,-1.058,-1.097,-1.03,-1.046,-1.032,-0.929,-0.971,-1.022,-1.06,-0.998,-1.02,-1.006,-0.892,-0.969,-1.034,-1.066,-1.006,-1.02,-1.006,-0.919,-0.971,-1.052,-1.058,-1,-1.024,-1.002,-0.913,0,0
"2019-04-16 08:01:40.0",787700,-9999,79.63,-34.77,-34.77,-0.57,-9999,-9999,12.0415,39.86,39.87,12.72,-0.988,-1.03,-1.079,-1.014,-1.048,-1.016,-0.892,-0.971,-1.058,-1.075,-1.008,-1.022,-1.016,-0.909,-0.973,-1.028,-1.077,-1.008,-1.018,-1.006,-0.884,-0.967,-1.038,-1.044,-1,-1.018,-1.032,-0.921,0,0
"2019-04-16 08:02:00.0",787701,-9999,79.68,-34.7,-34.7,-0.569,-9999,-9999,12.0415,39.84,39.87,12.72,-0.979,-1.026,-1.083,-1.014,-1.03,-1.032,-0.892,-0.88,-0.971,-0.951,-0.907,-0.923,-0.903,-0.84,-0.88,-0.967,-0.975,-0.907,-0.929,-0.901,-0.824,-0.878,-0.955,-0.957,-0.909,-0.929,-0.894,-0.791,0,700
"2019-04-16 08:02:20.0",787702,-9999,79.74,-34.63,-34.63,-0.568,-9999,-9999,12.0417,39.84,39.89,12.72,-0.886,-0.953,-0.996,-0.927,-0.949,-0.929,-0.834,-0.878,-0.979,-0.988,-0.917,-0.935,-0.917,-0.828,-0.88,-0.945,-0.992,-0.923,-0.935,-0.911,-0.852,-0.878,-0.981,-0.986,-0.917,-0.939,-0.945,-0.834,0,0
"2019-04-16 08:02:40.0",787703,-9999,79.79,-34.56,-34.56,-0.567,-9999,-9999,12.0417,39.84,39.89,12.67,-0.888,-0.992,-0.996,-0.931,-0.965,-0.933,-0.852,-0.876,-0.963,-0.949,-0.909,-0.943,-0.917,-0.84,-0.876,-0.943,-0.988,-0.919,-0.937,-0.957,-0.848,-0.876,-0.969,-0.979,-0.917,-0.935,-0.935,-0.826,0,0
"2019-04-16 08:03:00.0",787704,-9999,79.84,-34.49,-34.49,-0.566,-9999,-9999,12.0361,39.84,39.89,12.67,-0.89,-0.992,-1.01,-0.931,-0.941,-0.931,-0.826,-0.876,-0.977,-0.979,-0.917,-0.943,-0.927,-0.848,-0.878,-0.983,-1.004,-0.917,-0.957,-0.929,-0.813,-0.882,-0.963,-0.986,-0.921,-0.935,-0.927,-0.866,0,0
"2019-04-16 08:03:20.0",787705,-9999,79.89,-34.42,-34.42,-0.565,-9999,-9999,12.0417,39.84,39.89,12.67,-0.888,-0.992,-1,-0.929,-0.945,-0.939,-0.801,-0.874,-0.945,-0.988,-0.919,-0.935,-0.935,-0.848,-0.876,-0.957,-0.99,-0.923,-0.935,-0.925,-0.813,-0.876,-0.977,-0.981,-0.919,-0.933,-0.919,-0.83,0,0
"2019-04-16 08:03:40.0",787706,-9999,79.95,-34.35,-34.35,-0.564,-9999,-9999,12.0417,39.84,39.89,12.67,-0.898,-0.961,-1.01,-0.937,-0.955,-0.953,-0.834,-0.892,-0.973,-0.981,-0.923,-0.939,-0.927,-0.86,-0.888,-0.961,-1.004,-0.925,-0.943,-0.923,-0.83,-0.89,-0.967,-0.977,-0.915,-0.965,-0.923,-0.813,0,700
"2019-04-16 08:04:00.0",787707,-9999,80,-34.28,-34.28,-0.563,-9999,-9999,12.0418,39.86,39.9,12.7,-0.903,-0.977,-1,-0.947,-0.959,-0.921,-0.832,-0.898,-0.975,-1.004,-0.935,-0.951,-0.939,-0.862,-0.89,-0.996,-1,-0.933,-0.949,-0.941,-0.82,-0.892,-0.949,-1.002,-0.933,-0.949,-0.939,-0.813,0,0
"2019-04-16 08:04:20.0",787708,-9999,80.1,-34.21,-34.21,-0.562,-9999,-9999,12.0418,39.84,39.87,12.7,-0.977,-1.026,-1.083,-1.014,-1.032,-1.012,-0.931,-0.965,-1.034,-1.038,-0.992,-1.014,-0.99,-0.89,-0.973,-1.034,-1.07,-1.004,-1.014,-0.996,-0.925,-0.971,-1.042,-1.054,-0.998,-1.016,-0.99,-0.903,0,0
"2019-04-16 08:04:40.0",787709,-9999,80.1,-34.14,-34.14,-0.561,-9999,-9999,12.0418,39.86,39.87,12.7,-0.979,-1.044,-1.111,-1.026,-1.04,-1.014,-0.927,-0.967,-1.022,-1.05,-1.008,-1.032,-1.008,-0.88,-0.967,-1.032,-1.068,-1.002,-1.02,-0.99,-0.905,-0.967,-1.048,-1.04,-1,-1.02,-1.002,-0.872,0,0
"2019-04-16 08:05:00.0",787710,-9999,80.2,-34.07,-34.07,-0.56,-9999,-9999,12.0418,39.86,39.87,12.67,-0.981,-1.064,-1.07,-1.016,-1.036,-1,-0.919,-0.967,-1.024,-1.075,-1.008,-1.02,-1.018,-0.939,-0.967,-1.06,-1.079,-1.014,-1.03,-1.004,-0.917,-0.967,-1.068,-1.073,-1.016,-1.028,-1.016,-0.89,0,0
"2019-04-16 08:05:20.0",787711,-9999,80.2,-34.01,-34.01,-0.559,-9999,-9999,12.0362,39.84,39.87,12.67,-0.979,-1.024,-1.089,-1.014,-1.024,-1.01,-0.892,-0.969,-1.018,-1.064,-1.002,-1.018,-0.992,-0.929,-0.971,-1.036,-1.058,-1,-1.016,-0.992,-0.88,-0.971,-1.056,-1.068,-1.006,-1.006,-0.99,-0.923,0,700
"2019-04-16 08:05:40.0",787712,-9999,80.3,-33.94,-33.94,-0.558,-9999,-9999,12.0474,39.84,39.87,12.67,-0.977,-1.077,-1.093,-1.02,-1.04,-1.022,-0.937,-0.963,-1.054,-1.087,-1.004,-1.012,-1.036,-0.888,-0.965,-1.014,-1.044,-1.014,-1.018,-1.024,-0.905,-0.967,-1.028,-1.089,-1.008,-1.018,-1.006,-0.876,0,0
"2019-04-16 08:06:00.0",787713,-9999,80.3,-33.87,-33.87,-0.557,-9999,-9999,12.0419,39.86,39.87,12.67,-0.979,-1.07,-1.07,-1.008,-1.03,-0.994,-0.935,-0.965,-1.077,-1.081,-1.01,-1.022,-1.038,-0.939,-0.89,-0.961,-1.006,-0.943,-0.951,-0.963,-0.82,-0.89,-0.967,-0.994,-0.933,-0.951,-0.955,-0.816,0,0
"2019-04-16 08:06:20.0",787714,-9999,80.4,-33.8,-33.8,-0.556,-9999,-9999,12.0363,39.84,39.89,12.67,-0.901,-0.939,-0.992,-0.929,-0.945,-0.929,-0.83,-0.89,-0.975,-0.998,-0.929,-0.947,-0.951,-0.844,-0.892,-0.971,-0.977,-0.931,-0.939,-0.953,-0.84,-0.89,-0.996,-0.996,-0.933,-0.945,-0.953,-0.811,0,0
"2019-04-16 08:06:40.0",787715,-9999,80.4,-33.73,-33.73,-0.555,-9999,-9999,12.0419,39.87,39.89,12.67,-0.898,-0.965,-1.004,-0.933,-0.951,-0.933,-0.816,-0.888,-0.959,-0.977,-0.921,-0.937,-0.925,-0.848,-0.886,-0.971,-0.992,-0.901,-0.935,-0.949,-0.816,-0.888,-0.969,-0.988,-0.927,-0.915,-0.939,-0.842,0,0
"2019-04-16 08:07:00.0",787716,-9999,80.5,-33.66,-33.66,-0.554,-9999,-9999,12.0419,39.87,39.9,12.65,-0.905,-0.983,-1.006,-0.943,-0.957,-0.943,-0.844,-0.888,-0.957,-1.012,-0.933,-0.971,-0.941,-0.816,-0.892,-0.975,-0.973,-0.935,-0.947,-0.933,-0.836,-0.963,-1.064,-1.087,-1.004,-1.024,-1.012,-0.888,0,700
"2019-04-16 08:07:20.0",787717,-9999,80.5,-33.59,-33.59,-0.553,-9999,-9999,12.0419,39.87,39.87,12.65,-0.973,-1.036,-1.085,-1.018,-1.034,-1.006,-0.929,-0.969,-1.032,-1.07,-1.008,-1.028,-1.034,-0.941,-0.969,-1.05,-1.077,-1.006,-1.028,-1.01,-0.898,-0.977,-1.066,-1.075,-1.008,-1.022,-1.01,-0.923,0,0
"2019-04-16 08:07:40.0",787718,-9999,80.6,-33.52,-33.52,-0.552,-9999,-9999,12.0419,39.84,39.89,12.65,-0.979,-1.038,-1.113,-1.024,-1.032,-1.02,-0.917,-0.969,-1.03,-1.095,-1.01,-1.022,-1.02,-0.939,-0.969,-1.024,-1.058,-1.01,-1.026,-1.038,-0.888,-0.975,-1.06,-1.093,-1.008,-1.018,-1.03,-0.921,0,0
"2019-04-16 08:08:00.0",787719,-9999,80.6,-33.45,-33.45,-0.551,-9999,-9999,12.0419,39.86,39.89,12.65,-0.977,-1.02,-1.079,-1.006,-1.026,-1.01,-0.901,-0.967,-1.014,-1.06,-0.996,-1.014,-1.004,-0.921,-0.967,-1.018,-1.083,-0.998,-1.014,-1.022,-0.886,-0.969,-1.052,-1.062,-0.994,-0.994,-1.018,-0.878,0,0
"2019-04-16 08:08:20.0",787720,-9999,80.7,-33.38,-33.38,-0.55,-9999,-9999,12.0419,39.87,39.87,12.65,-0.975,-1.083,-1.083,-1.02,-1.038,-1.022,-0.941,-0.963,-1.062,-1.056,-1.008,-1.02,-1.016,-0.931,-0.967,-1.062,-1.075,-1.008,-1.018,-1.012,-0.89,-0.961,-1.028,-1.077,-1.006,-1.022,-1.006,-0.886,0,0
"2019-04-16 08:08:40.0",787721,-9999,80.7,-33.31,-33.31,-0.549,-9999,-9999,12.0419,39.87,39.89,12.65,-0.981,-1.044,-1.07,-1.004,-1.002,-1.008,-0.89,-0.965,-1.042,-1.091,-1,-1.018,-0.99,-0.933,-0.969,-1.044,-1.073,-0.992,-1.022,-0.99,-0.923,-0.961,-1.062,-1.073,-1.002,-1.046,-0.992,-0.884,0,700
"2019-04-16 08:09:00.0",787722,-9999,80.8,-33.24,-33.24,-0.548,-9999,-9999,12.042,39.87,39.89,12.65,-0.977,-1.081,-1.095,-1.018,-1.038,-1.046,-0.901,-0.963,-1.046,-1.075,-0.998,-1.024,-1.038,-0.911,-0.965,-1.064,-1.093,-1.01,-1.026,-1.006,-0.909,-0.967,-1.07,-1.058,-1.008,-1.018,-1.004,-0.888,0,0
"2019-04-16 08:09:20.0",787723,-9999,80.8,-33.17,-33.17,-0.547,-9999,-9999,12.042,39.86,39.89,12.65,-0.975,-1.022,-1.083,-1.01,-1.02,-1.01,-0.931,-0.963,-1.048,-1.083,-0.996,-1.014,-1.004,-0.917,-0.967,-1.048,-1.042,-1,-1.014,-1.016,-0.878,-0.965,-1.02,-1.064,-0.979,-0.996,-1.02,-0.913,0,0
"2019-04-16 08:09:40.0",787724,-9999,80.9,-33.1,-33.1,-0.546,-9999,-9999,12.042,39.86,39.89,12.65,-0.977,-1.034,-1.089,-1.016,-1.034,-1.022,-0.935,-0.967,-1.046,-1.081,-1.006,-1.028,-0.996,-0.939,-0.967,-1.058,-1.054,-1.01,-1.022,-1.014,-0.888,-0.963,-1.064,-1.07,-1.004,-1.006,-1.008,-0.925,0,0
"2019-04-16 08:10:00.0",787725,-9999,80.9,-33.03,-33.03,-0.545,-9999,-9999,12.042,39.87,39.87,12.65,-0.979,-1.062,-1.07,-1.004,-1.024,-1.03,-0.923,-0.965,-1.032,-1.04,-0.994,-1.014,-1.006,-0.925,-0.965,-1.046,-1.062,-1,-1.016,-0.996,-0.884,-0.967,-1.05,-1.06,-0.994,-1.016,-0.998,-0.911,0,0
"2019-04-16 08:10:20.0",787726,-9999,81,-32.96,-32.96,-0.544,-9999,-9999,12.042,39.87,39.87,12.65,-0.975,-1.044,-1.085,-1.018,-1.03,-1.008,-0.939,-0.963,-1.064,-1.077,-1.008,-1.024,-1.016,-0.933,-0.967,-1.073,-1.058,-1.004,-1.024,-1.01,-0.919,-0.967,-1.038,-1.066,-1.008,-1.024,-1.014,-0.888,0,700
"2019-04-16 08:10:40.0",787727,-9999,81,-32.89,-32.89,-0.543,-9999,-9999,12.042,39.87,39.87,12.65,-0.975,-1.036,-1.089,-1.012,-1.026,-1.016,-0.898,-0.965,-1.062,-1.073,-0.994,-1,-1.006,-0.892,-0.959,-1.018,-1.085,-0.998,-1.024,-1.008,-0.927,-0.965,-1.018,-1.062,-1.002,-1.042,-1.006,-0.909,0,0
"2019-04-16 08:11:00.0",787728,-9999,81.1,-32.82,-32.82,-0.542,-9999,-9999,12.042,39.87,39.9,12.65,-0.981,-1.064,-1.081,-1.016,-1.032,-1.002,-0.919,-0.963,-1.064,-1.05,-1.004,-1.018,-1.012,-0.923,-0.967,-1.024,-1.068,-0.994,-1.018,-0.996,-0.927,-0.965,-1.028,-1.091,-0.99,-1.014,-0.986,-0.905,0,0
"2019-04-16 08:11:20.0",787729,-9999,81.1,-32.75,-32.75,-0.541,-9999,-9999,12.042,39.87,39.89,12.65,-0.977,-1.04,-1.091,-1.008,-1.044,-1.024,-0.935,-0.961,-1.06,-1.073,-1.004,-1.024,-1.022,-0.923,-0.965,-1.07,-1.075,-1.004,-1.026,-1.008,-0.927,-0.963,-1.03,-1.075,-1.004,-1.026,-1.008,-0.903,0,0
"2019-04-16 08:11:40.0",787730,-9999,81.2,-32.68,-32.68,-0.54,-9999,-9999,12.0532,39.87,39.87,12.63,-0.981,-1.032,-1.077,-1.004,-1.054,-1.018,-0.888,-0.965,-1.048,-1.06,-1,-1.016,-1.006,-0.886,-0.965,-1.014,-1.087,-1,-1.014,-1,-0.896,-0.963,-1.034,-1.056,-0.998,-1.01,-0.994,-0.884,0,0
"2019-04-16 08:12:00.0",787731,-9999,81.2,-32.61,-32.61,-0.539,-9999,-9999,12.042,39.87,39.89,12.63,-0.981,-1.058,-1.089,-1.018,-1.034,-1.024,-0.919,-0.967,-1.032,-1.095,-1.012,-1.026,-1.036,-0.931,-0.963,-1.024,-1.05,-1.008,-1.022,-1.008,-0.884,-0.963,-1.046,-1.077,-1.006,-1.016,-1.006,-0.919,0,700
"2019-04-16 08:12:20.0",787732,-9999,81.3,-32.54,-32.54,-0.538,-9999,-9999,12.0421,39.86,39.87,12.63,-0.973,-1.06,-1.068,-1.004,-1.022,-0.994,-0.913,-0.963,-1.046,-1.052,-1.008,-1.024,-1.036,-0.935,-0.965,-1.044,-1.075,-1.008,-1.022,-1.008,-0.884,-0.963,-1.054,-1.073,-0.996,-1.018,-0.983,-0.917,0,0
"2019-04-16 08:12:40.0",787733,-9999,81.4,-32.47,-32.47,-0.537,-9999,-9999,12.0421,39.86,39.87,12.63,-0.975,-1.075,-1.083,-1.016,-1.04,-1.004,-0.913,-0.965,-1.022,-1.066,-1.006,-1.042,-1,-0.907,-0.963,-1.042,-1.083,-1.004,-1.036,-1,-0.913,-0.963,-1.046,-1.042,-0.998,-1.014,-0.996,-0.917,0,0
"2019-04-16 08:13:00.0",787734,-9999,81.4,-32.4,-32.4,-0.536,-9999,-9999,12.0421,39.87,39.87,12.63,-0.977,-1.079,-1.083,-1.018,-1.036,-1.006,-0.939,-0.967,-1.022,-1.087,-1.002,-1.016,-1.016,-0.925,-0.965,-1.016,-1.06,-1,-1.016,-1.024,-0.884,-0.967,-1.026,-1.07,-0.998,-1.014,-1.016,-0.915,0,0
"2019-04-16 08:13:20.0",787735,-9999,81.5,-32.33,-32.33,-0.535,-9999,-9999,12.0421,39.87,39.87,12.63,-0.979,-1.05,-1.056,-1.01,-1.03,-1.002,-0.939,-0.961,-1.024,-1.091,-1.008,-1.02,-1.016,-0.937,-0.965,-1.034,-1.052,-1.008,-1.028,-1.036,-0.89,-0.963,-1.06,-1.073,-1.006,-1.022,-1.008,-0.923,0,0
"2019-04-16 08:13:40.0",787736,-9999,81.5,-32.26,-32.26,-0.534,-9999,-9999,12.0421,39.87,39.89,12.63,-0.975,-1.026,-1.073,-1.008,-1.022,-1.028,-0.921,-0.965,-1.06,-1.036,-0.996,-1.014,-0.986,-0.911,-0.967,-1.064,-1.06,-0.998,-1.016,-1.002,-0.894,-0.971,-1.022,-1.075,-0.996,-1.016,-0.998,-0.921,0,700
"2019-04-16 08:14:00.0",787737,-9999,81.6,-32.19,-32.19,-0.533,-9999,-9999,12.0421,39.86,39.89,12.63,-0.973,-1.026,-1.083,-1.02,-1.04,-1.018,-0.894,-0.967,-1.028,-1.04,-0.994,-1.004,-1.004,-0.923,-0.963,-1.046,-1.066,-1,-0.996,-1.018,-0.905,-0.971,-1.05,-1.056,-0.994,-1.004,-1.014,-0.874,0,0
"2019-04-16 08:14:20.0",787738,-9999,81.6,-32.12,-32.12,-0.532,-9999,-9999,12.0533,39.87,39.89,12.63,-0.979,-1.073,-1.107,-1.02,-1.034,-1.042,-0.937,-0.965,-1.028,-1.06,-0.998,-1.01,-1.024,-0.917,-0.963,-1.028,-1.058,-1,-1.012,-0.983,-0.88,-0.961,-1.05,-1.034,-0.996,-1.018,-0.977,-0.911,0,0
"2019-04-16 08:14:40.0",787739,-9999,81.7,-32.06,-32.06,-0.531,-9999,-9999,12.0421,39.87,39.89,12.63,-0.971,-1.087,-1.093,-1.018,-1.034,-1.022,-0.89,-0.965,-1.02,-1.062,-1.006,-1.014,-1.012,-0.933,-0.967,-1.016,-1.075,-1.006,-1.018,-0.986,-0.882,-0.963,-1.028,-1.085,-1.002,-1.02,-0.988,-0.915,0,0
"2019-04-16 08:15:00.0",787740,-9999,81.7,-31.99,-31.99,-0.53,-9999,-9999,12.0421,39.87,39.89,12.63,-0.977,-1.026,-1.07,-1.002,-1.024,-1.006,-0.892,-0.969,-1.064,-1.066,-1.002,-1.022,-1.016,-0.939,-0.965,-1.06,-1.07,-1.004,-1.014,-0.994,-0.89,-0.959,-1.032,-1.087,-1.004,-1.018,-1.008,-0.923,0,0
"2019-04-16 08:15:20.0",787741,-9999,81.8,-31.92,-31.92,-0.529,-9999,-9999,12.0421,39.87,39.89,12.63,-0.977,-1.07,-1.085,-1.022,-1.034,-1.014,-0.913,-0.965,-1.026,-1.048,-1,-1.016,-1.026,-0.888,-0.965,-1.014,-1.073,-1,-1.018,-1.006,-0.892,-0.961,-1.026,-1.06,-1,-1.012,-0.998,-0.878,0,700
"2019-04-16 08:15:40.0",787742,-9999,81.8,-31.85,-31.85,-0.528,-9999,-9999,12.0366,39.87,39.87,12.63,-0.973,-1.073,-1.087,-1.014,-1.032,-1.038,-0.888,-0.965,-1.024,-1.064,-0.996,-1.014,-1.002,-0.933,-0.973,-1.036,-1.089,-1,-1.018,-0.99,-0.915,-0.965,-1.044,-1.05,-1.006,-1.02,-0.992,-0.89,0,0
"2019-04-16 08:16:00.0",787743,-9999,81.9,-31.78,-31.78,-0.527,-9999,-9999,12.0421,39.87,39.9,12.63,-0.979,-1.028,-1.097,-1.016,-1.046,-1.014,-0.907,-0.963,-1.014,-1.06,-0.996,-1.012,-1,-0.886,-0.963,-1.034,-1.064,-0.996,-1.014,-0.99,-0.901,-0.965,-1.06,-1.05,-0.994,-1.012,-0.994,-0.878,0,0
"2019-04-16 08:16:20.0",787744,-9999,81.9,-31.71,-31.71,-0.526,-9999,-9999,12.0366,39.87,39.89,12.63,-0.975,-1.073,-1.097,-1.012,-1.03,-1.032,-0.901,-0.961,-1.042,-1.056,-0.994,-1.014,-1.002,-0.884,-0.969,-1.056,-1.064,-1.004,-1.008,-1.014,-0.913,-0.963,-1.022,-1.036,-0.996,-1.014,-1.016,-0.907,0,0
"2019-04-16 08:16:40.0",787745,-9999,82,-31.64,-31.64,-0.525,-9999,-9999,12.0421,39.87,39.87,12.63,-0.977,-1.044,-1.062,-1.006,-1.028,-1.004,-0.913,-0.965,-1.046,-1.089,-1.002,-1.018,-1.01,-0.933,-0.967,-1.064,-1.073,-1.004,-1.03,-1.03,-0.888,-0.965,-1.066,-1.075,-1.008,-1.02,-1.026,-0.921,0,0
"2019-04-16 08:17:00.0",787746,-9999,82,-31.57,-31.57,-0.523,-9999,-9999,12.0421,39.87,39.89,12.63,-0.977,-1.036,-1.075,-1.01,-1.032,-1.014,-0.903,-0.963,-1.058,-1.05,-1.008,-1.044,-1.01,-0.892,-0.961,-1.06,-1.066,-1.004,-1.022,-1.008,-0.907,-0.963,-1.02,-1.083,-1,-1.012,-1.002,-0.88,0,700
"2019-04-16 08:17:20.0",787747,-9999,82.1,-31.5,-31.5,-0.522,-9999,-9999,12.0422,39.87,39.9,12.63,-0.971,-1.044,-1.064,-1.008,-1.024,-1.012,-0.925,-0.963,-1.046,-1.062,-0.998,-1.02,-0.99,-0.905,-0.965,-1.068,-1.066,-1.002,-1.02,-1.002,-0.927,-0.965,-1.032,-1.073,-1.006,-1.022,-1.004,-0.886,0,0
"2019-04-16 08:17:40.0",787748,-9999,82.1,-31.43,-31.43,-0.521,-9999,-9999,12.0422,39.87,39.89,12.63,-0.981,-1.06,-1.083,-1.016,-1.034,-1.044,-0.933,-0.959,-1.05,-1.052,-0.981,-1.01,-1,-0.905,-0.965,-1.05,-1.054,-0.992,-1.012,-1.014,-0.923,-0.959,-1.052,-1.034,-0.994,-1.01,-1.014,-0.899,0,0
"2019-04-16 08:18:00.0",787749,-9999,82.2,-31.36,-31.36,-0.52,-9999,-9999,12.0422,39.87,39.87,12.63,-0.977,-1.046,-1.062,-1.016,-1.048,-1.002,-0.894,-0.965,-1.014,-1.05,-0.992,-1.006,-1.024,-0.921,-0.963,-1.012,-1.05,-0.994,-1.01,-0.981,-0.878,-0.959,-1.034,-1.06,-0.994,-1.012,-0.981,-0.909,0,0
"2019-04-16 08:18:20.0",787750,-9999,82.2,-31.29,-31.29,-0.519,-9999,-9999,12.0422,39.87,39.89,12.63,-0.973,-1.044,-1.077,-1.008,-1.026,-1.032,-0.884,-0.961,-1.054,-1.058,-0.994,-1.016,-1.006,-0.925,-0.963,-1.064,-1.064,-1,-1.016,-1.01,-0.888,-0.961,-1.062,-1.064,-1.002,-1.02,-1,-0.919,0,0
"2019-04-16 08:18:40.0",787751,-9999,82.3,-31.22,-31.22,-0.518,-9999,-9999,12.0422,39.87,39.87,12.63,-0.973,-1.06,-1.068,-0.998,-1.02,-1.002,-0.886,-0.963,-1.062,-1.058,-0.992,-0.994,-0.986,-0.925,-0.971,-1.03,-1.04,-1.002,-1.018,-1.002,-0.89,-0.961,-1.024,-1.062,-1.004,-1.022,-1.004,-0.919,0,700
"2019-04-16 08:19:00.0",787752,-9999,82.3,-31.15,-31.15,-0.517,-9999,-9999,12.0422,39.87,39.89,12.63,-0.973,-1.03,-1.075,-1.006,-1.026,-1.012,-0.917,-0.961,-1.008,-1.085,-1,-1.018,-0.994,-0.892,-0.961,-1.034,-1.038,-1,-1.016,-0.994,-0.892,-0.959,-1.03,-1.06,-0.996,-1.012,-0.996,-0.874,0,0
"2019-04-16 08:19:20.0",787753,-9999,82.4,-31.08,-31.08,-0.516,-9999,-9999,12.0422,39.87,39.87,12.63,-0.971,-1.038,-1.06,-1.004,-1.02,-0.988,-0.921,-0.961,-1.04,-1.093,-1.01,-1.014,-1.006,-0.892,-0.963,-1.038,-1.071,-1.004,-1.018,-0.99,-0.915,-0.957,-1.054,-1.064,-0.998,-1.016,-0.998,-0.888,0,0
"2019-04-16 08:19:40.0",787754,-9999,82.4,-31.01,-31.01,-0.515,-9999,-9999,12.0477,39.87,39.89,12.63,-0.975,-1.056,-1.064,-1.01,-1.022,-1.006,-0.921,-0.961,-1.06,-1.066,-1.004,-1.008,-1.03,-0.905,-0.963,-1.048,-1.085,-1.01,-1.022,-0.996,-0.907,-0.961,-1.02,-1.075,-1.004,-1.002,-0.986,-0.872,0,0
"2019-04-16 08:20:00.0",787755,-9999,82.5,-30.94,-30.94,-0.514,-9999,-9999,12.0422,39.87,39.89,12.63,-0.973,-1.04,-1.101,-1.016,-1.056,-1.018,-0.896,-0.961,-1.01,-1.058,-0.992,-0.998,-0.994,-0.907,-0.961,-1.018,-1.058,-0.992,-1.01,-1.018,-0.913,-0.961,-1.006,-1.052,-0.986,-0.996,-0.992,-0.876,0,0
"2019-04-16 08:20:20.0",787756,-9999,82.5,-30.87,-30.87,-0.513,-9999,-9999,12.0422,39.87,39.89,12.63,-0.973,-1.024,-1.052,-1,-1.018,-1.008,-0.886,-0.963,-1.018,-1.071,-0.992,-1.02,-1.01,-0.919,-0.965,-1.032,-1.075,-1.002,-1.018,-0.99,-0.921,-0.961,-1.024,-1.075,-1,-1.022,-0.996,-0.882,0,700
"2019-04-16 08:20:40.0",787757,-9999,82.6,-30.8,-30.8,-0.512,-9999,-9999,12.0426,39.87,39.89,12.63,-0.967,-1.056,-1.073,-1.004,-1.022,-0.99,-0.901,-0.961,-1.034,-1.048,-0.99,-1.002,-0.998,-0.921,-0.967,-1.036,-1.036,-0.994,-1.012,-1.002,-0.884,-0.959,-1.052,-1.062,-0.998,-1.01,-1.014,-0.917,0,0
"2019-04-16 08:21:00.0",787758,-9999,82.6,-30.73,-30.73,-0.511,-9999,-9999,12.0426,39.87,39.88,12.63,-0.969,-1.034,-1.083,-1.014,-1.03,-1.034,-0.892,-0.955,-1.052,-1.081,-1.002,-1.016,-1.004,-0.903,-0.959,-1.048,-1.052,-0.994,-1.012,-1.002,-0.911,-0.955,-1.032,-1.066,-0.992,-1.024,-0.992,-0.899,0,0
"2019-04-16 08:21:20.0",787759,-9999,82.7,-30.66,-30.66,-0.51,-9999,-9999,12.037,39.87,39.88,12.63,-0.971,-1.034,-1.077,-1.006,-1.022,-1.002,-0.915,-0.963,-1.016,-1.056,-0.998,-1.016,-0.988,-0.915,-0.965,-1.02,-1.089,-1.002,-1.004,-1.008,-0.927,-0.963,-1.044,-1.048,-0.998,-1.018,-1.002,-0.905,0,0
"2019-04-16 08:21:40.0",787760,-9999,82.7,-30.59,-30.59,-0.509,-9999,-9999,12.0426,39.87,39.88,12.63,-0.971,-1.052,-1.075,-0.998,-1.026,-0.994,-0.905,-0.961,-1.046,-1.044,-0.992,-1.01,-0.998,-0.925,-0.959,-1.052,-1.056,-0.992,-1.01,-0.977,-0.868,-0.961,-1.056,-1.06,-0.988,-1.002,-0.988,-0.89,0,0
"2019-04-16 08:22:00.0",787761,-9999,82.8,-30.52,-30.52,-0.508,-9999,-9999,12.0426,39.87,39.86,12.63,-0.971,-1.026,-1.083,-1.01,-1.03,-1.004,-0.886,-0.961,-1.012,-1.054,-0.994,-1.004,-1.014,-0.907,-0.967,-1.01,-1.052,-0.988,-1.018,-0.981,-0.915,-0.961,-1.014,-1.054,-0.986,-1.01,-0.971,-0.874,0,700
"2019-04-16 08:22:20.0",787762,-9999,82.8,-30.45,-30.45,-0.507,-9999,-9999,12.0425,39.87,39.86,12.63,-0.969,-1.058,-1.064,-1.002,-1.018,-1,-0.909,-0.961,-1.048,-1.046,-1.004,-1.018,-1.008,-0.888,-0.959,-1.05,-1.066,-1.002,-1.018,-1.03,-0.915,-0.965,-1.03,-1.093,-1.002,-1.02,-1.002,-0.901,0,0
"2019-04-16 08:22:40.0",787763,-9999,82.9,-30.38,-30.38,-0.506,-9999,-9999,12.0425,39.87,39.86,12.63,-0.969,-1.073,-1.103,-1.012,-1.028,-1.022,-0.892,-0.959,-1.034,-1.062,-0.986,-1.004,-0.996,-0.927,-0.959,-1.036,-1.052,-0.994,-1.006,-1.01,-0.878,-0.961,-1.042,-1.06,-1,-1.02,-1.016,-0.905,0,0
"2019-04-16 08:23:00.0",787764,-9999,82.9,-30.31,-30.31,-0.505,-9999,-9999,12.0425,39.87,39.86,12.63,-0.971,-1.056,-1.062,-0.998,-1.018,-0.998,-0.921,-0.953,-1.042,-1.062,-1.004,-1.04,-1.008,-0.929,-0.963,-1.04,-1.069,-1.002,-1.02,-1.006,-0.89,-0.959,-1.058,-1.085,-1.004,-1.016,-1.006,-0.901,0,0
"2019-04-16 08:23:20.0",787765,-9999,83,-30.24,-30.24,-0.504,-9999,-9999,12.0425,39.87,39.88,12.63,-0.971,-1.075,-1.069,-1.006,-1.01,-1.01,-0.896,-0.963,-1.032,-1.077,-1,-1.016,-1.028,-0.913,-0.961,-1.036,-1.069,-1.002,-1.018,-1.002,-0.913,-0.957,-1.048,-1.062,-0.998,-1.01,-0.984,-0.876,0,0
"2019-04-16 08:23:40.0",787766,-9999,83,-30.17,-30.17,-0.503,-9999,-9999,12.0425,39.87,39.89,12.63,-0.965,-1.044,-1.083,-1.014,-1.028,-0.998,-0.935,-0.959,-1.054,-1.069,-0.996,-1.014,-0.996,-0.888,-0.961,-1.046,-1.056,-0.99,-1.008,-0.977,-0.901,-0.957,-1.01,-1.054,-0.986,-1.01,-0.992,-0.899,0,700
"2019-04-16 08:24:00.0",787767,-9999,83.1,-30.1,-30.1,-0.501,-9999,-9999,12.0425,39.87,39.89,12.63,-0.969,-1.014,-1.062,-1.002,-1.02,-1.002,-0.923,-0.961,-1.06,-1.05,-1.002,-1.016,-1.016,-0.894,-0.957,-1.06,-1.062,-1.004,-1.022,-1.028,-0.913,-0.965,-1.018,-1.087,-0.998,-1.012,-1.014,-0.917,0,0
"2019-04-16 08:24:20.0",787768,-9999,83.1,-30.03,-30.03,-0.5,-9999,-9999,12.0425,39.87,39.86,12.63,-0.971,-1.06,-1.06,-1.012,-1.032,-1.016,-0.923,-0.959,-1.014,-1.06,-0.99,-0.994,-0.984,-0.931,-0.967,-1.014,-1.046,-0.996,-1.02,-1.008,-0.888,-0.961,-1.02,-1.064,-1.002,-1.022,-1,-0.911,0,0
"2019-04-16 08:24:40.0",787769,-9999,83.2,-29.96,-29.96,-0.499,-9999,-9999,12.0425,39.87,39.88,12.63,-0.977,-1.028,-1.064,-1.004,-1.024,-1.034,-0.929,-0.965,-1.058,-1.05,-1,-1.022,-1.012,-0.897,-0.959,-1.056,-1.066,-1,-1.024,-1.024,-0.909,-0.965,-1.016,-1.075,-0.998,-1.016,-1.018,-0.915,0,0
"2019-04-16 08:25:00.0",787770,-9999,83.2,-29.89,-29.89,-0.498,-9999,-9999,12.0425,39.87,39.88,12.63,-0.977,-1.03,-1.095,-1.012,-1.058,-1.012,-0.905,-0.959,-1.056,-1.077,-1.002,-1.016,-1.012,-0.894,-0.959,-1.056,-1.093,-1.008,-1.036,-1.026,-0.901,-0.961,-1.048,-1.044,-1,-1.006,-1,-0.909,0,0
"2019-04-16 08:25:20.0",787771,-9999,83.3,-29.82,-29.82,-0.497,-9999,-9999,12.0425,39.87,39.88,12.63,-0.967,-1.03,-1.083,-1.014,-1.034,-1.02,-0.901,-0.961,-1.044,-1.034,-0.99,-1.028,-0.984,-0.897,-0.959,-1.046,-1.048,-0.994,-1.008,-0.992,-0.919,-0.955,-1.046,-1.05,-0.986,-1.008,-0.988,-0.894,0,700
"2019-04-16 08:25:40.0",787772,-9999,83.3,-29.75,-29.75,-0.496,-9999,-9999,12.0424,39.88,39.88,12.63,-0.971,-1.056,-1.087,-0.998,-1.016,-1,-0.921,-0.957,-1.02,-1.066,-1.006,-1.014,-1.014,-0.933,-0.959,-1.022,-1.081,-1.004,-1.012,-1.026,-0.878,-0.959,-1.012,-1.038,-0.994,-1.01,-1.016,-0.907,0,0
"2019-04-16 08:26:00.0",787773,-9999,83.4,-29.68,-29.68,-0.495,-9999,-9999,12.0424,39.88,39.86,12.63,-0.969,-1.022,-1.058,-1.006,-1.022,-1.01,-0.921,-0.963,-1.066,-1.064,-0.998,-1.016,-1.01,-0.937,-0.967,-1.042,-1.05,-0.99,-1.036,-1.004,-0.884,-0.959,-1.058,-1.058,-1,-1.02,-1.002,-0.923,0,0
"2019-04-16 08:26:20.0",787774,-9999,83.4,-29.61,-29.61,-0.494,-9999,-9999,12.0424,39.88,39.88,12.63,-0.971,-1.073,-1.06,-1.01,-1.028,-0.998,-0.894,-0.955,-1.026,-1.071,-0.99,-1.008,-1.012,-0.882,-0.967,-1.002,-1.056,-0.986,-1.006,-0.99,-0.903,-0.961,-1.036,-1.044,-0.992,-1.022,-0.973,-0.909,0,0
"2019-04-16 08:26:40.0",787775,-9999,83.5,-29.54,-29.54,-0.493,-9999,-9999,12.0424,39.88,39.86,12.63,-0.969,-1.038,-1.046,-1,-1.026,-1.006,-0.89,-0.961,-1.05,-1.073,-0.992,-1.014,-0.994,-0.907,-0.961,-1.056,-1.064,-0.998,-1.01,-0.996,-0.915,-0.959,-1.018,-1.06,-0.988,-1.014,-0.979,-0.88,0,0
"2019-04-16 08:27:00.0",787776,-9999,83.5,-29.47,-29.47,-0.492,-9999,-9999,12.0368,39.88,39.86,12.63,-0.971,-1.028,-1.081,-1.014,-1.03,-0.996,-0.929,-0.957,-1.022,-1.058,-0.994,-1.002,-0.998,-0.884,-0.961,-1.018,-1.032,-0.99,-1.012,-0.988,-0.901,-0.959,-1.04,-1.048,-0.988,-1.012,-0.992,-0.905,0,700
"2019-04-16 08:27:20.0",787777,-9999,83.5,-29.4,-29.4,-0.491,-9999,-9999,12.0428,39.88,39.89,12.63,-0.969,-1.064,-1.075,-1.014,-1.026,-1.028,-0.892,-0.965,-1.014,-1.058,-0.992,-1.004,-0.998,-0.901,-0.959,-1.028,-1.03,-0.977,-1.004,-1.012,-0.915,-0.957,-1.028,-1.054,-0.99,-1.006,-0.99,-0.894,0,0
"2019-04-16 08:27:40.0",787778,-9999,83.6,-29.33,-29.33,-0.49,-9999,-9999,12.0428,39.88,39.89,12.63,-0.973,-1.048,-1.081,-1.014,-1.024,-1.012,-0.888,-0.961,-1.046,-1.06,-0.996,-1.014,-1.002,-0.921,-0.951,-1.05,-1.036,-0.994,-1.016,-0.992,-0.87,-0.957,-1.048,-1.058,-0.99,-1.01,-0.977,-0.909,0,0
"2019-04-16 08:28:00.0",787779,-9999,83.6,-29.26,-29.26,-0.489,-9999,-9999,12.0428,39.88,39.89,12.63,-0.967,-1.03,-1.062,-0.998,-1.02,-1.004,-0.888,-0.961,-1.042,-1.038,-0.994,-1.004,-0.996,-0.925,-0.961,-1.062,-1.058,-0.994,-1.014,-1,-0.872,-0.959,-1.046,-1.06,-0.996,-1.006,-0.979,-0.903,0,0
"2019-04-16 08:28:20.0",787780,-9999,83.7,-29.19,-29.19,-0.488,-9999,-9999,12.0428,39.88,39.87,12.63,-0.973,-1.044,-1.075,-1.01,-1.03,-1.014,-0.892,-0.957,-1.04,-1.054,-0.99,-1.002,-0.998,-0.878,-0.959,-1.046,-1.034,-0.988,-1.034,-1.018,-0.901,-0.957,-1.044,-1.054,-0.988,-1.004,-0.977,-0.874,0,0
"2019-04-16 08:28:40.0",787781,-9999,83.7,-29.12,-29.12,-0.487,-9999,-9999,12.0428,39.88,39.89,12.63,-0.969,-1.067,-1.097,-1.014,-1.034,-1.014,-0.909,-0.955,-1.046,-1.056,-0.988,-1.006,-0.982,-0.886,-0.959,-1.048,-1.05,-0.994,-0.992,-1.008,-0.897,-0.961,-1,-1.054,-0.99,-0.99,-0.984,-0.901,0,700
"2019-04-16 08:29:00.0",787782,-9999,83.8,-29.05,-29.05,-0.486,-9999,-9999,12.0427,39.88,39.89,12.63,-0.971,-1.062,-1.079,-1.004,-1.03,-0.998,-0.89,-0.957,-1.004,-1.048,-0.994,-1.028,-0.982,-0.89,-0.957,-1.008,-1.052,-0.992,-1.008,-0.99,-0.87,-0.955,-1.004,-1.05,-0.99,-1.002,-1.014,-0.907,0,0
"2019-04-16 08:29:20.0",787783,-9999,83.8,-28.98,-28.98,-0.484,-9999,-9999,12.0427,39.88,39.89,12.63,-0.969,-1.016,-1.06,-0.996,-1.016,-0.988,-0.884,-0.959,-1.069,-1.062,-0.992,-1.014,-0.992,-0.927,-0.959,-1.04,-1.087,-0.998,-1.02,-1.002,-0.925,-0.957,-1.062,-1.042,-1,-0.996,-1.004,-0.909,0,0
"2019-04-16 08:29:40.0",787784,-9999,83.9,-28.91,-28.91,-0.483,-9999,-9999,12.0427,39.88,39.87,12.63,-0.969,-1.052,-1.071,-1.002,-1.012,-1.006,-0.89,-0.959,-1.01,-1.058,-0.986,-1.004,-1.014,-0.909,-0.959,-1.008,-1.071,-0.986,-1.004,-0.977,-0.921,-0.955,-1.014,-1.042,-0.99,-1.008,-0.988,-0.87,0,0
"2019-04-16 08:30:00.0",787785,-9999,83.9,-28.84,-28.84,-0.482,-9999,-9999,12.0427,39.88,39.87,12.63,-0.971,-1.056,-1.095,-1.014,-1.028,-1.01,-0.927,-0.961,-1,-1.042,-0.986,-0.988,-0.992,-0.913,-0.961,-1.006,-1.052,-0.992,-1.008,-0.992,-0.909,-0.957,-1.01,-1.048,-0.99,-1,-0.988,-0.864,0,0
"2019-04-16 08:30:20.0",787786,-9999,84,-28.77,-28.77,-0.481,-9999,-9999,12.0427,39.88,39.87,12.63,-0.965,-1.022,-1.069,-1.004,-1.04,-1.01,-0.919,-0.955,-1.046,-1.05,-0.977,-1.008,-1.02,-0.892,-0.959,-1.048,-1.054,-0.992,-1.01,-0.979,-0.907,-0.959,-1.05,-1.075,-0.988,-1.008,-0.988,-0.874,0,700
"2019-04-16 08:30:40.0",787787,-9999,84,-28.7,-28.7,-0.48,-9999,-9999,12.043,39.88,39.87,12.63,-0.971,-1.042,-1.05,-1.01,-1.018,-1.002,-0.878,-0.957,-1.054,-1.044,-0.99,-1.004,-0.998,-0.923,-0.953,-1.054,-1.069,-0.99,-1.008,-1.016,-0.888,-0.959,-1.032,-1.058,-0.996,-1.002,-0.998,-0.915,0,0
"2019-04-16 08:31:00.0",787788,-9999,84.1,-28.63,-28.63,-0.479,-9999,-9999,12.0542,39.88,39.89,12.63,-0.967,-1.024,-1.069,-1.006,-1.03,-1.01,-0.905,-0.957,-1.018,-1.05,-0.988,-1.008,-0.998,-0.876,-0.957,-1.028,-1.075,-0.994,-1.026,-1.012,-0.911,-0.959,-1.024,-1.054,-0.986,-1.026,-0.988,-0.862,0,0
"2019-04-16 08:31:20.0",787789,-9999,84.1,-28.56,-28.56,-0.478,-9999,-9999,12.043,39.88,39.89,12.63,-0.973,-1.052,-1.095,-1.01,-1.026,-1.012,-0.913,-0.955,-1.05,-1.069,-1,-1.018,-1.024,-0.894,-0.957,-1.058,-1.069,-1,-1.024,-0.992,-0.921,-0.957,-1.058,-1.089,-0.998,-1.016,-0.988,-0.878,0,0
"2019-04-16 08:31:40.0",787790,-9999,84.2,-28.48,-28.48,-0.477,-9999,-9999,12.043,39.88,39.89,12.63,-0.969,-1.056,-1.06,-0.996,-1.016,-0.986,-0.921,-0.957,-1.034,-1.04,-0.996,-0.994,-1.004,-0.929,-0.967,-1.042,-1.042,-1.006,-1.016,-1,-0.899,-0.955,-1.038,-1.064,-0.994,-1.016,-0.979,-0.919,0,0
"2019-04-16 08:32:00.0",787791,-9999,84.2,-28.41,-28.41,-0.476,-9999,-9999,12.043,39.88,39.89,12.63,-0.969,-1.056,-1.038,-1,-1.022,-0.99,-0.88,-0.959,-1.028,-1.081,-0.996,-1.036,-1.006,-0.897,-0.961,-1.04,-1.081,-1.002,-1.016,-1.002,-0.907,-0.961,-1.06,-1.046,-1,-1.012,-0.986,-0.913,0,700
"2019-04-16 08:32:20.0",787792,-9999,84.3,-28.34,-28.34,-0.475,-9999,-9999,12.0429,39.88,39.89,12.65,-0.967,-1.052,-1.064,-0.994,-1.014,-0.986,-0.886,-0.955,-1.044,-1.091,-0.994,-1.012,-0.996,-0.892,-0.959,-1.036,-1.083,-1.002,-1.016,-1.002,-0.901,-0.957,-1.03,-1.04,-0.998,-1.01,-1.018,-0.872,0,0
"2019-04-16 08:32:40.0",787793,-9999,84.3,-28.27,-28.27,-0.474,-9999,-9999,12.0429,39.88,39.89,12.65,-0.967,-1.069,-1.069,-1.008,-1.026,-1.028,-0.911,-0.959,-1.038,-1.062,-1,-1.018,-0.998,-0.907,-0.957,-1.026,-1.05,-1.002,-1.014,-0.994,-0.917,-0.955,-1.052,-1.056,-0.994,-1.01,-1.012,-0.868,0,0
"2019-04-16 08:33:00.0",787794,-9999,84.4,-28.2,-28.2,-0.473,-9999,-9999,12.0429,39.88,39.87,12.65,-0.971,-1.03,-1.054,-1.012,-1.03,-1.012,-0.909,-0.957,-1.044,-1.073,-0.99,-1.026,-1,-0.901,-0.959,-1.042,-1.052,-0.994,-1.006,-1.004,-0.909,-0.955,-1.038,-1.046,-0.992,-1.002,-1.008,-0.874,0,0
"2019-04-16 08:33:20.0",787795,-9999,84.4,-28.13,-28.13,-0.472,-9999,-9999,12.0429,39.88,39.87,12.65,-0.977,-1.06,-1.069,-1.004,-1.018,-1.004,-0.901,-0.953,-1.028,-1.056,-0.986,-1.01,-0.986,-0.886,-0.961,-1.034,-1.071,-0.996,-1.016,-0.998,-0.901,-0.953,-1.056,-1.06,-0.996,-1.014,-1.02,-0.878,0,0
"2019-04-16 08:33:40.0",787796,-9999,84.5,-28.06,-28.06,-0.47,-9999,-9999,12.0429,39.88,39.87,12.65,-0.969,-1.067,-1.058,-0.99,-1.018,-1.002,-0.921,-0.965,-1.058,-1.064,-0.998,-1.012,-0.998,-0.933,-0.959,-1.062,-1.067,-1.002,-1.014,-0.998,-0.888,-0.955,-1.058,-1.085,-0.998,-1.016,-1.024,-0.921,0,700
"2019-04-16 08:34:00.0",787797,-9999,84.5,-27.99,-27.99,-0.469,-9999,-9999,12.0427,39.88,39.89,12.65,-0.967,-1.044,-1.065,-1.002,-1.022,-1.028,-0.884,-0.955,-1.018,-1.044,-1,-1.018,-1.01,-0.913,-0.959,-1.018,-1.042,-1.004,-1.014,-1.002,-0.919,-0.955,-1.024,-1.067,-1,-1.02,-1.002,-0.878,0,0
"2019-04-16 08:34:20.0",787798,-9999,84.6,-27.92,-27.92,-0.468,-9999,-9999,12.0427,39.88,39.89,12.65,-0.969,-1.026,-1.048,-1.002,-1.014,-0.986,-0.901,-0.955,-1.058,-1.062,-1.002,-1.014,-0.988,-0.933,-0.961,-1.067,-1.093,-1.002,-1.014,-1.002,-0.925,-0.959,-1.02,-1.073,-1.008,-1.016,-1.024,-0.89,0,0
"2019-04-16 08:34:40.0",787799,-9999,84.6,-27.85,-27.85,-0.467,-9999,-9999,12.0427,39.88,39.91,12.65,-0.971,-1.038,-1.073,-1.002,-1.016,-0.998,-0.882,-0.957,-1.024,-1.065,-0.996,-1.014,-1.028,-0.886,-0.967,-1.03,-1.052,-0.996,-1.016,-0.99,-0.886,-0.957,-1.05,-1.062,-1,-1.02,-0.988,-0.919,0,0
"2019-04-16 08:35:00.0",787800,-9999,84.7,-27.78,-27.78,-0.466,-9999,-9999,12.0427,39.88,39.88,12.65,-0.969,-1.026,-1.079,-1.008,-1.024,-0.994,-0.895,-0.963,-1.048,-1.087,-0.996,-1.014,-1.01,-0.919,-0.957,-1.054,-1.083,-0.998,-1.034,-1.02,-0.878,-0.959,-1.04,-1.044,-0.994,-1.026,-0.998,-0.886,0,0
"2019-04-16 08:35:20.0",787801,-9999,84.7,-27.71,-27.71,-0.465,-9999,-9999,12.0427,39.88,39.91,12.65,-0.967,-1.018,-1.05,-1.006,-1.022,-1.002,-0.913,-0.961,-1.008,-1.062,-0.992,-1.014,-0.982,-0.89,-0.959,-1.008,-1.062,-0.994,-1.012,-0.998,-0.909,-0.957,-1.022,-1.058,-0.998,-1.012,-1.018,-0.927,0,700
"2019-04-16 08:35:40.0",787802,-9999,84.8,-27.64,-27.64,-0.464,-9999,-9999,12.043,39.87,39.89,12.65,-0.967,-1.056,-1.044,-0.998,-1.016,-1.022,-0.901,-0.961,-1.05,-1.056,-0.996,-1.012,-0.998,-0.909,-0.963,-1.052,-1.036,-0.99,-0.994,-0.992,-0.921,-0.959,-1.052,-1.058,-0.992,-0.99,-1.02,-0.882,0,0
"2019-04-16 08:36:00.0",787803,-9999,84.8,-27.57,-27.57,-0.463,-9999,-9999,12.043,39.87,39.88,12.65,-0.969,-1.036,-1.071,-1.006,-1.026,-1.01,-0.925,-0.961,-1.022,-1.03,-0.99,-1.012,-1,-0.919,-0.963,-1.05,-1.056,-0.996,-1.014,-1.01,-0.874,-0.955,-1.042,-1.052,-0.99,-1.024,-0.98,-0.888,0,0
"2019-04-16 08:36:20.0",787804,-9999,84.9,-27.5,-27.5,-0.462,-9999,-9999,12.043,39.87,39.89,12.65,-0.971,-1.071,-1.077,-1.014,-1.03,-1.016,-0.899,-0.959,-1.046,-1.06,-0.996,-1.012,-0.977,-0.88,-0.963,-1.056,-1.042,-0.992,-1.01,-1.012,-0.901,-0.969,-1.052,-1.048,-0.992,-1.014,-0.998,-0.878,0,0
"2019-04-16 08:36:40.0",787805,-9999,84.9,-27.43,-27.43,-0.461,-9999,-9999,12.043,39.87,39.89,12.65,-0.975,-1.06,-1.069,-1,-1.044,-1.018,-0.917,-0.961,-1.058,-1.071,-1,-1.016,-0.994,-0.892,-0.961,-1.058,-1.048,-1.008,-1.018,-1.01,-0.907,-0.961,-1.018,-1.067,-0.998,-1.018,-1,-0.915,0,0
"2019-04-16 08:37:00.0",787806,-9999,84.9,-27.36,-27.36,-0.46,-9999,-9999,12.043,39.87,39.88,12.65,-0.973,-1.081,-1.081,-1.014,-1.032,-1.002,-0.919,-0.963,-1.048,-1.05,-0.99,-1.008,-0.998,-0.927,-0.961,-1.054,-1.069,-0.992,-1.018,-1,-0.89,-0.961,-1.022,-1.073,-0.998,-1.018,-0.996,-0.905,0,700
"2019-04-16 08:37:20.0",787807,-9999,85,-27.29,-27.29,-0.459,-9999,-9999,12.0429,39.87,39.88,12.65,-0.971,-1.042,-1.065,-1,-1.024,-1.004,-0.888,-0.961,-1.056,-1.075,-0.992,-1.018,-1,-0.888,-0.965,-1.062,-1.062,-1.002,-1.002,-0.998,-0.903,-0.963,-1.028,-1.067,-1.002,-1.018,-1.022,-0.888,0,0
"2019-04-16 08:37:40.0",787808,-9999,85,-27.22,-27.22,-0.457,-9999,-9999,12.0429,39.87,39.89,12.65,-0.977,-1.028,-1.087,-1.006,-1.024,-1.03,-0.939,-0.961,-1.058,-1.071,-1.006,-1.02,-1.012,-0.927,-0.961,-1.06,-1.087,-1.002,-1.022,-1.024,-0.88,-0.961,-1.016,-1.042,-1,-1.016,-1.02,-0.89,0,0
"2019-04-16 08:38:00.0",787809,-9999,85.1,-27.15,-27.15,-0.456,-9999,-9999,12.0429,39.87,39.89,12.65,-0.982,-1.034,-1.079,-1.016,-1.034,-1.006,-0.886,-0.965,-1.01,-1.05,-0.996,-1.012,-0.998,-0.923,-0.967,-1.018,-1.071,-0.994,-1.018,-1,-0.895,-0.963,-1.038,-1.067,-0.998,-1.016,-0.998,-0.921,0,0
"2019-04-16 08:38:20.0",787810,-9999,85.1,-27.08,-27.08,-0.455,-9999,-9999,12.0429,39.87,39.88,12.65,-0.975,-1.071,-1.075,-1.008,-1.024,-1.014,-0.913,-0.961,-1.01,-1.065,-0.996,-1.012,-1.002,-0.921,-0.965,-1.016,-1.081,-1.002,-1.012,-0.98,-0.876,-0.965,-1.038,-1.04,-0.998,-1.018,-0.984,-0.913,0,0
"2019-04-16 08:38:40.0",787811,-9999,85.2,-27.01,-27.01,-0.454,-9999,-9999,12.0429,39.87,39.88,12.65,-0.977,-1.067,-1.103,-1.018,-1.032,-1.014,-0.931,-0.965,-1.01,-1.062,-0.996,-1.01,-1.002,-0.882,-0.967,-1.02,-1.04,-0.992,-1.038,-1.018,-0.903,-0.965,-1.032,-1.054,-0.996,-1.006,-1.018,-0.909,0,700
"2019-04-16 08:39:00.0",787812,-9999,85.2,-26.94,-26.94,-0.453,-9999,-9999,12.0428,39.87,39.89,12.63,-0.977,-1.058,-1.089,-1.008,-1.022,-1.032,-0.897,-0.963,-1.026,-1.079,-1.002,-1.01,-1.016,-0.909,-0.969,-1.048,-1.071,-1.006,-1.022,-1.028,-0.933,-0.961,-1.054,-1.073,-0.998,-1.006,-1.03,-0.903,0,0
"2019-04-16 08:39:20.0",787813,-9999,85.3,-26.87,-26.87,-0.452,-9999,-9999,12.0428,39.87,39.89,12.63,-0.986,-1.058,-1.079,-1.02,-1.036,-1.04,-0.913,-0.965,-1.02,-1.077,-1,-1.014,-1.002,-0.888,-0.965,-1.014,-1.038,-0.992,-1.018,-0.998,-0.901,-0.963,-1.03,-1.067,-0.992,-1.01,-1.014,-0.888,0,0
"2019-04-16 08:39:40.0",787814,-9999,85.3,-26.8,-26.8,-0.451,-9999,-9999,12.0428,39.87,39.88,12.63,-0.986,-1.05,-1.101,-1.02,-1.036,-1.014,-0.933,-0.963,-1.058,-1.058,-1,-1.016,-1.004,-0.921,-0.963,-1.05,-1.081,-0.996,-0.996,-1.02,-0.884,-0.967,-1.024,-1.05,-0.996,-1.014,-1.018,-0.919,0,0
"2019-04-16 08:40:00.0",787815,-9999,85.4,-26.73,-26.73,-0.45,-9999,-9999,12.0428,39.84,39.89,12.63,-0.977,-1.046,-1.095,-1.01,-1.034,-1.01,-0.89,-0.969,-1.046,-1.077,-1.008,-1.022,-1.022,-0.935,-0.973,-1.034,-1.093,-1.002,-1.02,-1.008,-0.878,-0.965,-1.054,-1.071,-1.002,-1.02,-1.006,-0.915,0,0
"2019-04-16 08:40:20.0",787816,-9999,85.4,-26.66,-26.66,-0.449,-9999,-9999,12.0428,39.85,39.88,12.63,-0.977,-1.044,-1.075,-1.022,-1.038,-1.024,-0.921,-0.965,-1.024,-1.058,-1.004,-1.022,-0.992,-0.886,-0.969,-1.034,-1.048,-1,-1.018,-1.006,-0.911,-0.971,-1.044,-1.095,-1.002,-1.018,-0.996,-0.888,0,700
"2019-04-16 08:40:40.0",787817,-9999,85.5,-26.59,-26.59,-0.448,-9999,-9999,12.0426,39.86,39.87,12.65,-0.977,-1.069,-1.085,-1.02,-1.024,-1.01,-0.897,-0.971,-1.036,-1.065,-1,-1.022,-0.998,-0.929,-0.969,-1.058,-1.087,-1.002,-1.016,-1.002,-0.892,-0.969,-1.056,-1.06,-0.998,-1.02,-0.996,-0.909,0,0
"2019-04-16 08:41:00.0",787818,-9999,85.5,-26.52,-26.52,-0.446,-9999,-9999,12.0426,39.85,39.87,12.65,-0.986,-1.052,-1.077,-1.018,-1.03,-1.012,-0.927,-0.967,-1.048,-1.067,-1.01,-1.024,-1.004,-0.927,-0.971,-1.05,-1.079,-1.008,-1.03,-0.996,-0.939,-0.969,-1.062,-1.095,-1.008,-1.03,-1.012,-0.905,0,0
"2019-04-16 08:41:20.0",787819,-9999,85.6,-26.45,-26.45,-0.445,-9999,-9999,12.0426,39.85,39.87,12.65,-0.98,-1.05,-1.073,-1.012,-1.03,-1.01,-0.913,-0.973,-1.056,-1.065,-1.002,-1.02,-0.99,-0.901,-0.971,-1.06,-1.077,-1.004,-1.026,-0.988,-0.927,-0.969,-1.018,-1.073,-1,-1.018,-0.986,-0.905,0,0
"2019-04-16 08:41:40.0",787820,-9999,85.6,-26.38,-26.38,-0.444,-9999,-9999,12.0426,39.85,39.89,12.65,-0.982,-1.075,-1.109,-1.02,-1.036,-1.008,-0.915,-0.98,-1.067,-1.067,-1.008,-1.022,-1.012,-0.931,-0.973,-1.032,-1.073,-1.01,-1.028,-1.03,-0.935,-0.973,-1.056,-1.067,-1.004,-1.026,-1.01,-0.907,0,0
"2019-04-16 08:42:00.0",787821,-9999,85.7,-26.31,-26.31,-0.443,-9999,-9999,12.0426,39.85,39.87,12.65,-0.984,-1.042,-1.083,-1.022,-1.048,-1.028,-0.905,-0.973,-1.048,-1.101,-1.018,-1.024,-1.006,-0.909,-0.977,-1.073,-1.058,-1.014,-1.014,-0.998,-0.939,-0.973,-1.042,-1.097,-1.014,-1.026,-1.002,-0.892,0,700
"2019-04-16 08:42:20.0",787822,-9999,85.7,-26.24,-26.24,-0.442,-9999,-9999,12.0426,39.84,39.88,12.63,-0.982,-1.028,-1.089,-1.02,-1.036,-1.04,-0.929,-0.969,-1.038,-1.071,-1.006,-1.022,-0.998,-0.939,-0.973,-1.058,-1.071,-1.014,-1.022,-0.998,-0.911,-0.971,-1.022,-1.065,-1,-1.026,-0.988,-0.888,0,0
"2019-04-16 08:42:40.0",787823,-9999,85.8,-26.17,-26.17,-0.441,-9999,-9999,12.0426,39.84,39.88,12.6,-0.98,-1.065,-1.085,-1.02,-1.03,-1.018,-0.929,-0.975,-1.02,-1.073,-1.002,-1.024,-0.996,-0.897,-0.975,-1.048,-1.091,-1.004,-1.026,-0.996,-0.921,-0.965,-1.056,-1.069,-1.006,-1.024,-0.988,-0.915,0,0
"2019-04-16 08:43:00.0",787824,-9999,85.8,-26.1,-26.1,-0.44,-9999,-9999,12.0426,39.84,39.88,12.63,-0.984,-1.028,-1.091,-1.02,-1.03,-1.042,-0.895,-0.973,-1.075,-1.081,-1.012,-1.03,-1.022,-0.937,-0.973,-1.04,-1.103,-1.016,-1.014,-1.014,-0.915,-0.965,-1.048,-1.079,-1.01,-1.026,-1.01,-0.886,0,0
"2019-04-16 08:43:20.0",787825,-9999,85.8,-26.03,-26.03,-0.439,-9999,-9999,12.0426,39.84,39.88,12.6,-0.982,-1.05,-1.095,-1.03,-1.04,-1.022,-0.927,-0.975,-1.071,-1.06,-1.01,-1.03,-1.024,-0.949,-0.975,-1.071,-1.085,-1.016,-1.05,-1.018,-0.923,-0.975,-1.054,-1.052,-1.014,-1.032,-1.018,-0.907,0,0
"2019-04-16 08:43:40.0",787826,-9999,85.9,-25.95,-25.95,-0.438,-9999,-9999,12.0426,39.84,39.88,12.6,-0.988,-1.069,-1.069,-1.022,-1.036,-1.024,-0.905,-0.982,-1.026,-1.071,-1.002,-1.028,-1.016,-0.935,-0.975,-1.046,-1.077,-1.01,-1.026,-1.01,-0.899,-0.973,-1.032,-1.075,-1.01,-1.022,-1.006,-0.89,0,700
"2019-04-16 08:44:00.0",787827,-9999,85.9,-25.88,-25.88,-0.437,-9999,-9999,12.0481,39.85,39.87,12.63,-0.986,-1.083,-1.083,-1.018,-1.032,-1.02,-0.903,-0.973,-1.032,-1.067,-1.008,-1.024,-1.038,-0.933,-0.973,-1.048,-1.085,-1.01,-1.028,-1.032,-0.919,-0.969,-1.071,-1.073,-0.99,-1.022,-1.026,-0.892,0,0
"2019-04-16 08:44:20.0",787828,-9999,86,-25.81,-25.81,-0.435,-9999,-9999,12.0425,39.85,39.87,12.63,-0.986,-1.056,-1.101,-1.014,-1.012,-1.016,-0.892,-0.973,-1.028,-1.067,-1.008,-1.024,-1.018,-0.935,-0.971,-1.018,-1.087,-1.006,-1.042,-1.01,-0.921,-0.971,-1.06,-1.073,-1.006,-1.022,-0.994,-0.882,0,0
"2019-04-16 08:44:40.0",787829,-9999,86,-25.74,-25.74,-0.434,-9999,-9999,12.0425,39.85,39.87,12.63,-0.992,-1.089,-1.069,-1.026,-1.042,-1.032,-0.909,-0.977,-1.05,-1.103,-1.018,-1.03,-1.046,-0.905,-0.977,-1.075,-1.083,-1.014,-1.032,-1.036,-0.939,-0.975,-1.042,-1.071,-1.014,-1.03,-1.016,-0.913,0,0
"2019-04-16 08:45:00.0",787830,-9999,86.1,-25.67,-25.67,-0.433,-9999,-9999,12.0425,39.85,39.87,12.63,-0.988,-1.046,-1.081,-1.02,-1.036,-1.024,-0.897,-0.975,-1.026,-1.081,-1.014,-1.032,-1.022,-0.943,-0.977,-1.03,-1.105,-1.014,-1.032,-1.018,-0.895,-0.977,-1.067,-1.085,-1.014,-1.032,-1.004,-0.927,0,0
"2019-04-16 08:45:20.0",787831,-9999,86.1,-25.6,-25.6,-0.432,-9999,-9999,12.0425,39.85,39.87,12.6,-0.984,-1.03,-1.079,-1.014,-1.036,-1.018,-0.899,-0.969,-1.026,-1.099,-1.016,-1.032,-1.046,-0.935,-0.977,-1.077,-1.062,-1.016,-1.034,-1.038,-0.925,-0.986,-1.042,-1.079,-1.016,-1.034,-1.018,-0.892,0,700
"2019-04-16 08:45:40.0",787832,-9999,86.2,-25.53,-25.53,-0.431,-9999,-9999,12.0429,39.85,39.87,12.6,-0.986,-1.069,-1.105,-1.02,-1.054,-1.002,-0.903,-0.973,-1.069,-1.083,-1.014,-1.03,-1.008,-0.913,-0.975,-1.03,-1.087,-1.016,-1.032,-1.002,-0.931,-0.973,-1.046,-1.083,-1.014,-1.028,-1.004,-0.907,0,0
"2019-04-16 08:46:00.0",787833,-9999,86.2,-25.46,-25.46,-0.43,-9999,-9999,12.0429,39.85,39.87,12.6,-0.99,-1.079,-1.062,-1.016,-1.036,-1.044,-0.917,-0.977,-1.056,-1.089,-1.01,-1.024,-1.008,-0.939,-0.98,-1.028,-1.056,-1.008,-1.024,-1.008,-0.897,-0.973,-1.065,-1.073,-1.008,-1.028,-1.026,-0.89,0,0
"2019-04-16 08:46:20.0",787834,-9999,86.3,-25.39,-25.39,-0.429,-9999,-9999,12.0429,39.85,39.87,12.6,-0.986,-1.042,-1.097,-1.03,-1.044,-1.05,-0.927,-0.977,-1.073,-1.083,-1.014,-1.052,-1.016,-0.923,-0.975,-1.034,-1.101,-1.016,-1.032,-1.014,-0.905,-0.975,-1.065,-1.071,-1.012,-1.026,-1.034,-0.927,0,0
"2019-04-16 08:46:40.0",787835,-9999,86.3,-25.32,-25.32,-0.428,-9999,-9999,12.0429,39.85,39.89,12.6,-0.988,-1.089,-1.089,-1.024,-1.048,-1.032,-0.905,-0.975,-1.067,-1.077,-1.004,-1.004,-1.014,-0.939,-0.973,-1.02,-1.091,-1.008,-1.026,-0.998,-0.915,-0.975,-1.056,-1.071,-1.006,-1.022,-1.006,-0.886,0,0
"2019-04-16 08:47:00.0",787836,-9999,86.4,-25.25,-25.25,-0.427,-9999,-9999,12.0429,39.85,39.87,12.6,-0.988,-1.065,-1.071,-1.026,-1.026,-1.032,-0.899,-0.973,-1.024,-1.073,-1.002,-1.034,-1.012,-0.925,-0.977,-1.042,-1.071,-1.008,-1.024,-1.012,-0.931,-0.971,-1.067,-1.081,-1.008,-1.02,-1.006,-0.913,0,700
"2019-04-16 08:47:20.0",787837,-9999,86.4,-25.18,-25.18,-0.425,-9999,-9999,12.0431,39.85,39.89,12.6,-0.982,-1.065,-1.087,-1.026,-1.038,-1.01,-0.935,-0.98,-1.056,-1.105,-1.014,-1.03,-1.044,-0.939,-0.977,-1.079,-1.093,-1.016,-1.03,-1.042,-0.929,-0.973,-1.056,-1.081,-1.014,-1.032,-1.022,-0.897,0,0
"2019-04-16 08:47:40.0",787838,-9999,86.5,-25.11,-25.11,-0.424,-9999,-9999,12.0487,39.85,39.87,12.6,-0.99,-1.042,-1.085,-1.026,-1.038,-1.004,-0.913,-0.975,-1.06,-1.075,-1.006,-1.03,-0.998,-0.941,-0.977,-1.03,-1.079,-1.014,-1.026,-0.994,-0.913,-0.975,-1.042,-1.054,-1.012,-1.024,-1.034,-0.915,0,0
"2019-04-16 08:48:00.0",787839,-9999,86.5,-25.04,-25.04,-0.423,-9999,-9999,12.0431,39.85,39.87,12.6,-0.988,-1.05,-1.095,-1.034,-1.046,-1.056,-0.921,-0.975,-1.03,-1.071,-0.996,-1.024,-1,-0.925,-0.977,-1.044,-1.069,-1.006,-1.028,-0.992,-0.903,-0.977,-1.067,-1.067,-1.002,-1.028,-1.03,-0.921,0,0
"2019-04-16 08:48:20.0",787840,-9999,86.5,-24.97,-24.97,-0.422,-9999,-9999,12.0431,39.85,39.9,12.6,-0.994,-1.042,-1.103,-1.022,-1.038,-1.026,-0.905,-0.982,-1.024,-1.077,-1.004,-1.048,-1.014,-0.905,-0.98,-1.056,-1.073,-1.016,-1.03,-1.012,-0.935,-0.977,-1.028,-1.077,-1.01,-1.028,-1.01,-0.923,0,0
"2019-04-16 08:48:40.0",787841,-9999,86.6,-24.9,-24.9,-0.421,-9999,-9999,12.0431,39.85,39.87,12.58,-0.986,-1.075,-1.089,-1.022,-1.044,-1.044,-0.899,-0.977,-1.016,-1.093,-1.012,-1.028,-0.998,-0.905,-0.977,-1.028,-1.071,-1.01,-1.03,-1.016,-0.925,-0.975,-1.06,-1.06,-1.014,-1.026,-1.034,-0.933,0,700
"2019-04-16 08:49:00.0",787842,-9999,86.6,-24.83,-24.83,-0.42,-9999,-9999,12.0434,39.85,39.87,12.58,-0.988,-1.087,-1.083,-1.024,-1.044,-1.022,-0.947,-0.975,-1.056,-1.069,-1.012,-1.022,-1.036,-0.897,-0.977,-1.03,-1.077,-1.01,-1.024,-1.01,-0.939,-0.973,-1.065,-1.052,-1.016,-1.022,-1.014,-0.921,0,0
"2019-04-16 08:49:20.0",787843,-9999,86.7,-24.76,-24.76,-0.419,-9999,-9999,12.0434,39.85,39.87,12.58,-0.992,-1.052,-1.087,-1.03,-1.046,-1.026,-0.933,-0.98,-1.034,-1.06,-1.008,-1.028,-1.014,-0.929,-0.977,-1.048,-1.075,-1.006,-1.026,-1.018,-0.911,-0.975,-1.071,-1.071,-1.014,-1.024,-0.99,-0.892,0,0
"2019-04-16 08:49:40.0",787844,-9999,86.7,-24.69,-24.69,-0.418,-9999,-9999,12.0434,39.85,39.89,12.58,-0.99,-1.062,-1.097,-1.026,-1.04,-1.028,-0.935,-0.973,-1.028,-1.058,-1.022,-1.036,-1.026,-0.909,-0.977,-1.056,-1.107,-1.018,-1.038,-1.022,-0.937,-0.98,-1.042,-1.081,-1.02,-1.014,-1.004,-0.929,0,0
"2019-04-16 08:50:00.0",787845,-9999,86.8,-24.62,-24.62,-0.417,-9999,-9999,12.0434,39.85,39.87,12.58,-0.99,-1.046,-1.087,-1.02,-1.04,-1.018,-0.931,-0.975,-1.042,-1.06,-1.01,-1.03,-1.034,-0.901,-0.975,-1.065,-1.073,-1.014,-1.028,-1.012,-0.929,-0.977,-1.05,-1.077,-1.008,-1.032,-1.012,-0.933,0,0
"2019-04-16 08:50:20.0",787846,-9999,86.8,-24.55,-24.55,-0.415,-9999,-9999,12.0434,39.85,39.87,12.58,-0.988,-1.048,-1.091,-1.03,-1.042,-1.036,-0.911,-0.98,-1.081,-1.062,-1.016,-1.036,-1.024,-0.949,-0.977,-1.038,-1.103,-1.014,-1.02,-1.022,-0.923,-0.973,-1.052,-1.079,-1.014,-1.032,-1,-0.925,0,700
"2019-04-16 08:50:40.0",787847,-9999,86.9,-24.48,-24.48,-0.414,-9999,-9999,12.0431,39.84,39.87,12.56,-0.988,-1.075,-1.103,-1.024,-1.04,-1.03,-0.915,-0.977,-1.036,-1.079,-1.018,-1.034,-1.022,-0.949,-0.977,-1.06,-1.085,-1.022,-1.038,-1.018,-0.925,-0.977,-1.036,-1.101,-1.018,-1.032,-1.002,-0.929,0,0
"2019-04-16 08:51:00.0",787848,-9999,86.9,-24.41,-24.41,-0.413,-9999,-9999,12.0431,39.84,39.87,12.53,-0.99,-1.062,-1.071,-1.03,-1.044,-1.03,-0.943,-0.977,-1.069,-1.073,-0.994,-1.028,-1.036,-0.907,-0.977,-1.026,-1.081,-1.014,-1.022,-1.014,-0.927,-0.977,-1.056,-1.093,-1.012,-1.024,-1.008,-0.927,0,0
"2019-04-16 08:51:20.0",787849,-9999,87,-24.34,-24.34,-0.412,-9999,-9999,12.0431,39.84,39.87,12.53,-0.992,-1.044,-1.115,-1.012,-1.048,-1.03,-0.907,-0.98,-1.067,-1.081,-1.018,-1.04,-1.016,-0.921,-0.98,-1.034,-1.062,-1.022,-1.036,-1.026,-0.905,-0.977,-1.075,-1.101,-1.016,-1.03,-1.002,-0.89,0,0
"2019-04-16 08:51:40.0",787850,-9999,87,-24.27,-24.27,-0.411,-9999,-9999,12.0431,39.84,39.87,12.53,-0.986,-1.087,-1.113,-1.032,-1.071,-1.03,-0.931,-0.977,-1.042,-1.081,-1.014,-1.026,-1.04,-0.929,-0.98,-1.065,-1.06,-1.01,-1.024,-1.034,-0.921,-0.975,-1.056,-1.099,-1.014,-1.032,-1.016,-0.888,0,0
"2019-04-16 08:52:00.0",787851,-9999,87.1,-24.19,-24.19,-0.41,-9999,-9999,12.0431,39.84,39.87,12.53,-0.988,-1.085,-1.075,-1.028,-1.04,-1.03,-0.951,-0.977,-1.042,-1.085,-1.01,-1.026,-1.04,-0.923,-0.988,-1.062,-1.083,-1.012,-1.028,-1.032,-0.897,-0.982,-1.052,-1.079,-1.01,-1.022,-1.012,-0.931,0,700
"2019-04-16 08:52:20.0",787852,-9999,87.1,-24.12,-24.12,-0.409,-9999,-9999,12.043,39.85,39.87,12.56,-0.988,-1.079,-1.075,-1.028,-1.044,-1.028,-0.937,-0.982,-1.065,-1.081,-1.022,-1.036,-1.008,-0.913,-0.982,-1.071,-1.077,-1.018,-1.034,-1.026,-0.943,-0.973,-1.05,-1.091,-1.018,-1.018,-1.02,-0.933,0,0
"2019-04-16 08:52:40.0",787853,-9999,87.1,-24.05,-24.05,-0.408,-9999,-9999,12.043,39.85,39.89,12.56,-0.986,-1.083,-1.075,-1.03,-1.026,-1.034,-0.905,-0.977,-1.028,-1.099,-1.012,-1.026,-1.018,-0.935,-0.98,-1.062,-1.077,-1.012,-1.03,-1.008,-0.923,-0.982,-1.022,-1.056,-1.01,-1.024,-1.01,-0.921,0,0
"2019-04-16 08:53:00.0",787854,-9999,87.2,-23.98,-23.98,-0.406,-9999,-9999,12.043,39.85,39.89,12.53,-0.992,-1.079,-1.083,-1.02,-1.04,-1.042,-0.933,-0.977,-1.04,-1.095,-1.006,-1.026,-1.018,-0.905,-0.977,-1.044,-1.079,-1.006,-1.052,-1.018,-0.899,-0.977,-1.036,-1.067,-1.014,-1.03,-0.996,-0.931,0,0
"2019-04-16 08:53:20.0",787855,-9999,87.2,-23.91,-23.91,-0.405,-9999,-9999,12.043,39.85,39.87,12.53,-0.986,-1.079,-1.071,-1.026,-1.044,-1.026,-0.927,-0.98,-1.026,-1.079,-1.01,-1.028,-1,-0.925,-0.98,-1.069,-1.05,-1.01,-1.026,-0.994,-0.897,-0.975,-1.026,-1.079,-1.006,-1.012,-1.03,-0.892,0,0
"2019-04-16 08:53:40.0",787856,-9999,87.3,-23.84,-23.84,-0.404,-9999,-9999,12.0485,39.85,39.87,12.53,-0.99,-1.052,-1.101,-1.03,-1.038,-1.022,-0.913,-0.98,-1.073,-1.079,-1.018,-1.034,-1.048,-0.899,-0.98,-1.024,-1.085,-1.016,-1.018,-1.034,-0.939,-0.973,-1.075,-1.101,-1.02,-1.032,-1.018,-0.931,0,700
"2019-04-16 08:54:00.0",787857,-9999,87.3,-23.77,-23.77,-0.403,-9999,-9999,12.0428,39.84,39.87,12.51,-0.986,-1.042,-1.091,-1.026,-1.042,-1.012,-0.905,-0.977,-1.02,-1.065,-1.016,-1.026,-1.014,-0.941,-0.98,-1.065,-1.099,-1.012,-1.034,-1.016,-0.919,-0.975,-1.032,-1.085,-1.012,-1.048,-1,-0.882,0,0
"2019-04-16 08:54:20.0",787858,-9999,87.4,-23.7,-23.7,-0.402,-9999,-9999,12.0428,39.84,39.9,12.51,-0.99,-1.056,-1.087,-1.02,-1.044,-1.048,-0.907,-0.977,-1.032,-1.056,-1.01,-1.032,-1.032,-0.939,-0.975,-1.065,-1.099,-1.012,-1.024,-1.032,-0.899,-0.975,-1.022,-1.079,-1.012,-1.028,-1.014,-0.888,0,0
"2019-04-16 08:54:40.0",787859,-9999,87.4,-23.63,-23.63,-0.401,-9999,-9999,12.0428,39.84,39.87,12.51,-0.988,-1.087,-1.101,-1.028,-1.048,-1.046,-0.947,-0.973,-1.079,-1.085,-1.014,-1.016,-1.006,-0.933,-0.98,-1.042,-1.065,-1.016,-1.054,-1.008,-0.903,-0.977,-1.075,-1.083,-1.014,-1.03,-1.034,-0.935,0,0
"2019-04-16 08:55:00.0",787860,-9999,87.5,-23.56,-23.56,-0.4,-9999,-9999,12.0428,39.84,39.87,12.49,-0.998,-1.06,-1.079,-1.02,-1.022,-1.032,-0.941,-0.977,-1.04,-1.101,-1.018,-1.034,-1.02,-0.913,-0.977,-1.056,-1.083,-1.016,-1.036,-1.038,-0.935,-0.975,-1.03,-1.062,-1.016,-1.032,-1.018,-0.935,0,0
"2019-04-16 08:55:20.0",787861,-9999,87.5,-23.49,-23.49,-0.399,-9999,-9999,12.0428,39.84,39.89,12.49,-0.99,-1.093,-1.089,-1.03,-1.05,-1.032,-0.911,-0.975,-1.028,-1.069,-1.01,-1.026,-1.02,-0.935,-0.98,-1.062,-1.093,-1.012,-1.03,-0.998,-0.937,-0.98,-1.022,-1.073,-1.006,-1.028,-1.03,-0.931,0,700
"2019-04-16 08:55:40.0",787862,-9999,87.6,-23.42,-23.42,-0.397,-9999,-9999,12.0375,39.85,39.87,12.49,-0.988,-1.091,-1.105,-1.024,-1.032,-1.044,-0.937,-0.975,-1.069,-1.079,-1.012,-1.028,-1.014,-0.905,-0.98,-1.026,-1.05,-1.008,-1.03,-1.014,-0.888,-0.98,-1.067,-1.077,-1.012,-1.028,-1.014,-0.929,0,0
"2019-04-16 08:56:00.0",787863,-9999,87.6,-23.35,-23.35,-0.396,-9999,-9999,12.0431,39.85,39.87,12.49,-0.99,-1.038,-1.075,-1.032,-1.02,-1.036,-0.905,-0.982,-1.077,-1.095,-1.012,-1.032,-1.022,-0.943,-0.978,-1.058,-1.075,-1.016,-1.036,-0.998,-0.917,-0.98,-1.054,-1.054,-1.006,-1.032,-1.036,-0.927,0,0
"2019-04-16 08:56:20.0",787864,-9999,87.6,-23.28,-23.28,-0.395,-9999,-9999,12.0431,39.85,39.87,12.49,-0.986,-1.054,-1.089,-1.026,-1.04,-1.006,-0.903,-0.98,-1.03,-1.079,-1.018,-1.03,-1.018,-0.921,-0.978,-1.067,-1.079,-1.014,-1.016,-1.014,-0.899,-0.982,-1.018,-1.073,-1.014,-1.026,-1.01,-0.886,0,0
"2019-04-16 08:56:40.0",787865,-9999,87.7,-23.21,-23.21,-0.394,-9999,-9999,12.0431,39.85,39.87,12.49,-0.992,-1.052,-1.095,-1.034,-1.046,-1.032,-0.947,-0.984,-1.077,-1.058,-1.018,-1.032,-1.014,-0.925,-0.986,-1.032,-1.101,-1.018,-1.032,-1.018,-0.913,-0.982,-1.075,-1.079,-1.01,-1.028,-0.998,-0.901,0,0
"2019-04-16 08:57:00.0",787866,-9999,87.7,-23.14,-23.14,-0.393,-9999,-9999,12.0431,39.85,39.87,12.49,-0.988,-1.073,-1.087,-1.022,-1.042,-1.02,-0.911,-0.978,-1.069,-1.097,-1.016,-1.038,-1.024,-0.947,-0.978,-1.038,-1.089,-1.02,-1.036,-1.04,-0.923,-0.978,-1.065,-1.069,-1.018,-1.034,-1.014,-0.897,0,700
"2019-04-16 08:57:20.0",787867,-9999,87.8,-23.07,-23.07,-0.392,-9999,-9999,12.0434,39.84,39.87,12.49,-0.992,-1.081,-1.105,-1.026,-1.048,-1.026,-0.913,-0.984,-1.05,-1.073,-1.01,-1.024,-1.034,-0.923,-0.982,-1.028,-1.081,-1.012,-1.03,-1.002,-0.897,-0.982,-1.065,-1.048,-1.006,-1.03,-0.998,-0.888,0,0
"2019-04-16 08:57:40.0",787868,-9999,87.8,-23,-23,-0.391,-9999,-9999,12.0434,39.84,39.87,12.46,-0.992,-1.083,-1.095,-1.032,-1.048,-1.016,-0.911,-0.98,-1.075,-1.101,-1.02,-1.03,-1.024,-0.909,-0.978,-1.034,-1.079,-1.036,-1.034,-1.006,-0.933,-0.975,-1.069,-1.091,-1.026,-1.032,-1.018,-0.931,0,0
"2019-04-16 08:58:00.0",787869,-9999,87.9,-22.93,-22.93,-0.39,-9999,-9999,12.0434,39.84,39.87,12.46,-0.99,-1.075,-1.095,-1.03,-1.048,-1.052,-0.937,-0.98,-1.079,-1.091,-1.022,-1.034,-1.026,-0.909,-0.98,-1.065,-1.063,-1.022,-1.04,-1.018,-0.907,-0.978,-1.034,-1.085,-1.022,-1.032,-1.04,-0.933,0,0
"2019-04-16 08:58:20.0",787870,-9999,87.9,-22.86,-22.86,-0.388,-9999,-9999,12.0545,39.84,39.87,12.46,-0.99,-1.083,-1.077,-1.028,-1.038,-1.01,-0.941,-0.978,-1.024,-1.063,-1.014,-1.032,-1.01,-0.947,-0.988,-1.071,-1.107,-1.02,-1.034,-1.04,-0.939,-0.986,-1.058,-1.089,-1.018,-1.036,-1.008,-0.933,0,0
"2019-04-16 08:58:40.0",787871,-9999,88,-22.79,-22.79,-0.387,-9999,-9999,12.0434,39.84,39.87,12.46,-0.994,-1.04,-1.093,-1.03,-1.04,-1.006,-0.911,-0.98,-1.069,-1.065,-1.016,-1.034,-1.03,-0.921,-0.982,-1.036,-1.087,-1.004,-1.038,-1.028,-0.929,-0.99,-1.073,-1.089,-1.016,-1.034,-1.022,-0.933,0,700
"2019-04-16 08:59:00.0",787872,-9999,88,-22.71,-22.71,-0.386,-9999,-9999,12.0431,39.85,39.87,12.46,-0.992,-1.077,-1.079,-1.024,-1.036,-1.01,-0.901,-0.982,-1.054,-1.087,-1.018,-1.04,-1.016,-0.943,-0.982,-1.046,-1.089,-1.028,-1.032,-1.028,-0.919,-0.986,-1.054,-1.081,-1.02,-1.03,-1.02,-0.919,0,0
"2019-04-16 08:59:20.0",787873,-9999,88.1,-22.64,-22.64,-0.385,-9999,-9999,12.0431,39.85,39.87,12.44,-0.99,-1.063,-1.067,-1.026,-1.022,-1.018,-0.941,-0.98,-1.044,-1.054,-1.004,-1.03,-1.006,-0.937,-0.984,-1.058,-1.105,-1.016,-1.028,-1.036,-0.919,-0.98,-1.05,-1.103,-1.014,-1.026,-1.014,-0.909,0,0
"2019-04-16 08:59:40.0",787874,-9999,88.1,-22.57,-22.57,-0.384,-9999,-9999,12.0376,39.85,39.87,12.44,-0.99,-1.071,-1.115,-1.04,-1.05,-1.04,-0.921,-0.975,-1.038,-1.097,-1,-1.034,-1.028,-0.917,-0.982,-1.071,-1.083,-1.018,-1.034,-1.002,-0.949,-0.984,-1.058,-1.081,-1.016,-1.034,-1.04,-0.929,0,0
