"TOA5","","","1764","CR1000.Std.24","CPU:MFRSR_10012018V2.8.CR1","13574","TableHdr","PbCdlComm-1.6.0 (2016/01/26)"
"TIMESTAMP","RECORD","loggerID""headID""xpgmVerID""xlat""xlon""xSiteElev""xFULLREV""xCRXHSTEPS""xSCANseconds""xSCANnAvg""xSCANtrough""xHOMEoffset""xALLTIMEband"
"TS","RN","--""--""--""deg""deg""m""--""--""sec""--""--""--""--"
"","","Smp""Smp""Smp""Smp""Smp""Smp""Smp""Smp""Smp""Smp""Smp""Smp""Smp"
"2019-04-16 12:00:00.0",373,1764,180054423,2.8,-32.1259,-64.7287,1160,800,20,20,1,10,0,-1
"TOA5","","","1764","CR1000.Std.24","CPU:MFRSR_10012018V2.8.CR1","13574","Table155","PbCdlComm-1.6.0 (2016/01/26)"
"TIMESTAMP","RECORD","xoset""az""el""al""cosz""cosasz""pamass""vBat""Thead""THTC""Tlogger""Dnadir(1)""Dnadir(2)""Dnadir(3)""Dnadir(4)""Dnadir(5)""Dnadir(6)""Dnadir(7)""Deast(1)""Deast(2)""Deast(3)""Deast(4)""Deast(5)""Deast(6)""Deast(7)""Dsun(1)""Dsun(2)""Dsun(3)""Dsun(4)""Dsun(5)""Dsun(6)""Dsun(7)""Dwest(1)""Dwest(2)""Dwest(3)""Dwest(4)""Dwest(5)""Dwest(6)""Dwest(7)""kount""khome"
"TS","RN","sec""deg""deg""deg""--""--""--""Volt""degC""degC""degC""mV""mV""mV""mV""mV""mV""mV""mV""mV""mV""mV""mV""mV""mV""mV""mV""mV""mV""mV""mV""mV""mV""mV""mV""mV""mV""mV""mV""--""--"
"","","Smp""Smp""Smp""Smp""Smp""Smp""Smp""Smp""Smp""Smp""Smp""Smp""Smp""Smp""Smp""Smp""Smp""Smp""Smp""Smp""Smp""Smp""Smp""Smp""Smp""Smp""Smp""Smp""Smp""Smp""Smp""Smp""Smp""Smp""Smp""Smp""Smp""Smp""Smp""Smp""Smp"
"2019-04-16 16:00:00.0",789135,4260,172.5,47.21,47.23,0.734,0.734,1.361,12.0392,40.14,39.95,20.21,37.14,81.9,82.6,72.64,76.78,80.9,76.85,34.28,75.56,75.83,66.6,70.33,74.61,70.6,34.56,75.56,75.83,66.73,70.6,74.95,70.94,34.96,76.78,77.19,67.89,71.76,75.9,72.03,388,392
"2019-04-16 16:00:20.0",789136,4260,172.6,47.22,47.24,0.734,0.734,1.361,12.0559,40.13,39.94,20.24,37.68,83,83.8,73.73,77.94,82.1,78.07,34.89,76.99,77.46,67.96,71.76,76.1,72.03,35.1,76.17,76.58,67.48,71.42,75.97,72.03,35.64,78.28,78.82,69.25,73.18,77.33,73.46,388,392
"2019-04-16 16:00:40.0",789137,4260,172.7,47.23,47.24,0.734,0.734,1.361,12.0444,40.11,39.93,20.24,38.97,84.3,85.5,75.56,79.97,84.4,80.6,36.32,78.82,79.83,70.47,74.54,78.95,75.15,35.71,76.78,77.46,68.43,72.5,77.19,73.18,37,80.3,81.5,72.1,76.3,80.6,76.78,388,392
"2019-04-16 16:01:00.0",789138,4260,172.8,47.24,47.25,0.734,0.734,1.36,12.0555,40.13,39.93,20.26,47.59,109.7,113.4,100.1,105.6,106.7,103.7,45.89,105.4,108.8,95.9,101.2,101.8,99.3,36.46,78.14,79.16,70.06,74.34,79.09,75.15,44.81,103,106.2,93.5,98.7,99.7,96.7,389,391
"2019-04-16 16:01:20.0",789139,4260,172.9,47.25,47.26,0.734,0.734,1.36,12.0555,40.11,39.93,20.29,41.95,94,96.5,85.4,90.3,93.5,89.9,39.03,89.4,91.4,80.4,84.9,87.8,84.1,36.79,79.02,80.2,70.94,75.15,79.83,76.03,39.44,90.8,92.7,81.6,86.2,89.1,85.1,389,391
"2019-04-16 16:01:40.0",789140,4260,173.1,47.26,47.27,0.734,0.735,1.36,12.0555,40.11,39.95,20.29,45.48,101.6,104.8,93,98.4,100.9,97.5,43.31,98.1,101.4,89.7,94.6,96.5,93.3,38.36,81.1,82.6,73.32,77.87,82.7,79.16,45.01,101.5,105.1,93.1,98.4,99.8,97,389,391
"2019-04-16 16:02:00.0",789141,4260,173.2,47.26,47.28,0.734,0.735,1.36,12.0555,40.11,39.95,20.29,53.56,115.9,121.2,108.1,114.7,116.4,114.8,47.25,103.9,108.2,96.4,102.1,104.3,102.3,40.46,82.4,84.1,74.88,79.63,84.8,81.8,48.4,105.2,109.5,97.8,103.8,106.1,104,389,391
"2019-04-16 16:02:20.0",789142,4260,173.3,47.27,47.29,0.735,0.735,1.36,12.0497,40.11,39.95,20.31,53.56,118.1,123.3,109.7,116.2,117.1,115.6,47.32,106.1,109.9,97.3,102.8,104.1,102,39.71,82.6,84,74.61,79.22,84,81,45.62,101.7,104.8,92.7,98,99.9,97.4,389,391
"2019-04-16 16:02:40.0",789143,4260,173.4,47.28,47.3,0.735,0.735,1.359,12.0497,40.11,39.95,20.34,43.24,95,97.1,85.7,90.6,93.6,90.9,39.44,87.1,88.7,78.14,82.5,85.8,82.9,38.15,81.7,82.8,73.11,77.52,81.7,78.61,39.65,86.9,88.3,78,82.5,85.8,82.8,389,391
"2019-04-16 16:03:00.0",789144,4270,173.5,47.29,47.3,0.735,0.735,1.359,12.0386,40.11,39.95,20.34,41.55,91.7,93.3,82.2,87,90,87.4,38.15,84.8,85.8,75.42,79.63,82.8,80,37.74,81.1,81.9,72.37,76.71,80.6,77.8,38.69,85.1,86.2,75.9,80.4,83.4,80.6,390,390
"2019-04-16 16:03:20.0",789145,4270,173.7,47.3,47.31,0.735,0.735,1.359,12.0441,40.11,39.95,20.37,39.78,86.8,87.7,77.32,81.9,85.2,82.7,36.52,79.63,80,70.33,74.4,78.07,75.28,36.52,78.75,79.15,69.65,73.79,77.59,74.81,36.93,79.9,80.4,70.74,74.88,78.54,75.83,390,390
"2019-04-16 16:03:40.0",789146,4270,173.8,47.3,47.32,0.735,0.735,1.359,12.0441,40.11,39.95,20.4,37.68,82.9,83.2,72.98,77.12,80.6,77.86,34.96,76.57,76.44,67,70.8,74.47,71.55,35.16,76.37,76.3,67,70.87,74.54,71.69,35.3,77.25,77.19,67.68,71.55,75.08,72.23,390,390
"2019-04-16 16:04:00.0",789147,4270,173.9,47.31,47.33,0.735,0.735,1.359,12.0439,40.11,39.95,20.4,36.39,80.5,80.4,70.4,74.4,77.86,74.88,34.01,74.74,74.33,65.03,68.7,72.3,69.24,34.15,74.54,74.2,64.97,68.7,72.43,69.38,34.28,75.28,74.94,65.58,69.38,72.91,69.85,390,390
"2019-04-16 16:04:20.0",789148,4270,174,47.32,47.33,0.735,0.735,1.359,12.0439,40.11,39.94,20.4,35.71,79.76,79.49,69.45,73.38,76.64,73.59,33.47,74.47,73.93,64.56,68.09,71.55,68.43,33.6,73.79,73.38,64.22,67.88,71.41,68.5,33.67,74.88,74.4,64.97,68.63,71.89,68.9,390,390
"2019-04-16 16:04:40.0",789149,4280,174.1,47.33,47.34,0.735,0.735,1.358,12.0551,40.14,39.95,20.42,35.37,79.08,78.75,68.83,72.64,76.03,72.98,33.2,73.52,72.91,63.68,67.27,70.8,67.75,33.26,73.31,72.77,63.68,67.27,70.87,67.82,33.26,73.65,73.18,63.95,67.54,71.01,68.02,391,389
"2019-04-16 16:05:00.0",789150,4280,174.3,47.33,47.35,0.735,0.735,1.358,12.0551,40.14,39.94,20.45,35.1,78.27,77.86,68.02,71.82,75.35,72.3,32.99,73.04,72.36,63.2,66.73,70.4,67.34,33.06,72.77,72.16,63.06,66.59,70.33,67.27,33.06,73.11,72.57,63.34,66.93,70.6,67.48,391,389
"2019-04-16 16:05:20.0",789151,4280,174.4,47.34,47.35,0.735,0.736,1.358,12.0551,40.14,39.95,20.45,34.82,77.93,77.39,67.61,71.28,74.94,71.69,32.79,73.25,72.57,63.27,66.66,70.33,67.14,32.65,72.03,71.35,62.32,65.78,69.65,66.46,32.86,73.52,72.77,63.47,66.93,70.46,67.27,391,389
"2019-04-16 16:05:40.0",789152,4280,174.5,47.35,47.36,0.735,0.736,1.358,12.0549,40.13,39.95,20.48,34.55,78.61,78.06,68.02,71.68,75.01,71.68,32.58,73.79,73.11,63.6,66.93,70.39,67.13,32.18,71.34,70.6,61.64,65.03,68.97,65.64,32.58,73.72,73.04,63.6,67,70.46,67.13,391,389
"2019-04-16 16:06:00.0",789153,4280,174.6,47.35,47.37,0.736,0.736,1.358,12.0549,40.13,39.95,20.48,34.35,77.18,76.71,67,70.66,74.33,71,32.24,71.89,71.21,62.18,65.57,69.37,66.18,31.84,70.94,70.05,61.09,64.49,68.36,65.1,32.18,71.61,70.8,61.84,65.23,69.1,65.84,391,389
"2019-04-16 16:06:20.0",789154,4280,174.7,47.36,47.37,0.736,0.736,1.358,12.0493,40.1,39.95,20.5,33.87,76.37,75.69,66.05,69.65,73.31,70.05,31.84,71.41,70.53,61.43,64.83,68.56,65.37,31.56,70.73,69.85,60.82,64.15,67.95,64.76,31.7,71.07,70.12,61.16,64.55,68.22,65.03,391,389
"2019-04-16 16:06:40.0",789155,4280,174.9,47.37,47.38,0.736,0.736,1.358,12.0438,40.1,39.95,20.5,33.67,76.03,75.35,65.71,69.24,72.84,69.65,31.77,71.27,70.39,61.36,64.69,68.36,65.23,31.36,70.39,69.37,60.41,63.67,67.47,64.35,31.63,71,70.05,61.09,64.42,68.08,64.96,392,388
"2019-04-16 16:07:00.0",789156,4280,175,47.37,47.39,0.736,0.736,1.357,12.0438,40.1,39.95,20.53,33.67,76.57,75.82,65.98,69.51,72.97,69.85,31.97,72.36,71.48,62.18,65.5,68.97,65.91,31.23,69.92,68.83,59.94,63.2,67,63.94,31.84,72.02,71.07,61.84,65.17,68.56,65.5,392,388
"2019-04-16 16:07:20.0",789157,4280,175.1,47.38,47.39,0.736,0.736,1.357,12.0436,40.13,39.95,20.53,33.8,77.31,76.7,66.72,70.32,73.44,70.46,32.04,73.1,72.36,62.92,66.32,69.44,66.52,30.75,68.9,67.81,58.99,62.18,65.98,62.92,31.77,72.56,71.75,62.38,65.77,68.9,65.84,392,388
"2019-04-16 16:07:40.0",789158,4280,175.2,47.38,47.4,0.736,0.736,1.357,12.0436,40.13,39.93,20.56,34.75,83.2,82.7,71.75,75.34,77.31,74.26,33.94,81.7,81.3,70.32,73.72,75.34,72.7,30.34,68.15,67,58.31,61.43,65.23,62.11,33.87,81.7,81.3,70.39,73.92,75.55,72.7,392,388
"2019-04-16 16:08:00.0",789159,4280,175.4,47.39,47.4,0.736,0.736,1.357,12.0492,40.13,39.95,20.56,34.89,83.5,83.4,72.43,76.09,78.06,75.34,33.26,79.35,78.87,68.42,71.75,73.65,71.2,30.48,68.35,67.34,58.65,61.84,65.64,62.52,33.26,78.74,78.4,68.08,71.54,73.58,71,392,388
"2019-04-16 16:08:20.0",789160,4290,175.5,47.4,47.41,0.736,0.736,1.357,12.0548,40.13,39.95,20.58,36.99,86.7,87.1,75.89,79.82,81.7,79.28,33.94,80.5,80.5,70.05,73.65,75.55,72.97,31.09,69.58,68.76,60,63.26,67.06,64.14,34.28,81.5,81.6,71.07,74.73,76.5,73.99,393,387
"2019-04-16 16:08:40.0",789161,4290,175.6,47.4,47.42,0.736,0.736,1.357,12.0548,40.13,39.95,20.61,37.54,86.6,87.4,76.5,80.7,82.9,80.6,34.89,79.15,79.55,69.71,73.51,76.23,73.92,32.17,70.86,70.32,61.5,64.89,68.76,66.18,34.35,78.33,78.47,68.69,72.49,75.21,72.83,393,387
"2019-04-16 16:09:00.0",789162,4290,175.7,47.41,47.42,0.736,0.736,1.357,12.0546,40.13,39.95,20.61,37.13,81.8,82,71.88,75.95,79.14,77.18,34.48,75.07,75.07,65.77,69.64,73.03,71,32.72,71.54,71.13,62.24,65.77,69.51,67.13,33.4,73.58,73.37,64.28,68.01,71.41,69.17,393,387
"2019-04-16 16:09:20.0",789163,4290,175.8,47.41,47.43,0.736,0.736,1.357,12.0546,40.13,39.95,20.61,35.63,77.51,77.38,67.81,71.68,75.34,73.31,33.4,72.08,71.75,62.85,66.45,70.32,68.08,32.58,70.73,70.18,61.43,64.89,68.83,66.45,32.65,71.13,70.59,61.77,65.3,69.17,66.79,393,387
"2019-04-16 16:09:40.0",789164,4290,176,47.42,47.43,0.736,0.736,1.356,12.0546,40.13,39.95,20.64,34.07,73.71,73.03,63.87,67.54,71.34,69.03,31.7,68.15,67.2,58.71,62.04,65.98,63.53,31.36,67.74,66.79,58.31,61.63,65.57,62.99,31.56,68.22,67.33,58.78,62.17,66.11,63.6,393,387
"2019-04-16 16:10:00.0",789165,4300,176.1,47.42,47.44,0.736,0.737,1.356,12.0435,40.13,39.95,20.66,31.29,68.15,66.72,58.1,61.29,65.3,62.45,28.92,62.72,61.09,53.08,56.07,60.14,57.02,28.92,62.99,61.36,53.28,56.27,60.27,57.29,29.19,63.4,61.84,53.76,56.74,60.75,57.83,394,386
"2019-04-16 16:10:20.0",789166,4300,176.2,47.43,47.44,0.736,0.737,1.356,12.0491,40.13,39.93,20.66,28.17,62.79,60.61,52.4,55.25,59.32,55.66,26.2,58.31,56.07,48.46,51.04,55.12,51.45,26.2,58.44,56.2,48.53,51.11,55.12,51.52,26.34,58.64,56.47,48.74,51.38,55.32,51.79,394,386
"2019-04-16 16:10:40.0",789167,4300,176.3,47.43,47.44,0.736,0.737,1.356,12.049,40.13,39.95,20.69,26.34,60.48,58.1,50.02,52.67,56.54,52.53,24.77,56.68,54.37,46.77,49.14,53.08,49.07,24.57,56.47,54.1,46.49,48.87,52.67,48.8,24.71,56.74,54.37,46.77,49.21,53.01,49.14,394,386
"2019-04-16 16:11:00.0",789168,4300,176.4,47.43,47.45,0.736,0.737,1.356,12.0434,40.13,39.95,20.72,26.74,62.17,60.14,51.92,54.57,58.24,54.37,25.32,58.64,56.61,48.8,51.31,54.98,51.18,25.11,58.37,56.27,48.53,51.04,54.64,50.91,25.25,58.58,56.47,48.67,51.25,54.84,51.11,394,386
"2019-04-16 16:11:20.0",789169,4300,176.6,47.44,47.45,0.737,0.737,1.356,12.0434,40.13,39.95,20.72,29.19,66.79,65.43,56.81,59.87,63.33,59.87,27.83,63.33,61.97,53.76,56.61,60.07,56.81,27.35,62.58,61.15,53.01,55.79,59.32,56,27.76,63.26,61.83,53.69,56.47,60,56.81,394,386
"2019-04-16 16:11:40.0",789170,4300,176.7,47.44,47.46,0.737,0.737,1.356,12.0434,40.13,39.93,20.72,34.41,77.72,77.72,68.15,71.95,75,72.69,32.99,75.61,75.61,66.18,69.77,72.15,69.91,30.95,68.01,67.4,58.98,62.38,66.11,63.67,32.65,76.49,76.63,66.99,70.73,72.76,70.39,394,386
"2019-04-16 16:12:00.0",789171,4300,176.8,47.45,47.46,0.737,0.737,1.356,12.0546,40.13,39.95,20.74,61.43,129.8,137.2,122.9,130.5,129.3,132.4,66.11,133.6,142.6,128.7,137,135.8,140.4,34.89,73.24,73.37,64.75,68.76,72.69,71.2,76.83,150.3,162.6,148.2,158.4,156.9,163.8,395,385
"2019-04-16 16:12:20.0",789172,4300,176.9,47.45,47.46,0.737,0.737,1.356,12.0545,40.13,39.93,20.74,48.39,106.7,110.2,97.5,103.1,103.4,104.3,53.89,115,120,106.6,112.8,112.3,114.5,36.11,75.41,75.54,66.58,70.52,74.19,73.17,46.56,104.5,107.6,95.2,100.7,100.8,101.5,395,385
"2019-04-16 16:12:40.0",789173,4300,177,47.45,47.47,0.737,0.737,1.356,12.0545,40.13,39.93,20.77,44.8,99.6,101.7,89.6,94.5,95,95.5,41.33,92.3,93.8,82.2,86.5,87.2,87.4,36.11,75.81,75.88,66.79,70.79,74.05,73.1,40.93,91.2,92.4,81,85.6,86.4,86.5,395,385
"2019-04-16 16:13:00.0",789174,4300,177.2,47.46,47.47,0.737,0.737,1.356,12.0545,40.13,39.95,20.77,39.5,84.4,84.8,74.46,78.73,81.3,80.8,35.97,77.58,77.38,67.6,71.33,73.98,73.03,34.68,73.71,73.3,64.21,67.87,71,69.84,35.43,76.97,76.7,67.06,70.86,73.51,72.49,395,385
"2019-04-16 16:13:20.0",789175,4300,177.3,47.46,47.48,0.737,0.737,1.355,12.0545,40.13,39.95,20.8,36.24,80,79.68,69.57,73.44,75.75,74.86,33.67,74.93,74.25,64.62,68.08,70.45,69.16,33.12,71.61,70.79,61.83,65.36,68.35,66.99,33.73,75.34,74.59,64.89,68.42,70.72,69.5,395,385
"2019-04-16 16:13:40.0",789176,4310,177.4,47.46,47.48,0.737,0.737,1.355,12.0434,40.13,39.95,20.83,35.09,78.6,77.99,67.94,71.61,73.71,72.62,32.85,73.51,72.62,63.12,66.52,68.76,67.47,32.04,69.91,68.82,59.93,63.33,66.24,64.75,32.71,72.96,72.08,62.65,66.04,68.35,67.06,396,384
"2019-04-16 16:14:00.0",789177,4310,177.5,47.47,47.48,0.737,0.737,1.355,12.0433,40.13,39.95,20.83,34.21,75.68,74.86,65.23,68.82,71.33,70.04,31.97,70.45,69.37,60.41,63.66,66.38,64.95,31.42,68.96,67.74,58.91,62.17,65.09,63.46,31.49,69.3,68.08,59.18,62.51,65.29,63.73,396,384
"2019-04-16 16:14:20.0",789178,4310,177.7,47.47,47.48,0.737,0.737,1.355,12.0433,40.13,39.95,20.83,33.53,74.05,72.96,63.53,67.06,69.77,68.48,31.42,68.96,67.74,58.85,62.17,64.95,63.53,31.15,68.48,67.13,58.37,61.56,64.48,62.99,30.95,68.08,66.72,57.96,61.15,64.07,62.51,396,384
"2019-04-16 16:14:40.0",789179,4310,177.8,47.47,47.49,0.737,0.737,1.355,12.0489,40.13,39.93,20.85,32.99,72.76,71.54,62.17,65.63,68.42,67.06,30.88,67.74,66.31,57.56,60.75,63.6,62.17,30.75,67.33,65.84,57.15,60.34,63.32,61.76,30.68,67.4,65.9,57.22,60.41,63.32,61.76,396,384
"2019-04-16 16:15:00.0",789180,4310,177.9,47.48,47.49,0.737,0.737,1.355,12.0489,40.13,39.92,20.85,32.44,71.61,70.18,60.95,64.27,67.26,65.77,30.54,67.06,65.5,56.81,59.86,62.92,61.29,30.27,66.31,64.68,56.06,59.18,62.24,60.61,30.41,66.85,65.23,56.61,59.66,62.71,61.02,396,384
"2019-04-16 16:15:20.0",789181,4310,178,47.48,47.49,0.737,0.737,1.355,12.0433,40.13,39.92,20.88,32.78,73.17,71.88,62.44,65.77,68.55,66.99,31.02,69.37,67.87,58.85,61.97,64.75,63.19,30.41,66.45,64.89,56.33,59.46,62.71,61.08,31.02,69.84,68.48,59.39,62.58,65.16,63.6,396,384
"2019-04-16 16:15:40.0",789182,4320,178.1,47.48,47.5,0.737,0.737,1.355,12.0544,40.11,39.91,20.88,36.79,86.9,86.9,75.47,79.34,80.4,79.61,38.08,89.7,90.1,78.19,82.1,82.1,82.1,31.42,68.01,66.79,58.3,61.76,65.29,64,40.38,94.5,95.6,83.3,87.6,87.1,87.4,397,383
"2019-04-16 16:16:00.0",789183,4320,178.3,47.48,47.5,0.737,0.737,1.355,12.0544,40.11,39.91,20.91,50.63,116.1,120.1,105.9,111.9,110.6,113.2,48.87,110.8,114.3,100.8,106.4,105.4,108,31.83,69.03,67.87,59.32,62.78,66.24,65.22,42.62,99.2,101,88.6,93.5,93.1,94.3,397,383
"2019-04-16 16:16:20.0",789184,4320,178.4,47.48,47.5,0.737,0.737,1.355,12.0544,40.11,39.91,20.91,35.63,76.97,76.56,67.26,71.2,74.59,74.39,32.17,69.09,68.01,59.32,62.71,66.45,65.77,30.88,67.74,66.17,57.55,60.68,64.21,63.12,32.1,68.62,67.4,58.78,62.17,65.84,65.02,397,383
"2019-04-16 16:16:40.0",789185,4320,178.5,47.49,47.5,0.737,0.737,1.355,12.0544,40.11,39.92,20.93,32.31,71.33,69.84,60.61,63.93,67.46,66.38,29.8,65.77,64,55.38,58.37,61.97,60.61,29.59,65.63,63.8,55.25,58.23,61.83,60.34,29.59,65.43,63.6,55.04,58.1,61.63,60.07,397,383
"2019-04-16 16:17:00.0",789186,4320,178.6,47.49,47.5,0.737,0.737,1.355,12.0655,40.14,39.92,20.93,30.47,67.8,65.84,56.94,60,63.66,61.9,28.44,63.12,61.02,52.74,55.52,59.18,57.35,28.44,63.05,60.95,52.74,55.52,59.18,57.28,28.3,62.85,60.74,52.46,55.25,58.91,56.94,397,383
"2019-04-16 16:17:20.0",789187,4320,178.7,47.49,47.5,0.737,0.737,1.355,12.0488,40.12,39.94,20.93,28.84,64.75,62.51,53.96,56.81,60.47,58.23,27.15,60.61,58.37,50.29,52.94,56.6,54.43,27.01,60.4,58.1,50.02,52.67,56.4,54.09,26.94,60.4,58.03,50.02,52.67,56.4,54.02,398,382
"2019-04-16 16:17:40.0",789188,4320,178.9,47.49,47.5,0.737,0.737,1.355,12.0432,40.12,39.92,20.96,27.35,62.37,60,51.65,54.23,58.1,55.31,25.66,58.37,55.86,47.98,50.43,54.23,51.51,25.66,58.23,55.79,47.92,50.36,54.16,51.45,25.52,58.17,55.65,47.85,50.29,54.02,51.24,398,382
"2019-04-16 16:18:00.0",789189,4330,179,47.49,47.51,0.737,0.737,1.355,12.0488,40.11,39.92,20.96,26.33,61.42,58.98,50.63,53.14,56.94,53.82,24.64,57.35,54.77,46.97,49.27,53.01,49.95,24.7,57.35,54.84,47.03,49.41,53.07,50.09,24.77,57.55,55.04,47.24,49.61,53.28,50.22,398,382
"2019-04-16 16:18:20.0",789190,4320,179.1,47.49,47.51,0.737,0.737,1.355,12.0488,40.11,39.91,20.99,26.13,61.76,59.45,51.04,53.55,57.28,53.96,24.43,57.69,55.25,47.37,49.68,53.35,50.16,24.64,57.96,55.52,47.71,50.09,53.75,50.56,24.7,58.1,55.72,47.85,50.22,53.89,50.63,398,382
"2019-04-16 16:18:40.0",789191,4330,179.2,47.49,47.51,0.737,0.737,1.355,12.0432,40.11,39.91,20.99,26.54,63.05,60.95,52.46,55.04,58.71,55.38,24.77,58.78,56.54,48.53,50.9,54.5,51.31,25.11,59.32,57.15,49.14,51.58,55.18,51.99,25.11,59.45,57.28,49.27,51.72,55.25,52.06,398,382
"2019-04-16 16:19:00.0",789192,4330,179.4,47.49,47.51,0.737,0.737,1.355,12.0543,40.11,39.91,20.99,27.35,65.56,63.66,54.84,57.49,60.95,57.76,25.45,60.81,58.71,50.43,52.87,56.33,53.28,25.79,61.15,59.18,51.04,53.55,57.08,53.96,25.86,61.69,59.73,51.45,53.96,57.35,54.3,399,381
"2019-04-16 16:19:20.0",789193,4330,179.5,47.5,47.51,0.737,0.737,1.355,12.0599,40.11,39.91,21.02,28.3,67.53,65.97,57.01,59.86,63.12,60.27,26.27,62.51,60.74,52.33,54.91,58.16,55.38,26.61,62.78,61.08,52.8,55.45,58.78,55.99,26.88,63.93,62.37,53.82,56.6,59.73,56.94,399,381
"2019-04-16 16:19:40.0",789194,4330,179.6,47.5,47.51,0.737,0.737,1.355,12.0543,40.11,39.91,21.02,29.46,70.52,69.16,59.79,62.71,65.63,63.19,27.28,65.09,63.39,54.57,57.28,60.34,57.76,27.56,64.48,62.98,54.5,57.28,60.54,58.03,27.83,66.24,64.75,55.92,58.71,61.69,59.18,399,381
"2019-04-16 16:20:00.0",789195,4330,179.7,47.5,47.51,0.737,0.737,1.355,12.0543,40.11,39.91,21.04,30.41,71.67,70.45,61.02,64.14,67.06,64.88,28.17,66.11,64.61,55.79,58.64,61.69,59.45,28.3,65.49,64.07,55.52,58.44,61.69,59.45,28.44,66.85,65.43,56.54,59.45,62.44,60.13,399,381
"2019-04-16 16:20:20.0",789196,4330,179.8,47.5,47.51,0.737,0.737,1.355,12.0543,40.11,39.92,21.04,30.81,73.03,71.81,62.03,65.16,67.87,65.7,28.51,66.72,65.16,56.26,59.11,62.1,59.93,28.37,65.09,63.59,55.11,58.03,61.35,59.11,28.84,67.06,65.7,56.88,59.79,62.78,60.54,399,381
"2019-04-16 16:20:40.0",789197,4330,180,47.5,47.51,0.737,0.737,1.355,12.0543,40.11,39.91,21.04,30.88,71.2,70.04,60.81,64,67.12,64.95,28.71,66.1,64.75,56.13,59.05,62.24,59.93,28.3,64.68,63.19,54.7,57.55,61.01,58.64,28.78,66.58,65.22,56.54,59.52,62.58,60.2,399,381
"2019-04-16 16:21:00.0",789198,4340,-179.9,47.5,47.51,0.737,0.737,1.355,12.0432,40.11,39.91,21.07,32.31,76.42,75.95,66.04,69.43,71.74,69.7,30.47,72.48,71.94,62.51,65.7,67.8,65.83,29.05,66.24,65.09,56.6,59.66,62.98,60.74,30.88,74.52,73.98,64.14,67.39,69.16,67.06,400,380
"2019-04-16 16:21:20.0",789199,4340,-179.8,47.5,47.51,0.737,0.737,1.355,12.0432,40.11,39.91,21.07,36.04,86.7,87.3,76.35,80.3,81.6,80.6,32.98,76.83,77.24,67.87,71.67,74.11,72.89,30.68,69.23,68.55,59.86,63.12,66.58,64.88,32.71,76.62,76.83,67.46,71.26,73.64,72.15,400,380
"2019-04-16 16:21:40.0",789200,4340,-179.7,47.49,47.51,0.737,0.737,1.355,12.0432,40.11,39.91,21.1,39.57,94.3,95.7,83.6,88,88.4,88.5,37.6,89.5,90.7,79,83.1,83.5,83.7,32.51,72.69,72.42,63.46,67.06,70.24,69.09,39.09,93,94.5,82.5,86.9,86.9,87.1,400,380
"2019-04-16 16:22:00.0",789201,4340,-179.6,47.49,47.51,0.737,0.737,1.355,12.0432,40.11,39.92,21.1,49,109.5,112.7,99.2,104.7,104.7,106.6,42.55,98.3,100.3,87.9,92.4,93,93.7,34.61,75.13,75.34,66.24,70.18,73.71,73.03,41.06,94.3,96,84.3,88.8,89.7,90.1,400,380
"2019-04-16 16:22:20.0",789202,4340,-179.4,47.49,47.51,0.737,0.737,1.355,12.0431,40.1,39.93,21.1,39.16,85.9,86.6,76.08,80.5,82.9,83.4,35.29,78.39,78.52,68.62,72.48,75,74.86,33.93,73.71,73.43,64.41,68.21,71.53,70.86,35.97,79.47,79.68,69.84,73.77,76.28,76.28,400,380
"2019-04-16 16:22:40.0",789203,4350,-179.3,47.49,47.51,0.737,0.737,1.355,12.0543,40.1,39.92,21.1,37.67,84,84,73.43,77.37,79.75,79.54,34.68,77.1,76.96,67.26,70.92,73.64,73.03,32.58,70.58,69.97,61.22,64.68,68.21,67.19,34.95,77.24,77.24,67.6,71.47,74.25,73.57,401,379
"2019-04-16 16:23:00.0",789204,4350,-179.2,47.49,47.51,0.737,0.737,1.355,12.0543,40.1,39.93,21.12,55.52,121,126.8,113.2,120.2,119.5,123.8,66.65,135.2,143.5,129,137,135.5,142.4,32.85,69.7,69.23,60.74,64.34,68.34,67.39,52.46,114.4,119,105.5,111.4,110.4,113.5,401,379
"2019-04-16 16:23:20.0",789205,4350,-179.1,47.49,47.51,0.737,0.737,1.355,12.0599,40.1,39.93,21.12,84.3,158.7,171.2,155.8,166.1,164.9,174.9,79.14,149.2,161.3,146.9,157,156.2,166,32.85,69.09,68.48,60,63.53,67.73,66.72,81.2,151.8,164.7,150.5,161.1,160.4,170.6,401,379
"2019-04-16 16:23:40.0",789206,4350,-179,47.49,47.5,0.737,0.737,1.355,12.0543,40.1,39.95,21.15,37.06,79.75,79.95,70.24,74.25,77.37,76.96,34.41,72.35,72.21,63.46,67.19,70.86,70.11,31.97,68.75,67.94,59.25,62.58,66.38,65.02,32.65,70.04,69.36,60.81,64.34,68.07,66.78,401,379
"2019-04-16 16:24:00.0",789207,4350,-178.8,47.49,47.5,0.737,0.737,1.355,12.0543,40.1,39.95,21.15,33.93,74.11,73.43,64.07,67.6,71.19,69.97,31.83,69.36,68.48,59.72,62.98,66.65,65.29,31.15,68.07,67.19,58.57,61.83,65.63,64,31.02,68.28,67.26,58.57,61.83,65.49,63.8,401,379
"2019-04-16 16:24:20.0",789208,4350,-178.7,47.49,47.5,0.737,0.737,1.355,12.0543,40.1,39.95,21.15,32.85,72.89,71.87,62.58,65.97,69.43,67.87,31.02,68.28,67.19,58.57,61.76,65.36,63.66,30.74,67.19,66.1,57.62,60.81,64.61,62.85,30.54,67.39,66.31,57.69,60.88,64.61,62.78,401,379
"2019-04-16 16:24:40.0",789209,4350,-178.6,47.49,47.5,0.737,0.737,1.355,12.0431,40.1,39.93,21.15,31.97,70.79,69.7,60.74,64.07,67.8,66.04,30.13,66.38,65.22,56.81,59.93,63.73,61.9,30,65.97,64.81,56.4,59.52,63.32,61.35,30,66.04,64.88,56.47,59.59,63.39,61.49,402,378
"2019-04-16 16:25:00.0",789210,4350,-178.5,47.48,47.5,0.737,0.737,1.355,12.0431,40.1,39.95,21.18,31.29,69.57,68.41,59.52,62.78,66.58,64.61,29.46,65.09,63.8,55.52,58.5,62.3,60.34,29.39,64.95,63.66,55.38,58.37,62.24,60.13,29.39,65.02,63.73,55.45,58.44,62.3,60.2,402,378
"2019-04-16 16:25:20.0",789211,4350,-178.3,47.48,47.5,0.737,0.737,1.355,12.0431,40.12,39.93,21.18,30.54,67.8,66.44,57.69,60.81,64.81,62.51,28.71,63.19,61.76,53.62,56.53,60.47,58.1,28.78,63.32,61.83,53.68,56.6,60.54,58.16,28.71,63.32,61.76,53.62,56.6,60.54,58.1,402,378
"2019-04-16 16:25:40.0",789212,4350,-178.2,47.48,47.49,0.737,0.737,1.355,12.0431,40.1,39.92,21.18,29.39,65.22,63.59,55.04,58.03,62.1,59.25,27.62,60.88,59.11,51.17,53.96,57.96,55.11,27.62,60.88,59.05,51.17,53.96,57.89,55.11,27.55,60.88,59.11,51.11,53.89,57.89,54.97,402,378
"2019-04-16 16:26:00.0",789213,4350,-178.1,47.48,47.49,0.737,0.737,1.355,12.0431,40.1,39.93,21.21,27.96,62.91,61.01,52.73,55.45,59.52,56.13,26.33,58.84,56.87,49.14,51.78,55.79,52.53,26.33,58.91,56.87,49.14,51.72,55.79,52.46,26.2,58.84,56.74,49.07,51.58,55.58,52.26,402,378
"2019-04-16 16:26:20.0",789214,4360,-178,47.47,47.49,0.737,0.737,1.355,12.0598,40.1,39.92,21.21,27.01,61.76,59.79,51.65,54.29,58.43,54.84,25.45,57.69,55.65,48.05,50.49,54.7,51.11,25.45,57.76,55.72,48.05,50.56,54.63,51.11,25.38,57.76,55.65,48.05,50.49,54.63,51.04,403,377
"2019-04-16 16:26:40.0",789215,4360,-177.9,47.47,47.49,0.737,0.737,1.355,12.0543,40.1,39.93,21.21,26.54,61.15,59.25,51.17,53.75,58.03,54.23,24.98,57.01,54.97,47.44,49.88,54.23,50.43,25.04,57.15,55.18,47.64,50.09,54.36,50.63,25.04,57.28,55.31,47.78,50.22,54.43,50.7,403,377
"2019-04-16 16:27:00.0",789216,4360,-177.7,47.47,47.48,0.737,0.737,1.355,12.0487,40.1,39.92,21.23,26.2,60.27,58.3,50.36,52.94,57.35,53.34,24.64,56.26,54.29,46.83,49.27,53.68,49.75,24.64,56.2,54.23,46.83,49.27,53.62,49.61,24.7,56.53,54.63,47.17,49.61,53.96,50.02,403,377
"2019-04-16 16:27:20.0",789217,4360,-177.6,47.47,47.48,0.737,0.737,1.355,12.0598,40.1,39.92,21.23,25.65,59.11,57.21,49.41,51.92,56.53,52.12,24.23,55.45,53.48,46.22,48.59,53.14,48.87,24.23,55.45,53.62,46.29,48.66,53.14,48.93,24.3,55.79,53.96,46.63,49,53.48,49.2,403,377
"2019-04-16 16:27:40.0",789218,4360,-177.5,47.46,47.48,0.737,0.737,1.355,12.0542,40.1,39.93,21.26,25.31,58.64,56.81,49.07,51.65,56.2,51.58,23.96,55.11,53.28,46.08,48.46,53.01,48.46,23.96,55.24,53.41,46.15,48.53,53.07,48.53,24.16,55.72,53.96,46.63,49,53.48,49,403,377
"2019-04-16 16:28:00.0",789219,4370,-177.4,47.46,47.47,0.737,0.737,1.356,12.0487,40.1,39.92,21.26,25.38,59.52,57.82,50.02,52.46,57.01,52.26,23.96,55.92,54.16,46.83,49.14,53.62,49,24.09,55.79,54.16,46.83,49.27,53.75,49.14,24.3,56.74,55.18,47.64,50.09,54.43,49.88,404,376
"2019-04-16 16:28:20.0",789220,4370,-177.3,47.46,47.47,0.737,0.737,1.356,12.0431,40.1,39.92,21.26,25.93,61.76,60.27,52.06,54.63,58.91,54.23,24.5,58.1,56.53,48.8,51.17,55.38,50.77,24.57,57.28,55.86,48.32,50.83,55.24,50.7,24.84,59.11,57.62,49.75,52.19,56.26,51.78,404,376
"2019-04-16 16:28:40.0",789221,4370,-177.1,47.45,47.47,0.737,0.737,1.356,12.0431,40.1,39.92,21.26,26.81,62.78,61.62,53.48,56.2,60.54,56.06,25.25,58.71,57.42,49.82,52.33,56.74,52.33,25.38,58.84,57.55,49.95,52.53,56.87,52.53,25.65,59.66,58.43,50.7,53.41,57.62,53.41,404,376
"2019-04-16 16:29:00.0",789222,4370,-177,47.45,47.46,0.737,0.737,1.356,12.0487,40.1,39.92,21.26,27.62,64.14,63.05,54.77,57.55,61.9,57.69,25.99,60,58.77,50.97,53.68,57.96,53.82,26.13,60.13,58.91,51.17,53.89,58.1,54.02,26.4,60.81,59.59,51.78,54.5,58.71,54.7,404,376
"2019-04-16 16:29:20.0",789223,4370,-176.9,47.44,47.46,0.737,0.737,1.356,12.0431,40.1,39.92,21.29,28.3,65.29,64.27,55.86,58.77,63.05,59.05,26.67,61.22,60.13,52.19,54.91,59.11,55.24,26.67,61.15,60,52.12,54.91,59.11,55.18,26.94,61.76,60.61,52.67,55.45,59.59,55.79,404,376
"2019-04-16 16:29:40.0",789224,4370,-176.8,47.44,47.46,0.737,0.737,1.356,12.0431,40.1,39.92,21.29,28.91,66.31,65.36,56.81,59.79,64,60.13,27.42,62.57,61.49,53.48,56.26,60.4,56.67,27.35,62.03,60.95,53.01,55.86,60,56.26,27.55,62.71,61.62,53.62,56.47,60.54,56.87,404,376
"2019-04-16 16:30:00.0",789225,4370,-176.6,47.44,47.45,0.737,0.737,1.356,12.0542,40.1,39.92,21.31,29.59,67.05,66.17,57.62,60.74,64.95,61.29,28.1,63.19,62.24,54.23,57.15,61.29,57.76,27.96,62.78,61.83,53.75,56.74,60.95,57.35,28.17,63.32,62.3,54.29,57.28,61.42,57.82,405,375
"2019-04-16 16:30:20.0",789226,4370,-176.5,47.43,47.45,0.736,0.737,1.356,12.0542,40.1,39.92,21.31,30.2,67.73,66.85,58.3,61.49,65.63,62.1,28.57,63.52,62.57,54.5,57.48,61.69,58.23,28.5,63.39,62.44,54.36,57.35,61.56,58.1,28.71,63.86,62.98,54.91,57.89,62.03,58.64,405,375
"2019-04-16 16:30:40.0",789227,4370,-176.4,47.43,47.44,0.736,0.737,1.356,12.0542,40.11,39.92,21.34,30.4,67.66,66.71,58.23,61.35,65.56,62.17,28.57,63.12,62.03,54.02,57.01,61.22,57.82,28.57,62.98,61.9,53.96,56.94,61.15,57.82,28.84,63.66,62.57,54.57,57.62,61.76,58.5,405,375
"2019-04-16 16:31:00.0",789228,4370,-176.3,47.42,47.44,0.736,0.737,1.356,12.0542,40.11,39.92,21.34,29.79,65.97,64.75,56.4,59.45,63.73,60.2,27.89,61.42,60.13,52.33,55.18,59.45,55.92,27.89,61.29,59.93,52.19,54.97,59.32,55.79,28.1,61.69,60.4,52.53,55.38,59.59,56.19,405,375
"2019-04-16 16:31:20.0",789229,4370,-176.2,47.42,47.43,0.736,0.736,1.356,12.0542,40.11,39.92,21.34,28.37,63.12,61.49,53.34,56.19,60.47,56.6,26.67,59.11,57.42,49.82,52.46,56.74,52.87,26.74,59.11,57.42,49.75,52.46,56.67,52.87,26.67,59.05,57.35,49.68,52.39,56.53,52.8,405,375
"2019-04-16 16:31:40.0",789230,4380,-176,47.41,47.43,0.736,0.736,1.356,12.0487,40.11,39.93,21.37,26.94,61.01,59.11,51.1,53.75,57.96,53.82,25.38,57.35,55.38,47.85,50.29,54.43,50.49,25.31,57.01,55.04,47.58,50.09,54.16,50.22,25.25,57.08,55.11,47.58,50.02,54.16,50.09,406,374
"2019-04-16 16:32:00.0",789231,4380,-175.9,47.41,47.42,0.736,0.736,1.357,12.0431,40.11,39.92,21.37,25.86,59.66,57.62,49.75,52.26,56.4,52.05,24.23,55.86,53.82,46.35,48.73,52.8,48.53,24.23,55.72,53.62,46.29,48.59,52.73,48.46,24.16,55.92,53.82,46.35,48.73,52.73,48.53,406,374
"2019-04-16 16:32:20.0",789232,4380,-175.8,47.4,47.42,0.736,0.736,1.357,12.0431,40.11,39.92,21.37,25.38,59.38,57.42,49.54,51.99,56.26,51.72,23.82,55.72,53.68,46.22,48.53,52.67,48.25,23.89,55.65,53.68,46.22,48.59,52.73,48.32,23.82,55.79,53.75,46.29,48.66,52.8,48.39,406,374
"2019-04-16 16:32:40.0",789233,4380,-175.7,47.4,47.41,0.736,0.736,1.357,12.0431,40.11,39.92,21.4,25.38,59.72,57.82,49.95,52.39,56.81,52.12,23.96,56.19,54.29,46.83,49.14,53.48,48.93,23.96,56.06,54.16,46.69,49.07,53.41,48.93,23.89,56.13,54.23,46.76,49.14,53.41,48.93,406,374
"2019-04-16 16:33:00.0",789234,4380,-175.6,47.39,47.41,0.736,0.736,1.357,12.0431,40.11,39.92,21.4,25.72,60.33,58.64,50.7,53.21,57.82,53.07,24.3,56.94,55.24,47.71,50.09,54.5,50.02,24.3,56.81,55.11,47.58,50.02,54.5,49.88,24.23,56.67,54.97,47.44,49.88,54.36,49.68,406,374
"2019-04-16 16:33:20.0",789235,4380,-175.4,47.39,47.4,0.736,0.736,1.357,12.0431,40.11,39.92,21.4,26.2,61.28,59.86,51.85,54.43,59.11,54.29,24.77,57.89,56.4,48.8,51.24,55.79,51.1,24.77,57.89,56.33,48.73,51.17,55.79,51.17,24.7,57.76,56.19,48.59,51.04,55.65,50.97,406,374
"2019-04-16 16:33:40.0",789236,4400,-175.3,47.38,47.4,0.736,0.736,1.357,12.0542,40.11,39.92,21.4,26.67,62.64,61.35,53.21,55.92,60.61,55.72,25.18,59.05,57.69,49.95,52.53,57.08,52.39,25.18,59.18,57.82,50.02,52.6,57.21,52.53,25.25,59.18,57.82,50.09,52.6,57.21,52.53,407,373
"2019-04-16 16:34:00.0",789237,4400,-175.2,47.38,47.39,0.736,0.736,1.357,12.0542,40.11,39.91,21.4,27.28,64.27,63.19,54.84,57.62,62.37,57.55,25.79,60.54,59.38,51.51,54.09,58.71,54.16,25.79,60.54,59.38,51.44,54.09,58.64,54.09,25.86,60.74,59.59,51.72,54.29,58.91,54.36,407,373
"2019-04-16 16:34:20.0",789238,4400,-175.1,47.37,47.38,0.736,0.736,1.357,12.0542,40.11,39.91,21.42,28.03,65.83,64.95,56.47,59.32,64.07,59.32,26.54,62.1,61.15,53.07,55.79,60.4,55.86,26.4,61.76,60.74,52.73,55.45,60.13,55.58,26.47,62.03,61.08,53,55.72,60.27,55.79,407,373
"2019-04-16 16:34:40.0",789239,4400,-175,47.36,47.38,0.736,0.736,1.358,12.0542,40.11,39.91,21.42,28.64,67.12,66.31,57.69,60.61,65.29,60.61,27.22,63.32,62.44,54.23,57.01,61.62,57.14,27.08,62.78,61.9,53.82,56.53,61.22,56.81,26.88,62.85,61.83,53.68,56.47,61.08,56.6,407,373
"2019-04-16 16:35:00.0",789240,4400,-174.8,47.36,47.37,0.736,0.736,1.358,12.0487,40.11,39.91,21.42,29.18,67.6,66.92,58.3,61.35,66.1,61.56,27.69,63.8,63.05,54.84,57.76,62.37,58.03,27.69,63.59,62.78,54.63,57.48,62.24,57.82,27.35,63.12,62.24,54.16,56.94,61.69,57.28,407,373
"2019-04-16 16:35:20.0",789241,4400,-174.7,47.35,47.37,0.736,0.736,1.358,12.0431,40.11,39.91,21.42,29.59,68.21,67.6,58.91,62.03,66.71,62.3,28.03,64.14,63.39,55.24,58.16,62.78,58.5,28.1,64.07,63.39,55.18,58.1,62.71,58.5,27.69,63.59,62.78,54.57,57.48,62.1,57.82,408,372
"2019-04-16 16:35:40.0",789242,4400,-174.6,47.34,47.36,0.735,0.736,1.358,12.0431,40.11,39.92,21.45,29.86,68.95,68.34,59.52,62.64,67.19,62.85,28.1,64.54,63.8,55.52,58.37,62.85,58.64,28.3,64.47,63.8,55.58,58.5,63.05,58.91,27.96,64.54,63.73,55.38,58.23,62.71,58.5,408,372
"2019-04-16 16:36:00.0",789243,4400,-174.5,47.34,47.35,0.735,0.736,1.358,12.0431,40.11,39.92,21.45,30.2,70.11,69.5,60.47,63.59,67.87,63.8,28.1,64.88,64.07,55.72,58.57,62.85,58.77,28.5,65.09,64.41,56.13,59.11,63.52,59.52,28.37,65.42,64.68,56.26,59.18,63.46,59.45,408,372
"2019-04-16 16:36:20.0",789244,4400,-174.4,47.33,47.35,0.735,0.735,1.358,12.0431,40.11,39.92,21.45,30.88,71.13,70.79,61.76,65.02,69.23,65.42,28.57,65.7,65.02,56.6,59.52,63.8,59.93,29.12,66.51,65.97,57.55,60.61,64.88,61.15,29.18,66.99,66.44,57.89,60.95,65.15,61.56,408,372
"2019-04-16 16:36:40.0",789245,4400,-174.2,47.32,47.34,0.735,0.735,1.358,12.0431,40.11,39.92,21.45,32.71,74.59,74.59,65.29,68.82,72.75,69.7,30.07,68.89,68.48,59.72,62.85,66.85,63.59,30.61,69.16,68.89,60.27,63.59,67.73,64.61,31.02,70.58,70.45,61.62,64.95,68.89,65.97,408,372
"2019-04-16 16:37:00.0",789246,4410,-174.1,47.32,47.33,0.735,0.735,1.359,12.0542,40.11,39.92,21.48,35.63,81.2,81.8,71.74,75.67,78.93,76.89,32.71,75.54,75.74,66.17,69.56,72.75,70.45,32.71,72.48,72.62,63.8,67.39,71.33,69.02,33.8,77.71,78.12,68.41,72.14,75.13,73.16,409,371
"2019-04-16 16:37:20.0",789247,4410,-174,47.31,47.32,0.735,0.735,1.359,12.0542,40.11,39.91,21.48,40.92,92.7,94.5,83.1,87.6,89.7,89.5,36.31,83.9,85.1,74.52,78.46,80.7,79.74,35.43,76.08,76.69,67.6,71.6,75.54,74.32,37.19,84.6,86,75.67,79.88,82.3,81.6,409,371
"2019-04-16 16:37:40.0",789248,4410,-173.9,47.3,47.32,0.735,0.735,1.359,12.0542,40.11,39.91,21.48,42.76,93,95,84,89,91.8,92.6,38.96,86.1,87.7,77.37,81.7,84.4,84.7,36.99,78.52,79.27,70.04,74.25,78.12,77.71,39.36,86.9,88.7,78.39,83,85.6,86.1,409,371
"2019-04-16 16:38:00.0",789249,4410,-173.8,47.29,47.31,0.735,0.735,1.359,12.0542,40.11,39.91,21.48,46.56,101.8,104.4,92.2,97.6,99.3,101.5,41.06,90.1,91.9,81,85.6,87.8,88.8,38.35,80.4,81.2,71.67,75.94,79.68,79.95,40.65,88.6,90.2,79.54,84.2,86.6,87.6,409,371
"2019-04-16 16:38:20.0",789250,4410,-173.6,47.29,47.3,0.735,0.735,1.359,12.0542,40.11,39.91,21.48,46.22,99.6,102,90.1,95.3,97.2,99.5,42.42,94.5,96.4,84.7,89.3,90.8,92.4,39.43,81.4,82.3,72.69,77.17,80.9,81.6,43.98,96.4,98.5,86.7,91.7,93.3,95.4,409,371
"2019-04-16 16:38:40.0",789251,4410,-173.5,47.28,47.29,0.735,0.735,1.359,12.0542,40.11,39.91,21.51,48.8,105.1,108,95.4,101.1,102.3,105.7,51.85,112.3,116.9,103.7,109.8,110.1,114.7,39.43,81,81.7,72.08,76.49,80.3,81.1,67.8,135.9,144.4,129.9,138.4,138.2,147.5,409,371
"2019-04-16 16:39:00.0",789252,4420,-173.4,47.27,47.28,0.735,0.735,1.36,12.0431,40.11,39.93,21.51,50.77,109.7,113.3,100.4,106.3,107.3,111.6,50.77,110.4,114.4,101.2,107,107.4,111.6,39.09,80.9,81.4,71.8,76.22,79.95,80.8,48.86,106.3,109.7,97.1,102.8,103.4,107.3,410,370
"2019-04-16 16:39:20.0",789253,4420,-173.3,47.26,47.28,0.734,0.735,1.36,12.0487,40.11,39.93,21.51,74.59,149.5,159.6,144,153.6,152.8,164.1,67.19,136.9,145.2,130.2,138.2,137.3,146.5,39.3,81.2,81.7,72.08,76.56,80.4,81.6,62.98,130.2,137,122.3,129.9,129.2,136.8,410,370
"2019-04-16 16:39:40.0",789254,4420,-173.1,47.25,47.27,0.734,0.735,1.36,12.0487,40.12,39.93,21.51,46.35,100.2,102.1,89.9,94.9,96.5,99.2,40.72,89.1,90.5,79.54,84,86.1,87.6,38.68,81,81.6,71.94,76.28,79.95,80.8,41.26,89.5,90.9,80,84.6,86.9,88.5,410,370
"2019-04-16 16:40:00.0",789255,4420,-173,47.24,47.26,0.734,0.734,1.36,12.0431,40.12,39.95,21.53,42.49,91.4,92.6,81.4,86.1,88.7,90.3,38.48,83.6,84.3,73.91,78.12,81,81.8,38.55,80.8,81.4,71.67,75.94,79.61,80.5,39.3,83.5,84.1,73.91,78.18,81.5,82.5,410,370
"2019-04-16 16:40:20.0",789256,4420,-172.9,47.24,47.25,0.734,0.734,1.36,12.0431,40.11,39.93,21.53,40.86,86.5,87.2,76.83,81.3,84.6,85.6,37.12,79.27,79.54,69.9,73.91,77.23,77.51,38.01,80.2,80.7,71.06,75.27,78.73,79.34,38.28,80.6,81,71.26,75.47,78.93,79.54,410,370
"2019-04-16 16:40:40.0",789257,4420,-172.8,47.23,47.24,0.734,0.734,1.361,12.0542,40.11,39.95,21.56,41.33,88,89.1,78.73,83.4,86.5,87.7,37.4,81.8,82.3,72.28,76.28,79.07,79.34,38.14,80.1,80.8,71.4,75.88,79.54,80,39.7,85.4,86.5,76.35,80.9,83.6,84.6,411,369
"2019-04-16 16:41:00.0",789258,4420,-172.7,47.22,47.23,0.734,0.734,1.361,12.0542,40.11,39.95,21.56,46.69,103.7,106.3,93.8,99.2,100.4,102.7,41.87,95.9,97.7,85.6,90.1,90.9,92.1,38.14,79.54,80.2,70.99,75.47,79.27,79.54,46.08,103.1,106.1,93.7,99,99.6,101.9,411,369
"2019-04-16 16:41:20.0",789259,4420,-172.5,47.21,47.22,0.734,0.734,1.361,12.0542,40.14,39.95,21.56,57.96,126,132,117.5,124.6,124.2,129.6,61.42,130.2,137.6,123.2,130.8,130.1,136.5,38.68,79.88,80.6,71.26,75.74,79.88,80.3,70.38,142.9,152.7,137.6,146.6,145.6,154.3,411,369
"2019-04-16 16:41:40.0",789260,4420,-172.4,47.2,47.21,0.734,0.734,1.361,12.0542,40.14,39.95,21.56,45.68,100.1,102.5,90.5,95.7,97.5,99.3,41.81,91.2,93,81.8,86.5,88.9,90,37.67,79.61,80.3,70.72,74.93,78.73,78.73,40.31,87.8,88.9,78.12,82.7,85.2,85.9,411,369
"2019-04-16 16:42:00.0",789261,4420,-172.3,47.19,47.2,0.734,0.734,1.361,12.0542,40.14,39.95,21.59,40.99,89.9,90.9,79.81,84.2,87.1,87.5,38.01,83.2,83.9,73.57,77.71,80.8,80.7,36.72,78.86,79.41,69.77,73.77,77.71,77.23,37.06,81.6,82.1,71.8,75.81,79.07,78.59,411,369
"2019-04-16 16:42:20.0",789262,4420,-172.2,47.18,47.19,0.733,0.734,1.362,12.0542,40.14,39.95,21.59,39.23,85.7,86.6,76.08,80.4,83.9,83.7,36.65,79.54,80.2,70.38,74.38,78.18,77.51,36.04,77.98,78.39,68.82,72.75,76.83,76.01,35.97,78.46,78.79,69.16,73.09,76.89,76.08,411,369
"2019-04-16 16:42:40.0",789263,4430,-172.1,47.17,47.19,0.733,0.734,1.362,12.0486,40.14,39.95,21.62,38.89,86.1,86.9,76.15,80.4,83.9,83.5,36.65,81,81.6,71.53,75.47,79.07,78.32,35.77,77.37,77.84,68.34,72.35,76.49,75.54,36.45,80.9,81.4,71.33,75.33,78.86,77.98,412,368
"2019-04-16 16:43:00.0",789264,4430,-171.9,47.16,47.18,0.733,0.733,1.362,12.0431,40.14,39.95,21.62,40.92,93.5,95.2,83.4,88,90.5,90.5,38.62,89.4,90.9,79.47,83.6,85.9,85.5,36.04,77.78,78.39,69.09,73.09,77.57,76.56,39.09,90.5,92,80.6,84.9,87.1,86.8,412,368
"2019-04-16 16:43:20.0",789265,4430,-171.8,47.15,47.17,0.733,0.733,1.362,12.0431,40.14,39.95,21.62,47.17,109.6,113.2,99.7,105.1,105.9,107.4,50.02,115.3,120.3,106.4,112.4,112,115.1,36.85,78.66,79.54,70.31,74.59,79.47,78.66,53.34,119.8,125.4,111.1,117.5,117.3,120.9,412,368
"2019-04-16 16:43:40.0",789266,4430,-171.7,47.14,47.16,0.733,0.733,1.362,12.0486,40.14,39.95,21.64,58.3,124.8,130.6,116.3,122.7,124.2,127.7,61.42,129.1,136.6,122.2,129.2,130.2,134.7,37.19,78.66,79.54,70.24,74.52,79.47,78.59,69.16,140.6,150.2,135.1,143.6,143.7,150.6,412,368
"2019-04-16 16:44:00.0",789267,4430,-171.6,47.13,47.15,0.733,0.733,1.363,12.0431,40.14,39.94,21.64,107.6,187.1,206.2,190.4,204.8,206.6,224,104.2,180.5,199,183.9,197.4,199.5,216.4,37.73,78.05,78.59,69.16,73.3,78.86,78.18,104.2,179.9,198.2,182.8,196.5,198.4,215.3,412,368
"2019-04-16 16:44:20.0",789268,4430,-171.5,47.12,47.13,0.733,0.733,1.363,12.0542,40.14,39.94,21.67,108.1,187.3,205.5,189.4,203.4,205.5,222.9,104.5,182.4,201,185.4,199,200.1,216.7,38.01,78.18,78.59,69.09,73.23,78.73,77.91,105,184.7,203.7,187.5,201.3,201.9,218.6,413,367
"2019-04-16 16:44:40.0",789269,4430,-171.4,47.11,47.12,0.733,0.733,1.363,12.0542,40.16,39.94,21.67,46.35,105.7,108.3,95.2,100.3,101.8,102.8,41.47,94.3,96.3,84.6,89.2,91.6,91.8,37.19,78.12,78.59,69.16,73.23,78.12,77.17,41.4,94,96,84.5,89.2,91.6,91.8,413,367
"2019-04-16 16:45:00.0",789270,4430,-171.2,47.1,47.11,0.733,0.733,1.363,12.0598,40.16,39.94,21.7,44.72,100.6,102.8,90.4,95.3,97.3,98.1,41.06,93.3,94.9,83.1,87.5,89.6,89.7,36.65,77.57,77.91,68.55,72.55,77.1,76.22,40.31,92.6,94.2,82.6,87.1,89,89,413,367
"2019-04-16 16:45:20.0",789271,4430,-171.1,47.09,47.1,0.732,0.733,1.364,12.0542,40.16,39.94,21.72,42.35,91.8,93.5,82.5,87.3,90.4,90.8,38.89,85.3,86.5,76.15,80.4,83.5,83.4,36.58,77.23,77.57,68.34,72.42,76.76,76.01,38.82,86.1,87.4,77.1,81.6,84.6,84.4,413,367
"2019-04-16 16:45:40.0",789272,4430,-171,47.08,47.09,0.732,0.732,1.364,12.0598,40.16,39.94,21.72,52.6,115.2,119.4,105.8,111.8,112,115.3,46.49,104.9,108.2,95.3,100.5,100.7,102.8,37.12,77.17,77.64,68.48,72.69,76.89,76.62,46.42,105,108.4,95.7,101.1,101.3,103.3,413,367
"2019-04-16 16:46:00.0",789273,4440,-170.9,47.06,47.08,0.732,0.732,1.364,12.0431,40.16,39.94,21.72,53,114.5,118.8,105.5,111.7,112,115.9,48.12,106.1,109.7,96.8,102.2,102.3,105.1,37.53,77.57,77.98,68.89,73.16,77.1,77.17,46.9,103.7,107.1,94.7,100.2,100.7,103.2,414,366
"2019-04-16 16:46:20.0",789274,4440,-170.8,47.05,47.07,0.732,0.732,1.364,12.0486,40.16,39.94,21.75,49.75,108.3,112.1,99.4,105.2,105.7,108.9,51.24,112.7,117.6,104.5,110.9,110.7,115,38.21,78.12,78.66,69.56,73.98,77.78,78.39,59.18,123.2,129.6,115.9,123,122.4,128.1,414,366
"2019-04-16 16:46:40.0",789275,4440,-170.6,47.04,47.06,0.732,0.732,1.365,12.0486,40.16,39.94,21.78,52.46,112.3,116.3,103.2,109.3,109.5,113.6,45.2,98.3,100.9,89,94.1,94.9,97.4,38.21,77.91,78.32,69.16,73.43,77.03,77.78,43.98,94.6,96.8,85.5,90.5,92,94.1,414,366
"2019-04-16 16:47:00.0",789276,4440,-170.5,47.03,47.05,0.732,0.732,1.365,12.0486,40.16,39.94,21.78,49.75,105.6,108.9,96.6,102.5,103.6,107.1,47.03,103.4,106.6,94.1,99.4,99.6,102.3,38.62,77.71,78.12,69.09,73.5,77.3,78.25,51.78,112,116.5,103.5,109.8,109.4,113.5,414,366
"2019-04-16 16:47:20.0",789277,4440,-170.4,47.02,47.03,0.732,0.732,1.365,12.0486,40.18,39.94,21.81,53.89,115.9,120.3,106.6,112.9,112.5,116.7,47.17,104.4,107.4,94.6,99.8,99.7,102.3,38.01,76.69,77.03,68.07,72.42,76.15,76.89,45.81,100.7,103.3,91.1,96.3,96.6,99,414,366
"2019-04-16 16:47:40.0",789278,4440,-170.3,47.01,47.02,0.731,0.732,1.365,12.0486,40.18,39.94,21.81,42.89,91.1,92.6,81.6,86.5,88.6,90.3,38.28,82.8,83.5,73.23,77.37,79.74,80.5,36.85,75.81,75.94,66.92,71.06,74.65,74.99,39.02,83,83.7,73.7,78.12,80.6,81.4,414,366
"2019-04-16 16:48:00.0",789279,4440,-170.2,46.99,47.01,0.731,0.731,1.366,12.0598,40.16,39.94,21.84,40.25,85,85.9,75.6,80,82.9,83.6,36.24,77.37,77.51,68,71.94,74.99,74.99,36.04,74.99,75.06,65.97,69.97,73.5,73.43,37.33,78.86,79.34,69.77,73.91,76.89,77.03,415,365
"2019-04-16 16:48:20.0",789280,4440,-170,46.98,47,0.731,0.731,1.366,12.0542,40.16,39.94,21.84,39.02,83.1,83.7,73.64,77.98,81.1,81.3,35.56,76.22,76.22,66.78,70.65,73.98,73.57,35.56,74.59,74.65,65.63,69.56,73.23,72.89,36.58,78.46,78.66,69.09,73.16,76.15,75.94,415,365
"2019-04-16 16:48:40.0",789281,4440,-169.9,46.97,46.99,0.731,0.731,1.366,12.0542,40.16,39.94,21.86,39.43,86.5,87.2,76.49,80.8,83.1,83.2,36.72,82.3,82.7,72.14,76.08,78.18,77.91,35.49,74.38,74.45,65.49,69.5,73.16,72.62,39.23,87.5,88.6,77.51,81.8,83.4,83.5,415,365
"2019-04-16 16:49:00.0",789282,4440,-169.8,46.96,46.97,0.731,0.731,1.367,12.0542,40.16,39.95,21.89,43.1,97.5,99.4,87.3,92.4,93.4,94.1,53.75,116.9,122.4,108.9,115.6,115.4,118.9,35.83,73.77,73.7,64.95,69.09,73.16,72.62,64.14,131.1,138.5,124,131.7,130.7,135.8,415,365
"2019-04-16 16:49:20.0",789283,4440,-169.7,46.95,46.96,0.731,0.731,1.367,12.0542,40.16,39.93,21.89,55.18,116.9,121.3,107.6,114.1,114.3,117.2,42.69,94.9,96.2,83.8,88,88.4,88.4,34.07,71.53,70.85,62.03,65.7,69.5,68.41,40.18,90.3,91.1,79.54,83.9,85.1,85.2,415,365
"2019-04-16 16:49:40.0",789284,4460,-169.6,46.93,46.95,0.731,0.731,1.367,12.0431,40.16,39.95,21.92,49,108.2,111.3,98,103.6,103.8,105.1,50.56,111.8,115.4,101.7,107.4,106.6,108.2,33.26,70.65,69.7,60.88,64.47,68.21,66.92,57.08,120.7,125.8,111.6,118.2,117.2,120.2,416,364
"2019-04-16 16:50:00.0",789285,4460,-169.4,46.92,46.93,0.73,0.731,1.367,12.0431,40.16,39.95,21.95,91.2,167.7,182,166.3,178,177,186.4,80.2,151.5,163.4,148.8,158.7,157.5,164.8,34.07,72.08,71.53,62.78,66.65,70.45,69.43,64.54,128.8,136.5,122.7,130.5,129.6,133.5,416,364
"2019-04-16 16:50:20.0",789286,4460,-169.3,46.91,46.92,0.73,0.73,1.368,12.0431,40.16,39.95,21.95,76.96,150.2,161.2,146.4,156.5,155.8,163,87.8,161.7,175.6,160.8,172,171.4,180.9,35.09,73.03,72.55,63.73,67.73,71.67,70.99,95.5,171,186.5,171.1,183.4,182.8,193.4,416,364
"2019-04-16 16:50:40.0",789287,4460,-169.2,46.89,46.91,0.73,0.73,1.368,12.0431,40.16,39.95,21.95,88.8,164.7,178.4,163,174.7,175.5,185.6,97.2,169.6,185.3,170.1,182.4,182.4,193.2,36.04,73.3,72.62,63.66,67.6,71.67,71.13,100.5,173.1,189.6,174.8,187.7,188.1,199.3,416,364
"2019-04-16 16:51:00.0",789288,4460,-169.1,46.88,46.89,0.73,0.73,1.368,12.0431,40.18,39.95,21.97,83.6,153.9,164.9,149.6,159.8,159.7,167.6,86.5,158.5,172.2,157.7,169.1,168.7,178.2,37.12,74.18,73.5,64.47,68.48,72.69,72.35,98.5,175.6,192.3,176.7,189.8,188.9,200.3,416,364
"2019-04-16 16:51:20.0",789289,4460,-169,46.87,46.88,0.73,0.73,1.369,12.0431,40.19,39.95,22,56.74,118.9,122.8,108.7,115,114.4,117,53.07,114.5,118.7,105.1,111.2,110.5,112.9,37.33,75.2,74.65,65.63,69.7,73.5,72.96,56.47,120.1,125.1,111,117.9,116.5,118.2,416,364
"2019-04-16 16:51:40.0",789290,4460,-168.9,46.85,46.87,0.73,0.73,1.369,12.0598,40.19,39.95,22,83.4,158.8,170.1,153.8,164.1,162.5,170.6,72.01,141.9,151.1,136.1,144.9,143.4,149.8,37.8,75.67,75.06,65.97,70.18,74.11,73.7,71.46,140.6,149.4,134.6,143.5,142.2,148.2,417,363
"2019-04-16 16:52:00.0",789291,4460,-168.7,46.84,46.85,0.729,0.73,1.369,12.0542,40.19,39.95,22.03,85.2,160.3,172,155.9,166.5,165.3,174.1,70.92,139.9,148.6,133.6,142.3,141,147.1,37.12,74.65,73.7,64.54,68.48,72.48,72.01,76.15,147.7,157.5,141.9,151.2,149.8,156.8,417,363
"2019-04-16 16:52:20.0",789292,4460,-168.6,46.82,46.84,0.729,0.729,1.369,12.0598,40.19,39.95,22.06,45.34,100.3,101.5,89,93.9,94.3,95.2,41.33,94.8,95.7,83.5,87.9,87.9,88.2,35.16,72.62,71.19,62.17,65.83,69.56,68.75,46.83,104.7,107.1,94.1,99.5,99,100.4,417,363
"2019-04-16 16:52:40.0",789293,4460,-168.5,46.81,46.83,0.729,0.729,1.37,12.0542,40.19,39.95,22.06,67.05,136.3,143.2,128,136.1,134.7,139.9,64.68,131.1,137.8,123.3,131.1,129.9,134.9,32.78,69.23,67.12,58.16,61.62,65.29,63.86,76.42,147.4,157.7,142.7,152.5,151.1,158.5,417,363
"2019-04-16 16:53:00.0",789294,4460,-168.4,46.8,46.81,0.729,0.729,1.37,12.0598,40.19,39.95,22.08,62.3,126.8,131.8,116.9,124.1,122.6,126.6,85,156.8,169.1,154,164.6,163.8,173.1,29.73,64.88,61.83,52.94,55.79,59.18,57.08,95.4,167.8,182.4,167.2,179.4,178.3,189.4,417,363
"2019-04-16 16:53:20.0",789295,4470,-168.3,46.78,46.8,0.729,0.729,1.37,12.0486,40.19,39.95,22.11,63.05,123.6,128.9,115.3,122.9,122.2,127.4,81,148,158.5,143.9,154.1,153.2,161.9,26.88,60.54,56.6,47.91,50.36,53.68,51.1,90.4,161.6,174.2,158.6,169.6,168.6,178.3,418,362
"2019-04-16 16:53:40.0",789296,4470,-168.1,46.77,46.78,0.729,0.729,1.371,12.0431,40.19,39.95,22.14,48.8,106.6,107.8,93.9,99,97.5,99.3,35.7,86.7,85,72.14,75.2,73.7,72.82,24.23,57.76,53.48,44.93,47.03,49.88,46.83,38.89,92.2,91.6,78.52,82.2,80.5,80.4,418,362
"2019-04-16 16:54:00.0",789297,4470,-168,46.75,46.77,0.728,0.729,1.371,12.0486,40.19,39.95,22.17,33.93,87.1,84.8,71.8,74.79,73.98,72.35,29.73,77.03,73.91,62.03,64.34,63.86,61.83,24.03,57.82,53.62,45.13,47.3,50.15,47.24,32.44,81.8,79.88,68.07,71.19,71.06,69.56,418,362
"2019-04-16 16:54:20.0",789298,4470,-167.9,46.74,46.75,0.728,0.728,1.371,12.0486,40.19,39.95,22.17,81.8,155,165.5,149.8,160,158.7,167.4,88.8,162.3,175.2,159.4,170.5,169.1,179.2,25.86,60,56.06,47.37,49.81,53.41,51.04,92.2,166.1,179.9,164.4,175.8,175,186,418,362
"2019-04-16 16:54:40.0",789299,4470,-167.8,46.72,46.74,0.728,0.728,1.372,12.0486,40.19,39.95,22.19,93.6,169,182.5,166.8,178.7,178.2,189.1,87.2,160.9,173.5,157.7,168.5,166.8,176.3,27.15,62.57,58.71,49.81,52.53,55.99,53.95,81.8,152.2,162.8,147.1,156.6,155,163,418,362
"2019-04-16 16:55:00.0",789300,4480,-167.7,46.71,46.72,0.728,0.728,1.372,12.0598,40.19,39.95,22.25,53.34,115.8,118.3,103.8,109.7,108.7,111,69.97,142.5,150.4,134.4,142.5,140,145.9,27.62,64.61,60.88,51.78,54.5,57.55,55.72,69.09,139.7,147.9,132.3,140.6,139,144.9,419,361
"2019-04-16 16:55:20.0",789301,4480,-167.6,46.69,46.71,0.728,0.728,1.372,12.0542,40.19,39.95,22.28,61.42,131.5,135.5,119.2,125.6,123.5,126.6,51.99,120.4,123.1,107.5,113.5,109.8,112.5,27.28,64.27,60.13,50.7,53.21,55.99,54.36,43.64,105.5,105.7,91.3,95.9,94.1,94.9,419,361
"2019-04-16 16:55:40.0",789302,4480,-167.4,46.68,46.69,0.727,0.728,1.373,12.0709,40.22,39.95,22.31,92.9,171,183.8,167,178.7,176.6,187.9,94.5,170.6,184.7,168.5,180.4,178.4,190.1,27.55,63.12,58.71,49.41,51.85,54.97,53.62,90.7,166.2,179.5,163.6,175.2,173.1,184.2,419,361
"2019-04-16 16:56:00.0",789303,4480,-167.3,46.66,46.68,0.727,0.727,1.373,12.0598,40.22,39.95,22.31,50.77,122.5,125.1,109.5,115.9,111.8,115.7,45.74,110.4,111.7,97.1,101.8,98.2,100.3,25.86,61.35,56.74,47.64,49.95,52.46,50.83,40.25,99.1,98.5,84.8,88.8,86.3,87.3,419,361
"2019-04-16 16:56:20.0",789304,4480,-167.2,46.65,46.66,0.727,0.727,1.373,12.0542,40.22,39.95,22.33,41.67,101.9,100.9,86.6,90.4,88,88.2,36.11,92.2,90.3,76.35,79.41,76.83,76.28,25.18,60.13,55.58,46.76,49,51.24,49.81,36.58,92.2,90.3,76.89,79.95,78.39,77.84,419,361
"2019-04-16 16:56:40.0",789305,4480,-167.1,46.63,46.65,0.727,0.727,1.374,12.0598,40.22,39.95,22.36,55.72,129.4,133.2,117.1,123.7,120.7,126.8,53.75,122.8,126.6,111.4,118,114,119.4,24.98,59.66,54.91,46.01,48.25,50.36,49.27,57.01,123,126.7,111.7,118,115.6,120,419,361
"2019-04-16 16:57:00.0",789306,4480,-167,46.61,46.63,0.727,0.727,1.374,12.0486,40.22,39.95,22.39,74.11,149.7,158.5,142.6,151.9,148.8,158.7,87.1,158.8,170.3,154.6,165.2,162.4,174.4,25.11,60.4,55.86,46.96,49.41,51.04,50.15,89.7,161.3,174.1,159.2,170.6,168.1,180.8,420,360
"2019-04-16 16:57:20.0",789307,4480,-166.9,46.6,46.61,0.727,0.727,1.375,12.0486,40.22,39.95,22.42,69.16,144,151.6,136.1,144.7,142,151.9,72.62,145.2,154,138.4,147.3,142.9,152.5,24.57,60.27,55.58,46.76,49.14,50.29,49.34,76.83,151,161.1,146,155.7,151.9,162.3,420,360
"2019-04-16 16:57:40.0",789308,4480,-166.7,46.58,46.6,0.726,0.727,1.375,12.0598,40.22,39.95,22.45,68.41,135.9,142,126.8,135,131.9,140.2,79,149.2,158.3,142,151.2,147.7,157.3,24.64,59.93,54.97,45.88,48.05,49.07,48.12,77.44,146.7,155.6,140.3,149.9,146.2,155.7,420,360
"2019-04-16 16:58:00.0",789309,4480,-166.6,46.57,46.58,0.726,0.726,1.375,12.0486,40.22,39.95,22.47,89.4,161.4,173.1,157.5,168.4,166.1,178.5,88.2,157,168.8,153.9,165,162.5,174,25.11,59.79,54.77,45.68,47.91,49.41,48.73,91.1,161.1,173.9,158.9,170.6,168.4,181,420,360
"2019-04-16 16:58:20.0",789310,4480,-166.5,46.55,46.56,0.726,0.726,1.376,12.0486,40.22,39.95,22.47,93.7,165.7,177.9,162.3,173.9,172,184.4,89,157.6,169.3,153.9,164.9,162.8,174.2,25.11,59.45,54.16,45.06,47.37,48.8,48.25,92,160.9,173.4,158.4,170.1,168.3,180.5,420,360
"2019-04-16 16:58:40.0",789311,4490,-166.4,46.53,46.55,0.726,0.726,1.376,12.0598,40.22,39.95,22.5,92.2,164.7,176.8,160.8,172.2,169.6,180.7,79.95,146.5,155.5,140.7,150.3,147.4,156.5,23.82,57.62,51.99,43.1,45.13,46.49,45.68,84,152.1,162.4,147.6,158,155.6,165.5,421,359
"2019-04-16 16:59:00.0",789312,4490,-166.3,46.52,46.53,0.726,0.726,1.376,12.0598,40.22,39.94,22.53,40.45,95.1,93.2,79.81,83.7,81,82.5,47.1,105.4,106.3,92.4,97.4,94,97.1,21.79,54.84,48.66,39.84,41.6,42.55,41.4,62.51,126.9,132.1,117.6,124.9,121.4,127.5,421,359
"2019-04-16 16:59:20.0",789313,4490,-166.2,46.5,46.51,0.725,0.726,1.377,12.0654,40.22,39.94,22.56,37.73,96.2,94,79.74,83.3,79.27,80.2,41.54,99.5,98.7,84.8,88.8,84.7,86.5,19.75,51.99,45.34,36.58,38.07,38.62,37.12,47.24,106.4,107.1,93,97.9,93.9,96.7,421,359
"2019-04-16 16:59:40.0",789314,4490,-166,46.48,46.5,0.725,0.725,1.377,12.0598,40.19,39.94,22.59,26.67,74.38,69.29,57.28,59.32,56.47,55.65,26.54,73.77,69.02,57.01,58.98,55.99,55.52,17.1,48.86,41.67,33.05,34.07,34.27,32.31,32.64,84.5,81.6,69.02,72.08,68.68,69.36,421,359
