"TOA5","","","1764","CR1000.Std.24","CPU:MFRSR_10012018V2.8.CR1","13574","TableHdr","PbCdlComm-1.6.0 (2016/01/26)"
"TIMESTAMP","RECORD","loggerID""headID""xpgmVerID""xlat""xlon""xSiteElev""xFULLREV""xCRXHSTEPS""xSCANseconds""xSCANnAvg""xSCANtrough""xHOMEoffset""xALLTIMEband"
"TS","RN","--""--""--""deg""deg""m""--""--""sec""--""--""--""--"
"","","Smp""Smp""Smp""Smp""Smp""Smp""Smp""Smp""Smp""Smp""Smp""Smp""Smp"
"2019-04-16 12:00:00.0",373,1764,180054423,2.8,-32.1259,-64.7287,1160,800,20,20,1,10,0,-1
"TOA5","","","1764","CR1000.Std.24","CPU:MFRSR_10012018V2.8.CR1","13574","Table155","PbCdlComm-1.6.0 (2016/01/26)"
"TIMESTAMP","RECORD","xoset""az""el""al""cosz""cosasz""pamass""vBat""Thead""THTC""Tlogger""Dnadir(1)""Dnadir(2)""Dnadir(3)""Dnadir(4)""Dnadir(5)""Dnadir(6)""Dnadir(7)""Deast(1)""Deast(2)""Deast(3)""Deast(4)""Deast(5)""Deast(6)""Deast(7)""Dsun(1)""Dsun(2)""Dsun(3)""Dsun(4)""Dsun(5)""Dsun(6)""Dsun(7)""Dwest(1)""Dwest(2)""Dwest(3)""Dwest(4)""Dwest(5)""Dwest(6)""Dwest(7)""kount""khome"
"TS","RN","sec""deg""deg""deg""--""--""--""Volt""degC""degC""degC""mV""mV""mV""mV""mV""mV""mV""mV""mV""mV""mV""mV""mV""mV""mV""mV""mV""mV""mV""mV""mV""mV""mV""mV""mV""mV""mV""mV""--""--"
"","","Smp""Smp""Smp""Smp""Smp""Smp""Smp""Smp""Smp""Smp""Smp""Smp""Smp""Smp""Smp""Smp""Smp""Smp""Smp""Smp""Smp""Smp""Smp""Smp""Smp""Smp""Smp""Smp""Smp""Smp""Smp""Smp""Smp""Smp""Smp""Smp""Smp""Smp""Smp""Smp""Smp"
"2019-04-16 11:00:00.0",788235,3060,103.9,2.673,2.925,0.047,0.051,15.41,12.0499,39.86,39.87,11.79,0.544,3.33,2.99,1.835,2.514,2.786,0,0.612,3.33,3.058,1.903,2.582,2.854,0,0.612,3.398,3.058,1.903,2.582,2.922,0,0.612,3.398,3.058,1.903,2.582,2.922,0,221,559
"2019-04-16 11:00:20.0",788236,3070,104,2.741,2.99,0.048,0.052,15.18,12.0443,39.86,39.88,11.79,1.223,3.465,3.33,2.31,3.262,4.009,0.136,1.223,3.533,3.33,2.378,3.33,4.009,0.204,1.223,3.465,3.33,2.378,3.33,4.009,0.204,1.223,3.465,3.33,2.31,3.262,3.941,0.204,222,558
"2019-04-16 11:00:40.0",788237,3070,104,2.81,3.054,0.049,0.053,14.96,12.0443,39.85,39.87,11.79,1.291,3.533,3.33,2.378,3.397,4.077,0.204,1.291,3.465,3.397,2.446,3.397,4.145,0.204,1.291,3.533,3.397,2.378,3.397,4.077,0.204,1.291,3.533,3.33,2.378,3.397,4.009,0.204,222,558
"2019-04-16 11:01:00.0",788238,3070,104.1,2.877,3.118,0.05,0.054,14.75,12.0443,39.85,39.89,11.82,1.359,3.669,3.533,2.446,3.465,4.145,0.204,1.291,3.669,3.533,2.446,3.465,4.077,0.272,1.291,3.669,3.465,2.446,3.397,4.009,0.204,1.223,3.601,3.465,2.378,3.33,3.941,0.204,222,558
"2019-04-16 11:01:20.0",788239,3070,104.1,2.946,3.183,0.051,0.056,14.54,12.0443,39.85,39.91,11.82,0.476,3.737,3.262,1.835,2.446,2.514,0,0.34,3.669,3.194,1.767,2.31,2.242,0,0.272,3.737,3.126,1.699,2.174,2.174,0,0.204,3.669,3.126,1.631,2.106,2.038,0,222,558
"2019-04-16 11:01:40.0",788240,3070,104.2,3.014,3.248,0.053,0.057,14.34,12.0443,39.85,39.87,11.82,-0.204,3.737,3.058,1.427,1.699,1.427,-0.136,-0.204,3.737,3.058,1.427,1.767,1.427,-0.136,-0.204,3.737,2.99,1.427,1.767,1.427,-0.136,-0.204,3.737,2.922,1.427,1.699,1.359,-0.136,222,558
"2019-04-16 11:02:00.0",788241,3080,104.2,3.083,3.313,0.054,0.058,14.14,12.0554,39.85,39.91,11.82,-0.068,3.805,3.058,1.495,1.835,1.563,-0.136,-0.068,3.805,3.126,1.495,1.835,1.563,-0.136,-0.136,3.805,3.058,1.495,1.835,1.563,-0.136,-0.136,3.737,3.058,1.495,1.767,1.563,0,223,557
"2019-04-16 11:02:20.0",788242,3080,104.2,3.151,3.378,0.055,0.059,13.94,12.0554,39.86,39.91,11.84,0.068,4.009,3.262,1.699,2.106,1.835,0,0.068,4.009,3.33,1.699,2.106,1.903,0,0.068,4.009,3.262,1.699,2.106,1.835,0,0.068,3.941,3.262,1.699,2.038,1.835,0,223,557
"2019-04-16 11:02:40.0",788243,3080,104.3,3.219,3.443,0.056,0.06,13.75,12.0554,39.86,39.89,11.84,0.272,4.009,3.397,1.835,2.31,2.174,0.068,0.272,4.009,3.397,1.903,2.378,2.242,0.068,0.272,3.941,3.33,1.835,2.378,2.242,0.068,0.272,3.941,3.33,1.835,2.31,2.242,0.068,223,557
"2019-04-16 11:03:00.0",788244,3080,104.3,3.288,3.508,0.057,0.061,13.57,12.0554,39.86,39.91,11.84,0.204,4.009,3.33,1.835,2.31,2.174,0.068,0.272,4.009,3.33,1.835,2.31,2.174,0.068,0.272,3.941,3.33,1.835,2.31,2.174,0.068,0.204,4.009,3.33,1.835,2.31,2.174,0.068,223,557
"2019-04-16 11:03:20.0",788245,3080,104.4,3.356,3.573,0.059,0.062,13.39,12.0499,39.86,39.91,11.84,0.408,4.145,3.465,1.971,2.514,2.378,0.136,0.34,4.145,3.465,1.971,2.446,2.378,0.136,0.34,4.077,3.465,1.971,2.446,2.31,0.136,0.272,4.077,3.397,1.903,2.378,2.242,0.068,223,557
"2019-04-16 11:03:40.0",788246,3080,104.4,3.424,3.639,0.06,0.063,13.21,12.0554,39.86,39.89,11.84,0.136,4.145,3.397,1.835,2.174,1.971,0.068,0.136,4.213,3.465,1.835,2.174,1.971,0.068,0.068,4.213,3.465,1.835,2.174,1.903,0.068,0.068,4.145,3.397,1.767,2.106,1.903,0.068,223,557
"2019-04-16 11:04:00.0",788247,3080,104.5,3.493,3.705,0.061,0.065,13.03,12.0443,39.86,39.89,11.86,0,4.213,3.397,1.699,2.038,1.767,0.068,0,4.213,3.397,1.699,2.038,1.767,0.068,0,4.213,3.397,1.699,1.971,1.699,0.068,0,4.145,3.33,1.631,1.971,1.699,0,224,556
"2019-04-16 11:04:20.0",788248,3080,104.5,3.561,3.77,0.062,0.066,12.87,12.0387,39.86,39.89,11.86,-0.136,4.077,3.33,1.563,1.903,1.563,-0.068,-0.136,4.077,3.262,1.563,1.903,1.631,-0.068,-0.136,4.077,3.262,1.563,1.903,1.563,-0.068,-0.068,4.009,3.262,1.563,1.903,1.563,-0.068,224,556
"2019-04-16 11:04:40.0",788249,3080,104.6,3.63,3.835,0.063,0.067,12.7,12.0554,39.86,39.89,11.86,-0.068,4.077,3.262,1.563,1.903,1.563,-0.068,-0.136,4.077,3.262,1.563,1.903,1.563,-0.068,-0.136,4.077,3.262,1.563,1.835,1.563,-0.068,-0.136,4.077,3.194,1.563,1.835,1.563,-0.068,224,556
"2019-04-16 11:05:00.0",788250,3080,104.6,3.698,3.901,0.064,0.068,12.54,12.0443,39.86,39.87,11.86,-0.136,4.213,3.33,1.631,1.903,1.563,-0.068,-0.136,4.281,3.397,1.631,1.903,1.563,0,-0.136,4.281,3.397,1.631,1.903,1.563,0,-0.136,4.281,3.33,1.563,1.835,1.495,-0.068,224,556
"2019-04-16 11:05:20.0",788251,3080,104.7,3.766,3.967,0.066,0.069,12.38,12.0443,39.86,39.91,11.89,0,4.349,3.465,1.699,2.038,1.767,0,0.068,4.349,3.533,1.767,2.106,1.835,0,0.068,4.349,3.465,1.767,2.106,1.835,0,0.068,4.281,3.465,1.767,2.106,1.835,0,224,556
"2019-04-16 11:05:40.0",788252,3090,104.7,3.834,4.032,0.067,0.07,12.23,12.0554,39.86,39.89,11.89,0.204,4.417,3.601,1.903,2.242,2.038,0,0.136,4.417,3.601,1.835,2.242,1.971,0.068,0.136,4.417,3.533,1.835,2.174,1.971,0,0.136,4.417,3.533,1.835,2.174,1.903,0.068,225,555
"2019-04-16 11:06:00.0",788253,3090,104.7,3.903,4.098,0.068,0.071,12.08,12.0499,39.86,39.89,11.89,0.068,4.417,3.533,1.767,2.106,1.767,0,0,4.485,3.533,1.767,2.106,1.767,0,0,4.485,3.533,1.767,2.106,1.767,0,0,4.417,3.533,1.767,2.038,1.767,0,225,555
"2019-04-16 11:06:20.0",788254,3090,104.8,3.971,4.164,0.069,0.073,11.93,12.0499,39.86,39.91,11.91,0.136,4.621,3.737,1.903,2.242,1.903,0.068,0.136,4.621,3.669,1.903,2.242,1.903,0.068,0.136,4.621,3.669,1.903,2.242,1.903,0.068,0.136,4.553,3.601,1.903,2.174,1.903,0.136,225,555
"2019-04-16 11:06:40.0",788255,3090,104.8,4.039,4.229,0.07,0.074,11.78,12.0554,39.86,39.89,11.91,0.068,4.621,3.669,1.903,2.242,1.903,0.068,0.068,4.688,3.669,1.903,2.174,1.835,0.068,0.068,4.621,3.669,1.903,2.174,1.835,0.068,0.068,4.553,3.669,1.835,2.174,1.835,0.068,225,555
"2019-04-16 11:07:00.0",788256,3090,104.9,4.107,4.295,0.072,0.075,11.64,12.0666,39.86,39.89,11.93,0,4.756,3.737,1.903,2.174,1.835,0.068,0,4.756,3.805,1.903,2.242,1.835,0.068,-0.068,4.688,3.669,1.835,2.106,1.699,0,-0.068,4.621,3.669,1.835,2.106,1.767,0,225,555
"2019-04-16 11:07:20.0",788257,3090,104.9,4.175,4.361,0.073,0.076,11.5,12.0554,39.86,39.91,11.93,0,4.756,3.805,1.903,2.242,1.903,0.068,0.068,4.756,3.805,1.903,2.242,1.903,0.068,0.068,4.688,3.737,1.903,2.242,1.903,0.068,0,4.688,3.737,1.903,2.242,1.903,0.068,225,555
"2019-04-16 11:07:40.0",788258,3100,105,4.243,4.427,0.074,0.077,11.37,12.0443,39.86,39.89,11.93,0.204,4.892,3.941,2.106,2.446,2.242,0.136,0.204,4.824,3.941,2.106,2.514,2.242,0.136,0.204,4.824,3.941,2.106,2.514,2.31,0.136,0.204,4.824,3.873,2.106,2.446,2.242,0.136,226,554
"2019-04-16 11:08:00.0",788259,3100,105,4.311,4.492,0.075,0.078,11.24,12.0443,39.86,39.89,11.93,0.476,5.028,4.145,2.378,2.854,2.718,0.204,0.544,5.028,4.213,2.378,2.854,2.718,0.272,0.476,5.028,4.213,2.378,2.854,2.786,0.272,0.544,5.028,4.145,2.378,2.854,2.786,0.272,226,554
"2019-04-16 11:08:20.0",788260,3100,105.1,4.38,4.558,0.076,0.079,11.11,12.0443,39.86,39.87,11.93,0.815,5.232,4.417,2.65,3.262,3.262,0.408,0.815,5.232,4.485,2.718,3.262,3.33,0.408,0.815,5.232,4.417,2.65,3.262,3.33,0.408,0.815,5.232,4.417,2.65,3.262,3.262,0.408,226,554
"2019-04-16 11:08:40.0",788261,3100,105.1,4.448,4.624,0.078,0.081,10.98,12.0443,39.86,39.89,11.96,0.883,5.3,4.553,2.786,3.397,3.465,0.408,0.883,5.3,4.553,2.786,3.397,3.465,0.476,0.883,5.232,4.485,2.786,3.397,3.397,0.476,0.883,5.232,4.485,2.718,3.33,3.33,0.408,226,554
"2019-04-16 11:09:00.0",788262,3100,105.2,4.516,4.69,0.079,0.082,10.86,12.0443,39.86,39.88,11.96,1.019,5.436,4.688,2.922,3.601,3.737,0.476,1.087,5.436,4.756,2.99,3.669,3.737,0.544,1.087,5.436,4.688,2.99,3.601,3.737,0.544,1.019,5.368,4.688,2.922,3.601,3.737,0.544,226,554
"2019-04-16 11:09:20.0",788263,3100,105.2,4.584,4.756,0.08,0.083,10.73,12.0554,39.86,39.9,11.98,1.223,5.572,4.824,3.126,3.873,4.077,0.612,1.223,5.572,4.892,3.126,3.873,4.077,0.612,1.223,5.572,4.892,3.126,3.873,4.077,0.612,1.223,5.504,4.824,3.126,3.873,4.077,0.612,227,553
"2019-04-16 11:09:40.0",788264,3100,105.2,4.652,4.823,0.081,0.084,10.61,12.0554,39.86,39.88,11.98,1.631,5.708,5.232,3.601,4.485,4.96,0.815,1.767,5.708,5.232,3.669,4.621,5.096,0.883,1.767,5.708,5.232,3.669,4.621,5.096,0.883,1.767,5.64,5.232,3.669,4.621,5.028,0.883,227,553
"2019-04-16 11:10:00.0",788265,3100,105.3,4.72,4.889,0.082,0.085,10.5,12.0554,39.86,39.88,11.98,2.106,5.844,5.504,4.077,5.164,5.844,1.019,2.174,5.844,5.572,4.077,5.232,5.912,1.087,2.174,5.776,5.572,4.077,5.232,5.844,1.087,2.174,5.776,5.504,4.077,5.164,5.844,1.087,227,553
"2019-04-16 11:10:20.0",788266,3100,105.3,4.788,4.955,0.083,0.086,10.38,12.0554,39.86,39.88,11.98,2.242,5.912,5.64,4.145,5.232,5.98,1.155,2.174,5.98,5.572,4.077,5.164,5.844,1.087,2.106,5.912,5.504,4.009,5.096,5.708,1.087,2.038,5.844,5.436,3.941,4.96,5.572,1.087,227,553
"2019-04-16 11:10:40.0",788267,3100,105.4,4.856,5.021,0.085,0.088,10.27,12.0554,39.87,39.89,12,1.835,5.912,5.368,3.805,4.688,5.232,1.019,1.835,5.912,5.368,3.737,4.621,5.164,0.951,1.767,5.912,5.3,3.669,4.621,5.096,0.951,1.767,5.844,5.232,3.669,4.485,4.96,0.883,227,553
"2019-04-16 11:11:00.0",788268,3110,105.4,4.924,5.087,0.086,0.089,10.16,12.0443,39.86,39.89,12,1.631,5.98,5.3,3.669,4.485,4.892,0.883,1.631,5.98,5.3,3.601,4.485,4.824,0.883,1.631,5.912,5.3,3.601,4.417,4.756,0.883,1.563,5.912,5.232,3.533,4.349,4.756,0.883,228,552
"2019-04-16 11:11:20.0",788269,3110,105.5,4.992,5.153,0.087,0.09,10.05,12.0443,39.86,39.89,12,1.699,6.047,5.436,3.737,4.621,5.028,0.951,1.699,6.047,5.436,3.737,4.621,5.028,1.019,1.699,5.98,5.436,3.737,4.621,5.028,1.019,1.631,5.98,5.368,3.669,4.553,4.96,0.951,228,552
"2019-04-16 11:11:40.0",788270,3110,105.5,5.061,5.22,0.088,0.091,9.95,12.0387,39.87,39.87,12.02,1.903,6.115,5.64,4.009,4.96,5.436,1.087,1.971,6.115,5.64,4.009,4.96,5.504,1.087,1.903,6.115,5.572,3.941,4.96,5.504,1.087,1.903,6.047,5.504,3.941,4.892,5.436,1.087,228,552
"2019-04-16 11:12:00.0",788271,3110,105.6,5.129,5.286,0.089,0.092,9.84,12.0443,39.87,39.89,12.02,2.174,6.115,5.708,4.145,5.232,5.912,1.223,2.174,6.115,5.708,4.145,5.232,5.912,1.223,2.174,6.115,5.708,4.145,5.232,5.912,1.223,2.174,6.115,5.64,4.145,5.164,5.844,1.223,228,552
"2019-04-16 11:12:20.0",788272,3110,105.6,5.195,5.351,0.091,0.093,9.74,12.0443,39.88,39.89,12.02,2.65,6.387,6.183,4.688,5.912,6.795,1.495,2.718,6.387,6.183,4.756,5.979,6.863,1.495,2.718,6.387,6.183,4.756,6.047,6.931,1.563,2.718,6.387,6.183,4.756,6.047,6.863,1.495,228,552
"2019-04-16 11:12:40.0",788273,3110,105.7,5.263,5.418,0.092,0.094,9.64,12.0499,39.87,39.87,12.05,3.262,6.659,6.727,5.368,6.863,8.02,1.835,3.262,6.659,6.727,5.436,6.931,8.02,1.835,3.262,6.659,6.659,5.368,6.863,8.02,1.835,3.262,6.591,6.659,5.368,6.863,7.95,1.835,228,552
"2019-04-16 11:13:00.0",788274,3120,105.7,5.331,5.484,0.093,0.096,9.54,12.0554,39.88,39.89,12.05,3.262,6.727,6.795,5.504,6.931,8.09,1.903,3.262,6.659,6.795,5.436,6.931,8.02,1.903,3.194,6.659,6.727,5.436,6.863,8.02,1.903,3.194,6.591,6.659,5.368,6.795,7.95,1.835,229,551
"2019-04-16 11:13:20.0",788275,3120,105.8,5.399,5.55,0.094,0.097,9.45,12.0554,39.86,39.89,12.05,3.262,6.795,6.863,5.504,6.999,8.09,1.903,3.262,6.795,6.863,5.504,6.931,8.02,1.903,3.194,6.795,6.795,5.436,6.863,7.95,1.903,3.126,6.727,6.727,5.368,6.727,7.814,1.835,229,551
"2019-04-16 11:13:40.0",788276,3120,105.8,5.467,5.617,0.095,0.098,9.35,12.0554,39.88,39.89,12.05,3.058,6.863,6.863,5.368,6.727,7.746,1.835,3.058,6.931,6.795,5.368,6.727,7.678,1.835,2.99,6.863,6.727,5.3,6.659,7.61,1.835,2.922,6.795,6.659,5.232,6.523,7.542,1.835,229,551
"2019-04-16 11:14:00.0",788277,3120,105.8,5.535,5.683,0.096,0.099,9.26,12.061,39.88,39.89,12.07,3.058,6.931,6.931,5.504,6.863,7.882,1.903,3.058,6.931,6.931,5.504,6.863,7.882,1.903,3.058,6.863,6.863,5.436,6.863,7.814,1.903,2.99,6.863,6.795,5.368,6.727,7.678,1.835,229,551
"2019-04-16 11:14:20.0",788278,3120,105.9,5.603,5.749,0.098,0.1,9.17,12.0554,39.88,39.91,12.07,3.126,7.067,7.135,5.708,7.135,8.15,1.971,3.126,7.067,7.067,5.64,7.135,8.09,1.971,3.058,6.999,6.999,5.572,6.999,8.02,1.971,2.99,6.931,6.931,5.504,6.863,7.814,1.903,229,551
"2019-04-16 11:14:40.0",788279,3130,105.9,5.671,5.816,0.099,0.101,9.08,12.0443,39.88,39.91,12.09,2.922,7.135,7.067,5.572,6.863,7.814,1.971,2.854,7.135,6.999,5.436,6.795,7.678,1.903,2.786,7.067,6.931,5.368,6.659,7.542,1.903,2.718,6.999,6.795,5.3,6.523,7.406,1.835,230,550
"2019-04-16 11:15:00.0",788280,3130,106,5.738,5.882,0.1,0.102,8.99,12.0554,39.88,39.89,12.09,2.65,7.135,6.863,5.232,6.455,7.271,1.835,2.582,7.135,6.863,5.164,6.387,7.203,1.767,2.514,7.067,6.795,5.096,6.319,7.067,1.767,2.514,7.067,6.659,5.028,6.183,6.931,1.767,230,550
"2019-04-16 11:15:20.0",788281,3130,106,5.806,5.948,0.101,0.104,8.91,12.0443,39.88,39.87,12.09,2.718,7.135,6.931,5.368,6.659,7.474,1.903,2.718,7.203,6.999,5.368,6.659,7.474,1.971,2.718,7.135,6.931,5.368,6.591,7.474,1.903,2.718,7.067,6.863,5.3,6.523,7.406,1.835,230,550
"2019-04-16 11:15:40.0",788282,3130,106.1,5.874,6.015,0.102,0.105,8.82,12.0443,39.88,39.9,12.12,3.329,7.406,7.474,6.047,7.542,8.63,2.31,3.397,7.474,7.542,6.183,7.678,8.77,2.31,3.397,7.406,7.542,6.115,7.678,8.77,2.378,3.397,7.406,7.474,6.115,7.61,8.7,2.31,230,550
"2019-04-16 11:16:00.0",788283,3130,106.1,5.942,6.081,0.104,0.106,8.74,12.0554,39.88,39.88,12.12,4.145,7.746,8.29,7.067,8.9,10.33,2.786,4.145,7.814,8.29,7.067,8.9,10.26,2.854,4.077,7.678,8.15,6.931,8.77,10.12,2.786,3.941,7.678,8.09,6.863,8.63,9.92,2.718,230,550
"2019-04-16 11:16:20.0",788284,3130,106.2,6.01,6.148,0.105,0.107,8.66,12.0499,39.88,39.88,12.12,3.805,7.746,8.09,6.727,8.43,9.78,2.65,3.737,7.678,8.02,6.659,8.29,9.58,2.65,3.669,7.61,7.882,6.523,8.15,9.38,2.514,3.533,7.61,7.814,6.387,8.02,9.24,2.514,230,550
"2019-04-16 11:16:40.0",788285,3130,106.2,6.077,6.214,0.106,0.108,8.58,12.0554,39.88,39.88,12.12,3.601,7.678,7.95,6.591,8.15,9.38,2.582,3.533,7.61,7.882,6.523,8.09,9.31,2.582,3.533,7.61,7.814,6.455,8.02,9.17,2.514,3.465,7.542,7.746,6.319,7.882,9.04,2.514,231,549
"2019-04-16 11:17:00.0",788286,3130,106.3,6.145,6.28,0.107,0.109,8.5,12.0554,39.88,39.88,12.14,3.465,7.678,7.882,6.387,7.95,9.11,2.514,3.397,7.678,7.814,6.387,7.882,9.04,2.514,3.397,7.61,7.746,6.319,7.814,8.97,2.446,3.329,7.542,7.678,6.251,7.746,8.83,2.446,231,549
"2019-04-16 11:17:20.0",788287,3130,106.3,6.213,6.347,0.108,0.111,8.42,12.0499,39.88,39.89,12.14,3.465,7.746,7.882,6.523,8.09,9.24,2.582,3.465,7.678,7.882,6.455,8.02,9.17,2.582,3.397,7.678,7.814,6.455,7.95,9.11,2.582,3.329,7.61,7.746,6.319,7.814,8.97,2.514,231,549
"2019-04-16 11:17:40.0",788288,3130,106.4,6.281,6.413,0.109,0.112,8.35,12.0554,39.88,39.91,12.14,3.601,7.882,8.15,6.795,8.36,9.58,2.718,3.601,7.882,8.15,6.727,8.36,9.58,2.718,3.601,7.814,8.09,6.659,8.29,9.44,2.718,3.533,7.814,8.02,6.591,8.15,9.38,2.65,231,549
"2019-04-16 11:18:00.0",788289,3130,106.4,6.348,6.479,0.111,0.113,8.27,12.0554,39.88,39.89,12.16,3.805,7.95,8.36,6.999,8.7,9.99,2.922,3.805,7.95,8.29,6.931,8.63,9.92,2.922,3.737,7.882,8.22,6.863,8.56,9.85,2.854,3.669,7.882,8.15,6.795,8.43,9.72,2.854,231,549
"2019-04-16 11:18:20.0",788290,3140,106.4,6.416,6.546,0.112,0.114,8.2,12.0443,39.88,39.87,12.16,3.941,8.09,8.56,7.271,9.04,10.4,3.058,3.941,8.02,8.56,7.203,8.97,10.33,3.058,3.873,8.02,8.43,7.135,8.83,10.26,2.99,3.805,7.95,8.36,6.999,8.7,10.06,2.99,232,548
"2019-04-16 11:18:40.0",788291,3140,106.5,6.484,6.613,0.113,0.115,8.13,12.0443,39.88,39.89,12.16,4.077,8.15,8.7,7.406,9.24,10.67,3.194,4.145,8.15,8.7,7.406,9.24,10.67,3.194,4.077,8.09,8.63,7.406,9.17,10.6,3.194,4.009,8.02,8.56,7.271,9.04,10.46,3.126,232,548
"2019-04-16 11:19:00.0",788292,3140,106.5,6.551,6.679,0.114,0.116,8.05,12.0443,39.88,39.89,12.19,4.892,8.56,9.44,8.29,10.4,12.09,3.737,4.96,8.56,9.44,8.36,10.46,12.16,3.737,4.892,8.49,9.38,8.29,10.4,12.09,3.737,4.824,8.43,9.31,8.15,10.26,11.89,3.669,232,548
"2019-04-16 11:19:20.0",788293,3140,106.6,6.619,6.746,0.115,0.117,7.985,12.0387,39.88,39.87,12.19,5.164,8.83,9.72,8.56,10.74,12.43,3.873,5.164,8.83,9.72,8.49,10.6,12.3,3.873,5.096,8.77,9.65,8.43,10.46,12.09,3.805,5.028,8.7,9.51,8.29,10.33,11.96,3.737,232,548
"2019-04-16 11:19:40.0",788294,3140,106.6,6.686,6.812,0.116,0.119,7.916,12.0443,39.88,39.91,12.19,5.232,9.04,9.85,8.56,10.6,12.3,3.873,5.232,9.04,9.72,8.49,10.53,12.16,3.805,5.164,8.97,9.65,8.36,10.4,11.96,3.737,5.096,8.83,9.58,8.22,10.26,11.76,3.737,232,548
"2019-04-16 11:20:00.0",788295,3140,106.7,6.754,6.879,0.118,0.12,7.849,12.0443,39.88,39.91,12.21,4.077,8.77,8.83,7.203,8.77,9.99,3.126,3.873,8.63,8.63,6.931,8.43,9.58,2.99,3.805,8.56,8.49,6.795,8.29,9.38,2.922,3.669,8.49,8.43,6.659,8.09,9.17,2.854,232,548
"2019-04-16 11:20:20.0",788296,3150,106.7,6.822,6.945,0.119,0.121,7.782,12.0554,39.88,39.91,12.21,3.465,8.56,8.36,6.591,7.95,8.83,2.718,3.397,8.56,8.36,6.591,7.95,8.83,2.718,3.397,8.49,8.29,6.523,7.882,8.77,2.718,3.329,8.49,8.22,6.455,7.814,8.63,2.718,233,547
"2019-04-16 11:20:40.0",788297,3150,106.8,6.889,7.012,0.12,0.122,7.717,12.0554,39.88,39.89,12.21,3.262,8.7,8.36,6.455,7.814,8.56,2.65,3.126,8.63,8.22,6.319,7.542,8.29,2.582,3.058,8.56,8.09,6.183,7.406,8.09,2.514,2.922,8.43,7.95,5.979,7.203,7.814,2.446,233,547
"2019-04-16 11:21:00.0",788298,3150,106.8,6.957,7.078,0.121,0.123,7.652,12.0554,39.88,39.89,12.21,2.242,8.36,7.406,5.3,6.251,6.659,2.038,2.174,8.29,7.271,5.164,6.047,6.455,1.903,2.106,8.22,7.203,5.028,5.912,6.251,1.903,1.971,8.15,7.067,4.96,5.776,6.115,1.835,233,547
"2019-04-16 11:21:20.0",788299,3150,106.9,7.024,7.145,0.122,0.124,7.589,12.0554,39.88,39.89,12.26,1.835,8.36,7.203,4.96,5.708,5.912,1.767,1.835,8.29,7.203,4.892,5.64,5.844,1.767,1.767,8.29,7.067,4.824,5.504,5.64,1.699,1.699,8.22,6.999,4.688,5.436,5.572,1.631,233,547
"2019-04-16 11:21:40.0",788300,3150,106.9,7.092,7.211,0.123,0.126,7.527,12.0666,39.88,39.89,12.26,1.631,8.43,7.203,4.756,5.504,5.572,1.631,1.631,8.43,7.135,4.756,5.436,5.504,1.631,1.563,8.43,7.067,4.688,5.3,5.368,1.631,1.563,8.29,6.999,4.553,5.232,5.232,1.563,233,547
"2019-04-16 11:22:00.0",788301,3150,107,7.159,7.278,0.125,0.127,7.465,12.0443,39.88,39.91,12.26,1.699,8.63,7.271,4.892,5.572,5.64,1.699,1.699,8.63,7.271,4.892,5.572,5.64,1.699,1.631,8.49,7.203,4.824,5.504,5.572,1.699,1.631,8.49,7.135,4.756,5.436,5.436,1.699,234,546
"2019-04-16 11:22:20.0",788302,3150,107,7.227,7.344,0.126,0.128,7.405,12.0443,39.88,39.88,12.28,2.106,8.9,7.746,5.436,6.251,6.455,2.038,2.174,8.9,7.814,5.436,6.319,6.591,2.038,2.174,8.83,7.746,5.436,6.319,6.523,2.106,2.174,8.77,7.678,5.368,6.251,6.455,2.038,234,546
"2019-04-16 11:22:40.0",788303,3150,107.1,7.294,7.41,0.127,0.129,7.346,12.0443,39.88,39.87,12.28,2.718,9.24,8.43,6.183,7.203,7.61,2.446,2.786,9.17,8.43,6.183,7.27,7.61,2.514,2.718,9.17,8.36,6.115,7.203,7.61,2.446,2.718,9.11,8.29,6.047,7.067,7.542,2.378,234,546
"2019-04-16 11:23:00.0",788304,3150,107.1,7.362,7.477,0.128,0.13,7.287,12.0443,39.88,39.87,12.3,3.397,9.51,8.97,6.863,8.15,8.7,2.922,3.397,9.51,9.04,6.931,8.22,8.77,2.922,3.397,9.44,8.97,6.863,8.15,8.77,2.922,3.397,9.44,8.9,6.863,8.15,8.77,2.854,234,546
"2019-04-16 11:23:20.0",788305,3150,107.2,7.429,7.543,0.129,0.131,7.23,12.0443,39.88,39.9,12.3,3.737,9.78,9.38,7.27,8.63,9.31,3.126,3.669,9.78,9.24,7.135,8.49,9.17,3.058,3.601,9.65,9.24,7.067,8.43,9.11,3.058,3.601,9.65,9.11,6.999,8.29,8.97,3.058,234,546
"2019-04-16 11:23:40.0",788306,3160,107.2,7.496,7.609,0.13,0.132,7.173,12.0499,39.88,39.88,12.3,3.805,9.85,9.44,7.338,8.77,9.44,3.194,3.805,9.85,9.44,7.338,8.77,9.44,3.194,3.805,9.78,9.38,7.338,8.7,9.44,3.194,3.737,9.72,9.31,7.27,8.63,9.38,3.194,235,545
"2019-04-16 11:24:00.0",788307,3160,107.2,7.563,7.676,0.132,0.134,7.117,12.0554,39.88,39.91,12.33,4.009,9.99,9.72,7.61,9.11,9.92,3.397,3.941,9.92,9.65,7.61,9.04,9.85,3.329,3.941,9.92,9.58,7.542,8.9,9.72,3.329,3.873,9.78,9.44,7.406,8.83,9.58,3.262,235,545
"2019-04-16 11:24:20.0",788308,3160,107.3,7.631,7.742,0.133,0.135,7.062,12.0554,39.88,39.89,12.33,3.941,10.19,9.78,7.678,9.11,9.85,3.397,3.941,10.12,9.78,7.61,9.04,9.72,3.397,3.873,10.12,9.72,7.542,8.9,9.65,3.329,3.805,9.99,9.58,7.406,8.77,9.51,3.262,235,545
"2019-04-16 11:24:40.0",788309,3160,107.3,7.698,7.809,0.134,0.136,7.008,12.0666,39.88,39.91,12.33,3.805,10.26,9.78,7.542,8.9,9.58,3.329,3.805,10.26,9.72,7.542,8.9,9.51,3.329,3.737,10.19,9.72,7.474,8.77,9.44,3.262,3.737,10.12,9.58,7.338,8.7,9.24,3.194,235,545
"2019-04-16 11:25:00.0",788310,3160,107.4,7.765,7.875,0.135,0.137,6.955,12.0554,39.88,39.89,12.33,3.873,10.4,9.99,7.746,9.11,9.72,3.329,3.873,10.4,9.92,7.678,9.04,9.65,3.397,3.805,10.33,9.85,7.61,8.9,9.51,3.329,3.737,10.26,9.72,7.474,8.83,9.38,3.262,235,545
"2019-04-16 11:25:20.0",788311,3160,107.4,7.833,7.942,0.136,0.138,6.902,12.0499,39.88,39.91,12.35,3.669,10.4,9.78,7.542,8.83,9.38,3.329,3.669,10.4,9.78,7.474,8.77,9.31,3.262,3.601,10.33,9.72,7.406,8.7,9.24,3.194,3.601,10.19,9.58,7.338,8.56,9.11,3.194,235,545
"2019-04-16 11:25:40.0",788312,3170,107.5,7.9,8.01,0.137,0.139,6.85,12.0443,39.88,39.91,12.35,3.873,10.53,9.99,7.746,9.11,9.72,3.465,3.873,10.46,9.92,7.678,9.04,9.72,3.397,3.805,10.4,9.85,7.61,8.97,9.58,3.397,3.737,10.26,9.78,7.542,8.83,9.44,3.397,236,544
"2019-04-16 11:26:00.0",788313,3170,107.5,7.967,8.07,0.139,0.14,6.799,12.0443,39.88,39.89,12.37,3.941,10.53,10.06,7.814,9.17,9.92,3.533,3.941,10.53,9.99,7.746,9.11,9.78,3.533,3.873,10.46,9.92,7.678,9.04,9.72,3.465,3.873,10.4,9.85,7.61,8.9,9.65,3.465,236,544
"2019-04-16 11:26:20.0",788314,3170,107.6,8.04,8.14,0.14,0.142,6.748,12.0443,39.88,39.91,12.37,4.009,10.74,10.19,7.882,9.31,10.06,3.601,4.009,10.74,10.12,7.882,9.24,9.92,3.601,3.941,10.6,10.06,7.746,9.11,9.85,3.533,3.873,10.46,9.92,7.678,8.97,9.72,3.465,236,544
"2019-04-16 11:26:40.0",788315,3170,107.6,8.1,8.21,0.141,0.143,6.699,12.0443,39.88,39.91,12.37,4.281,10.94,10.53,8.29,9.78,10.6,3.873,4.281,10.94,10.46,8.22,9.72,10.53,3.873,4.281,10.8,10.33,8.15,9.58,10.46,3.805,4.213,10.74,10.26,8.02,9.44,10.26,3.737,236,544
"2019-04-16 11:27:00.0",788316,3170,107.7,8.17,8.27,0.142,0.144,6.65,12.0443,39.88,39.89,12.39,4.281,10.8,10.33,8.22,9.72,10.6,3.873,4.145,10.67,10.26,8.09,9.51,10.4,3.805,4.077,10.6,10.12,7.95,9.38,10.19,3.737,4.009,10.53,9.99,7.814,9.17,9.99,3.601,236,544
"2019-04-16 11:27:20.0",788317,3170,107.7,8.24,8.34,0.143,0.145,6.602,12.0554,39.88,39.88,12.39,4.621,10.94,10.87,8.9,10.53,11.55,4.213,4.688,10.94,10.94,8.97,10.74,11.76,4.349,4.688,10.87,10.87,8.97,10.67,11.69,4.349,4.621,10.8,10.8,8.83,10.53,11.55,4.213,237,543
"2019-04-16 11:27:40.0",788318,3170,107.8,8.3,8.41,0.144,0.146,6.554,12.0554,39.88,39.9,12.42,5.776,11.55,12.16,10.4,12.43,13.86,5.164,5.776,11.55,12.16,10.4,12.5,13.93,5.164,5.708,11.48,12.03,10.26,12.3,13.73,5.096,5.64,11.35,11.89,10.12,12.16,13.45,5.028,237,543
"2019-04-16 11:28:00.0",788319,3170,107.8,8.37,8.47,0.146,0.147,6.507,12.0554,39.88,39.88,12.42,5.912,11.69,12.3,10.46,12.5,13.86,5.232,5.64,11.55,12.03,10.12,12.09,13.45,5.028,5.504,11.48,11.76,9.92,11.82,13.11,4.892,5.3,11.28,11.55,9.65,11.48,12.71,4.756,237,543
"2019-04-16 11:28:20.0",788320,3170,107.9,8.44,8.54,0.147,0.149,6.461,12.0499,39.88,39.88,12.42,4.621,11.21,11.01,8.9,10.53,11.48,4.281,4.553,11.14,10.94,8.83,10.4,11.35,4.213,4.417,11.08,10.8,8.7,10.26,11.14,4.145,4.349,10.94,10.74,8.56,10.12,10.94,4.077,237,543
"2019-04-16 11:28:40.0",788321,3170,107.9,8.51,8.61,0.148,0.15,6.415,12.0554,39.88,39.88,12.42,5.028,11.62,11.62,9.51,11.28,12.3,4.621,5.028,11.62,11.62,9.58,11.28,12.37,4.688,5.028,11.48,11.55,9.44,11.21,12.23,4.621,4.96,11.42,11.42,9.38,11.08,12.09,4.553,237,543
"2019-04-16 11:29:00.0",788322,3170,108,8.57,8.67,0.149,0.151,6.37,12.0554,39.88,39.87,12.44,5.572,11.96,12.16,10.12,12.03,13.18,5.028,5.504,11.89,12.09,10.06,11.96,13.11,5.028,5.436,11.82,11.96,9.92,11.82,12.91,4.96,5.368,11.69,11.82,9.78,11.55,12.71,4.892,237,543
"2019-04-16 11:29:20.0",788323,3180,108,8.64,8.74,0.15,0.152,6.327,12.0443,39.88,39.87,12.44,5.3,11.76,11.89,9.78,11.62,12.77,4.96,5.232,11.76,11.82,9.72,11.55,12.64,4.892,5.164,11.62,11.62,9.58,11.42,12.43,4.824,5.096,11.55,11.55,9.44,11.21,12.3,4.756,238,542
"2019-04-16 11:29:40.0",788324,3180,108.1,8.71,8.8,0.151,0.153,6.283,12.0443,39.88,39.89,12.44,5.096,11.69,11.62,9.51,11.21,12.3,4.824,4.96,11.55,11.42,9.31,10.94,12.03,4.688,4.892,11.42,11.28,9.17,10.74,11.82,4.553,4.756,11.35,11.14,8.97,10.53,11.62,4.485,238,542
"2019-04-16 11:30:00.0",788325,3180,108.1,8.77,8.87,0.153,0.154,6.24,12.0443,39.88,39.91,12.46,4.96,11.55,11.48,9.38,11.01,12.16,4.756,4.892,11.55,11.48,9.31,11.01,12.09,4.756,4.892,11.42,11.35,9.24,10.94,11.96,4.688,4.824,11.35,11.28,9.17,10.8,11.89,4.621,238,542
"2019-04-16 11:30:20.0",788326,3180,108.1,8.84,8.94,0.154,0.155,6.197,12.0443,39.88,39.89,12.46,5.504,12.03,12.16,10.12,12.03,13.25,5.232,5.504,11.96,12.16,10.12,12.03,13.25,5.232,5.504,11.89,12.09,10.06,11.89,13.11,5.164,5.368,11.76,11.89,9.92,11.69,12.91,5.096,238,542
"2019-04-16 11:30:40.0",788327,3180,108.2,8.91,9,0.155,0.157,6.155,12.0439,39.88,39.88,12.46,5.436,12.09,12.23,10.12,11.96,13.11,5.232,5.3,11.96,12.03,9.92,11.69,12.84,5.096,5.232,11.89,11.89,9.78,11.48,12.64,5.028,5.096,11.76,11.69,9.58,11.28,12.37,4.96,238,542
"2019-04-16 11:31:00.0",788328,3200,108.2,8.97,9.07,0.156,0.158,6.114,12.055,39.88,39.88,12.49,5.096,12.09,11.89,9.65,11.28,12.37,5.028,4.96,11.96,11.69,9.44,11.01,12.03,4.824,4.892,11.89,11.55,9.24,10.87,11.82,4.756,4.756,11.76,11.42,9.11,10.6,11.62,4.621,239,541
"2019-04-16 11:31:20.0",788329,3200,108.3,9.04,9.14,0.157,0.159,6.073,12.055,39.88,39.87,12.49,4.281,11.62,10.94,8.56,9.92,10.8,4.281,4.145,11.55,10.8,8.43,9.72,10.53,4.213,4.077,11.42,10.67,8.29,9.58,10.33,4.145,4.009,11.28,10.53,8.15,9.44,10.19,4.077,239,541
"2019-04-16 11:31:40.0",788330,3200,108.3,9.11,9.2,0.158,0.16,6.033,12.055,39.88,39.9,12.49,4.009,11.55,10.8,8.36,9.65,10.4,4.145,3.941,11.48,10.67,8.22,9.44,10.19,4.077,3.873,11.42,10.53,8.09,9.38,10.06,4.009,3.737,11.28,10.4,7.95,9.17,9.85,3.941,239,541
"2019-04-16 11:32:00.0",788331,3200,108.4,9.18,9.27,0.159,0.161,5.993,12.055,39.88,39.88,12.51,3.805,11.62,10.8,8.29,9.58,10.26,4.145,3.805,11.55,10.8,8.29,9.58,10.26,4.145,3.805,11.55,10.67,8.22,9.44,10.19,4.077,3.737,11.42,10.53,8.15,9.38,10.12,4.009,239,541
"2019-04-16 11:32:20.0",788332,3200,108.4,9.24,9.34,0.161,0.162,5.953,12.0663,39.88,39.88,12.51,5.164,12.3,12.43,10.26,12.09,13.18,5.436,5.368,12.37,12.64,10.53,12.37,13.52,5.572,5.368,12.37,12.57,10.53,12.37,13.45,5.572,5.368,12.3,12.43,10.4,12.23,13.39,5.504,239,541
"2019-04-16 11:32:40.0",788333,3200,108.5,9.31,9.4,0.162,0.163,5.915,12.044,39.88,39.9,12.51,6.999,13.45,14.47,12.64,15.02,16.44,6.931,6.931,13.39,14.41,12.5,14.81,16.38,6.931,6.795,13.25,14.13,12.3,14.61,16.04,6.795,6.659,13.11,13.93,12.03,14.27,15.7,6.659,240,540
"2019-04-16 11:33:00.0",788334,3200,108.5,9.38,9.47,0.163,0.164,5.876,12.044,39.88,39.88,12.51,6.455,13.32,13.79,11.69,13.73,15.08,6.387,6.183,13.11,13.45,11.28,13.25,14.54,6.183,6.047,12.98,13.18,11.08,13.05,14.2,6.047,5.912,12.84,12.98,10.8,12.64,13.86,5.844,240,540
"2019-04-16 11:33:20.0",788335,3200,108.6,9.44,9.53,0.164,0.166,5.839,12.044,39.88,39.88,12.51,5.979,13.25,13.45,11.21,13.11,14.27,6.047,6.115,13.25,13.52,11.28,13.25,14.34,6.115,6.047,13.18,13.45,11.21,13.11,14.27,6.115,5.979,13.11,13.25,11.08,12.98,14.07,5.979,240,540
"2019-04-16 11:33:40.0",788336,3200,108.6,9.51,9.6,0.165,0.167,5.801,12.044,39.88,39.88,12.53,5.64,13.05,12.84,10.53,12.23,13.32,5.708,5.3,12.77,12.5,10.06,11.69,12.71,5.436,5.164,12.64,12.3,9.85,11.42,12.37,5.3,5.028,12.5,12.09,9.65,11.21,12.09,5.164,240,540
"2019-04-16 11:34:00.0",788337,3200,108.7,9.58,9.67,0.166,0.168,5.764,12.0436,39.88,39.88,12.53,5.096,12.77,12.5,10.12,11.76,12.71,5.436,5.232,12.84,12.64,10.33,11.96,12.98,5.64,5.3,12.84,12.64,10.33,12.03,12.98,5.64,5.232,12.77,12.64,10.26,11.96,12.98,5.64,240,540
"2019-04-16 11:34:20.0",788338,3200,108.7,9.64,9.73,0.168,0.169,5.728,12.0436,39.88,39.88,12.53,6.523,13.66,14.07,11.96,14,15.36,6.795,6.523,13.52,14,11.89,14,15.36,6.727,6.455,13.45,13.93,11.82,13.86,15.22,6.727,6.387,13.32,13.79,11.62,13.66,15.08,6.659,240,540
"2019-04-16 11:34:40.0",788339,3210,108.8,9.71,9.8,0.169,0.17,5.692,12.0548,39.88,39.9,12.56,6.727,13.73,14.13,11.89,14,15.42,6.931,6.591,13.59,13.86,11.62,13.66,15.02,6.727,6.523,13.45,13.66,11.48,13.39,14.81,6.591,6.319,13.32,13.45,11.21,13.11,14.47,6.455,241,539
"2019-04-16 11:35:00.0",788340,3210,108.8,9.78,9.87,0.17,0.171,5.657,12.0548,39.88,39.88,12.56,5.164,12.77,12.3,9.85,11.42,12.5,5.504,5.096,12.64,12.16,9.65,11.21,12.23,5.436,5.028,12.57,12.03,9.58,11.08,12.09,5.3,4.96,12.43,11.89,9.44,10.94,11.89,5.3,241,539
"2019-04-16 11:35:20.0",788341,3210,108.9,9.84,9.93,0.171,0.172,5.622,12.0548,39.88,39.88,12.56,4.96,12.77,12.23,9.72,11.21,12.09,5.368,4.892,12.77,12.09,9.51,11.01,11.89,5.3,4.756,12.71,11.96,9.38,10.8,11.69,5.164,4.688,12.57,11.76,9.24,10.6,11.42,5.096,241,539
"2019-04-16 11:35:40.0",788342,3210,108.9,9.91,10,0.172,0.174,5.587,12.0549,39.87,39.87,12.56,4.213,12.43,11.42,8.77,10.06,10.74,4.756,4.077,12.23,11.21,8.56,9.72,10.4,4.621,4.009,12.16,11.01,8.43,9.58,10.12,4.485,3.873,12.03,10.8,8.22,9.38,9.92,4.349,241,539
"2019-04-16 11:36:00.0",788343,3210,109,9.98,10.06,0.173,0.175,5.553,12.0549,39.87,39.88,12.56,3.669,12.23,10.87,8.22,9.31,9.78,4.281,3.669,12.16,10.94,8.22,9.31,9.78,4.349,3.669,12.09,10.87,8.15,9.31,9.72,4.349,3.601,12.03,10.74,8.15,9.24,9.72,4.281,241,539
"2019-04-16 11:36:20.0",788344,3220,109,10.04,10.13,0.174,0.176,5.519,12.0382,39.87,39.88,12.56,4.824,12.98,12.5,9.99,11.48,12.3,5.572,5.028,13.05,12.64,10.19,11.76,12.64,5.708,5.028,13.05,12.64,10.26,11.82,12.71,5.708,5.096,13.05,12.64,10.26,11.82,12.71,5.776,242,538
"2019-04-16 11:36:40.0",788345,3220,109.1,10.11,10.2,0.176,0.177,5.486,12.0438,39.87,39.88,12.56,6.523,14.13,14.41,12.09,14.07,15.36,7.067,6.523,14,14.27,11.96,13.86,15.15,6.999,6.387,13.93,14.07,11.76,13.73,14.95,6.863,6.319,13.79,13.86,11.55,13.45,14.68,6.727,242,538
"2019-04-16 11:37:00.0",788346,3220,109.1,10.18,10.26,0.177,0.178,5.453,12.0438,39.87,39.88,12.58,5.912,13.52,13.45,11.08,12.84,14,6.387,5.844,13.45,13.32,10.94,12.71,13.79,6.387,5.776,13.32,13.18,10.87,12.57,13.73,6.319,5.708,13.25,13.05,10.74,12.43,13.59,6.183,242,538
"2019-04-16 11:37:20.0",788347,3220,109.2,10.24,10.33,0.178,0.179,5.42,12.0439,39.88,39.88,12.6,6.047,13.73,13.59,11.21,13.05,14.2,6.591,5.912,13.59,13.39,11.01,12.71,13.86,6.387,5.776,13.45,13.18,10.8,12.5,13.59,6.251,5.64,13.25,12.98,10.6,12.23,13.32,6.183,242,538
"2019-04-16 11:37:40.0",788348,3220,109.2,10.31,10.39,0.179,0.18,5.388,12.0439,39.88,39.88,12.6,4.417,12.84,11.82,9.17,10.46,11.28,5.096,4.213,12.64,11.55,8.9,10.12,10.8,4.892,4.077,12.5,11.42,8.7,9.92,10.6,4.824,4.009,12.37,11.21,8.56,9.72,10.33,4.688,242,538
"2019-04-16 11:38:00.0",788349,3220,109.3,10.38,10.46,0.18,0.182,5.356,12.0439,39.88,39.87,12.6,3.737,12.37,11.14,8.43,9.51,10.19,4.621,3.737,12.3,11.01,8.36,9.44,10.06,4.553,3.669,12.16,11.01,8.29,9.31,9.99,4.553,3.669,12.09,10.87,8.22,9.24,9.92,4.485,242,538
"2019-04-16 11:38:20.0",788350,3220,109.3,10.44,10.53,0.181,0.183,5.325,12.055,39.88,39.88,12.6,4.281,12.71,11.89,9.24,10.53,11.35,5.232,4.417,12.71,11.96,9.38,10.74,11.55,5.3,4.417,12.71,11.96,9.38,10.74,11.55,5.368,4.417,12.64,11.89,9.38,10.67,11.55,5.3,243,537
"2019-04-16 11:38:40.0",788351,3220,109.4,10.51,10.59,0.182,0.184,5.294,12.055,39.88,39.88,12.63,5.979,13.86,13.86,11.55,13.32,14.54,6.863,6.183,13.93,14.07,11.76,13.59,14.81,6.999,6.183,13.86,14,11.76,13.59,14.81,6.999,6.183,13.79,13.93,11.69,13.52,14.81,6.999,243,537
"2019-04-16 11:39:00.0",788352,3220,109.4,10.58,10.66,0.184,0.185,5.263,12.0547,39.88,39.88,12.63,7.338,14.74,15.29,13.11,15.29,16.85,8.09,7.27,14.61,15.22,12.98,15.08,16.72,7.95,7.203,14.54,15.02,12.84,14.95,16.51,7.882,7.135,14.41,14.81,12.64,14.74,16.24,7.814,243,537
"2019-04-16 11:39:20.0",788353,3220,109.5,10.64,10.73,0.185,0.186,5.233,12.0547,39.88,39.87,12.63,6.523,14.34,14.27,11.96,13.79,15.08,7.203,6.319,14.13,14.07,11.69,13.45,14.74,7.067,6.183,14,13.86,11.48,13.25,14.47,6.931,6.047,13.79,13.66,11.28,12.98,14.2,6.795,243,537
"2019-04-16 11:39:40.0",788354,3220,109.5,10.71,10.79,0.186,0.187,5.203,12.0547,39.88,39.88,12.63,5.096,13.59,12.98,10.46,12.03,13.05,6.251,5.096,13.45,12.98,10.46,11.96,13.05,6.183,5.028,13.45,12.91,10.4,11.89,13.05,6.183,5.028,13.32,12.84,10.33,11.82,12.91,6.183,243,537
"2019-04-16 11:40:00.0",788355,3230,109.5,10.78,10.86,0.187,0.188,5.174,12.0435,39.88,39.87,12.65,6.523,14.61,15.08,12.77,14.81,16.31,7.882,6.727,14.68,15.22,13.05,15.08,16.65,8.09,6.727,14.61,15.22,12.98,15.08,16.65,8.09,6.727,14.54,15.15,12.91,14.95,16.51,8.02,244,536
"2019-04-16 11:40:20.0",788356,3230,109.6,10.84,10.92,0.188,0.189,5.144,12.0435,39.88,39.88,12.65,8.15,15.63,16.85,14.88,17.33,19.23,9.44,8.15,15.56,16.85,14.81,17.33,19.16,9.44,8.09,15.42,16.72,14.68,17.12,19.03,9.38,8.02,15.36,16.51,14.54,16.92,18.82,9.24,244,536
"2019-04-16 11:40:40.0",788357,3230,109.6,10.91,10.99,0.189,0.191,5.115,12.0437,39.88,39.88,12.65,8.02,15.76,16.78,14.61,16.99,18.89,9.31,8.02,15.7,16.78,14.61,16.99,18.89,9.38,8.02,15.63,16.72,14.54,16.92,18.82,9.31,7.95,15.49,16.58,14.41,16.78,18.69,9.31,244,536
"2019-04-16 11:41:00.0",788358,3230,109.7,10.98,11.05,0.19,0.192,5.087,12.0437,39.88,39.88,12.65,9.65,16.99,18.89,16.92,19.84,22.02,11.01,9.65,16.92,18.75,16.85,19.71,21.95,10.94,9.51,16.72,18.55,16.58,19.43,21.61,10.8,9.31,16.51,18.28,16.31,19.09,21.27,10.6,244,536
"2019-04-16 11:41:20.0",788359,3230,109.7,11.04,11.12,0.192,0.193,5.059,12.0437,39.88,39.88,12.67,9.11,16.65,18.14,16.04,18.75,20.79,10.4,8.83,16.51,17.8,15.63,18.21,20.18,10.12,8.7,16.31,17.53,15.36,17.8,19.84,9.92,8.49,16.1,17.26,15.02,17.46,19.43,9.72,244,536
"2019-04-16 11:41:40.0",788360,3230,109.8,11.11,11.19,0.193,0.194,5.03,12.0548,39.88,39.9,12.67,7.542,15.83,16.24,13.79,15.97,17.53,8.77,7.27,15.63,15.9,13.45,15.49,16.99,8.49,7.135,15.36,15.63,13.18,15.22,16.65,8.36,6.931,15.22,15.36,12.91,14.81,16.31,8.15,245,535
"2019-04-16 11:42:00.0",788361,3230,109.8,11.17,11.25,0.194,0.195,5.003,12.0548,39.88,39.9,12.67,6.319,15.22,15.02,12.37,14.13,15.29,7.61,6.047,15.02,14.61,11.89,13.59,14.54,7.27,5.844,14.81,14.27,11.55,13.18,14.13,7.067,5.64,14.68,14,11.28,12.84,13.79,6.863,245,535
"2019-04-16 11:42:20.0",788362,3230,109.9,11.24,11.32,0.195,0.196,4.975,12.0545,39.88,39.9,12.7,4.485,14.27,12.84,9.78,10.94,11.62,5.776,4.145,14,12.43,9.38,10.46,11.08,5.436,4.077,13.86,12.23,9.17,10.19,10.8,5.3,3.941,13.73,12.09,8.97,9.99,10.53,5.232,245,535
"2019-04-16 11:42:40.0",788363,3230,109.9,11.31,11.38,0.196,0.197,4.948,12.0545,39.89,39.9,12.7,3.601,13.73,11.82,8.7,9.65,10.06,4.96,3.533,13.59,11.69,8.56,9.51,9.85,4.824,3.533,13.52,11.62,8.49,9.38,9.78,4.756,3.465,13.39,11.48,8.43,9.31,9.65,4.688,245,535
"2019-04-16 11:43:00.0",788364,3230,110,11.37,11.45,0.197,0.199,4.922,12.0545,39.91,39.9,12.7,4.485,14.47,13.11,10.06,11.28,11.82,5.912,4.621,14.47,13.18,10.19,11.42,12.03,6.047,4.688,14.47,13.18,10.19,11.42,12.03,6.047,4.688,14.34,13.11,10.12,11.35,11.96,5.979,245,535
"2019-04-16 11:43:20.0",788365,3230,110,11.44,11.52,0.198,0.2,4.895,12.0545,39.91,39.88,12.7,5.368,15.22,14.07,11.01,12.43,13.05,6.591,5.232,15.02,13.73,10.74,12.09,12.71,6.387,5.164,14.88,13.59,10.53,11.82,12.43,6.251,5.096,14.74,13.39,10.4,11.69,12.23,6.183,245,535
"2019-04-16 11:43:40.0",788366,3240,110.1,11.51,11.58,0.199,0.201,4.869,12.0434,39.91,39.88,12.7,4.349,15.08,12.98,9.58,10.67,10.8,5.436,4.281,14.95,12.84,9.51,10.53,10.67,5.368,4.213,14.81,12.71,9.38,10.4,10.53,5.3,4.145,14.74,12.64,9.31,10.33,10.53,5.3,246,534
"2019-04-16 11:44:00.0",788367,3240,110.1,11.57,11.65,0.201,0.202,4.843,12.0432,39.91,39.9,12.72,5.368,15.83,14.47,11.14,12.5,12.98,6.659,5.368,15.7,14.34,11.08,12.37,12.84,6.591,5.3,15.56,14.2,10.94,12.3,12.84,6.523,5.232,15.42,14.07,10.8,12.16,12.71,6.455,246,534
"2019-04-16 11:44:20.0",788368,3240,110.2,11.64,11.71,0.202,0.203,4.818,12.0432,39.91,39.88,12.72,5.708,15.83,14.68,11.55,12.98,13.73,7.067,5.844,15.76,14.74,11.69,13.11,13.93,7.203,5.912,15.7,14.74,11.69,13.18,14,7.27,5.912,15.63,14.74,11.69,13.18,14.07,7.27,246,534
"2019-04-16 11:44:40.0",788369,3240,110.2,11.71,11.78,0.203,0.204,4.792,12.0432,39.91,39.88,12.72,7.338,16.92,16.78,13.93,15.9,16.99,8.83,7.27,16.72,16.58,13.73,15.7,16.72,8.77,7.135,16.58,16.31,13.45,15.36,16.44,8.63,6.931,16.44,16.1,13.25,15.15,16.17,8.49,246,534
"2019-04-16 11:45:00.0",788370,3240,110.3,11.77,11.85,0.204,0.205,4.767,12.0487,39.91,39.88,12.74,6.863,16.72,16.51,13.66,15.56,16.51,8.63,6.727,16.58,16.31,13.45,15.36,16.31,8.56,6.591,16.44,16.17,13.25,15.08,16.04,8.43,6.523,16.24,15.97,13.11,14.88,15.83,8.29,246,534
"2019-04-16 11:45:20.0",788371,3240,110.3,11.84,11.91,0.205,0.206,4.742,12.0543,39.91,39.88,12.74,7.61,17.46,17.67,14.81,16.85,17.94,9.51,7.406,17.26,17.26,14.34,16.38,17.46,9.24,7.27,17.06,16.99,14.07,16.04,17.12,9.04,7.203,16.92,16.85,13.93,15.83,16.85,8.97,247,533
"2019-04-16 11:45:40.0",788372,3240,110.4,11.9,11.98,0.206,0.208,4.718,12.0541,39.91,39.88,12.74,6.931,17.06,16.65,13.59,15.42,16.38,8.7,6.795,16.85,16.38,13.32,15.15,16.04,8.56,6.659,16.65,16.17,13.18,14.88,15.83,8.43,6.523,16.51,15.97,12.91,14.61,15.49,8.29,247,533
"2019-04-16 11:46:00.0",788373,3240,110.4,11.97,12.04,0.207,0.209,4.694,12.0541,39.91,39.88,12.74,5.64,16.31,15.02,11.69,13.05,13.66,7.27,5.368,16.1,14.61,11.21,12.57,13.05,6.931,5.164,15.83,14.34,11.01,12.23,12.77,6.727,5.096,15.63,14.13,10.74,11.96,12.5,6.659,247,533
"2019-04-16 11:46:20.0",788374,3240,110.5,12.04,12.11,0.209,0.21,4.67,12.0486,39.91,39.88,12.77,4.485,15.42,13.52,10.12,11.21,11.42,5.979,4.281,15.22,13.18,9.78,10.8,11.01,5.776,4.145,15.02,12.98,9.58,10.53,10.74,5.64,4.009,14.81,12.71,9.31,10.26,10.46,5.436,247,533
"2019-04-16 11:46:40.0",788375,3240,110.5,12.1,12.17,0.21,0.211,4.646,12.0541,39.91,39.9,12.77,4.145,15.36,13.39,9.99,11.01,11.14,5.844,4.077,15.29,13.25,9.85,10.8,11.01,5.776,4.009,15.15,13.05,9.65,10.6,10.74,5.64,3.941,15.02,12.98,9.51,10.46,10.67,5.572,247,533
"2019-04-16 11:47:00.0",788376,3240,110.6,12.17,12.24,0.211,0.212,4.622,12.0541,39.89,39.88,12.77,4.756,15.83,14.2,10.8,12.03,12.3,6.523,4.824,15.83,14.13,10.87,12.09,12.43,6.591,4.824,15.76,14.13,10.87,12.03,12.43,6.591,4.892,15.7,14,10.8,11.96,12.37,6.591,247,533
"2019-04-16 11:47:20.0",788377,3260,110.6,12.23,12.31,0.212,0.213,4.599,12.0428,39.91,39.91,12.77,7.203,17.87,17.26,14.13,15.97,16.65,9.04,7.406,17.94,17.46,14.34,16.24,16.92,9.17,7.406,17.87,17.33,14.2,16.1,16.78,9.11,7.27,17.67,17.06,13.93,15.76,16.44,8.97,248,532
"2019-04-16 11:47:40.0",788378,3260,110.7,12.3,12.37,0.213,0.214,4.576,12.0484,39.89,39.89,12.79,8.09,19.03,18.55,15.22,17.26,18.01,9.78,7.95,18.89,18.28,14.95,16.92,17.6,9.65,7.814,18.69,18.01,14.74,16.65,17.39,9.51,7.678,18.48,17.8,14.47,16.38,17.12,9.31,248,532
"2019-04-16 11:48:00.0",788379,3260,110.7,12.37,12.44,0.214,0.215,4.553,12.0428,39.91,39.89,12.79,7.542,18.62,17.94,14.54,16.44,17.19,9.38,7.474,18.48,17.73,14.41,16.24,16.99,9.24,7.474,18.28,17.6,14.34,16.17,16.92,9.17,7.406,18.14,17.46,14.13,15.97,16.72,9.11,248,532
"2019-04-16 11:48:20.0",788380,3260,110.8,12.43,12.5,0.215,0.216,4.531,12.0428,39.91,39.89,12.79,8.77,19.43,19.37,16.17,18.35,19.37,10.6,8.7,19.3,19.16,15.97,18.14,19.16,10.53,8.63,19.09,18.89,15.76,17.87,18.89,10.4,8.43,18.82,18.62,15.42,17.53,18.48,10.19,248,532
"2019-04-16 11:48:40.0",788381,3260,110.8,12.5,12.57,0.216,0.218,4.508,12.0428,39.91,39.89,12.79,7.746,18.69,17.87,14.54,16.38,17.19,9.44,7.474,18.41,17.46,14.13,15.9,16.72,9.17,7.338,18.21,17.26,13.93,15.63,16.38,9.04,7.203,17.94,16.99,13.66,15.36,16.1,8.83,248,532
"2019-04-16 11:49:00.0",788382,3260,110.9,12.56,12.63,0.218,0.219,4.486,12.0539,39.91,39.9,12.79,7.135,18.41,17.39,13.93,15.7,16.31,8.9,6.999,18.21,17.12,13.66,15.36,15.9,8.77,6.795,18.01,16.85,13.45,15.08,15.63,8.63,6.591,17.73,16.51,13.11,14.68,15.22,8.36,249,531
"2019-04-16 11:49:20.0",788383,3260,110.9,12.63,12.7,0.219,0.22,4.464,12.0539,39.91,39.88,12.81,6.863,18.28,17.12,13.73,15.36,15.83,8.77,6.659,18.01,16.78,13.32,14.95,15.36,8.43,6.455,17.73,16.38,12.98,14.54,14.95,8.22,6.251,17.53,16.17,12.71,14.2,14.61,8.02,249,531
"2019-04-16 11:49:40.0",788384,3260,111,12.7,12.76,0.22,0.221,4.443,12.0539,39.91,39.9,12.81,6.591,18.28,16.92,13.39,14.95,15.42,8.56,6.523,18.07,16.72,13.18,14.74,15.15,8.36,6.455,17.94,16.58,12.98,14.54,14.95,8.29,6.319,17.8,16.31,12.84,14.34,14.74,8.22,249,531
"2019-04-16 11:50:00.0",788385,3260,111,12.76,12.83,0.221,0.222,4.421,12.0539,39.91,39.88,12.81,5.504,17.53,15.56,11.82,13.05,13.32,7.338,5.164,17.12,15.02,11.28,12.43,12.64,6.931,4.96,16.85,14.61,10.94,12.03,12.23,6.727,4.756,16.58,14.34,10.6,11.69,11.89,6.523,249,531
"2019-04-16 11:50:20.0",788386,3260,111.1,12.83,12.9,0.222,0.223,4.4,12.0539,39.91,39.88,12.81,4.756,16.78,14.61,10.94,12.03,12.16,6.727,4.756,16.65,14.54,10.87,11.96,12.09,6.659,4.688,16.44,14.27,10.74,11.76,11.89,6.523,4.621,16.31,14.2,10.6,11.69,11.89,6.523,249,531
"2019-04-16 11:50:40.0",788387,3260,111.1,12.89,12.96,0.223,0.224,4.379,12.0538,39.9,39.89,12.84,6.183,17.87,16.38,12.91,14.34,14.81,8.29,6.115,17.6,16.1,12.64,14.07,14.54,8.15,5.979,17.46,15.9,12.43,13.79,14.27,8.02,5.776,17.19,15.56,12.16,13.52,13.93,7.814,249,531
"2019-04-16 11:51:00.0",788388,3270,111.2,12.96,13.03,0.224,0.225,4.358,12.0426,39.9,39.91,12.84,6.251,17.8,16.58,13.18,14.68,15.22,8.56,6.387,17.8,16.65,13.25,14.81,15.36,8.63,6.319,17.67,16.51,13.18,14.68,15.29,8.56,6.251,17.46,16.31,12.98,14.47,15.08,8.49,250,530
"2019-04-16 11:51:20.0",788389,3270,111.2,13.02,13.09,0.225,0.227,4.338,12.0426,39.9,39.89,12.84,8.15,19.43,19.23,16.04,18.14,19.09,10.87,8.29,19.43,19.43,16.24,18.41,19.37,11.01,8.29,19.37,19.3,16.1,18.21,19.23,10.94,8.22,19.16,19.09,15.97,18.01,19.03,10.87,250,530
"2019-04-16 11:51:40.0",788390,3270,111.3,13.09,13.16,0.226,0.228,4.318,12.0426,39.9,39.89,12.86,9.72,20.79,21.34,18.21,20.72,22.08,12.71,9.58,20.45,21.06,17.94,20.38,21.74,12.5,9.51,20.25,20.72,17.67,20.11,21.47,12.37,9.44,20.11,20.66,17.53,19.98,21.4,12.3,250,530
"2019-04-16 11:52:00.0",788391,3270,111.3,13.16,13.22,0.228,0.229,4.297,12.0426,39.9,39.91,12.86,10.12,21,21.68,18.62,21.13,22.76,13.11,10.12,20.86,21.54,18.41,20.93,22.63,13.05,10.06,20.72,21.34,18.28,20.79,22.42,12.98,9.92,20.52,21.13,18.14,20.59,22.22,12.84,250,530
"2019-04-16 11:52:20.0",788392,3270,111.4,13.22,13.29,0.229,0.23,4.277,12.0425,39.9,39.91,12.86,9.92,21.06,21.34,18.07,20.45,21.88,12.71,9.58,20.72,20.79,17.46,19.77,21.13,12.23,9.31,20.38,20.32,17.05,19.23,20.59,11.89,9.04,20.11,19.91,16.65,18.82,20.11,11.62,250,530
"2019-04-16 11:52:40.0",788393,3280,111.4,13.29,13.35,0.23,0.231,4.258,12.0537,39.9,39.91,12.86,9.24,20.72,20.66,17.33,19.57,20.66,11.89,8.97,20.32,20.11,16.78,18.89,19.91,11.55,8.63,19.98,19.57,16.24,18.35,19.3,11.14,8.43,19.7,19.16,15.9,17.87,18.82,10.87,251,529
"2019-04-16 11:53:00.0",788394,3280,111.5,13.35,13.42,0.231,0.232,4.238,12.0593,39.9,39.89,12.88,8.43,20.18,19.5,16.1,18.07,18.96,11.01,8.29,19.84,19.16,15.76,17.73,18.62,10.8,8.15,19.57,18.89,15.56,17.46,18.35,10.6,8.02,19.43,18.69,15.36,17.26,18.14,10.53,251,529
"2019-04-16 11:53:20.0",788395,3280,111.5,13.42,13.48,0.232,0.233,4.218,12.0537,39.9,39.91,12.88,9.04,20.66,20.25,16.85,19.02,20.04,11.69,9.1,20.52,20.18,16.85,18.96,19.98,11.69,9.04,20.45,20.04,16.71,18.82,19.84,11.62,8.97,20.25,19.91,16.58,18.69,19.64,11.48,251,529
"2019-04-16 11:53:40.0",788396,3280,111.6,13.48,13.55,0.233,0.234,4.199,12.0537,39.9,39.91,12.88,10.33,21.67,22.08,18.89,21.4,22.56,13.25,10.12,21.4,21.74,18.48,21,22.08,12.98,9.85,21.13,21.27,18.07,20.45,21.54,12.64,9.65,20.79,20.93,17.67,19.98,21.13,12.37,251,529
"2019-04-16 11:54:00.0",788397,3280,111.6,13.55,13.61,0.234,0.235,4.18,12.0536,39.9,39.91,12.88,9.17,21.06,20.79,17.33,19.5,20.45,12.03,8.7,20.52,20.11,16.65,18.68,19.64,11.48,8.49,20.25,19.7,16.24,18.21,19.09,11.21,8.22,19.91,19.23,15.76,17.73,18.55,10.94,251,529
"2019-04-16 11:54:20.0",788398,3280,111.7,13.61,13.68,0.235,0.236,4.161,12.0425,39.9,39.91,12.91,7.27,19.57,18.41,14.74,16.44,17.12,9.99,6.93,19.09,17.8,14.2,15.83,16.44,9.65,6.794,18.89,17.53,13.93,15.42,16.03,9.44,6.659,18.62,17.26,13.66,15.15,15.76,9.24,252,528
"2019-04-16 11:54:40.0",788399,3280,111.7,13.68,13.74,0.237,0.238,4.143,12.0425,39.9,39.91,12.91,7.202,19.5,18.34,14.74,16.44,17.05,9.99,7.134,19.3,18.14,14.54,16.17,16.85,9.92,7.066,19.16,17.94,14.34,15.97,16.65,9.78,6.93,18.96,17.73,14.2,15.76,16.37,9.65,252,528
"2019-04-16 11:55:00.0",788400,3280,111.8,13.75,13.81,0.238,0.239,4.124,12.0425,39.9,39.91,12.91,7.746,20.04,19.09,15.49,17.26,18.01,10.67,7.746,19.84,18.96,15.36,17.12,17.87,10.6,7.61,19.7,18.68,15.15,16.99,17.73,10.53,7.474,19.5,18.41,14.95,16.65,17.39,10.33,252,528
"2019-04-16 11:55:20.0",788401,3280,111.8,13.81,13.87,0.239,0.24,4.106,12.0425,39.9,39.89,12.91,8.09,20.18,19.43,15.9,17.8,18.68,11.07,7.949,19.91,19.09,15.63,17.46,18.28,10.87,7.814,19.64,18.82,15.36,17.19,18.01,10.74,7.678,19.43,18.55,15.15,16.92,17.73,10.53,252,528
"2019-04-16 11:55:40.0",788402,3280,111.9,13.88,13.94,0.24,0.241,4.087,12.0424,39.9,39.9,12.93,7.813,19.77,18.96,15.42,17.26,18.14,10.8,7.542,19.36,18.48,15.02,16.71,17.6,10.46,7.406,19.16,18.14,14.74,16.44,17.26,10.33,7.202,18.89,17.87,14.4,16.03,16.92,10.06,252,528
"2019-04-16 11:56:00.0",788403,3280,111.9,13.94,14,0.241,0.242,4.069,12.0424,39.9,39.9,12.93,6.998,18.89,17.8,14.27,15.9,16.78,9.99,6.862,18.75,17.6,14.13,15.76,16.58,9.85,6.794,18.55,17.46,14,15.63,16.44,9.78,6.726,18.41,17.26,13.86,15.42,16.24,9.65,252,528
"2019-04-16 11:56:20.0",788404,3290,112,14.01,14.07,0.242,0.243,4.052,12.0536,39.9,39.9,12.93,7.474,19.3,18.48,15.15,16.85,17.87,10.6,7.338,19.09,18.21,14.88,16.58,17.6,10.46,7.202,18.89,18,14.68,16.37,17.33,10.33,7.066,18.62,17.67,14.34,15.97,16.99,10.12,253,527
"2019-04-16 11:56:40.0",788405,3290,112,14.07,14.14,0.243,0.244,4.034,12.0536,39.9,39.9,12.95,7.406,19.16,18.55,15.29,17.05,18.07,10.8,7.406,19.02,18.48,15.22,16.99,18,10.73,7.338,18.89,18.28,15.02,16.78,17.8,10.6,7.27,18.68,18,14.81,16.58,17.6,10.46,253,527
"2019-04-16 11:57:00.0",788406,3290,112.1,14.14,14.2,0.244,0.245,4.016,12.0536,39.9,39.89,12.95,8.29,20.04,19.91,16.65,18.68,19.77,11.82,8.15,19.77,19.57,16.37,18.34,19.43,11.69,8.02,19.64,19.3,16.03,18,19.09,11.41,7.881,19.36,19.02,15.83,17.73,18.75,11.21,253,527
"2019-04-16 11:57:20.0",788407,3290,112.1,14.2,14.27,0.245,0.246,3.999,12.0535,39.9,39.9,12.95,7.813,19.97,19.23,15.76,17.6,18.55,11.14,7.542,19.57,18.68,15.22,16.99,17.94,10.73,7.338,19.36,18.34,14.95,16.65,17.53,10.46,7.202,19.09,18.07,14.68,16.31,17.19,10.33,253,527
"2019-04-16 11:57:40.0",788408,3290,112.2,14.27,14.33,0.246,0.248,3.982,12.0535,39.9,39.9,12.98,6.862,19.23,18,14.47,16.03,16.92,10.12,6.726,18.96,17.73,14.2,15.76,16.58,9.92,6.658,18.82,17.53,14.06,15.56,16.37,9.78,6.59,18.62,17.33,13.86,15.35,16.17,9.72,253,527
"2019-04-16 11:58:00.0",788409,3300,112.3,14.33,14.4,0.248,0.249,3.965,12.0424,39.9,39.9,12.98,7.202,19.5,18.48,15.02,16.71,17.53,10.53,7.066,19.23,18.14,14.68,16.31,17.12,10.33,6.93,18.96,17.87,14.4,15.97,16.85,10.12,6.726,18.75,17.53,14.13,15.69,16.51,9.92,254,526
"2019-04-16 11:58:20.0",788410,3300,112.3,14.4,14.46,0.249,0.25,3.948,12.0424,39.9,39.89,12.98,5.979,18.34,16.71,13.11,14.47,15.15,9.1,5.775,18.07,16.31,12.71,14,14.61,8.76,5.639,17.87,16.03,12.57,13.79,14.34,8.63,5.571,17.6,15.83,12.3,13.52,14.13,8.49,254,526
"2019-04-16 11:58:40.0",788411,3300,112.4,14.46,14.53,0.25,0.251,3.931,12.0424,39.9,39.89,12.98,5.979,18.68,16.99,13.38,14.68,15.29,9.17,5.979,18.62,16.92,13.25,14.61,15.22,9.17,5.911,18.41,16.71,13.11,14.47,15.02,9.04,5.843,18.28,16.51,12.98,14.27,14.81,8.9,254,526
"2019-04-16 11:59:00.0",788412,3300,112.4,14.53,14.59,0.251,0.252,3.914,12.0535,39.9,39.9,13,6.658,19.3,18.07,14.54,16.1,16.78,10.19,6.59,19.02,17.8,14.34,15.9,16.51,9.99,6.522,18.89,17.6,14.13,15.63,16.24,9.85,6.386,18.62,17.32,13.86,15.35,15.97,9.65,254,526
"2019-04-16 11:59:20.0",788413,3300,112.5,14.6,14.66,0.252,0.253,3.898,12.0424,39.9,39.9,13,6.386,19.02,17.53,14,15.42,16.1,9.72,6.183,18.68,17.19,13.66,15.01,15.63,9.51,6.047,18.55,16.99,13.45,14.81,15.42,9.31,5.979,18.34,16.78,13.25,14.61,15.22,9.24,254,526
"2019-04-16 11:59:40.0",788414,3300,112.5,14.66,14.72,0.253,0.254,3.882,12.0424,39.9,39.9,13.02,7.066,19.84,18.82,15.29,16.99,17.66,10.8,7.134,19.91,18.89,15.35,16.99,17.73,10.8,7.134,19.77,18.75,15.29,16.92,17.66,10.8,7.066,19.7,18.68,15.15,16.78,17.53,10.73,254,526
