"TOA5","","","1764","CR1000.Std.24","CPU:MFRSR_10012018V2.8.CR1","13574","TableHdr","PbCdlComm-1.6.0 (2016/01/26)"
"TIMESTAMP","RECORD","loggerID""headID""xpgmVerID""xlat""xlon""xSiteElev""xFULLREV""xCRXHSTEPS""xSCANseconds""xSCANnAvg""xSCANtrough""xHOMEoffset""xALLTIMEband"
"TS","RN","--""--""--""deg""deg""m""--""--""sec""--""--""--""--"
"","","Smp""Smp""Smp""Smp""Smp""Smp""Smp""Smp""Smp""Smp""Smp""Smp""Smp"
"2019-04-15 12:00:00.0",371,1764,180054423,2.8,-32.1259,-64.7287,1160,800,20,20,1,10,0,-1
"TOA5","","","1764","CR1000.Std.24","CPU:MFRSR_10012018V2.8.CR1","13574","Table155","PbCdlComm-1.6.0 (2016/01/26)"
"TIMESTAMP","RECORD","xoset""az""el""al""cosz""cosasz""pamass""vBat""Thead""THTC""Tlogger""Dnadir(1)""Dnadir(2)""Dnadir(3)""Dnadir(4)""Dnadir(5)""Dnadir(6)""Dnadir(7)""Deast(1)""Deast(2)""Deast(3)""Deast(4)""Deast(5)""Deast(6)""Deast(7)""Dsun(1)""Dsun(2)""Dsun(3)""Dsun(4)""Dsun(5)""Dsun(6)""Dsun(7)""Dwest(1)""Dwest(2)""Dwest(3)""Dwest(4)""Dwest(5)""Dwest(6)""Dwest(7)""kount""khome"
"TS","RN","sec""deg""deg""deg""--""--""--""Volt""degC""degC""degC""mV""mV""mV""mV""mV""mV""mV""mV""mV""mV""mV""mV""mV""mV""mV""mV""mV""mV""mV""mV""mV""mV""mV""mV""mV""mV""mV""mV""--""--"
"","","Smp""Smp""Smp""Smp""Smp""Smp""Smp""Smp""Smp""Smp""Smp""Smp""Smp""Smp""Smp""Smp""Smp""Smp""Smp""Smp""Smp""Smp""Smp""Smp""Smp""Smp""Smp""Smp""Smp""Smp""Smp""Smp""Smp""Smp""Smp""Smp""Smp""Smp""Smp""Smp""Smp"
"2019-04-15 19:00:00.0",785355,4970,-131.2,33.24,33.27,0.548,0.549,1.819,12.0466,40.07,39.9,19.42,19.55,49.63,48.34,41.55,44.33,46.64,26.95,18.06,46.1,44.6,38.15,40.73,43.11,24.71,18.26,46.57,45.01,38.56,41.14,43.52,25.05,18.53,47.32,45.83,39.24,41.89,44.2,25.46,488,292
"2019-04-15 19:00:20.0",785356,4970,-131.1,33.19,33.21,0.547,0.548,1.822,12.0522,40.07,39.9,19.42,17.79,46.37,44.6,38.09,40.53,42.97,24.37,16.5,43.38,41.35,35.17,37.41,39.85,22.47,16.57,43.59,41.55,35.3,37.61,39.99,22.61,16.77,44.13,42.16,35.85,38.15,40.53,22.95,488,292
"2019-04-15 19:00:40.0",785357,4970,-131,33.13,33.16,0.547,0.547,1.824,12.0467,40.07,39.91,19.42,16.23,43.59,41.28,34.9,37.14,39.44,22.13,15.28,41.21,38.77,32.72,34.76,37.07,20.77,15.34,41.48,39.04,32.93,34.96,37.27,20.91,15.55,42.02,39.58,33.4,35.51,37.68,21.18,488,292
"2019-04-15 19:01:00.0",785358,4970,-130.9,33.08,33.11,0.546,0.546,1.827,12.0412,40.07,39.91,19.42,15.61,42.5,39.85,33.61,35.64,37.95,21.32,14.94,40.46,37.81,31.77,33.74,35.91,20.23,15,40.73,38.09,31.98,34.01,36.12,20.37,15.21,41.21,38.56,32.45,34.42,36.59,20.64,488,292
"2019-04-15 19:01:20.0",785359,4970,-130.9,33.03,33.05,0.545,0.545,1.829,12.0579,40.07,39.91,19.44,15.28,41.55,38.77,32.59,34.56,36.73,20.71,14.53,39.65,36.73,30.75,32.66,34.83,19.55,14.66,39.99,37.07,31.09,33.06,35.1,19.82,14.8,40.39,37.48,31.43,33.4,35.44,20.03,489,291
"2019-04-15 19:01:40.0",785360,4970,-130.8,32.97,33,0.544,0.545,1.832,12.0523,40.07,39.91,19.44,14.94,40.87,37.88,31.7,33.67,35.78,20.16,14.39,39.24,36.25,30.28,32.18,34.22,19.35,14.53,39.51,36.52,30.55,32.45,34.49,19.55,14.66,39.92,36.93,30.89,32.79,34.83,19.76,489,291
"2019-04-15 19:02:00.0",785361,4970,-130.7,32.92,32.95,0.543,0.544,1.835,12.0523,40.06,39.91,19.44,15.07,40.73,37.68,31.57,33.54,35.64,20.23,14.53,39.17,36.12,30.21,32.11,34.15,19.42,14.73,39.51,36.46,30.55,32.45,34.42,19.69,14.87,39.85,36.8,30.82,32.79,34.76,19.82,489,291
"2019-04-15 19:02:20.0",785362,4980,-130.6,32.87,32.89,0.543,0.543,1.837,12.0524,40.04,39.91,19.44,15.14,40.6,37.61,31.43,33.4,35.44,20.23,14.66,39.04,35.98,30.14,32.04,34.01,19.48,14.73,39.31,36.32,30.35,32.32,34.28,19.62,14.87,39.72,36.66,30.69,32.59,34.49,19.76,489,291
"2019-04-15 19:02:40.0",785363,4980,-130.6,32.81,32.84,0.542,0.542,1.84,12.0524,40.04,39.91,19.44,15.21,40.6,37.54,31.43,33.4,35.44,20.3,14.66,38.97,35.98,30.08,31.98,33.88,19.42,14.8,39.31,36.32,30.41,32.32,34.22,19.69,14.94,39.72,36.66,30.69,32.66,34.56,19.89,489,291
"2019-04-15 19:03:00.0",785364,4980,-130.5,32.76,32.79,0.541,0.541,1.842,12.0524,40.04,39.91,19.44,15.41,40.73,37.75,31.64,33.67,35.57,20.5,14.87,39.04,36.05,30.21,32.18,34.08,19.62,15,39.38,36.39,30.48,32.45,34.28,19.82,15.14,39.78,36.8,30.82,32.79,34.69,20.03,489,291
"2019-04-15 19:03:20.0",785365,5000,-130.4,32.71,32.73,0.54,0.541,1.845,12.0412,40.04,39.91,19.44,15.41,40.6,37.54,31.5,33.47,35.37,20.43,14.8,38.83,35.78,30.01,31.91,33.74,19.48,14.87,39.1,36.05,30.21,32.18,33.95,19.62,15,39.44,36.39,30.48,32.45,34.28,19.82,490,290
"2019-04-15 19:03:40.0",785366,5000,-130.4,32.65,32.68,0.54,0.54,1.848,12.0412,40.04,39.91,19.44,15.14,40.06,37,30.89,32.86,34.69,20.03,14.53,38.36,35.3,29.46,31.37,33.13,19.15,14.6,38.63,35.51,29.67,31.57,33.27,19.28,14.73,38.9,35.78,29.87,31.84,33.54,19.42,490,290
"2019-04-15 19:04:00.0",785367,4980,-130.3,32.6,32.62,0.539,0.539,1.85,12.0413,40.04,39.91,19.44,14.87,39.51,36.39,30.35,32.32,34.01,19.69,14.19,37.75,34.62,28.85,30.69,32.38,18.74,14.32,38.09,34.9,29.13,30.96,32.66,18.94,14.46,38.49,35.24,29.46,31.3,32.93,19.15,490,290
"2019-04-15 19:04:20.0",785368,5000,-130.2,32.55,32.57,0.538,0.538,1.853,12.0413,40.04,39.91,19.44,14.6,39.17,35.98,30.01,31.84,33.47,19.42,13.99,37.48,34.28,28.58,30.35,31.98,18.6,14.05,37.81,34.62,28.85,30.69,32.25,18.74,14.19,38.15,34.96,29.19,31.03,32.59,18.94,490,290
"2019-04-15 19:04:40.0",785369,5000,-130.1,32.49,32.52,0.537,0.538,1.856,12.0358,40.04,39.91,19.47,14.46,39.04,35.85,29.87,31.84,33.4,19.42,13.85,37.27,34.15,28.45,30.28,31.91,18.53,14.05,37.75,34.56,28.79,30.62,32.25,18.81,14.19,38.15,34.96,29.19,31.09,32.66,19.01,490,290
"2019-04-15 19:05:00.0",785370,4990,-130.1,32.44,32.46,0.536,0.537,1.859,12.0525,40.04,39.91,19.47,14.53,39.04,35.98,30.08,31.98,33.67,19.62,13.99,37.41,34.35,28.72,30.55,32.32,18.87,14.12,37.75,34.76,29.06,30.89,32.59,19.01,14.32,38.15,35.17,29.4,31.3,32.93,19.28,491,289
"2019-04-15 19:05:20.0",785371,5000,-130,32.38,32.41,0.536,0.536,1.861,12.0525,40.04,39.91,19.47,14.8,39.1,36.19,30.35,32.32,34.15,19.96,14.26,37.48,34.69,29.06,30.96,32.79,19.21,14.39,37.88,35.1,29.4,31.37,33.2,19.42,14.53,38.29,35.44,29.74,31.7,33.54,19.62,491,289
"2019-04-15 19:05:40.0",785372,5000,-129.9,32.33,32.35,0.535,0.535,1.864,12.0525,40.04,39.91,19.47,14.94,39.1,36.53,30.69,32.72,34.76,20.3,14.46,37.54,35.03,29.46,31.5,33.54,19.62,14.6,37.95,35.44,29.87,31.84,33.88,19.82,14.73,38.22,35.71,30.14,32.11,34.15,20.03,491,289
"2019-04-15 19:06:00.0",785373,5000,-129.8,32.27,32.3,0.534,0.534,1.867,12.0525,40.04,39.91,19.47,15,38.97,36.59,30.96,33.06,35.3,20.5,14.46,37.41,35.17,29.74,31.77,34.08,19.82,14.53,37.68,35.51,30.08,32.04,34.35,20.03,14.66,38.02,35.78,30.35,32.38,34.62,20.16,491,289
"2019-04-15 19:06:20.0",785374,5000,-129.8,32.22,32.24,0.533,0.534,1.87,12.0525,40.04,39.91,19.47,14.73,38.43,36.32,30.82,32.93,35.51,20.44,14.12,36.86,34.9,29.67,31.7,34.22,19.69,14.26,37.07,35.17,29.87,31.91,34.42,19.76,14.32,37.41,35.44,30.14,32.18,34.69,19.89,491,289
"2019-04-15 19:06:40.0",785375,5000,-129.7,32.17,32.19,0.532,0.533,1.873,12.0414,40.04,39.91,19.47,14.26,37.61,35.78,30.48,32.59,35.3,20.03,13.65,36.12,34.42,29.33,31.37,34.08,19.35,13.71,36.32,34.62,29.46,31.5,34.22,19.42,13.85,36.59,34.9,29.74,31.77,34.42,19.55,492,288
"2019-04-15 19:07:00.0",785376,5020,-129.6,32.11,32.14,0.532,0.532,1.875,12.0358,40.04,39.91,19.47,13.78,36.86,35.3,30.14,32.18,35.1,19.76,13.24,35.51,34.01,29.06,31.03,33.95,19.08,13.31,35.64,34.22,29.26,31.23,34.08,19.21,13.37,35.98,34.49,29.46,31.5,34.35,19.28,492,288
"2019-04-15 19:07:20.0",785377,5000,-129.5,32.06,32.08,0.531,0.531,1.878,12.0414,40.04,39.91,19.47,13.44,36.46,35.1,30.08,32.11,35.1,19.55,12.97,35.17,33.88,29.06,31.03,33.95,19.01,13.03,35.37,34.08,29.13,31.16,34.08,19.08,13.1,35.64,34.35,29.4,31.37,34.28,19.21,492,288
"2019-04-15 19:07:40.0",785378,5000,-129.5,32,32.03,0.53,0.53,1.881,12.0414,40.04,39.91,19.47,13.17,36.19,34.96,30.01,32.04,35.03,19.48,12.7,34.96,33.81,28.99,30.96,33.88,18.87,12.76,35.1,33.95,29.13,31.09,34.01,18.94,12.83,35.3,34.22,29.33,31.3,34.22,19.08,492,288
"2019-04-15 19:08:00.0",785379,5000,-129.4,31.95,31.97,0.529,0.53,1.884,12.047,40.04,39.91,19.49,12.9,35.85,34.83,29.87,31.91,34.96,19.28,12.36,34.56,33.54,28.79,30.69,33.67,18.6,12.42,34.76,33.74,28.92,30.89,33.81,18.74,12.49,35.03,34.01,29.13,31.16,34.08,18.87,492,288
"2019-04-15 19:08:20.0",785380,5000,-129.3,31.89,31.92,0.528,0.529,1.887,12.047,40.04,39.91,19.49,12.63,35.64,34.62,29.74,31.77,34.83,19.15,12.15,34.35,33.4,28.65,30.62,33.61,18.53,12.22,34.62,33.67,28.92,30.89,33.81,18.67,12.36,34.9,33.95,29.13,31.09,34.08,18.81,492,288
"2019-04-15 19:08:40.0",785381,5010,-129.3,31.84,31.86,0.528,0.528,1.89,12.0526,40.04,39.91,19.49,12.49,35.51,34.62,29.74,31.7,34.83,19.15,12.02,34.22,33.27,28.58,30.55,33.54,18.47,12.15,34.56,33.61,28.85,30.82,33.81,18.67,12.22,34.83,33.95,29.13,31.16,34.08,18.81,493,287
"2019-04-15 19:09:00.0",785382,5010,-129.2,31.78,31.81,0.527,0.527,1.892,12.0526,40.04,39.91,19.47,12.42,35.57,34.69,29.8,31.84,34.9,19.28,12.02,34.28,33.4,28.72,30.69,33.74,18.6,12.08,34.56,33.67,28.99,30.96,33.95,18.74,12.22,34.9,34.08,29.26,31.3,34.28,18.94,493,287
"2019-04-15 19:09:20.0",785383,5010,-129.1,31.73,31.76,0.526,0.526,1.895,12.0582,40.04,39.91,19.47,12.56,35.78,34.96,30.08,32.11,35.24,19.48,12.15,34.49,33.74,28.99,31.03,34.01,18.87,12.22,34.76,33.95,29.19,31.23,34.28,19.01,12.36,35.1,34.35,29.53,31.57,34.62,19.15,493,287
"2019-04-15 19:09:40.0",785384,5000,-129,31.67,31.7,0.525,0.525,1.898,12.0526,40.04,39.91,19.47,12.7,36.05,35.3,30.42,32.45,35.64,19.69,12.29,34.76,34.08,29.33,31.37,34.42,19.08,12.36,35.1,34.28,29.53,31.57,34.62,19.28,12.49,35.44,34.69,29.87,31.98,34.96,19.42,493,287
"2019-04-15 19:10:00.0",785385,5000,-129,31.62,31.65,0.524,0.525,1.901,12.0526,40.04,39.91,19.47,13.04,36.53,35.85,30.89,32.99,36.19,20.16,12.56,35.24,34.56,29.8,31.84,34.9,19.48,12.63,35.44,34.76,29.94,32.04,35.1,19.62,12.83,35.85,35.24,30.35,32.45,35.51,19.82,493,287
"2019-04-15 19:10:20.0",785386,5020,-128.9,31.56,31.59,0.523,0.524,1.904,12.0415,40.04,39.91,19.47,13.24,36.93,36.32,31.3,33.47,36.66,20.44,12.83,35.57,34.9,30.14,32.25,35.3,19.76,12.9,35.85,35.24,30.35,32.52,35.57,19.89,13.1,36.32,35.71,30.82,32.99,35.98,20.23,494,286
"2019-04-15 19:10:40.0",785387,5020,-128.8,31.51,31.53,0.523,0.523,1.907,12.0471,40.04,39.91,19.47,13.58,37.54,36.93,31.91,34.08,37.27,20.91,13.1,36.05,35.51,30.62,32.72,35.85,20.16,13.24,36.46,35.85,30.96,33.06,36.19,20.37,13.44,37,36.46,31.5,33.67,36.73,20.71,494,286
"2019-04-15 19:11:00.0",785388,5020,-128.8,31.45,31.48,0.522,0.522,1.91,12.0471,40.04,39.91,19.47,13.99,38.29,37.82,32.66,34.96,38.09,21.45,13.44,36.73,36.25,31.3,33.54,36.59,20.57,13.58,37.2,36.73,31.77,34.01,37,20.91,13.85,37.88,37.41,32.38,34.62,37.68,21.25,494,286
"2019-04-15 19:11:20.0",785389,5020,-128.7,31.4,31.42,0.521,0.521,1.913,12.0471,40.04,39.91,19.47,14.6,39.51,39.24,33.95,36.32,39.31,22.27,13.99,37.82,37.48,32.45,34.76,37.75,21.39,14.26,38.56,38.22,33.06,35.37,38.36,21.79,14.53,39.24,38.97,33.74,36.12,39.04,22.2,494,286
"2019-04-15 19:11:40.0",785390,5020,-128.6,31.34,31.37,0.52,0.521,1.916,12.0471,40.04,39.91,19.49,15.34,41.14,40.94,35.51,38.02,40.94,23.35,14.73,39.31,39.17,33.95,36.39,39.24,22.4,15.07,40.12,39.99,34.69,37.2,39.99,22.95,15.34,40.87,40.8,35.44,37.95,40.73,23.42,494,286
"2019-04-15 19:12:00.0",785391,5020,-128.5,31.29,31.31,0.519,0.52,1.919,12.0471,40.04,39.91,19.49,16.29,42.84,42.91,37.27,39.92,42.7,24.64,15.61,41.01,40.94,35.57,38.15,40.94,23.63,16.02,41.89,41.96,36.46,39.11,41.82,24.24,16.36,42.64,42.7,37.2,39.85,42.5,24.71,494,286
"2019-04-15 19:12:20.0",785392,5020,-128.5,31.23,31.26,0.519,0.519,1.922,12.0582,40.04,39.91,19.49,17.24,44.4,44.6,38.83,41.68,44.33,25.87,16.57,42.5,42.57,37.07,39.72,42.36,24.71,16.97,43.45,43.59,38.02,40.73,43.31,25.39,17.24,44.13,44.33,38.63,41.41,43.99,25.8,495,285
"2019-04-15 19:12:40.0",785393,5020,-128.4,31.18,31.2,0.518,0.518,1.925,12.0527,40.04,39.91,19.49,17.99,45.55,45.83,39.92,42.84,45.35,26.68,17.18,43.38,43.45,37.88,40.73,43.25,25.39,17.65,44.33,44.6,38.9,41.75,44.2,26.07,17.92,45.08,45.28,39.51,42.36,44.81,26.48,495,285
"2019-04-15 19:13:00.0",785394,5020,-128.3,31.12,31.15,0.517,0.517,1.928,12.0582,40.04,39.91,19.49,18.4,46.03,46.23,40.26,43.18,45.69,27.02,17.45,43.72,43.72,38.09,40.87,43.38,25.59,17.92,44.67,44.81,39.04,41.96,44.33,26.34,18.19,45.35,45.49,39.65,42.57,44.88,26.68,495,285
"2019-04-15 19:13:20.0",785395,5020,-128.3,31.07,31.09,0.516,0.516,1.931,12.0527,40.04,39.91,19.49,18.4,45.83,45.89,39.92,42.84,45.22,26.82,17.45,43.45,43.31,37.68,40.46,42.84,25.39,17.86,44.4,44.33,38.56,41.41,43.72,26,18.13,44.94,44.94,39.11,41.96,44.26,26.34,495,285
"2019-04-15 19:13:40.0",785396,5020,-128.2,31.01,31.04,0.515,0.516,1.934,12.0527,40.04,39.91,19.52,18.13,45.15,44.94,39.04,41.89,44.2,26.27,17.11,42.77,42.43,36.8,39.58,41.89,24.78,17.52,43.65,43.45,37.68,40.46,42.7,25.39,17.72,44.2,43.99,38.15,41.01,43.18,25.73,495,285
"2019-04-15 19:14:00.0",785397,5030,-128.1,30.96,30.98,0.514,0.515,1.937,12.0471,40.04,39.91,19.52,17.58,44.13,43.72,37.88,40.67,42.91,25.39,16.63,41.82,41.35,35.78,38.43,40.67,24.03,16.97,42.57,42.16,36.53,39.17,41.35,24.58,17.11,43.04,42.64,36.86,39.58,41.75,24.78,496,284
"2019-04-15 19:14:20.0",785398,5030,-128,30.9,30.93,0.514,0.514,1.941,12.0471,40.04,39.91,19.52,16.84,42.77,42.23,36.46,39.11,41.35,24.37,15.95,40.6,39.99,34.56,37.07,39.31,23.08,16.23,41.28,40.67,35.17,37.68,39.92,23.49,16.36,41.75,41.14,35.51,38.09,40.26,23.76,496,284
"2019-04-15 19:14:40.0",785399,5030,-128,30.84,30.87,0.513,0.513,1.944,12.0471,40.04,39.91,19.52,16.02,41.48,40.87,35.17,37.68,39.99,23.42,15.28,39.51,38.77,33.4,35.85,38.15,22.27,15.48,40.06,39.31,33.88,36.32,38.56,22.61,15.61,40.46,39.78,34.28,36.73,38.9,22.88,496,284
"2019-04-15 19:15:00.0",785400,5030,-127.9,30.79,30.82,0.512,0.512,1.947,12.0415,40.04,39.91,19.52,15.41,40.46,39.78,34.22,36.66,39.04,22.68,14.66,38.63,37.82,32.59,34.9,37.27,21.59,14.8,38.97,38.22,32.93,35.24,37.61,21.86,15,39.44,38.77,33.33,35.71,38.02,22.13,496,284
"2019-04-15 19:15:20.0",785401,5030,-127.8,30.73,30.76,0.511,0.511,1.95,12.0471,40.04,39.91,19.52,15,39.92,39.17,33.74,36.12,38.49,22.27,14.26,37.95,37.27,32.04,34.35,36.8,21.18,14.39,38.36,37.61,32.38,34.69,37.07,21.45,14.6,38.9,38.22,32.93,35.24,37.61,21.79,496,284
"2019-04-15 19:15:40.0",785402,5030,-127.8,30.68,30.7,0.51,0.511,1.953,12.0527,40.04,39.9,19.55,14.87,39.78,39.24,33.81,36.19,38.63,22.34,14.12,37.95,37.27,32.11,34.42,36.8,21.25,14.32,38.36,37.75,32.52,34.9,37.27,21.52,14.6,38.97,38.43,33.13,35.44,37.82,21.93,497,283
"2019-04-15 19:16:00.0",785403,5030,-127.7,30.62,30.65,0.509,0.51,1.956,12.0583,40.04,39.9,19.55,15.14,40.4,39.99,34.56,37,39.44,22.81,14.39,38.43,38.02,32.79,35.17,37.61,21.66,14.6,38.9,38.49,33.27,35.64,38.09,22,14.87,39.58,39.17,33.88,36.32,38.7,22.54,497,283
"2019-04-15 19:16:20.0",785404,5030,-127.6,30.56,30.59,0.509,0.509,1.96,12.0527,40.04,39.9,19.55,15.68,41.48,41.41,35.85,38.43,40.87,23.76,14.87,39.44,39.31,34.01,36.53,38.97,22.54,15.14,39.92,39.78,34.49,37,39.44,22.95,15.41,40.6,40.53,35.1,37.68,40.12,23.35,497,283
"2019-04-15 19:16:40.0",785405,5030,-127.6,30.51,30.54,0.508,0.508,1.963,12.0583,40.04,39.9,19.55,16.5,42.97,43.18,37.54,40.33,42.7,24.98,15.61,40.87,41.01,35.64,38.29,40.67,23.63,15.82,41.21,41.41,35.98,38.63,41.07,23.97,16.09,41.96,42.16,36.66,39.38,41.75,24.44,497,283
"2019-04-15 19:17:00.0",785406,5030,-127.5,30.45,30.48,0.507,0.507,1.966,12.0583,40.04,39.9,19.55,17.45,44.94,45.62,39.78,42.7,45.01,26.41,16.63,42.91,43.45,37.88,40.73,43.04,25.12,16.7,42.64,43.11,37.61,40.46,42.84,25.19,17.04,43.99,44.67,38.97,41.82,44.06,25.93,497,283
"2019-04-15 19:17:20.0",785407,5030,-127.4,30.4,30.42,0.506,0.506,1.969,12.0527,40.06,39.91,19.55,18.81,47.73,48.95,42.91,46.1,48.2,28.38,17.86,45.28,46.37,40.6,43.65,45.83,26.88,17.52,43.93,44.6,39.04,42.02,44.54,26.21,18.19,46.23,47.32,41.48,44.54,46.71,27.56,497,283
"2019-04-15 19:17:40.0",785408,5040,-127.4,30.34,30.37,0.505,0.506,1.973,12.0416,40.04,39.91,19.55,20.23,50.31,52.21,45.96,49.42,51.46,30.35,19.42,48.61,50.37,44.33,47.66,49.63,29.13,18.19,45.01,45.89,40.33,43.45,45.96,27.02,19.76,49.49,51.33,45.22,48.61,50.58,29.87,498,282
"2019-04-15 19:18:00.0",785409,5040,-127.3,30.28,30.31,0.504,0.505,1.976,12.0471,40.04,39.91,19.57,21.73,53.16,55.74,49.36,53.16,55.13,32.52,20.23,49.83,52,45.96,49.49,51.46,30.28,18.67,45.83,46.91,41.28,44.47,46.98,27.7,20.5,50.58,52.75,46.64,50.17,52.14,30.82,498,282
"2019-04-15 19:18:20.0",785410,5040,-127.2,30.23,30.26,0.503,0.504,1.979,12.0416,40.04,39.91,19.57,20.84,50.51,52.48,46.3,49.9,52.21,30.82,19.15,46.98,48.34,42.5,45.83,48.13,28.38,19.08,46.51,47.66,41.96,45.22,47.66,28.11,19.55,47.93,49.36,43.52,46.84,49.15,29.06,498,282
"2019-04-15 19:18:40.0",785411,5040,-127.1,30.17,30.2,0.503,0.503,1.982,12.0471,40.06,39.91,19.57,20.16,49.49,50.92,44.81,48.27,50.44,29.87,18.6,46.17,47.12,41.35,44.47,46.71,27.56,18.87,46.44,47.46,41.62,44.81,47.12,27.9,19.15,47.39,48.54,42.64,45.83,48.07,28.45,498,282
"2019-04-15 19:19:00.0",785412,5040,-127.1,30.12,30.14,0.502,0.502,1.986,12.0412,40.06,39.9,19.57,19.48,48.2,49.22,43.11,46.3,48.54,28.72,18.13,45.15,45.76,39.99,42.97,45.22,26.82,18.47,45.62,46.3,40.46,43.52,45.76,27.22,18.74,46.44,47.18,41.28,44.4,46.57,27.7,498,282
"2019-04-15 19:19:20.0",785413,5040,-127,30.06,30.09,0.501,0.501,1.989,12.0579,40.07,39.9,19.57,19.15,47.39,47.93,41.96,45.08,47.32,28.11,18.06,44.67,45.01,39.24,42.16,44.4,26.41,18.4,45.35,45.76,39.92,42.97,45.15,26.88,18.6,45.96,46.51,40.53,43.65,45.83,27.29,499,281
"2019-04-15 19:19:40.0",785414,5040,-126.9,30,30.03,0.5,0.5,1.992,12.0579,40.07,39.9,19.57,18.94,46.78,47.18,41.14,44.2,46.37,27.63,17.79,44.06,44.26,38.49,41.41,43.59,25.93,18.13,44.94,45.15,39.31,42.3,44.4,26.55,18.33,45.49,45.76,39.78,42.84,44.94,26.82,499,281
"2019-04-15 19:20:00.0",785415,5040,-126.9,29.95,29.97,0.499,0.5,1.996,12.0579,40.07,39.9,19.57,18.33,45.83,45.89,39.85,42.84,44.94,26.75,17.11,43.04,42.91,37.2,39.92,42.09,24.98,17.52,43.93,43.86,38.09,40.94,42.97,25.66,17.72,44.4,44.4,38.49,41.41,43.38,25.87,499,281
"2019-04-15 19:20:20.0",785416,5040,-126.8,29.89,29.92,0.498,0.499,1.999,12.0523,40.07,39.9,19.6,17.45,44.33,44.06,38.09,40.87,42.91,25.53,16.5,41.89,41.48,35.78,38.43,40.46,23.97,16.7,42.43,42.02,36.25,38.97,41.01,24.3,16.9,42.91,42.57,36.73,39.44,41.48,24.64,499,281
"2019-04-15 19:20:40.0",785417,5040,-126.7,29.83,29.86,0.497,0.498,2.003,12.058,40.07,39.91,19.6,16.63,42.77,42.16,36.32,39.04,41.01,24.3,15.82,40.67,39.99,34.42,36.93,38.97,23.01,15.95,40.94,40.26,34.62,37.2,39.24,23.15,16.09,41.35,40.73,35.03,37.61,39.58,23.35,499,281
"2019-04-15 19:21:00.0",785418,5040,-126.7,29.78,29.81,0.497,0.497,2.006,12.0524,40.07,39.91,19.6,15.89,41.21,40.4,34.69,37.2,39.24,23.08,15.14,39.38,38.49,32.99,35.44,37.41,22,15.21,39.51,38.63,33.13,35.51,37.54,22.06,15.28,39.85,38.9,33.4,35.78,37.82,22.2,499,281
"2019-04-15 19:21:20.0",785419,5060,-126.6,29.72,29.75,0.496,0.496,2.009,12.0413,40.07,39.91,19.6,15.21,39.85,38.83,33.27,35.64,37.75,22.06,14.53,38.15,37.14,31.77,34.08,36.12,21.05,14.6,38.29,37.2,31.84,34.15,36.25,21.11,14.66,38.56,37.48,32.04,34.35,36.46,21.25,500,280
"2019-04-15 19:21:40.0",785420,5060,-126.5,29.66,29.69,0.495,0.495,2.013,12.0468,40.07,39.91,19.6,14.66,38.77,37.61,32.18,34.42,36.59,21.18,14.05,37.14,35.98,30.69,32.93,35.03,20.3,14.12,37.34,36.12,30.82,33.06,35.17,20.37,14.19,37.54,36.39,31.09,33.27,35.44,20.57,500,280
"2019-04-15 19:22:00.0",785421,5060,-126.5,29.61,29.63,0.494,0.494,2.016,12.0524,40.07,39.91,19.6,14.26,37.95,36.8,31.37,33.61,35.78,20.57,13.65,36.39,35.17,30.01,32.11,34.28,19.69,13.71,36.66,35.37,30.21,32.38,34.49,19.82,13.85,36.93,35.71,30.42,32.66,34.76,19.96,500,280
"2019-04-15 19:22:20.0",785422,5060,-126.4,29.55,29.58,0.493,0.494,2.02,12.0354,40.07,39.91,19.6,14.05,37.61,36.39,31.03,33.2,35.44,20.3,13.44,36.05,34.83,29.67,31.84,33.95,19.48,13.58,36.32,35.03,29.87,32.04,34.15,19.62,13.65,36.66,35.44,30.21,32.38,34.49,19.76,500,280
"2019-04-15 19:22:40.0",785423,5060,-126.3,29.49,29.52,0.492,0.493,2.023,12.0409,40.07,39.91,19.63,14.05,37.61,36.39,31.03,33.27,35.44,20.3,13.51,36.19,34.9,29.74,31.91,34.08,19.55,13.58,36.39,35.24,30.01,32.18,34.28,19.69,13.71,36.8,35.57,30.35,32.52,34.62,19.89,500,280
"2019-04-15 19:23:00.0",785424,5060,-126.3,29.44,29.46,0.491,0.492,2.027,12.0521,40.07,39.91,19.63,14.26,37.95,36.86,31.5,33.74,35.85,20.64,13.71,36.59,35.44,30.28,32.45,34.56,19.89,13.85,37,35.85,30.62,32.79,34.96,20.16,13.99,37.34,36.25,30.96,33.2,35.3,20.37,501,279
"2019-04-15 19:23:20.0",785425,5060,-126.2,29.38,29.41,0.491,0.491,2.031,12.0521,40.07,39.91,19.63,14.66,38.77,37.75,32.32,34.62,36.73,21.25,14.12,37.34,36.32,31.09,33.33,35.37,20.5,14.32,37.82,36.73,31.43,33.67,35.78,20.77,14.46,38.22,37.2,31.84,34.22,36.19,21.05,501,279
"2019-04-15 19:23:40.0",785426,5060,-126.1,29.32,29.35,0.49,0.49,2.034,12.0521,40.07,39.91,19.63,15.21,39.78,38.83,33.27,35.71,37.68,22,14.66,38.36,37.34,31.98,34.35,36.32,21.18,14.87,38.7,37.75,32.32,34.69,36.66,21.45,15.07,39.17,38.29,32.79,35.24,37.14,21.79,501,279
"2019-04-15 19:24:00.0",785427,5060,-126.1,29.26,29.29,0.489,0.489,2.038,12.0578,40.07,39.91,19.63,15.89,40.87,39.99,34.28,36.8,38.77,22.74,15.34,39.38,38.43,32.99,35.37,37.34,21.93,15.48,39.72,38.83,33.27,35.78,37.61,22.2,15.68,40.19,39.31,33.74,36.25,38.15,22.54,501,279
"2019-04-15 19:24:20.0",785428,5060,-126,29.21,29.24,0.488,0.488,2.041,12.0578,40.07,39.91,19.65,16.5,41.82,41.01,35.24,37.82,39.65,23.49,15.89,40.26,39.38,33.74,36.32,38.15,22.54,16.09,40.67,39.78,34.15,36.66,38.49,22.88,16.29,41.14,40.33,34.62,37.2,38.97,23.22,501,279
"2019-04-15 19:24:40.0",785429,5070,-125.9,29.15,29.18,0.487,0.488,2.045,12.0411,40.07,39.91,19.65,17.11,42.84,42.09,36.12,38.83,40.53,24.17,16.57,41.21,40.4,34.62,37.27,38.9,23.22,16.7,41.62,40.73,34.96,37.61,39.31,23.49,16.97,42.16,41.35,35.57,38.22,39.85,23.9,502,278
"2019-04-15 19:25:00.0",785430,5070,-125.8,29.09,29.12,0.486,0.487,2.049,12.0466,40.07,39.91,19.65,17.86,43.99,43.18,37.14,39.99,41.48,24.92,17.18,42.3,41.41,35.57,38.29,39.85,23.9,17.31,42.64,41.75,35.85,38.63,40.12,24.17,17.58,43.25,42.43,36.46,39.31,40.8,24.58,502,278
"2019-04-15 19:25:20.0",785431,5070,-125.8,29.04,29.06,0.485,0.486,2.052,12.0466,40.07,39.91,19.65,18.53,45.08,44.33,38.15,41.07,42.5,25.66,17.86,43.25,42.36,36.46,39.24,40.67,24.58,17.99,43.59,42.77,36.73,39.58,40.94,24.85,18.33,44.33,43.52,37.48,40.33,41.68,25.32,502,278
"2019-04-15 19:25:40.0",785432,5070,-125.7,28.98,29.01,0.484,0.485,2.056,12.0463,40.07,39.91,19.65,19.28,46.17,45.49,39.17,42.23,43.45,26.48,18.47,44.13,43.25,37.2,40.06,41.41,25.12,18.67,44.47,43.65,37.54,40.46,41.75,25.39,19.08,45.35,44.6,38.43,41.41,42.7,26,502,278
"2019-04-15 19:26:00.0",785433,5070,-125.6,28.92,28.95,0.484,0.484,2.06,12.0463,40.07,39.91,19.65,20.03,47.18,46.57,40.12,43.25,44.47,27.16,19.01,44.81,43.99,37.82,40.73,41.96,25.59,19.21,45.22,44.33,38.15,41.14,42.36,25.87,19.69,46.23,45.49,39.17,42.3,43.45,26.61,502,278
"2019-04-15 19:26:20.0",785434,5070,-125.6,28.86,28.89,0.483,0.483,2.063,12.0463,40.07,39.91,19.65,20.64,47.86,47.25,40.73,43.93,45.08,27.56,19.35,45.15,44.2,38.02,40.94,42.16,25.73,19.62,45.76,44.81,38.56,41.55,42.7,26.14,20.23,46.71,45.96,39.65,42.7,43.86,26.88,502,278
"2019-04-15 19:26:40.0",785435,5080,-125.5,28.81,28.84,0.482,0.482,2.067,12.0519,40.07,39.91,19.65,20.91,48.07,47.25,40.67,43.93,45.01,27.56,19.42,45.08,43.93,37.61,40.6,41.75,25.39,19.82,45.83,44.74,38.43,41.48,42.57,26,20.3,46.71,45.76,39.38,42.5,43.59,26.68,503,277
"2019-04-15 19:27:00.0",785436,5080,-125.4,28.75,28.78,0.481,0.481,2.071,12.0575,40.07,39.91,19.68,20.5,47.39,46.3,39.72,42.77,43.86,26.75,18.94,44.33,42.91,36.66,39.44,40.6,24.64,19.42,45.15,43.79,37.48,40.4,41.48,25.26,19.82,45.89,44.67,38.22,41.21,42.23,25.8,503,277
"2019-04-15 19:27:20.0",785437,5080,-125.4,28.69,28.72,0.48,0.481,2.075,12.0576,40.07,39.91,19.68,19.82,46.23,44.81,38.22,41.14,42.16,25.59,18.4,43.45,41.75,35.51,38.22,39.24,23.69,18.87,44.26,42.57,36.25,39.04,40.06,24.3,19.15,44.88,43.25,36.86,39.65,40.67,24.64,503,277
"2019-04-15 19:27:40.0",785438,5080,-125.3,28.63,28.66,0.479,0.48,2.078,12.0521,40.07,39.91,19.68,19.08,45.15,43.31,36.8,39.51,40.46,24.44,17.86,42.64,40.6,34.35,36.93,37.88,22.74,18.19,43.31,41.35,35.03,37.61,38.63,23.29,18.47,43.86,41.89,35.51,38.15,39.11,23.56,503,277
"2019-04-15 19:28:00.0",785439,5080,-125.2,28.58,28.6,0.478,0.479,2.082,12.0521,40.07,39.91,19.68,18.47,44.26,42.16,35.64,38.29,39.24,23.56,17.45,42.02,39.85,33.61,36.12,37,22.2,17.72,42.64,40.46,34.15,36.66,37.61,22.54,17.92,43.11,40.94,34.56,37.14,38.02,22.88,503,277
"2019-04-15 19:28:20.0",785440,5080,-125.2,28.52,28.55,0.477,0.478,2.086,12.0465,40.05,39.91,19.68,18.19,43.86,41.75,35.24,37.82,38.7,23.22,17.52,42.02,39.78,33.54,36.05,37,22.13,17.65,42.43,40.33,34.01,36.53,37.41,22.47,17.86,42.84,40.73,34.35,36.93,37.82,22.68,504,276
"2019-04-15 19:28:40.0",785441,5080,-125.1,28.46,28.49,0.477,0.477,2.09,12.0465,40.04,39.91,19.68,18.4,44.13,42.09,35.57,38.29,39.17,23.49,17.72,42.23,40.26,34.01,36.59,37.54,22.47,17.99,42.84,40.87,34.62,37.2,38.15,22.88,18.13,43.25,41.28,34.96,37.61,38.49,23.08,504,276
"2019-04-15 19:29:00.0",785442,5080,-125,28.4,28.43,0.476,0.476,2.094,12.0411,40.04,39.92,19.68,18.94,44.94,43.31,36.8,39.58,40.53,24.3,18.26,43.04,41.41,35.17,37.88,38.83,23.29,18.53,43.65,42.16,35.78,38.56,39.51,23.76,18.74,44.13,42.64,36.25,39.04,39.92,24.03,504,276
"2019-04-15 19:29:20.0",785443,5080,-125,28.34,28.37,0.475,0.475,2.097,12.0466,40.04,39.92,19.68,19.76,46.3,45.15,38.63,41.62,42.64,25.66,18.94,44.33,43.18,36.93,39.85,40.87,24.58,19.28,45.01,43.93,37.61,40.53,41.62,25.05,19.48,45.49,44.4,38.09,41.01,42.09,25.39,504,276
"2019-04-15 19:29:40.0",785444,5080,-124.9,28.29,28.32,0.474,0.474,2.101,12.0411,40.04,39.92,19.7,20.77,48,47.52,40.94,44.2,45.28,27.29,19.89,45.89,45.28,39.04,42.16,43.31,26.07,20.16,46.57,46.03,39.65,42.77,43.99,26.55,20.44,47.05,46.57,40.12,43.31,44.54,26.88,504,276
"2019-04-15 19:30:00.0",785445,5080,-124.9,28.23,28.26,0.473,0.473,2.105,12.0411,40.04,39.92,19.7,21.86,49.76,49.76,43.11,46.57,47.8,28.92,20.77,47.39,47.18,40.87,44.13,45.49,27.43,21.11,47.86,47.8,41.41,44.74,46.03,27.84,21.39,48.47,48.47,42.02,45.42,46.71,28.31,504,276
"2019-04-15 19:30:20.0",785446,5090,-124.8,28.17,28.2,0.472,0.473,2.109,12.0578,40.04,39.92,19.7,22.81,51.05,51.46,44.74,48.41,49.7,30.21,21.52,48.41,48.54,42.23,45.62,46.98,28.45,21.79,48.88,49.02,42.64,46.1,47.46,28.79,22.13,49.56,49.83,43.31,46.84,48.2,29.33,505,275
"2019-04-15 19:30:40.0",785447,5090,-124.7,28.11,28.14,0.471,0.472,2.113,12.0523,40.04,39.92,19.7,23.42,51.87,52.41,45.69,49.42,50.78,30.89,22,49.02,49.29,42.91,46.37,47.86,28.99,22.2,49.29,49.63,43.18,46.78,48.2,29.26,22.68,50.17,50.65,44.06,47.73,49.09,29.94,505,275
"2019-04-15 19:31:00.0",785448,5090,-124.7,28.05,28.08,0.47,0.471,2.117,12.0523,40.04,39.92,19.7,23.9,52.21,52.95,46.23,50.04,51.39,31.3,22.27,49.22,49.63,43.18,46.71,48.13,29.19,22.4,49.42,49.76,43.31,46.91,48.34,29.46,23.01,50.44,50.99,44.4,48.13,49.49,30.14,505,275
"2019-04-15 19:31:20.0",785449,5090,-124.6,28,28.03,0.469,0.47,2.121,12.0579,40.04,39.92,19.7,23.9,52.07,52.75,45.96,49.76,51.12,31.09,22.06,48.81,49.09,42.64,46.17,47.52,28.79,22.27,49.02,49.22,42.84,46.3,47.73,28.99,22.95,50.17,50.65,44.13,47.73,49.09,29.87,505,275
"2019-04-15 19:31:40.0",785450,5090,-124.5,27.94,27.97,0.469,0.469,2.125,12.0579,40.04,39.92,19.7,23.42,51.33,51.8,45.15,48.88,50.04,30.42,21.52,47.86,48,41.62,45.01,46.23,27.97,21.73,48.2,48.2,41.82,45.28,46.57,28.24,22.47,49.49,49.76,43.31,46.84,48.07,29.26,505,275
"2019-04-15 19:32:00.0",785451,5100,-124.5,27.88,27.91,0.468,0.468,2.129,12.0468,40.04,39.92,19.7,22.61,50.1,50.38,43.72,47.32,48.47,29.4,20.64,46.71,46.51,40.19,43.45,44.67,26.88,21.11,47.18,47.05,40.73,44.06,45.28,27.43,21.73,48.41,48.47,42.02,45.49,46.64,28.24,506,274
"2019-04-15 19:32:20.0",785452,5100,-124.4,27.82,27.85,0.467,0.467,2.133,12.0409,40.04,39.91,19.7,21.45,48.34,48.2,41.75,45.15,46.23,27.9,19.62,45.01,44.47,38.29,41.35,42.5,25.53,20.16,45.83,45.42,39.17,42.36,43.52,26.21,20.64,46.78,46.51,40.19,43.38,44.47,26.88,506,274
"2019-04-15 19:32:40.0",785453,5100,-124.3,27.76,27.79,0.466,0.466,2.137,12.0464,40.04,39.91,19.7,20.1,46.44,45.89,39.51,42.64,43.72,26.27,18.6,43.52,42.64,36.59,39.44,40.6,24.3,19.08,44.33,43.65,37.48,40.4,41.55,24.98,19.35,44.94,44.33,38.09,41.07,42.16,25.32,506,274
"2019-04-15 19:33:00.0",785454,5100,-124.3,27.7,27.73,0.465,0.465,2.141,12.0409,40.04,39.91,19.7,18.74,44.47,43.65,37.41,40.26,41.35,24.71,17.65,42.02,41.01,35.03,37.75,38.9,23.08,17.92,42.64,41.68,35.64,38.43,39.44,23.56,17.99,43.11,42.16,36.05,38.83,39.85,23.76,506,274
"2019-04-15 19:33:20.0",785455,5100,-124.2,27.65,27.68,0.464,0.464,2.146,12.0464,40.04,39.91,19.7,17.45,42.5,41.35,35.24,37.88,39.04,23.15,16.5,40.46,39.17,33.33,35.85,37.07,21.86,16.63,40.87,39.58,33.67,36.19,37.34,22.06,16.77,41.14,39.92,33.95,36.53,37.68,22.2,506,274
"2019-04-15 19:33:40.0",785456,5100,-124.1,27.59,27.62,0.463,0.464,2.15,12.0576,40.04,39.91,19.7,16.29,40.67,39.17,33.27,35.71,37,21.59,15.55,38.83,37.41,31.64,34.08,35.3,20.57,15.55,39.04,37.54,31.77,34.15,35.37,20.64,15.61,39.38,37.88,32.04,34.42,35.71,20.84,507,273
"2019-04-15 19:34:00.0",785457,5100,-124.1,27.53,27.56,0.462,0.463,2.154,12.0517,40.04,39.91,19.7,15.28,38.97,37.41,31.64,33.95,35.24,20.37,14.66,37.41,35.78,30.21,32.38,33.74,19.42,14.66,37.54,35.85,30.21,32.45,33.81,19.48,14.73,37.82,36.12,30.48,32.79,34.08,19.69,507,273
"2019-04-15 19:34:20.0",785458,5100,-124,27.47,27.5,0.461,0.462,2.158,12.0573,40.04,39.91,19.7,14.53,37.68,35.91,30.35,32.52,33.95,19.35,13.92,36.19,34.42,28.99,31.09,32.52,18.53,13.92,36.32,34.56,29.06,31.16,32.59,18.53,14.05,36.66,34.83,29.33,31.43,32.79,18.74,507,273
"2019-04-15 19:34:40.0",785459,5100,-123.9,27.41,27.44,0.46,0.461,2.162,12.0517,40.04,39.91,19.7,13.99,36.73,34.96,29.4,31.5,32.99,18.6,13.37,35.3,33.47,28.11,30.14,31.57,17.79,13.44,35.51,33.61,28.17,30.28,31.71,17.86,13.51,35.71,33.95,28.51,30.55,31.98,17.99,507,273
"2019-04-15 19:35:00.0",785460,5100,-123.9,27.35,27.38,0.459,0.46,2.166,12.0573,40.04,39.91,19.73,13.51,36.05,34.22,28.72,30.75,32.25,18.06,12.97,34.69,32.79,27.5,29.46,30.89,17.31,13.04,34.9,32.99,27.7,29.67,31.09,17.45,13.1,35.17,33.33,27.9,29.94,31.37,17.58,507,273
"2019-04-15 19:35:20.0",785461,5100,-123.8,27.29,27.33,0.459,0.459,2.171,12.0573,40.04,39.91,19.73,13.24,35.64,33.81,28.31,30.35,31.84,17.65,12.7,34.28,32.45,27.16,29.06,30.55,16.97,12.76,34.56,32.66,27.36,29.33,30.75,17.11,12.9,34.83,32.93,27.56,29.53,31.03,17.31,507,273
"2019-04-15 19:35:40.0",785462,5110,-123.7,27.24,27.27,0.458,0.458,2.175,12.0464,40.04,39.91,19.73,13.1,35.44,33.54,28.11,30.08,31.57,17.52,12.63,34.22,32.32,27.02,28.92,30.42,16.84,12.7,34.42,32.52,27.22,29.13,30.62,16.97,12.76,34.69,32.86,27.5,29.46,30.89,17.18,508,272
"2019-04-15 19:36:00.0",785463,5110,-123.7,27.18,27.21,0.457,0.457,2.179,12.0408,40.04,39.91,19.7,13.04,35.37,33.54,28.04,30.08,31.57,17.52,12.63,34.22,32.32,27.02,28.92,30.42,16.9,12.7,34.42,32.52,27.22,29.13,30.62,17.04,12.76,34.76,32.86,27.5,29.46,30.89,17.18,508,272
"2019-04-15 19:36:20.0",785464,5110,-123.6,27.12,27.15,0.456,0.456,2.184,12.0464,40.04,39.91,19.73,13.1,35.44,33.54,28.11,30.08,31.5,17.52,12.63,34.28,32.38,27.09,28.99,30.42,16.9,12.76,34.49,32.59,27.29,29.26,30.62,17.04,12.83,34.83,32.93,27.5,29.46,30.89,17.24,508,272
"2019-04-15 19:36:40.0",785465,5110,-123.5,27.06,27.09,0.455,0.455,2.188,12.0464,40.04,39.91,19.73,13.17,35.57,33.61,28.11,30.14,31.57,17.65,12.76,34.42,32.45,27.09,29.06,30.42,16.97,12.83,34.62,32.66,27.29,29.26,30.62,17.18,12.97,34.9,32.93,27.56,29.53,30.89,17.31,508,272
"2019-04-15 19:37:00.0",785466,5110,-123.5,27,27.03,0.454,0.454,2.192,12.0464,40.04,39.91,19.7,13.24,35.57,33.61,28.11,30.08,31.43,17.65,12.83,34.42,32.38,27.09,28.99,30.35,16.97,12.9,34.69,32.66,27.29,29.19,30.55,17.11,13.04,34.96,32.93,27.5,29.46,30.75,17.24,508,272
"2019-04-15 19:37:20.0",785467,5120,-123.4,26.94,26.97,0.453,0.454,2.197,12.0521,40.05,39.91,19.7,13.37,35.64,33.54,27.97,30.01,31.3,17.58,12.9,34.42,32.32,26.95,28.85,30.08,16.9,13.04,34.69,32.52,27.16,29.13,30.28,17.04,13.1,34.96,32.86,27.36,29.33,30.55,17.24,509,271
"2019-04-15 19:37:40.0",785468,5120,-123.4,26.88,26.91,0.452,0.453,2.201,12.0465,40.05,39.91,19.7,13.37,35.57,33.33,27.77,29.8,30.96,17.38,12.9,34.35,32.04,26.68,28.58,29.74,16.7,13.04,34.62,32.38,26.95,28.85,30.01,16.84,13.1,34.9,32.66,27.22,29.13,30.28,17.04,509,271
"2019-04-15 19:38:00.0",785469,5120,-123.3,26.82,26.86,0.451,0.452,2.206,12.0577,40.05,39.91,19.7,13.31,35.51,33.06,27.56,29.46,30.62,17.18,12.83,34.15,31.84,26.41,28.31,29.4,16.5,12.97,34.49,32.11,26.61,28.58,29.6,16.63,13.1,34.83,32.45,26.95,28.92,29.94,16.84,509,271
"2019-04-15 19:38:20.0",785470,5120,-123.2,26.77,26.8,0.45,0.451,2.21,12.0521,40.05,39.91,19.7,13.24,35.3,32.86,27.22,29.19,30.21,16.97,12.76,34.01,31.5,26.07,27.97,28.92,16.23,12.9,34.35,31.84,26.34,28.24,29.19,16.36,12.97,34.62,32.18,26.68,28.58,29.46,16.57,509,271
"2019-04-15 19:38:40.0",785471,5120,-123.2,26.71,26.74,0.449,0.45,2.215,12.0521,40.05,39.91,19.7,13.1,35.1,32.52,26.88,28.79,29.74,16.57,12.63,33.81,31.16,25.73,27.63,28.51,15.89,12.7,34.08,31.5,26,27.9,28.79,16.02,12.83,34.42,31.84,26.34,28.17,29.06,16.23,509,271
"2019-04-15 19:39:00.0",785472,5120,-123.1,26.65,26.68,0.448,0.449,2.219,12.0522,40.04,39.91,19.7,12.97,34.9,32.18,26.61,28.51,29.4,16.29,12.49,33.61,30.96,25.53,27.29,28.17,15.61,12.63,33.88,31.23,25.73,27.56,28.45,15.82,12.7,34.22,31.57,26,27.9,28.72,15.95,509,271
"2019-04-15 19:39:20.0",785473,5130,-123,26.59,26.62,0.448,0.448,2.224,12.0411,40.04,39.91,19.7,12.83,34.76,32.04,26.48,28.31,29.19,16.16,12.42,33.61,30.89,25.46,27.29,28.11,15.55,12.56,33.88,31.16,25.66,27.5,28.38,15.68,12.63,34.22,31.5,25.93,27.77,28.65,15.82,510,270
"2019-04-15 19:39:40.0",785474,5130,-123,26.53,26.56,0.447,0.447,2.228,12.0411,40.04,39.91,19.7,12.9,34.83,32.11,26.48,28.38,29.26,16.09,12.49,33.74,31.03,25.59,27.43,28.24,15.61,12.63,34.01,31.3,25.8,27.63,28.45,15.75,12.7,34.28,31.64,26.07,27.9,28.72,15.89,510,270
"2019-04-15 19:40:00.0",785475,5130,-122.9,26.47,26.5,0.446,0.446,2.233,12.0411,40.04,39.91,19.68,13.04,35.03,32.38,26.75,28.65,29.46,16.29,12.63,34.01,31.3,25.8,27.7,28.45,15.75,12.76,34.35,31.64,26.07,27.9,28.65,15.89,12.9,34.62,31.91,26.34,28.24,28.92,16.09,510,270
"2019-04-15 19:40:20.0",785476,5130,-122.8,26.41,26.44,0.445,0.445,2.237,12.0411,40.02,39.91,19.68,13.37,35.51,32.79,27.09,29.06,29.87,16.63,12.97,34.42,31.77,26.21,28.11,28.92,16.02,13.1,34.69,31.98,26.48,28.38,29.13,16.23,13.24,35.03,32.38,26.75,28.65,29.4,16.43,510,270
"2019-04-15 19:40:40.0",785477,5130,-122.8,26.35,26.38,0.444,0.444,2.242,12.0468,40.04,39.91,19.68,13.65,35.91,33.27,27.56,29.6,30.35,16.9,13.31,34.83,32.18,26.68,28.58,29.33,16.43,13.44,35.1,32.45,26.88,28.85,29.53,16.5,13.58,35.44,32.86,27.16,29.19,29.87,16.7,510,270
"2019-04-15 19:41:00.0",785478,5130,-122.7,26.29,26.32,0.443,0.443,2.247,12.0579,40.03,39.91,19.68,14.12,36.46,33.95,28.17,30.28,31.03,17.38,13.78,35.37,32.86,27.29,29.26,30.08,16.84,13.85,35.64,33.13,27.5,29.6,30.28,17.04,14.05,35.98,33.54,27.84,29.94,30.69,17.24,511,269
"2019-04-15 19:41:20.0",785479,5130,-122.7,26.23,26.26,0.442,0.443,2.251,12.0579,40.04,39.91,19.68,14.6,37.14,34.69,28.92,31.09,31.84,17.92,14.26,35.91,33.54,27.97,30.08,30.82,17.31,14.32,36.25,33.88,28.17,30.35,31.09,17.58,14.53,36.59,34.28,28.58,30.75,31.5,17.79,511,269
"2019-04-15 19:41:40.0",785480,5130,-122.6,26.17,26.2,0.441,0.442,2.256,12.0523,40.03,39.91,19.68,15.21,37.75,35.57,29.8,32.04,32.86,18.6,14.8,36.53,34.35,28.72,30.96,31.77,17.92,14.94,36.86,34.69,29.06,31.23,32.04,18.13,15.14,37.27,35.17,29.46,31.71,32.52,18.4,511,269
"2019-04-15 19:42:00.0",785481,5130,-122.5,26.11,26.14,0.44,0.441,2.261,12.0579,40.04,39.91,19.65,15.82,38.63,36.59,30.75,33.13,33.95,19.21,15.41,37.34,35.3,29.6,31.98,32.86,18.6,15.55,37.61,35.64,29.94,32.32,33.13,18.87,15.75,38.09,36.12,30.35,32.79,33.61,19.08,511,269
"2019-04-15 19:42:20.0",785482,5130,-122.5,26.05,26.09,0.439,0.44,2.265,12.052,40.04,39.91,19.65,16.5,39.44,37.68,31.77,34.28,35.17,20.03,16.02,38.09,36.32,30.62,33.06,33.95,19.35,16.16,38.43,36.66,30.96,33.4,34.22,19.48,16.36,38.9,37.14,31.37,33.88,34.76,19.82,511,269
"2019-04-15 19:42:40.0",785483,5140,-122.4,25.99,26.03,0.438,0.439,2.27,12.0465,40.04,39.91,19.65,17.11,40.33,38.7,32.79,35.51,36.32,20.71,16.63,38.97,37.34,31.64,34.22,35.1,20.03,16.77,39.24,37.68,31.91,34.49,35.37,20.16,16.97,39.78,38.22,32.38,35.03,35.85,20.5,512,268
"2019-04-15 19:43:00.0",785484,5140,-122.3,25.93,25.97,0.437,0.438,2.275,12.0409,40.04,39.91,19.65,17.79,41.14,39.78,33.81,36.59,37.41,21.39,17.18,39.72,38.36,32.52,35.24,36.05,20.57,17.31,40.06,38.63,32.86,35.57,36.39,20.84,17.58,40.53,39.17,33.33,36.05,36.93,21.11,512,268
"2019-04-15 19:43:20.0",785485,5140,-122.3,25.87,25.91,0.436,0.437,2.28,12.0465,40.04,39.91,19.65,18.33,41.89,40.67,34.69,37.54,38.36,22,17.65,40.33,39.11,33.27,36.05,36.86,21.05,17.79,40.73,39.44,33.54,36.39,37.2,21.32,17.99,41.14,39.92,34.01,36.86,37.68,21.59,512,268
"2019-04-15 19:43:40.0",785486,5140,-122.2,25.81,25.85,0.435,0.436,2.285,12.0465,40.03,39.91,19.65,18.6,42.43,41.28,35.24,38.15,38.9,22.27,17.92,40.8,39.58,33.67,36.53,37.34,21.32,18.06,41.07,39.78,33.95,36.8,37.61,21.45,18.26,41.48,40.33,34.35,37.27,38.02,21.73,512,268
"2019-04-15 19:44:00.0",785487,5140,-122.2,25.75,25.79,0.435,0.435,2.289,12.0406,40.03,39.91,19.65,18.87,42.7,41.62,35.51,38.49,39.31,22.4,18.06,41.01,39.78,33.95,36.8,37.61,21.39,18.19,41.28,40.06,34.15,37,37.82,21.52,18.4,41.68,40.53,34.56,37.41,38.22,21.79,512,268
"2019-04-15 19:44:20.0",785488,5140,-122.1,25.69,25.73,0.434,0.434,2.294,12.0518,40.04,39.91,19.63,19.01,42.84,41.75,35.64,38.63,39.44,22.4,18.26,41.14,39.99,34.08,36.93,37.75,21.45,18.33,41.35,40.12,34.22,37.14,37.95,21.59,18.53,41.75,40.53,34.56,37.48,38.29,21.79,512,268
"2019-04-15 19:44:40.0",785489,5150,-122,25.63,25.67,0.433,0.433,2.299,12.0629,40.04,39.91,19.63,19.21,42.97,41.96,35.85,38.9,39.65,22.54,18.53,41.35,40.19,34.28,37.2,38.09,21.59,18.53,41.48,40.33,34.35,37.27,38.15,21.66,18.74,41.89,40.73,34.76,37.75,38.56,21.93,513,267
"2019-04-15 19:45:00.0",785490,5150,-122,25.57,25.61,0.432,0.432,2.304,12.0518,40.04,39.91,19.63,19.48,43.11,42.16,36.05,39.11,39.92,22.68,18.74,41.48,40.4,34.49,37.48,38.29,21.73,18.74,41.55,40.46,34.56,37.48,38.36,21.79,19.01,42.09,41.01,35.03,38.02,38.83,22.06,513,267
"2019-04-15 19:45:20.0",785491,5150,-121.9,25.51,25.55,0.431,0.431,2.309,12.0573,40.04,39.91,19.63,19.76,43.38,42.43,36.39,39.51,40.33,22.88,18.94,41.68,40.67,34.76,37.82,38.7,21.93,19.01,41.89,40.8,34.9,37.95,38.77,22,19.21,42.3,41.35,35.37,38.43,39.24,22.34,513,267
"2019-04-15 19:45:40.0",785492,5150,-121.8,25.45,25.49,0.43,0.43,2.314,12.0515,40.05,39.9,19.6,19.96,43.65,42.91,36.8,39.99,40.8,23.22,19.15,41.89,41.07,35.17,38.22,39.17,22.2,19.28,42.16,41.35,35.44,38.49,39.38,22.4,19.48,42.64,41.82,35.91,39.04,39.85,22.74,513,267
"2019-04-15 19:46:00.0",785493,5150,-121.8,25.39,25.43,0.429,0.429,2.319,12.0515,40.05,39.9,19.6,20.16,43.86,43.31,37.27,40.53,41.41,23.56,19.28,42.09,41.41,35.57,38.7,39.65,22.47,19.48,42.5,41.89,35.98,39.17,40.06,22.81,19.69,42.91,42.3,36.39,39.58,40.46,23.01,513,267
"2019-04-15 19:46:20.0",785494,5150,-121.7,25.33,25.37,0.428,0.428,2.324,12.0404,40.05,39.9,19.6,20.16,43.86,43.45,37.48,40.73,41.68,23.69,19.28,42.09,41.62,35.78,38.97,39.99,22.61,19.48,42.57,42.09,36.25,39.44,40.4,23.01,19.69,42.91,42.5,36.59,39.78,40.8,23.22,514,266
"2019-04-15 19:46:40.0",785495,5150,-121.7,25.27,25.31,0.427,0.427,2.329,12.046,40.05,39.9,19.6,19.89,43.65,43.31,37.34,40.67,41.75,23.63,19.08,41.89,41.48,35.78,38.9,40.06,22.61,19.28,42.3,41.96,36.19,39.38,40.46,22.88,19.42,42.57,42.3,36.46,39.65,40.73,23.08,514,266
"2019-04-15 19:47:00.0",785496,5150,-121.6,25.21,25.25,0.426,0.427,2.335,12.046,40.05,39.9,19.6,19.55,43.11,42.91,37,40.26,41.48,23.35,18.81,41.48,41.21,35.57,38.63,39.85,22.47,18.94,41.89,41.62,35.91,39.04,40.26,22.68,19.08,42.09,41.89,36.19,39.31,40.53,22.88,514,266
"2019-04-15 19:47:20.0",785497,5150,-121.5,25.15,25.19,0.425,0.426,2.34,12.0407,40.04,39.9,19.6,19.15,42.57,42.43,36.66,39.78,41.07,23.08,18.4,40.94,40.8,35.24,38.29,39.51,22.13,18.53,41.35,41.14,35.51,38.63,39.85,22.34,18.6,41.55,41.41,35.71,38.83,40.06,22.47,514,266
"2019-04-15 19:47:40.0",785498,5150,-121.5,25.09,25.13,0.424,0.425,2.345,12.0407,40.04,39.9,19.6,18.6,41.96,41.89,36.19,39.31,40.53,22.68,17.86,40.33,40.26,34.76,37.75,39.04,21.73,17.99,40.67,40.53,35.03,38.02,39.31,21.93,18.13,40.94,40.8,35.24,38.22,39.58,22.06,514,266
"2019-04-15 19:48:00.0",785499,5150,-121.4,25.03,25.07,0.423,0.424,2.35,12.0407,40.04,39.9,19.57,17.99,41.21,41.21,35.57,38.63,39.92,22.06,17.24,39.58,39.51,34.08,37.07,38.36,21.18,17.31,39.92,39.78,34.35,37.27,38.63,21.39,17.45,40.12,40.06,34.56,37.54,38.9,21.52,514,266
"2019-04-15 19:48:20.0",785500,5160,-121.4,24.97,25.01,0.422,0.423,2.355,12.0574,40.04,39.9,19.57,17.31,40.26,40.26,34.76,37.68,39.04,21.45,16.5,38.77,38.56,33.27,36.12,37.41,20.5,16.63,38.97,38.83,33.47,36.32,37.68,20.64,16.7,39.31,39.17,33.81,36.66,38.02,20.84,515,265
"2019-04-15 19:48:40.0",785501,5160,-121.3,24.91,24.95,0.421,0.422,2.361,12.0518,40.04,39.9,19.57,16.57,39.31,39.24,33.81,36.66,38.09,20.71,15.82,37.68,37.54,32.32,35.1,36.39,19.76,15.89,37.95,37.82,32.59,35.3,36.73,19.96,16.02,38.29,38.15,32.86,35.64,37,20.1,515,265
"2019-04-15 19:49:00.0",785502,5160,-121.2,24.85,24.89,0.42,0.421,2.366,12.0516,40.04,39.9,19.57,15.82,38.29,38.15,32.86,35.57,37.07,19.96,15.07,36.73,36.46,31.37,34.01,35.44,19.08,15.21,37,36.8,31.64,34.28,35.78,19.21,15.34,37.27,37.14,31.91,34.62,36.05,19.42,515,265
"2019-04-15 19:49:20.0",785503,5160,-121.2,24.79,24.83,0.419,0.42,2.371,12.0571,40.04,39.9,19.55,15.14,37.27,37.07,31.91,34.49,35.98,19.21,14.46,35.71,35.44,30.42,32.93,34.35,18.33,14.6,36.05,35.78,30.69,33.27,34.69,18.53,14.73,36.32,36.05,30.96,33.61,35.03,18.74,515,265
"2019-04-15 19:49:40.0",785504,5160,-121.1,24.73,24.77,0.418,0.419,2.377,12.0516,40.04,39.9,19.55,14.53,36.19,35.91,30.82,33.4,34.83,18.53,13.78,34.69,34.28,29.4,31.84,33.33,17.65,13.92,34.96,34.62,29.67,32.18,33.61,17.86,14.05,35.3,34.9,30.01,32.45,33.95,18.06,515,265
"2019-04-15 19:50:00.0",785505,5170,-121,24.67,24.7,0.417,0.418,2.382,12.0404,40.04,39.9,19.55,13.85,35.17,34.76,29.8,32.25,33.81,17.79,13.24,33.74,33.27,28.45,30.82,32.32,17.04,13.37,34.01,33.61,28.79,31.16,32.66,17.24,13.51,34.28,33.88,28.99,31.43,32.93,17.38,516,264
"2019-04-15 19:50:20.0",785506,5170,-121,24.61,24.64,0.416,0.417,2.388,12.046,40.02,39.9,19.55,13.31,34.15,33.67,28.85,31.23,32.79,17.18,12.76,32.86,32.32,27.63,29.87,31.43,16.43,12.9,33.13,32.59,27.9,30.21,31.77,16.57,12.97,33.33,32.86,28.11,30.42,32.04,16.77,516,264
"2019-04-15 19:50:40.0",785507,5170,-120.9,24.55,24.58,0.415,0.416,2.393,12.0462,40.04,39.9,19.55,12.83,33.2,32.66,27.9,30.28,31.91,16.57,12.29,31.91,31.37,26.82,28.99,30.69,15.82,12.42,32.25,31.64,27.02,29.26,30.89,16.02,12.49,32.38,31.84,27.22,29.46,31.09,16.09,516,264
"2019-04-15 19:51:00.0",785508,5170,-120.9,24.49,24.52,0.415,0.415,2.398,12.0407,40.02,39.9,19.55,12.36,32.25,31.64,27.02,29.26,30.96,15.89,11.81,31.03,30.42,25.93,28.17,29.8,15.28,11.95,31.3,30.62,26.21,28.38,30.08,15.41,12.02,31.43,30.89,26.34,28.51,30.21,15.55,516,264
"2019-04-15 19:51:20.0",785509,5170,-120.8,24.43,24.46,0.414,0.414,2.404,12.0462,40.04,39.9,19.55,11.81,31.23,30.62,26.14,28.31,30.01,15.34,11.34,30.14,29.46,25.12,27.22,28.92,14.73,11.47,30.35,29.67,25.32,27.43,29.13,14.87,11.47,30.48,29.87,25.46,27.56,29.33,14.94,516,264
"2019-04-15 19:51:40.0",785510,5170,-120.7,24.37,24.4,0.413,0.413,2.409,12.0407,40.04,39.9,19.49,11.27,30.21,29.53,25.19,27.22,29.06,14.66,10.79,29.19,28.45,24.24,26.21,27.97,14.05,10.86,29.33,28.65,24.37,26.34,28.17,14.19,10.93,29.53,28.72,24.51,26.48,28.24,14.26,516,264
"2019-04-15 19:52:00.0",785511,5170,-120.7,24.31,24.34,0.412,0.412,2.415,12.0518,40.01,39.9,19.49,10.66,29.13,28.38,24.1,26.07,27.97,13.92,10.18,28.11,27.29,23.15,25.05,26.88,13.37,10.25,28.24,27.43,23.29,25.19,27.09,13.44,10.25,28.38,27.5,23.35,25.26,27.09,13.51,517,263
"2019-04-15 19:52:20.0",785512,5170,-120.6,24.25,24.28,0.411,0.411,2.421,12.0516,40.02,39.91,19.52,9.98,28.04,27.16,23.01,24.85,26.82,13.17,9.57,27.02,26.14,22.13,23.97,25.8,12.7,9.64,27.16,26.27,22.27,24.03,26,12.7,9.64,27.22,26.34,22.34,24.1,26,12.76,517,263
"2019-04-15 19:52:40.0",785513,5170,-120.6,24.19,24.22,0.41,0.41,2.426,12.0516,40.02,39.91,19.49,9.44,26.95,26.07,22.06,23.83,25.87,12.56,9.1,26.07,25.12,21.25,23.01,24.92,12.02,9.17,26.21,25.26,21.39,23.08,24.98,12.15,9.17,26.34,25.32,21.45,23.15,25.12,12.15,517,263
"2019-04-15 19:53:00.0",785514,5170,-120.5,24.12,24.16,0.409,0.409,2.432,12.0627,40.02,39.91,19.47,9.03,26.14,25.19,21.25,23.01,25.05,12.02,8.69,25.32,24.3,20.57,22.2,24.17,11.61,8.76,25.39,24.44,20.64,22.34,24.3,11.68,8.76,25.53,24.58,20.71,22.4,24.37,11.75,517,263
"2019-04-15 19:53:20.0",785515,5170,-120.4,24.06,24.1,0.408,0.408,2.438,12.0516,40.02,39.91,19.47,8.69,25.46,24.51,20.71,22.34,24.44,11.68,8.42,24.64,23.69,19.96,21.59,23.63,11.27,8.42,24.78,23.76,20.1,21.73,23.69,11.34,8.49,24.92,23.9,20.16,21.79,23.83,11.41,517,263
"2019-04-15 19:53:40.0",785516,5180,-120.4,24,24.04,0.407,0.407,2.443,12.0405,40.01,39.91,19.47,8.49,24.92,23.9,20.16,21.79,23.9,11.34,8.21,24.1,23.15,19.55,21.11,23.15,11,8.21,24.3,23.29,19.62,21.25,23.29,11.07,8.28,24.37,23.42,19.76,21.32,23.35,11.13,518,262
"2019-04-15 19:54:00.0",785517,5180,-120.3,23.94,23.98,0.406,0.406,2.449,12.0458,40.01,39.91,19.47,8.28,24.44,23.49,19.76,21.39,23.49,11.13,8.01,23.76,22.74,19.15,20.71,22.74,10.73,8.08,23.83,22.88,19.28,20.84,22.88,10.86,8.08,23.9,22.95,19.35,20.91,23.01,10.86,518,262
"2019-04-15 19:54:20.0",785518,5180,-120.3,23.88,23.92,0.405,0.405,2.455,12.0458,40.02,39.91,19.47,8.15,24.03,23.08,19.48,21.05,23.15,10.93,7.943,23.42,22.4,18.87,20.44,22.47,10.59,7.943,23.49,22.54,19.01,20.5,22.61,10.66,8.01,23.63,22.68,19.08,20.64,22.74,10.73,518,262
"2019-04-15 19:54:40.0",785519,5180,-120.2,23.82,23.86,0.404,0.404,2.461,12.0403,40.01,39.91,19.44,8.15,23.97,22.95,19.35,20.91,23.01,10.86,7.943,23.35,22.34,18.81,20.37,22.4,10.52,7.943,23.49,22.47,18.94,20.5,22.54,10.66,8.01,23.63,22.61,19.08,20.64,22.68,10.73,518,262
"2019-04-15 19:55:00.0",785520,5180,-120.1,23.76,23.8,0.403,0.403,2.467,12.0458,40.01,39.91,19.44,8.21,24.1,23.15,19.48,21.05,23.15,11,8.08,23.56,22.61,19.08,20.57,22.61,10.73,8.15,23.76,22.74,19.21,20.77,22.74,10.86,8.21,23.9,22.95,19.35,20.91,22.95,10.86,518,262
"2019-04-15 19:55:20.0",785521,5200,-120.1,23.7,23.73,0.402,0.402,2.472,12.057,40.01,39.91,19.44,8.49,24.64,23.69,20.03,21.59,23.63,11.34,8.35,24.17,23.22,19.62,21.18,23.15,11.13,8.42,24.37,23.42,19.76,21.39,23.29,11.2,8.49,24.58,23.63,19.96,21.59,23.56,11.34,519,261
"2019-04-15 19:55:40.0",785522,5200,-120,23.64,23.67,0.401,0.402,2.479,12.0684,40,39.91,19.44,8.96,25.46,24.58,20.77,22.47,24.44,11.88,8.83,24.98,24.1,20.37,22,23.9,11.68,8.89,25.19,24.3,20.57,22.27,24.17,11.81,8.96,25.39,24.58,20.77,22.47,24.3,11.88,519,261
"2019-04-15 19:56:00.0",785523,5200,-120,23.58,23.61,0.4,0.401,2.484,12.0573,40,39.91,19.42,9.44,26.34,25.46,21.59,23.35,25.26,12.42,9.3,25.8,24.98,21.11,22.88,24.71,12.22,9.37,26,25.26,21.39,23.15,24.92,12.36,9.44,26.27,25.46,21.52,23.29,25.12,12.49,519,261
"2019-04-15 19:56:20.0",785524,5200,-119.9,23.51,23.55,0.399,0.4,2.491,12.0517,40,39.91,19.42,9.91,27.09,26.34,22.34,24.17,26,13.04,9.71,26.55,25.8,21.86,23.69,25.39,12.76,9.84,26.82,26.07,22.13,23.97,25.66,12.9,9.91,27.02,26.27,22.27,24.17,25.87,12.97,519,261
"2019-04-15 19:56:40.0",785525,5200,-119.8,23.45,23.49,0.398,0.399,2.497,12.0517,40,39.91,19.42,10.32,27.84,27.09,23.01,24.98,26.61,13.51,10.18,27.22,26.55,22.54,24.44,26.07,13.24,10.32,27.56,26.82,22.74,24.71,26.34,13.31,10.39,27.7,27.02,22.95,24.85,26.55,13.44,519,261
"2019-04-15 19:57:00.0",785526,5200,-119.8,23.39,23.43,0.397,0.398,2.503,12.0517,40,39.91,19.42,10.73,28.38,27.63,23.49,25.46,27.16,13.78,10.46,27.7,26.95,22.88,24.85,26.41,13.51,10.59,27.97,27.22,23.15,25.12,26.68,13.58,10.66,28.17,27.43,23.29,25.26,26.88,13.71,519,261
"2019-04-15 19:57:20.0",785527,5200,-119.7,23.33,23.37,0.396,0.397,2.509,12.0408,40,39.91,19.42,10.93,28.72,27.9,23.69,25.73,27.36,13.99,10.66,28.04,27.22,23.08,25.05,26.61,13.65,10.79,28.31,27.5,23.35,25.32,26.88,13.78,10.86,28.51,27.7,23.56,25.53,27.02,13.92,520,260
"2019-04-15 19:57:40.0",785528,5200,-119.7,23.27,23.31,0.395,0.396,2.515,12.0463,40,39.91,19.39,11.13,28.99,28.11,23.83,25.93,27.43,14.12,10.86,28.24,27.36,23.22,25.19,26.68,13.78,11,28.51,27.63,23.42,25.46,26.88,13.92,11.07,28.72,27.84,23.63,25.66,27.09,13.99,520,260
"2019-04-15 19:58:00.0",785529,5200,-119.6,23.21,23.24,0.394,0.395,2.521,12.0463,40,39.91,19.39,11.13,28.99,28.04,23.69,25.73,27.22,14.12,10.79,28.11,27.16,22.95,24.98,26.34,13.71,10.93,28.38,27.43,23.22,25.19,26.55,13.78,11,28.58,27.63,23.35,25.32,26.75,13.85,520,260
"2019-04-15 19:58:20.0",785530,5200,-119.5,23.15,23.18,0.393,0.394,2.527,12.0408,40,39.91,19.39,10.93,28.65,27.63,23.35,25.32,26.82,13.85,10.59,27.84,26.75,22.61,24.51,25.87,13.37,10.73,28.04,27.02,22.81,24.71,26.14,13.51,10.79,28.24,27.22,22.95,24.92,26.34,13.58,520,260
"2019-04-15 19:58:40.0",785531,5200,-119.5,23.08,23.12,0.392,0.393,2.534,12.0463,40,39.91,19.39,10.73,28.31,27.29,23.01,24.92,26.41,13.51,10.39,27.5,26.41,22.27,24.24,25.66,13.1,10.46,27.7,26.68,22.47,24.37,25.8,13.17,10.52,27.9,26.82,22.61,24.58,26,13.31,520,260
"2019-04-15 19:59:00.0",785532,5210,-119.4,23.02,23.06,0.391,0.392,2.54,12.0517,40.01,39.91,19.36,10.46,28.04,27.02,22.74,24.71,26.21,13.24,10.18,27.22,26.21,22.13,24.03,25.46,12.9,10.25,27.43,26.48,22.34,24.24,25.66,12.97,10.32,27.63,26.61,22.47,24.37,25.87,13.1,521,259
"2019-04-15 19:59:20.0",785533,5210,-119.4,22.96,23,0.39,0.391,2.546,12.0517,40.01,39.91,19.36,10.39,27.84,26.82,22.68,24.58,26.14,13.17,10.12,27.09,26.14,22.06,23.97,25.46,12.83,10.18,27.29,26.41,22.27,24.17,25.66,12.9,10.25,27.43,26.48,22.4,24.3,25.87,12.97,521,259
"2019-04-15 19:59:40.0",785534,5210,-119.3,22.9,22.94,0.389,0.39,2.552,12.0517,40.01,39.91,19.36,10.39,27.77,26.88,22.74,24.71,26.27,13.24,10.12,27.09,26.27,22.2,24.1,25.66,12.9,10.25,27.29,26.48,22.4,24.3,25.8,13.04,10.25,27.43,26.61,22.47,24.44,25.93,13.04,521,259
