"TOA5","","","1764","CR1000.Std.24","CPU:MFRSR_10012018V2.8.CR1","13574","TableHdr","PbCdlComm-1.6.0 (2016/01/26)"
"TIMESTAMP","RECORD","loggerID""headID""xpgmVerID""xlat""xlon""xSiteElev""xFULLREV""xCRXHSTEPS""xSCANseconds""xSCANnAvg""xSCANtrough""xHOMEoffset""xALLTIMEband"
"TS","RN","--""--""--""deg""deg""m""--""--""sec""--""--""--""--"
"","","Smp""Smp""Smp""Smp""Smp""Smp""Smp""Smp""Smp""Smp""Smp""Smp""Smp"
"2019-04-16 00:00:00.0",372,1764,180054423,2.8,-32.1259,-64.7287,1160,800,20,20,1,10,0,-1
"TOA5","","","1764","CR1000.Std.24","CPU:MFRSR_10012018V2.8.CR1","13574","Table155","PbCdlComm-1.6.0 (2016/01/26)"
"TIMESTAMP","RECORD","xoset""az""el""al""cosz""cosasz""pamass""vBat""Thead""THTC""Tlogger""Dnadir(1)""Dnadir(2)""Dnadir(3)""Dnadir(4)""Dnadir(5)""Dnadir(6)""Dnadir(7)""Deast(1)""Deast(2)""Deast(3)""Deast(4)""Deast(5)""Deast(6)""Deast(7)""Dsun(1)""Dsun(2)""Dsun(3)""Dsun(4)""Dsun(5)""Dsun(6)""Dsun(7)""Dwest(1)""Dwest(2)""Dwest(3)""Dwest(4)""Dwest(5)""Dwest(6)""Dwest(7)""kount""khome"
"TS","RN","sec""deg""deg""deg""--""--""--""Volt""degC""degC""degC""mV""mV""mV""mV""mV""mV""mV""mV""mV""mV""mV""mV""mV""mV""mV""mV""mV""mV""mV""mV""mV""mV""mV""mV""mV""mV""mV""mV""--""--"
"","","Smp""Smp""Smp""Smp""Smp""Smp""Smp""Smp""Smp""Smp""Smp""Smp""Smp""Smp""Smp""Smp""Smp""Smp""Smp""Smp""Smp""Smp""Smp""Smp""Smp""Smp""Smp""Smp""Smp""Smp""Smp""Smp""Smp""Smp""Smp""Smp""Smp""Smp""Smp""Smp""Smp"
"2019-04-16 05:00:00.0",787155,-9999,24.56,-66.3,-66.3,-0.916,-9999,-9999,12.0402,39.89,39.89,13.59,-0.961,-1.06,-1.046,-1.002,-1.018,-1.008,-0.917,-0.947,-1.02,-1.026,-0.977,-0.994,-0.971,-0.921,-0.947,-0.998,-1.06,-0.975,-1,-0.981,-0.905,-0.949,-1.04,-1.062,-0.977,-1,-0.975,-0.892,0,0
"2019-04-16 05:00:20.0",787156,-9999,24.75,-66.27,-66.27,-0.915,-9999,-9999,12.0513,39.89,39.89,13.59,-0.961,-1.05,-1.081,-1,-1.014,-0.998,-0.896,-0.947,-1.052,-1.062,-0.992,-1.004,-1,-0.919,-0.947,-1.01,-1.083,-0.99,-1.008,-0.99,-0.915,-0.947,-1.012,-1.077,-0.99,-0.988,-1.014,-0.876,0,700
"2019-04-16 05:00:40.0",787157,-9999,24.94,-66.24,-66.24,-0.915,-9999,-9999,12.0402,39.89,39.87,13.56,-0.953,-1.042,-1.058,-0.983,-1.002,-0.983,-0.905,-0.947,-1.046,-1.034,-0.983,-1.002,-0.986,-0.911,-0.947,-1.03,-1.058,-0.992,-1.004,-1.002,-0.909,-0.945,-1.012,-1.054,-0.992,-1.024,-0.99,-0.903,0,0
"2019-04-16 05:01:00.0",787158,-9999,25.13,-66.21,-66.21,-0.915,-9999,-9999,12.0402,39.89,39.89,13.56,-0.957,-1.062,-1.07,-1.002,-1.012,-1.028,-0.917,-0.947,-1.056,-1.06,-0.998,-1.008,-1.014,-0.888,-0.947,-1.03,-1.056,-0.988,-1.01,-0.994,-0.884,-0.951,-1.004,-1.064,-0.99,-1.004,-0.977,-0.876,0,0
"2019-04-16 05:01:20.0",787159,-9999,25.32,-66.18,-66.18,-0.915,-9999,-9999,12.0402,39.89,39.87,13.56,-0.957,-1.012,-1.05,-0.99,-1.008,-0.992,-0.884,-0.945,-1.004,-1.046,-0.988,-1.002,-0.996,-0.915,-0.947,-1.05,-1.05,-0.986,-1.006,-0.973,-0.892,-0.945,-1.042,-1.058,-0.992,-1.002,-0.986,-0.878,0,0
"2019-04-16 05:01:40.0",787160,-9999,25.51,-66.15,-66.15,-0.915,-9999,-9999,12.0402,39.89,39.89,13.56,-0.961,-1.026,-1.089,-1.004,-1.02,-0.998,-0.886,-0.951,-1.018,-1.048,-0.979,-1,-0.998,-0.874,-0.951,-0.99,-1.06,-0.979,-1.024,-0.977,-0.874,-0.945,-1.034,-1.056,-0.975,-0.996,-0.963,-0.852,0,0
"2019-04-16 05:02:00.0",787161,-9999,25.7,-66.12,-66.12,-0.914,-9999,-9999,12.0402,39.89,39.89,13.56,-0.961,-1.054,-1.075,-1,-1.014,-1.02,-0.915,-0.858,-0.903,-0.929,-0.886,-0.903,-0.915,-0.783,-0.86,-0.955,-0.947,-0.886,-0.907,-0.888,-0.783,-0.858,-0.931,-0.947,-0.886,-0.909,-0.872,-0.765,0,700
"2019-04-16 05:02:20.0",787162,-9999,25.89,-66.09,-66.09,-0.914,-9999,-9999,12.0402,39.89,39.91,13.56,-0.864,-0.951,-0.937,-0.892,-0.919,-0.903,-0.799,-0.856,-0.945,-0.957,-0.886,-0.907,-0.917,-0.809,-0.856,-0.921,-0.957,-0.888,-0.886,-0.886,-0.807,-0.856,-0.903,-0.959,-0.896,-0.921,-0.898,-0.811,0,0
"2019-04-16 05:02:40.0",787163,-9999,26.07,-66.06,-66.06,-0.914,-9999,-9999,12.0402,39.89,39.89,13.56,-0.868,-0.949,-0.979,-0.907,-0.925,-0.933,-0.797,-0.854,-0.915,-0.965,-0.901,-0.925,-0.929,-0.783,-0.858,-0.943,-0.967,-0.898,-0.911,-0.911,-0.795,-0.858,-0.957,-0.969,-0.896,-0.913,-0.901,-0.787,0,0
"2019-04-16 05:03:00.0",787164,-9999,26.26,-66.02,-66.02,-0.914,-9999,-9999,12.0402,39.89,39.89,13.56,-0.868,-0.939,-0.973,-0.909,-0.925,-0.894,-0.791,-0.858,-0.898,-0.945,-0.882,-0.913,-0.898,-0.785,-0.86,-0.941,-0.957,-0.888,-0.909,-0.911,-0.797,-0.854,-0.941,-0.949,-0.884,-0.903,-0.888,-0.779,0,0
"2019-04-16 05:03:20.0",787165,-9999,26.45,-65.99,-65.99,-0.913,-9999,-9999,12.0402,39.89,39.91,13.56,-0.866,-0.971,-0.969,-0.901,-0.931,-0.939,-0.826,-0.854,-0.925,-0.971,-0.901,-0.927,-0.937,-0.826,-0.858,-0.927,-0.947,-0.901,-0.901,-0.915,-0.83,-0.86,-0.961,-0.947,-0.898,-0.917,-0.927,-0.791,0,0
"2019-04-16 05:03:40.0",787166,-9999,26.63,-65.96,-65.96,-0.913,-9999,-9999,12.0402,39.89,39.87,13.56,-0.872,-0.917,-0.945,-0.903,-0.898,-0.901,-0.801,-0.872,-0.933,-0.998,-0.917,-0.931,-0.923,-0.828,-0.878,-0.977,-0.981,-0.919,-0.933,-0.901,-0.83,-0.872,-0.965,-0.979,-0.915,-0.931,-0.939,-0.832,0,700
"2019-04-16 05:04:00.0",787167,-9999,26.82,-65.93,-65.93,-0.913,-9999,-9999,12.0402,39.89,39.89,13.56,-0.886,-0.959,-0.988,-0.927,-0.939,-0.935,-0.83,-0.88,-0.979,-0.986,-0.917,-0.931,-0.921,-0.801,-0.874,-0.935,-0.977,-0.911,-0.931,-0.913,-0.797,-0.872,-0.935,-0.977,-0.915,-0.923,-0.896,-0.828,0,0
"2019-04-16 05:04:20.0",787168,-9999,27,-65.9,-65.9,-0.913,-9999,-9999,12.0402,39.89,39.89,13.56,-0.963,-1.01,-1.064,-0.994,-1.022,-0.996,-0.919,-0.947,-1.016,-1.028,-0.99,-1.004,-1.014,-0.913,-0.949,-1.01,-1.056,-0.981,-1.01,-0.988,-0.911,-0.953,-1.05,-1.056,-0.986,-1.002,-1.01,-0.905,0,0
"2019-04-16 05:04:40.0",787169,-9999,27.19,-65.87,-65.87,-0.913,-9999,-9999,12.0402,39.89,39.87,13.54,-0.965,-1.026,-1.062,-0.992,-1.018,-1,-0.88,-0.953,-1.042,-1.042,-0.977,-0.998,-0.973,-0.882,-0.953,-0.994,-1.026,-0.981,-1.004,-1.006,-0.909,-0.949,-1.01,-1.026,-0.979,-1.004,-0.965,-0.896,0,0
"2019-04-16 05:05:00.0",787170,-9999,27.37,-65.83,-65.83,-0.912,-9999,-9999,12.0402,39.87,39.89,13.54,-0.963,-1.016,-1.085,-1,-1.02,-1.002,-0.88,-0.949,-1.05,-1.058,-0.994,-1.01,-1.006,-0.884,-0.947,-1.04,-1.066,-0.992,-1.008,-0.981,-0.886,-0.949,-1.012,-1.066,-0.996,-1.012,-0.986,-0.888,0,0
"2019-04-16 05:05:20.0",787171,-9999,27.56,-65.8,-65.8,-0.912,-9999,-9999,12.0402,39.87,39.87,13.54,-0.963,-1.05,-1.058,-0.992,-1.014,-0.998,-0.872,-0.951,-1.034,-1.083,-0.994,-1.008,-1.004,-0.925,-0.951,-1.022,-1.06,-0.994,-1.018,-0.996,-0.927,-0.949,-1.052,-1.056,-0.998,-1.012,-1.018,-0.876,0,700
"2019-04-16 05:05:40.0",787172,-9999,27.74,-65.77,-65.77,-0.912,-9999,-9999,12.0402,39.88,39.87,13.54,-0.961,-1.048,-1.064,-1.004,-1.018,-1.006,-0.903,-0.947,-1,-1.054,-0.983,-1,-0.986,-0.909,-0.945,-1.034,-1.06,-0.977,-0.996,-0.977,-0.907,-0.945,-1.032,-1.034,-0.979,-0.998,-1,-0.896,0,0
"2019-04-16 05:06:00.0",787173,-9999,27.92,-65.73,-65.73,-0.912,-9999,-9999,12.0402,39.88,39.87,13.54,-0.969,-1.01,-1.073,-1.002,-1.016,-1.004,-0.88,-0.955,-1.046,-1.05,-0.983,-1.004,-0.994,-0.88,-0.951,-1.034,-1.054,-0.988,-1.008,-0.99,-0.88,-0.953,-1.03,-1.056,-0.992,-1.006,-0.998,-0.878,0,0
"2019-04-16 05:06:20.0",787174,-9999,28.11,-65.7,-65.7,-0.911,-9999,-9999,12.0402,39.86,39.89,13.54,-0.886,-0.929,-0.983,-0.919,-0.931,-0.901,-0.813,-0.876,-0.975,-0.988,-0.913,-0.929,-0.927,-0.848,-0.876,-0.961,-0.983,-0.917,-0.913,-0.907,-0.844,-0.876,-0.967,-0.986,-0.921,-0.931,-0.921,-0.799,0,0
"2019-04-16 05:06:40.0",787175,-9999,28.29,-65.67,-65.67,-0.911,-9999,-9999,12.0402,39.86,39.89,13.54,-0.896,-0.935,-1.002,-0.923,-0.941,-0.917,-0.838,-0.876,-0.967,-0.973,-0.915,-0.955,-0.935,-0.846,-0.876,-0.927,-0.977,-0.911,-0.907,-0.896,-0.838,-0.868,-0.927,-0.99,-0.907,-0.921,-0.927,-0.789,0,0
"2019-04-16 05:07:00.0",787176,-9999,28.47,-65.64,-65.64,-0.911,-9999,-9999,12.0402,39.86,39.89,13.54,-0.888,-0.941,-0.998,-0.929,-0.943,-0.929,-0.842,-0.874,-0.967,-0.961,-0.905,-0.923,-0.911,-0.803,-0.882,-0.953,-0.973,-0.907,-0.951,-0.898,-0.799,-0.874,-0.933,-0.965,-0.907,-0.929,-0.915,-0.793,0,700
"2019-04-16 05:07:20.0",787177,-9999,28.65,-65.6,-65.6,-0.911,-9999,-9999,12.0402,39.86,39.9,13.54,-0.961,-1.048,-1.066,-0.998,-1.04,-0.996,-0.872,-0.955,-1.024,-1.024,-0.981,-1,-0.986,-0.878,-0.951,-1.012,-1.03,-0.983,-1.002,-0.981,-0.88,-0.951,-1.046,-1.034,-0.986,-1.008,-0.99,-0.886,0,0
"2019-04-16 05:07:40.0",787178,-9999,28.83,-65.57,-65.57,-0.91,-9999,-9999,12.0402,39.86,39.88,13.54,-0.965,-1.016,-1.066,-1.006,-1.024,-0.99,-0.896,-0.953,-0.994,-1.068,-0.983,-1,-0.986,-0.907,-0.953,-1.036,-1.066,-0.981,-0.998,-0.969,-0.901,-0.955,-1.038,-1.052,-0.979,-1.014,-0.979,-0.858,0,0
"2019-04-16 05:08:00.0",787179,-9999,29.01,-65.53,-65.53,-0.91,-9999,-9999,12.0402,39.86,39.9,13.54,-0.963,-1.062,-1.077,-1.006,-1.022,-0.998,-0.911,-0.951,-1.048,-1.046,-0.988,-1.004,-0.975,-0.915,-0.953,-1.022,-1.052,-0.986,-1,-1.008,-0.909,-0.955,-1.018,-1.04,-0.983,-1,-0.986,-0.868,0,0
"2019-04-16 05:08:20.0",787180,-9999,29.19,-65.5,-65.5,-0.91,-9999,-9999,12.0402,39.86,39.88,13.54,-0.967,-1.05,-1.075,-1.002,-1.03,-0.996,-0.925,-0.955,-1.018,-1.058,-0.994,-1.014,-0.99,-0.921,-0.955,-1.052,-1.081,-0.998,-0.998,-1.016,-0.874,-0.951,-1.042,-1.062,-0.996,-1.008,-0.975,-0.87,0,0
"2019-04-16 05:08:40.0",787181,-9999,29.37,-65.47,-65.47,-0.91,-9999,-9999,12.0457,39.86,39.88,13.54,-0.967,-1.048,-1.058,-0.996,-1.012,-0.998,-0.925,-0.963,-1.032,-1.081,-0.996,-1.012,-1.008,-0.901,-0.957,-1.022,-1.06,-0.998,-1.016,-0.99,-0.88,-0.955,-1.016,-1.089,-1,-1.016,-0.996,-0.907,0,700
"2019-04-16 05:09:00.0",787182,-9999,29.55,-65.43,-65.43,-0.909,-9999,-9999,12.0402,39.86,39.87,13.52,-0.969,-1.026,-1.066,-0.998,-1.014,-1.018,-0.913,-0.955,-1.04,-1.044,-0.988,-1.004,-1.008,-0.911,-0.961,-1.022,-1.05,-0.979,-1.004,-0.986,-0.884,-0.955,-1,-1.042,-0.979,-1,-0.998,-0.903,0,0
"2019-04-16 05:09:20.0",787183,-9999,29.73,-65.4,-65.4,-0.909,-9999,-9999,12.0402,39.86,39.87,13.52,-0.963,-1.028,-1.058,-1.01,-1.026,-1.006,-0.886,-0.953,-1.01,-1.066,-1.002,-1.01,-1.006,-0.921,-0.947,-1.014,-1.066,-0.998,-1.01,-1,-0.921,-0.959,-1.008,-1.064,-0.998,-1.024,-1.002,-0.87,0,0
"2019-04-16 05:09:40.0",787184,-9999,29.91,-65.36,-65.36,-0.909,-9999,-9999,12.0402,39.86,39.89,13.52,-0.967,-1.056,-1.046,-0.994,-1.012,-0.986,-0.88,-0.953,-1.01,-1.066,-0.996,-1.01,-1.026,-0.925,-0.955,-1.024,-1.062,-1,-1.016,-1.002,-0.886,-0.955,-1.058,-1.091,-1,-1.014,-1.024,-0.884,0,0
"2019-04-16 05:10:00.0",787185,-9999,30.08,-65.33,-65.33,-0.909,-9999,-9999,12.0402,39.86,39.87,13.52,-0.965,-1.06,-1.064,-1.006,-1.022,-1.012,-0.888,-0.953,-1.018,-1.052,-0.986,-0.998,-1.006,-0.921,-0.953,-1.008,-1.042,-0.986,-1,-0.971,-0.913,-0.959,-1.002,-1.046,-0.983,-1,-0.983,-0.907,0,0
"2019-04-16 05:10:20.0",787186,-9999,30.26,-65.29,-65.29,-0.908,-9999,-9999,12.0402,39.86,39.87,13.52,-0.969,-1.026,-1.087,-1,-1.022,-1.022,-0.892,-0.957,-1.03,-1.06,-1,-1.008,-0.986,-0.903,-0.961,-1.028,-1.064,-0.996,-1.018,-1,-0.921,-0.957,-1.014,-1.066,-0.996,-1.016,-1.026,-0.915,0,700
"2019-04-16 05:10:40.0",787187,-9999,30.44,-65.25,-65.25,-0.908,-9999,-9999,12.0402,39.86,39.89,13.52,-0.961,-1.018,-1.07,-1,-1.02,-1.01,-0.915,-0.957,-1.03,-1.028,-0.983,-1.024,-0.992,-0.892,-0.957,-1.014,-1.028,-0.988,-1.012,-1.004,-0.917,-0.963,-1.014,-1.05,-0.99,-0.996,-0.992,-0.917,0,0
"2019-04-16 05:11:00.0",787188,-9999,30.61,-65.22,-65.22,-0.908,-9999,-9999,12.0402,39.86,39.91,13.52,-0.969,-1.02,-1.077,-1.008,-1.022,-1.028,-0.886,-0.955,-1.016,-1.048,-0.986,-1.002,-0.998,-0.872,-0.959,-1.01,-1.05,-0.988,-1.008,-0.99,-0.876,-0.959,-1.014,-1.056,-0.992,-1.002,-1.01,-0.886,0,0
"2019-04-16 05:11:20.0",787189,-9999,30.79,-65.18,-65.18,-0.908,-9999,-9999,12.0402,39.86,39.87,13.52,-0.965,-1.024,-1.066,-1.006,-1.02,-1.006,-0.923,-0.959,-1.018,-1.052,-0.986,-1.008,-0.992,-0.905,-0.959,-1.008,-1.062,-0.986,-1.01,-0.996,-0.896,-0.959,-1.01,-1.052,-0.994,-1.01,-1.014,-0.915,0,0
"2019-04-16 05:11:40.0",787190,-9999,30.97,-65.15,-65.15,-0.907,-9999,-9999,12.0402,39.86,39.87,13.49,-0.969,-1.054,-1.093,-1.012,-1.008,-1.016,-0.927,-0.957,-1.044,-1.062,-0.996,-1.008,-1.002,-0.903,-0.955,-1.044,-1.034,-0.994,-1.01,-0.994,-0.917,-0.951,-1.052,-1.05,-0.99,-1.008,-0.99,-0.907,0,0
"2019-04-16 05:12:00.0",787191,-9999,31.14,-65.11,-65.11,-0.907,-9999,-9999,12.0346,39.86,39.89,13.49,-0.967,-1.073,-1.073,-1.008,-1.03,-1.03,-0.931,-0.955,-1.036,-1.052,-0.994,-1.01,-1.012,-0.892,-0.959,-1.002,-1.064,-0.986,-1.004,-0.973,-0.917,-0.959,-1.002,-1.03,-0.988,-1.004,-0.983,-0.866,0,700
"2019-04-16 05:12:20.0",787192,-9999,31.32,-65.07,-65.07,-0.907,-9999,-9999,12.0402,39.86,39.89,13.49,-0.975,-1.075,-1.079,-1.014,-1.03,-1.002,-0.917,-0.957,-0.998,-1.058,-0.988,-1.008,-0.994,-0.905,-0.957,-1.01,-1.05,-0.988,-1.006,-0.99,-0.913,-0.957,-1.008,-1.046,-0.986,-0.998,-0.994,-0.862,0,0
"2019-04-16 05:12:40.0",787193,-9999,31.49,-65.04,-65.04,-0.907,-9999,-9999,12.0402,39.86,39.87,13.49,-0.971,-1.034,-1.077,-1.006,-1.026,-1.012,-0.931,-0.961,-1.064,-1.07,-1.004,-1.022,-0.998,-0.933,-0.965,-1.064,-1.048,-1.006,-1.024,-1.006,-0.884,-0.963,-1.034,-1.073,-1.002,-1.02,-1.002,-0.878,0,0
"2019-04-16 05:13:00.0",787194,-9999,31.66,-65,-65,-0.906,-9999,-9999,12.0402,39.86,39.87,13.49,-0.969,-1.034,-1.101,-1.018,-1.036,-1.016,-0.894,-0.953,-1.014,-1.077,-0.988,-0.998,-0.998,-0.927,-0.963,-1.056,-1.073,-0.99,-1.01,-1.01,-0.886,-0.961,-1.05,-1.048,-0.99,-1.002,-0.99,-0.898,0,0
"2019-04-16 05:13:20.0",787195,-9999,31.84,-64.96,-64.96,-0.906,-9999,-9999,12.0402,39.86,39.87,13.49,-0.967,-1.034,-1.07,-1.006,-1.02,-0.994,-0.882,-0.961,-1.05,-1.062,-1,-1.016,-1.006,-0.894,-0.959,-1.062,-1.091,-1.002,-1.016,-1.026,-0.882,-0.963,-1.058,-1.073,-1.004,-1.02,-1.006,-0.919,0,0
"2019-04-16 05:13:40.0",787196,-9999,32.01,-64.93,-64.93,-0.906,-9999,-9999,12.0402,39.86,39.87,13.49,-0.973,-1.036,-1.103,-1.012,-1.032,-1.046,-0.919,-0.965,-1.03,-1.062,-0.998,-1.016,-1.008,-0.888,-0.965,-1.052,-1.07,-1.002,-1.018,-1.024,-0.911,-0.961,-1.046,-1.066,-1,-1.02,-1.004,-0.919,0,700
"2019-04-16 05:14:00.0",787197,-9999,32.18,-64.89,-64.89,-0.905,-9999,-9999,12.0402,39.86,39.87,13.47,-0.969,-1.028,-1.073,-1.016,-1.03,-1.022,-0.905,-0.959,-1.044,-1.075,-0.998,-1.018,-1.006,-0.905,-0.959,-1.014,-1.066,-1.004,-1.036,-1.004,-0.917,-0.961,-1.034,-1.042,-0.998,-1.01,-1.02,-0.87,0,0
"2019-04-16 05:14:20.0",787198,-9999,32.35,-64.85,-64.85,-0.905,-9999,-9999,12.0402,39.86,39.87,13.47,-0.971,-1.014,-1.068,-1.002,-1,-1.024,-0.913,-0.959,-1.002,-1.05,-0.99,-1,-0.99,-0.886,-0.963,-1,-1.058,-0.99,-1.008,-0.996,-0.872,-0.961,-1.002,-1.073,-0.986,-1.026,-0.971,-0.913,0,0
"2019-04-16 05:14:40.0",787199,-9999,32.52,-64.81,-64.81,-0.905,-9999,-9999,12.0402,39.86,39.87,13.47,-0.973,-1.062,-1.066,-1.008,-1.026,-1.002,-0.931,-0.961,-1.046,-1.075,-0.99,-1.014,-1.002,-0.927,-0.955,-1.042,-1.075,-0.996,-1.01,-0.994,-0.876,-0.961,-1.038,-1.032,-0.996,-1.006,-0.979,-0.896,0,0
"2019-04-16 05:15:00.0",787200,-9999,32.69,-64.77,-64.77,-0.905,-9999,-9999,12.0402,39.86,39.87,13.47,-0.971,-1.066,-1.073,-1.01,-1.01,-1.016,-0.903,-0.961,-1.06,-1.062,-1.006,-1.016,-1.032,-0.911,-0.965,-1.062,-1.073,-1.004,-1.02,-0.988,-0.925,-0.961,-1.052,-1.083,-1.006,-1.02,-0.992,-0.882,0,0
"2019-04-16 05:15:20.0",787201,-9999,32.86,-64.74,-64.74,-0.904,-9999,-9999,12.0402,39.86,39.87,13.45,-0.971,-1.038,-1.079,-1.012,-1.054,-1.04,-0.886,-0.957,-1.02,-1.083,-1.002,-1.024,-0.994,-0.884,-0.959,-1.062,-1.07,-1.004,-1.016,-1.01,-0.886,-0.961,-1.018,-1.07,-1,-1.016,-1.002,-0.903,0,700
"2019-04-16 05:15:40.0",787202,-9999,33.03,-64.7,-64.7,-0.904,-9999,-9999,12.0402,39.86,39.89,13.45,-0.967,-1.042,-1.066,-1.004,-1.02,-1.006,-0.907,-0.961,-1.038,-1.054,-0.986,-1.01,-1.016,-0.901,-0.959,-1.056,-1.054,-0.99,-1.008,-0.971,-0.913,-0.959,-1.034,-1.056,-0.988,-1.008,-0.981,-0.868,0,0
"2019-04-16 05:16:00.0",787203,-9999,33.2,-64.66,-64.66,-0.904,-9999,-9999,12.0402,39.86,39.87,13.45,-0.973,-1.042,-1.093,-1.01,-1.022,-0.994,-0.888,-0.959,-1.046,-1.054,-0.998,-1.018,-1.004,-0.921,-0.965,-1.04,-1.064,-1.002,-1.012,-1.018,-0.917,-0.959,-1.036,-1.081,-0.994,-1.006,-0.994,-0.87,0,0
"2019-04-16 05:16:20.0",787204,-9999,33.37,-64.62,-64.62,-0.903,-9999,-9999,12.0402,39.86,39.87,13.45,-0.971,-1.081,-1.073,-1.01,-1.024,-0.996,-0.915,-0.961,-1.044,-1.062,-1,-1.024,-1.016,-0.937,-0.961,-1.022,-1.073,-1.002,-1.022,-1.026,-0.927,-0.959,-1.05,-1.058,-1.002,-1.018,-0.998,-0.884,0,0
"2019-04-16 05:16:40.0",787205,-9999,33.54,-64.58,-64.58,-0.903,-9999,-9999,12.0457,39.86,39.87,13.45,-0.971,-1.022,-1.075,-1.01,-1.026,-1.034,-0.925,-0.957,-1.048,-1.079,-0.996,-1.01,-0.981,-0.903,-0.961,-1.052,-1.062,-0.998,-1.016,-0.996,-0.915,-0.957,-1.04,-1.034,-0.992,-1.01,-0.996,-0.876,0,0
"2019-04-16 05:17:00.0",787206,-9999,33.71,-64.54,-64.54,-0.903,-9999,-9999,12.0402,39.86,39.89,13.45,-0.969,-1.036,-1.068,-1.004,-1.02,-0.99,-0.915,-0.961,-1.008,-1.032,-0.986,-1.01,-0.998,-0.88,-0.961,-1.052,-1.06,-0.994,-1.012,-1.014,-0.898,-0.963,-1.014,-1.058,-0.992,-1.012,-1.014,-0.89,0,700
"2019-04-16 05:17:20.0",787207,-9999,33.88,-64.5,-64.5,-0.903,-9999,-9999,12.0402,39.86,39.87,13.45,-0.969,-1.062,-1.07,-1.014,-1.028,-1.014,-0.923,-0.959,-1.036,-1.06,-0.996,-1.012,-1.022,-0.884,-0.959,-1.004,-1.04,-0.994,-1.01,-0.983,-0.88,-0.957,-1.032,-1.052,-0.99,-1.006,-0.975,-0.905,0,0
"2019-04-16 05:17:40.0",787208,-9999,34.04,-64.46,-64.46,-0.902,-9999,-9999,12.0402,39.86,39.89,13.42,-0.971,-1.028,-1.06,-0.996,-1.018,-1.028,-0.913,-0.959,-1.042,-1.064,-1,-1.014,-1.026,-0.931,-0.961,-1.046,-1.062,-0.998,-1.02,-0.988,-0.894,-0.961,-1.034,-1.062,-1,-1.014,-1,-0.892,0,0
"2019-04-16 05:18:00.0",787209,-9999,34.21,-64.43,-64.43,-0.902,-9999,-9999,12.0457,39.86,39.89,13.42,-0.971,-1.044,-1.062,-1.014,-1.03,-1,-0.917,-0.957,-1.028,-1.062,-0.998,-1.016,-1.006,-0.911,-0.955,-1.034,-1.056,-1,-1.014,-0.998,-0.913,-0.959,-1.024,-1.085,-0.996,-1.01,-0.977,-0.868,0,0
"2019-04-16 05:18:20.0",787210,-9999,34.38,-64.39,-64.39,-0.902,-9999,-9999,12.0402,39.86,39.87,13.42,-0.969,-1.016,-1.075,-1.002,-1.004,-0.998,-0.923,-0.965,-1.02,-1.036,-0.996,-1.01,-0.996,-0.878,-0.961,-1.032,-1.036,-0.99,-1.008,-0.992,-0.88,-0.963,-1.03,-1.06,-0.996,-1.014,-0.977,-0.898,0,0
"2019-04-16 05:18:40.0",787211,-9999,34.54,-64.35,-64.35,-0.901,-9999,-9999,12.0402,39.86,39.87,13.42,-0.965,-1.046,-1.085,-1.012,-1.03,-1.012,-0.921,-0.959,-1.06,-1.066,-1.008,-1.018,-0.996,-0.898,-0.959,-1.054,-1.066,-1.002,-1.002,-1.012,-0.911,-0.961,-1.058,-1.07,-1.002,-1.018,-1,-0.915,0,700
"2019-04-16 05:19:00.0",787212,-9999,34.71,-64.31,-64.31,-0.901,-9999,-9999,12.0402,39.86,39.87,13.42,-0.969,-1.03,-1.083,-1.012,-1.026,-1.018,-0.896,-0.957,-1.054,-1.079,-1.002,-1.02,-1.006,-0.896,-0.963,-1.014,-1.087,-0.996,-1.044,-1.022,-0.905,-0.959,-1.016,-1.066,-0.996,-1.014,-1.022,-0.915,0,0
"2019-04-16 05:19:20.0",787213,-9999,34.87,-64.27,-64.27,-0.901,-9999,-9999,12.0402,39.86,39.87,13.4,-0.973,-1.066,-1.097,-1,-1.026,-1.008,-0.935,-0.965,-1.048,-1.058,-0.988,-1.006,-1.018,-0.892,-0.959,-1.028,-1.058,-0.988,-1.008,-0.979,-0.901,-0.961,-1.052,-1.04,-0.994,-1.01,-0.973,-0.911,0,0
"2019-04-16 05:19:40.0",787214,-9999,35.04,-64.23,-64.23,-0.901,-9999,-9999,12.0402,39.86,39.9,13.4,-0.973,-1.073,-1.066,-1.01,-1.03,-1.016,-0.913,-0.961,-1.06,-1.085,-0.998,-1.014,-1.01,-0.923,-0.959,-1.054,-1.064,-1,-1.018,-1.002,-0.927,-0.959,-1.058,-1.04,-0.998,-1.018,-0.988,-0.913,0,0
"2019-04-16 05:20:00.0",787215,-9999,35.2,-64.18,-64.18,-0.9,-9999,-9999,12.0402,39.86,39.87,13.4,-0.971,-1.073,-1.062,-1.02,-1.056,-1.038,-0.913,-0.957,-1.06,-1.048,-0.998,-1.018,-1.006,-0.933,-0.959,-1.032,-1.04,-1.002,-1.016,-1,-0.884,-0.957,-1.036,-1.064,-1.002,-1.016,-1.002,-0.896,0,0
"2019-04-16 05:20:20.0",787216,-9999,35.36,-64.14,-64.14,-0.9,-9999,-9999,12.0402,39.86,39.87,13.4,-0.965,-1.058,-1.085,-1.002,-1.016,-1,-0.917,-0.957,-1.018,-1.046,-0.988,-1.006,-0.994,-0.886,-0.957,-1.024,-1.05,-0.992,-1.004,-0.99,-0.896,-0.959,-1.018,-1.028,-0.99,-1,-0.969,-0.901,0,700
"2019-04-16 05:20:40.0",787217,-9999,35.53,-64.1,-64.1,-0.9,-9999,-9999,12.0402,39.86,39.87,13.4,-0.967,-1.022,-1.081,-0.998,-1.036,-0.986,-0.874,-0.959,-1,-1.073,-0.988,-1.026,-0.992,-0.913,-0.961,-1.046,-1.044,-0.983,-1.01,-0.988,-0.915,-0.959,-1.038,-1.03,-0.986,-1.02,-0.992,-0.87,0,0
"2019-04-16 05:21:00.0",787218,-9999,35.69,-64.06,-64.06,-0.899,-9999,-9999,12.0402,39.86,39.87,13.38,-0.969,-1.058,-1.058,-1.002,-1.014,-0.998,-0.923,-0.957,-1.038,-1.058,-0.996,-1.032,-1,-0.919,-0.957,-1.05,-1.079,-0.998,-1.014,-1.018,-0.878,-0.951,-1.05,-1.066,-0.994,-1.004,-0.994,-0.896,0,0
"2019-04-16 05:21:20.0",787219,-9999,35.85,-64.02,-64.02,-0.899,-9999,-9999,12.0402,39.86,39.87,13.38,-0.973,-1.07,-1.099,-1.01,-1.032,-1.03,-0.935,-0.957,-1.038,-1.052,-0.99,-1.006,-0.992,-0.921,-0.959,-1.03,-1.056,-0.992,-1.01,-1.012,-0.882,-0.955,-1.044,-1.05,-0.986,-1.006,-0.971,-0.884,0,0
"2019-04-16 05:21:40.0",787220,-9999,36.01,-63.98,-63.98,-0.899,-9999,-9999,12.0402,39.86,39.88,13.38,-0.967,-1.073,-1.093,-1.008,-1.028,-1.018,-0.921,-0.957,-1.062,-1.06,-0.998,-1.014,-1.006,-0.919,-0.961,-1.04,-1.044,-0.998,-1.018,-1.022,-0.923,-0.957,-1.036,-1.062,-0.994,-1.018,-1,-0.884,0,0
"2019-04-16 05:22:00.0",787221,-9999,36.17,-63.94,-63.94,-0.898,-9999,-9999,12.0402,39.86,39.87,13.38,-0.969,-1.054,-1.056,-1.002,-1.022,-0.986,-0.876,-0.959,-1.052,-1.064,-0.994,-1.016,-1.028,-0.898,-0.959,-1.058,-1.064,-1.004,-1.012,-0.99,-0.88,-0.957,-1.062,-1.066,-1.002,-1.02,-1.006,-0.925,0,700
"2019-04-16 05:22:20.0",787222,-9999,36.33,-63.9,-63.9,-0.898,-9999,-9999,12.0402,39.86,39.87,13.38,-0.967,-1.058,-1.077,-0.998,-1.002,-0.979,-0.915,-0.957,-1.05,-1.075,-0.998,-1.012,-1.02,-0.923,-0.961,-1.046,-1.081,-1.002,-1.01,-1.004,-0.88,-0.957,-1.058,-1.048,-0.996,-1.018,-1.002,-0.89,0,0
"2019-04-16 05:22:40.0",787223,-9999,36.49,-63.85,-63.85,-0.898,-9999,-9999,12.0402,39.86,39.87,13.38,-0.971,-1.016,-1.06,-0.996,-1.044,-0.998,-0.921,-0.949,-1.01,-1.058,-0.992,-1.01,-1,-0.917,-0.957,-1.004,-1.068,-0.994,-1.012,-1.016,-0.882,-0.957,-1.014,-1.064,-0.994,-1.016,-0.998,-0.894,0,0
"2019-04-16 05:23:00.0",787224,-9999,36.65,-63.81,-63.81,-0.897,-9999,-9999,12.0402,39.86,39.87,13.38,-0.971,-1.03,-1.097,-1.018,-1.026,-1.034,-0.903,-0.957,-1.008,-1.05,-0.994,-1.008,-0.998,-0.923,-0.957,-0.998,-1.06,-0.986,-1.01,-1.012,-0.864,-0.953,-1.004,-1.05,-0.986,-1.01,-0.969,-0.896,0,0
"2019-04-16 05:23:20.0",787225,-9999,36.81,-63.77,-63.77,-0.897,-9999,-9999,12.0402,39.86,39.87,13.35,-0.963,-1.03,-1.079,-1.014,-1.048,-1.032,-0.919,-0.959,-1.02,-1.085,-0.996,-1.018,-1.01,-0.933,-0.961,-1.058,-1.079,-0.998,-1.02,-1.004,-0.89,-0.961,-1.054,-1.038,-0.994,-1.012,-0.981,-0.907,0,0
"2019-04-16 05:23:40.0",787226,-9999,36.97,-63.73,-63.73,-0.897,-9999,-9999,12.0402,39.86,39.87,13.35,-0.967,-1.024,-1.077,-1.01,-1.024,-1.012,-0.886,-0.959,-1.06,-1.066,-0.998,-1.018,-1.008,-0.917,-0.957,-1.056,-1.066,-0.998,-1.02,-1.026,-0.929,-0.959,-1.058,-1.058,-0.994,-1.01,-0.998,-0.878,0,700
"2019-04-16 05:24:00.0",787227,-9999,37.13,-63.69,-63.69,-0.896,-9999,-9999,12.0402,39.86,39.88,13.35,-0.973,-1.046,-1.062,-0.994,-1.014,-0.996,-0.915,-0.955,-1.042,-1.077,-0.99,-1.008,-1.018,-0.88,-0.953,-1.042,-1.056,-0.986,-1.01,-0.981,-0.872,-0.957,-1.044,-1.034,-0.994,-1.012,-0.996,-0.886,0,0
"2019-04-16 05:24:20.0",787228,-9999,37.29,-63.64,-63.64,-0.896,-9999,-9999,12.0402,39.86,39.88,13.35,-0.975,-1.073,-1.07,-1.008,-1.028,-1.004,-0.894,-0.957,-1.028,-1.075,-0.994,-0.994,-0.986,-0.886,-0.957,-1.01,-1.077,-0.994,-1.012,-0.996,-0.884,-0.959,-1.012,-1.054,-0.99,-1.008,-0.983,-0.915,0,0
"2019-04-16 05:24:40.0",787229,-9999,37.45,-63.6,-63.6,-0.896,-9999,-9999,12.0402,39.86,39.87,13.35,-0.967,-1.026,-1.087,-1,-1.018,-0.981,-0.898,-0.957,-1.042,-1.06,-0.994,-1.008,-1.006,-0.901,-0.957,-1.052,-1.062,-0.998,-1.01,-1.02,-0.909,-0.955,-1.056,-1.083,-1.002,-1.012,-0.996,-0.88,0,0
"2019-04-16 05:25:00.0",787230,-9999,37.6,-63.56,-63.56,-0.895,-9999,-9999,12.0402,39.86,39.87,13.35,-0.969,-1.042,-1.081,-1.014,-1.012,-1.014,-0.911,-0.959,-1.024,-1.056,-0.992,-1.014,-1.024,-0.89,-0.959,-1.054,-1.052,-0.994,-1.008,-0.988,-0.89,-0.959,-1.058,-1.052,-0.99,-0.992,-0.998,-0.896,0,0
"2019-04-16 05:25:20.0",787231,-9999,37.76,-63.51,-63.51,-0.895,-9999,-9999,12.0402,39.86,39.87,13.35,-0.971,-1.054,-1.06,-1.002,-1.04,-1.024,-0.927,-0.961,-1.042,-1.056,-0.988,-1.006,-0.988,-0.878,-0.959,-1.026,-1.054,-0.99,-1.012,-0.973,-0.901,-0.957,-1.018,-1.073,-0.988,-1.006,-0.986,-0.909,0,700
"2019-04-16 05:25:40.0",787232,-9999,37.92,-63.47,-63.47,-0.895,-9999,-9999,12.0402,39.86,39.87,13.35,-0.965,-1.004,-1.066,-0.996,-1.014,-1,-0.915,-0.955,-1.002,-1.048,-0.99,-1.032,-1,-0.882,-0.957,-1.04,-1.052,-0.99,-1.01,-1.006,-0.874,-0.955,-1.032,-1.054,-0.986,-1.006,-0.975,-0.888,0,0
"2019-04-16 05:26:00.0",787233,-9999,38.07,-63.43,-63.43,-0.894,-9999,-9999,12.0402,39.86,39.88,13.35,-0.969,-1.038,-1.075,-1.01,-1.022,-1.03,-0.882,-0.957,-1.038,-1.038,-0.994,-1.012,-1.002,-0.909,-0.959,-1.01,-1.048,-1,-1.018,-1.024,-0.905,-0.959,-1.008,-1.054,-0.996,-1.01,-0.975,-0.868,0,0
"2019-04-16 05:26:20.0",787234,-9999,38.23,-63.38,-63.38,-0.894,-9999,-9999,12.0457,39.86,39.88,13.33,-0.973,-1.02,-1.087,-1.002,-1.018,-1,-0.876,-0.963,-1.044,-1.056,-0.99,-1.006,-0.979,-0.892,-0.961,-1.048,-1.054,-0.99,-1.012,-0.994,-0.909,-0.957,-1.046,-1.075,-0.992,-1.008,-1.018,-0.909,0,0
"2019-04-16 05:26:40.0",787235,-9999,38.38,-63.34,-63.34,-0.894,-9999,-9999,12.0402,39.86,39.9,13.33,-0.969,-1.028,-1.099,-1.01,-1.03,-1.016,-0.917,-0.957,-1.018,-1.085,-1,-1.01,-0.99,-0.896,-0.959,-1.044,-1.079,-1,-1.014,-1,-0.921,-0.953,-1.042,-1.05,-0.99,-1.012,-1.014,-0.866,0,0
"2019-04-16 05:27:00.0",787236,-9999,38.54,-63.3,-63.3,-0.893,-9999,-9999,12.0402,39.86,39.87,13.33,-0.969,-1.04,-1.042,-1,-1.016,-0.998,-0.917,-0.957,-1.01,-1.077,-0.986,-1.002,-0.996,-0.925,-0.961,-1.024,-1.079,-0.99,-1.01,-1.016,-0.882,-0.957,-1.054,-1.06,-0.988,-0.994,-0.994,-0.905,0,700
"2019-04-16 05:27:20.0",787237,-9999,38.69,-63.25,-63.25,-0.893,-9999,-9999,12.0402,39.86,39.87,13.33,-0.963,-1.038,-1.064,-1.002,-1.02,-0.986,-0.884,-0.953,-1.008,-1.052,-0.99,-1.016,-0.99,-0.88,-0.959,-1.038,-1.05,-0.99,-1.024,-0.992,-0.88,-0.957,-1.046,-1.066,-0.986,-1.006,-1.012,-0.909,0,0
"2019-04-16 05:27:40.0",787238,-9999,38.84,-63.21,-63.21,-0.893,-9999,-9999,12.0402,39.86,39.87,13.33,-0.971,-1.028,-1.056,-1.014,-1.032,-1.016,-0.931,-0.951,-1.064,-1.066,-0.998,-1.018,-0.994,-0.925,-0.961,-1.062,-1.068,-1.008,-1.018,-1,-0.923,-0.959,-1.054,-1.042,-0.998,-1.016,-1.024,-0.88,0,0
"2019-04-16 05:28:00.0",787239,-9999,39,-63.16,-63.16,-0.892,-9999,-9999,12.0402,39.86,39.88,13.3,-0.969,-1.052,-1.068,-1.008,-1.032,-1.008,-0.896,-0.959,-1.03,-1.062,-0.996,-1.014,-0.988,-0.89,-0.961,-1.036,-1.066,-0.996,-1.016,-1,-0.892,-0.959,-1.016,-1.087,-0.994,-1.012,-1.018,-0.894,0,0
"2019-04-16 05:28:20.0",787240,-9999,39.15,-63.12,-63.12,-0.892,-9999,-9999,12.0457,39.86,39.87,13.3,-0.969,-1.073,-1.062,-1.012,-1.024,-1.004,-0.892,-0.953,-1.036,-1.07,-0.998,-1.016,-1.026,-0.894,-0.959,-1.01,-1.046,-1.006,-1.012,-0.983,-0.88,-0.955,-1.012,-1.066,-0.998,-0.992,-1.002,-0.913,0,0
"2019-04-16 05:28:40.0",787241,-9999,39.3,-63.07,-63.07,-0.892,-9999,-9999,12.0402,39.86,39.9,13.3,-0.969,-1.054,-1.097,-1.002,-0.998,-1.002,-0.886,-0.957,-1.046,-1.054,-0.998,-1.016,-1.008,-0.915,-0.967,-1.04,-1.064,-0.998,-1.016,-0.998,-0.888,-0.957,-1.04,-1.07,-0.996,-1.012,-0.981,-0.915,0,700
"2019-04-16 05:29:00.0",787242,-9999,39.45,-63.03,-63.03,-0.891,-9999,-9999,12.0402,39.86,39.88,13.3,-0.967,-1.036,-1.05,-1.004,-1.03,-0.996,-0.927,-0.961,-1.018,-1.066,-0.996,-1.018,-1.032,-0.896,-0.957,-1.064,-1.048,-0.998,-1.018,-1,-0.911,-0.959,-1.056,-1.06,-1,-1.02,-1,-0.911,0,0
"2019-04-16 05:29:20.0",787243,-9999,39.61,-62.99,-62.99,-0.891,-9999,-9999,12.0402,39.86,39.87,13.3,-0.969,-1.052,-1.064,-1,-1.018,-1.02,-0.888,-0.955,-1.028,-1.054,-0.986,-1.006,-1.012,-0.913,-0.955,-1.002,-1.06,-0.996,-1.032,-0.979,-0.915,-0.953,-1.008,-1.062,-0.99,-1.014,-0.99,-0.868,0,0
"2019-04-16 05:29:40.0",787244,-9999,39.76,-62.94,-62.94,-0.891,-9999,-9999,12.0346,39.86,39.87,13.3,-0.971,-1.03,-1.095,-1.012,-1.03,-1.038,-0.927,-0.961,-1.05,-1.073,-1.002,-1.034,-0.992,-0.894,-0.961,-1.056,-1.075,-1.002,-1.018,-1.026,-0.915,-0.961,-1.054,-1.091,-1.004,-1.016,-0.99,-0.878,0,0
"2019-04-16 05:30:00.0",787245,-9999,39.91,-62.9,-62.9,-0.89,-9999,-9999,12.0402,39.86,39.87,13.3,-0.969,-1.042,-1.052,-1.012,-1.026,-1.034,-0.925,-0.957,-1.012,-1.048,-1.002,-1.018,-1.01,-0.933,-0.965,-1.048,-1.073,-1.002,-1.018,-1.008,-0.89,-0.957,-1.052,-1.075,-1,-1.018,-0.99,-0.894,0,0
"2019-04-16 05:30:20.0",787246,-9999,40.06,-62.85,-62.85,-0.89,-9999,-9999,12.0402,39.86,39.87,13.3,-0.967,-1.068,-1.073,-1.016,-1.024,-1.008,-0.896,-0.957,-1.042,-1.066,-0.998,-1.014,-1.01,-0.911,-0.957,-1.014,-1.068,-1.004,-1.016,-1.002,-0.915,-0.959,-1.016,-1.05,-1.002,-1.012,-0.992,-0.88,0,700
"2019-04-16 05:30:40.0",787247,-9999,40.21,-62.8,-62.8,-0.889,-9999,-9999,12.0402,39.86,39.89,13.28,-0.969,-1.028,-1.087,-1.008,-1.024,-1.018,-0.919,-0.957,-1.046,-1.052,-1.002,-1.016,-1.012,-0.937,-0.959,-1.04,-1.05,-1.002,-1.02,-1.026,-0.927,-0.957,-1.04,-1.068,-1,-1.02,-1.008,-0.878,0,0
"2019-04-16 05:31:00.0",787248,-9999,40.35,-62.76,-62.76,-0.889,-9999,-9999,12.0402,39.86,39.91,13.3,-0.971,-1.056,-1.058,-1.01,-1.034,-1.03,-0.913,-0.961,-1.014,-1.06,-0.994,-1.016,-1.006,-0.882,-0.961,-1.02,-1.042,-0.996,-1.016,-1.002,-0.89,-0.961,-1.024,-1.06,-0.994,-1.016,-0.986,-0.911,0,0
"2019-04-16 05:31:20.0",787249,-9999,40.5,-62.71,-62.71,-0.889,-9999,-9999,12.0402,39.86,39.89,13.28,-0.967,-1.028,-1.068,-1.002,-1.022,-1.026,-0.917,-0.961,-1.006,-1.05,-0.988,-0.994,-0.977,-0.923,-0.961,-1.046,-1.058,-0.986,-1.01,-0.99,-0.874,-0.963,-1.042,-1.028,-0.986,-1.006,-1.014,-0.896,0,0
"2019-04-16 05:31:40.0",787250,-9999,40.65,-62.67,-62.67,-0.888,-9999,-9999,12.0402,39.86,39.87,13.28,-0.967,-1.018,-1.062,-1.004,-1.018,-1.004,-0.913,-0.961,-1.064,-1.077,-1,-1.018,-1.014,-0.894,-0.963,-1.058,-1.075,-1.002,-0.994,-1.026,-0.905,-0.957,-1.07,-1.068,-0.998,-1.018,-0.983,-0.925,0,0
"2019-04-16 05:32:00.0",787251,-9999,40.8,-62.62,-62.62,-0.888,-9999,-9999,12.0402,39.86,39.89,13.28,-0.969,-1.06,-1.062,-1,-1.022,-1.006,-0.923,-0.959,-1.052,-1.07,-1.004,-1.018,-1.01,-0.888,-0.955,-1.058,-1.07,-1.004,-1.016,-1.008,-0.913,-0.959,-1.056,-1.048,-1,-1.014,-0.998,-0.884,0,700
"2019-04-16 05:32:20.0",787252,-9999,40.95,-62.58,-62.58,-0.888,-9999,-9999,12.0402,39.86,39.89,13.28,-0.971,-1.048,-1.062,-0.994,-1.018,-1.002,-0.903,-0.961,-1.05,-1.064,-0.994,-1.01,-1.004,-0.921,-0.963,-1.044,-1.048,-0.998,-1.018,-1.004,-0.878,-0.959,-1.046,-1.062,-0.998,-1.01,-0.981,-0.909,0,0
"2019-04-16 05:32:40.0",787253,-9999,41.09,-62.53,-62.53,-0.887,-9999,-9999,12.0402,39.86,39.87,13.28,-0.971,-1.06,-1.066,-1.006,-1.026,-0.988,-0.911,-0.957,-1.048,-1.052,-0.988,-1.004,-1.002,-0.88,-0.959,-1.024,-1.054,-0.99,-1.006,-0.975,-0.878,-0.955,-1.048,-1.075,-0.992,-1.004,-0.986,-0.896,0,0
"2019-04-16 05:33:00.0",787254,-9999,41.24,-62.48,-62.48,-0.887,-9999,-9999,12.0402,39.86,39.87,13.26,-0.971,-1.075,-1.085,-1.012,-1.016,-1.018,-0.921,-0.963,-1.012,-1.056,-0.996,-1.012,-1.022,-0.933,-0.959,-1.062,-1.081,-0.996,-1.018,-0.986,-0.927,-0.959,-1.018,-1.054,-0.992,-1.014,-1.002,-0.882,0,0
"2019-04-16 05:33:20.0",787255,-9999,41.39,-62.44,-62.44,-0.886,-9999,-9999,12.0402,39.86,39.87,13.26,-0.971,-1.036,-1.07,-1,-1.016,-0.998,-0.907,-0.957,-1.05,-1.056,-0.992,-1.01,-1,-0.923,-0.957,-1.042,-1.062,-0.996,-1.014,-1.014,-0.888,-0.959,-1.052,-1.083,-0.992,-1.008,-1.014,-0.892,0,0
"2019-04-16 05:33:40.0",787256,-9999,41.53,-62.39,-62.39,-0.886,-9999,-9999,12.0457,39.86,39.87,13.26,-0.971,-1.034,-1.064,-1.014,-1.034,-1.012,-0.903,-0.963,-1.024,-1.062,-0.994,-1.016,-1.002,-0.909,-0.963,-1.014,-1.058,-0.992,-1.018,-1.018,-0.919,-0.955,-1.018,-1.064,-0.99,-1.014,-1.004,-0.878,0,700
"2019-04-16 05:34:00.0",787257,-9999,41.68,-62.34,-62.34,-0.886,-9999,-9999,12.0402,39.86,39.87,13.26,-0.973,-1.066,-1.077,-1.012,-1.034,-1.01,-0.901,-0.965,-1.068,-1.07,-1.004,-1,-0.992,-0.921,-0.961,-1.068,-1.075,-1.006,-1.016,-1.002,-0.931,-0.957,-1.062,-1.095,-1.002,-1.016,-1.022,-0.892,0,0
"2019-04-16 05:34:20.0",787258,-9999,41.82,-62.3,-62.3,-0.885,-9999,-9999,12.0402,39.86,39.89,13.26,-0.971,-1.06,-1.097,-1.012,-1.026,-1.01,-0.886,-0.963,-1.044,-1.032,-0.986,-1.004,-1.016,-0.89,-0.959,-1.046,-1.036,-0.986,-1.014,-0.977,-0.907,-0.961,-1.054,-1.05,-0.988,-1.006,-0.992,-0.909,0,0
"2019-04-16 05:34:40.0",787259,-9999,41.97,-62.25,-62.25,-0.885,-9999,-9999,12.0402,39.86,39.87,13.26,-0.971,-1.044,-1.06,-1.004,-1.04,-1.022,-0.929,-0.959,-1.046,-1.075,-0.988,-1.004,-0.992,-0.903,-0.961,-1.02,-1.05,-0.988,-1.038,-1.012,-0.919,-0.963,-1.03,-1.032,-0.99,-1.026,-0.99,-0.874,0,0
"2019-04-16 05:35:00.0",787260,-9999,42.11,-62.2,-62.2,-0.885,-9999,-9999,12.0402,39.86,39.89,13.26,-0.973,-1.034,-1.052,-1.004,-1.03,-1.008,-0.913,-0.967,-1.026,-1.052,-0.996,-1.018,-1,-0.89,-0.961,-1.024,-1.056,-1.002,-1.042,-1.008,-0.907,-0.959,-1.018,-1.068,-1.002,-1.022,-1.008,-0.917,0,0
"2019-04-16 05:35:20.0",787261,-9999,42.25,-62.15,-62.15,-0.884,-9999,-9999,12.0346,39.86,39.87,13.26,-0.973,-1.062,-1.091,-1.006,-1.02,-1,-0.913,-0.961,-1.024,-1.075,-1,-1.022,-0.996,-0.905,-0.959,-1.016,-1.066,-1.004,-1.02,-1.008,-0.911,-0.959,-1.016,-1.07,-1.004,-1.018,-1.024,-0.913,0,700
"2019-04-16 05:35:40.0",787262,-9999,42.4,-62.11,-62.11,-0.884,-9999,-9999,12.0402,39.86,39.87,13.23,-0.969,-1.077,-1.052,-1.012,-1.03,-1.014,-0.921,-0.967,-1.046,-1.068,-0.998,-1.016,-0.988,-0.921,-0.961,-1.05,-1.058,-0.998,-1.01,-0.996,-0.88,-0.961,-1.044,-1.05,-0.979,-1.006,-1.018,-0.907,0,0
"2019-04-16 05:36:00.0",787263,-9999,42.54,-62.06,-62.06,-0.883,-9999,-9999,12.0513,39.86,39.87,13.23,-0.973,-1.03,-1.079,-1.012,-1.03,-1.016,-0.894,-0.959,-1.01,-1.036,-0.992,-1.014,-0.996,-0.921,-0.961,-1.018,-1.038,-0.996,-1.01,-1.016,-0.89,-0.957,-1.024,-1.058,-0.994,-1.014,-1.022,-0.896,0,0
"2019-04-16 05:36:20.0",787264,-9999,42.68,-62.01,-62.01,-0.883,-9999,-9999,12.0402,39.86,39.89,13.23,-0.969,-1.042,-1.093,-1.004,-1,-1.028,-0.925,-0.955,-1.038,-1.064,-1,-1.016,-1,-0.925,-0.963,-1.02,-1.066,-1.004,-1.018,-1,-0.89,-0.957,-1.022,-1.066,-0.998,-1.016,-1.02,-0.892,0,0
"2019-04-16 05:36:40.0",787265,-9999,42.82,-61.96,-61.96,-0.883,-9999,-9999,12.0402,39.86,39.89,13.23,-0.971,-1.081,-1.105,-1.014,-1.03,-1.04,-0.931,-0.961,-1.046,-1.04,-0.99,-1.004,-0.994,-0.88,-0.963,-1.042,-1.056,-0.988,-1.012,-0.992,-0.917,-0.961,-1.054,-1.06,-0.99,-1.014,-0.994,-0.872,0,0
"2019-04-16 05:37:00.0",787266,-9999,42.97,-61.92,-61.92,-0.882,-9999,-9999,12.0402,39.86,39.87,13.23,-0.969,-1.02,-1.085,-1.002,-1.02,-1.002,-0.927,-0.967,-1.04,-1.066,-1.002,-1.022,-1.01,-0.896,-0.963,-1.014,-1.064,-1.004,-1.018,-1.006,-0.901,-0.961,-1.034,-1.064,-0.998,-1.012,-1.002,-0.872,0,700
"2019-04-16 05:37:20.0",787267,-9999,43.11,-61.87,-61.87,-0.882,-9999,-9999,12.0402,39.86,39.89,13.23,-0.975,-1.022,-1.075,-1.008,-1.046,-1.028,-0.925,-0.963,-1.038,-1.083,-0.994,-1.02,-1.002,-0.892,-0.963,-1.036,-1.06,-0.998,-1.02,-0.996,-0.911,-0.959,-1.042,-1.066,-0.998,-1.014,-1.006,-0.882,0,0
"2019-04-16 05:37:40.0",787268,-9999,43.25,-61.82,-61.82,-0.881,-9999,-9999,12.0402,39.86,39.89,13.23,-0.975,-1.03,-1.075,-1.006,-1.028,-1.008,-0.933,-0.957,-1.012,-1.087,-1,-1.016,-1.03,-0.888,-0.963,-1.018,-1.066,-1,-1.014,-0.99,-0.894,-0.957,-1.008,-1.06,-0.996,-1.01,-0.998,-0.911,0,0
"2019-04-16 05:38:00.0",787269,-9999,43.39,-61.77,-61.77,-0.881,-9999,-9999,12.0402,39.86,39.89,13.21,-0.973,-1.042,-1.081,-1.014,-1.05,-1.018,-0.923,-0.961,-1.018,-1.06,-0.994,-1.01,-1.002,-0.927,-0.963,-1.026,-1.052,-0.994,-1.01,-1.014,-0.909,-0.963,-1.02,-1.075,-0.988,-1.008,-0.986,-0.88,0,0
"2019-04-16 05:38:20.0",787270,-9999,43.53,-61.72,-61.72,-0.881,-9999,-9999,12.0402,39.86,39.89,13.21,-0.969,-1.046,-1.081,-1.006,-1.022,-1.004,-0.913,-0.957,-1.06,-1.06,-0.998,-0.994,-0.992,-0.921,-0.965,-1.056,-1.073,-1.002,-1.022,-1.008,-0.915,-0.959,-1.062,-1.085,-1.006,-1.02,-1.006,-0.884,0,0
"2019-04-16 05:38:40.0",787271,-9999,43.67,-61.67,-61.67,-0.88,-9999,-9999,12.0402,39.86,39.89,13.21,-0.973,-1.02,-1.073,-1.01,-1.026,-1.012,-0.913,-0.959,-1.01,-1.048,-1.002,-1.014,-1.026,-0.884,-0.959,-1.01,-1.06,-1,-1.014,-0.988,-0.892,-0.963,-1.018,-1.054,-0.988,-1.008,-0.975,-0.87,0,700
"2019-04-16 05:39:00.0",787272,-9999,43.8,-61.63,-61.63,-0.88,-9999,-9999,12.0402,39.87,39.9,13.21,-0.971,-1.026,-1.081,-1.01,-1.024,-1.002,-0.901,-0.961,-1.03,-1.054,-0.99,-1.014,-1.002,-0.927,-0.961,-1.036,-1.056,-0.996,-1.018,-1.022,-0.884,-0.963,-1.032,-1.062,-1.002,-1.02,-1.002,-0.907,0,0
"2019-04-16 05:39:20.0",787273,-9999,43.94,-61.58,-61.58,-0.879,-9999,-9999,12.0402,39.87,39.9,13.21,-0.973,-1.01,-1.066,-1.006,-1.008,-0.988,-0.915,-0.963,-1.058,-1.087,-1.002,-1.02,-0.994,-0.931,-0.963,-1.066,-1.085,-1.004,-1.006,-1.002,-0.892,-0.961,-1.064,-1.046,-1.004,-1.018,-1.012,-0.913,0,0
"2019-04-16 05:39:40.0",787274,-9999,44.08,-61.53,-61.53,-0.879,-9999,-9999,12.0402,39.87,39.88,13.21,-0.971,-1.044,-1.075,-1.004,-1.022,-1.032,-0.927,-0.957,-1.062,-1.07,-1,-1.014,-1.01,-0.898,-0.963,-1.054,-1.044,-1,-1.016,-1.004,-0.903,-0.963,-1.008,-1.068,-0.994,-1.006,-0.996,-0.903,0,0
"2019-04-16 05:40:00.0",787275,-9999,44.22,-61.48,-61.48,-0.879,-9999,-9999,12.0402,39.87,39.88,13.21,-0.967,-1.068,-1.091,-1.018,-1.038,-1.042,-0.894,-0.959,-1.01,-1.07,-0.992,-1.006,-0.998,-0.898,-0.957,-1.054,-1.081,-0.998,-1.022,-1.018,-0.925,-0.961,-1.02,-1.046,-0.99,-1.012,-0.981,-0.88,0,0
"2019-04-16 05:40:20.0",787276,-9999,44.36,-61.43,-61.43,-0.878,-9999,-9999,12.0402,39.87,39.9,13.19,-0.973,-1.038,-1.085,-1.002,-1.024,-1.006,-0.903,-0.961,-1.054,-1.062,-0.996,-1.018,-0.994,-0.923,-0.961,-1.036,-1.077,-1.004,-1.016,-1.006,-0.882,-0.959,-1.066,-1.087,-1.002,-1.018,-1.004,-0.915,0,700
"2019-04-16 05:40:40.0",787277,-9999,44.49,-61.38,-61.38,-0.878,-9999,-9999,12.0402,39.87,39.9,13.19,-0.979,-1.046,-1.077,-1.014,-1.05,-1.022,-0.894,-0.961,-1.014,-1.046,-0.998,-1.018,-1.032,-0.931,-0.961,-1.026,-1.042,-0.998,-1.044,-0.988,-0.888,-0.957,-1.024,-1.07,-0.994,-1.036,-1.002,-0.907,0,0
"2019-04-16 05:41:00.0",787278,-9999,44.63,-61.33,-61.33,-0.877,-9999,-9999,12.0402,39.87,39.88,13.19,-0.973,-1.046,-1.085,-1,-1.018,-0.986,-0.923,-0.957,-1.046,-1.044,-0.998,-1.012,-0.998,-0.905,-0.961,-1.046,-1.062,-0.998,-1.006,-0.992,-0.915,-0.961,-1.058,-1.058,-1,-1.014,-1.02,-0.874,0,0
"2019-04-16 05:41:20.0",787279,-9999,44.77,-61.28,-61.28,-0.877,-9999,-9999,12.0402,39.87,39.88,13.19,-0.975,-1.04,-1.079,-1.018,-1.032,-1.042,-0.898,-0.961,-1.038,-1.034,-0.992,-1.012,-1.01,-0.917,-0.959,-1.028,-1.04,-0.994,-1.016,-1.012,-0.88,-0.955,-1.046,-1.062,-1.002,-1.016,-1.012,-0.892,0,0
"2019-04-16 05:41:40.0",787280,-9999,44.9,-61.23,-61.23,-0.877,-9999,-9999,12.0402,39.87,39.88,13.19,-0.975,-1.016,-1.068,-1,-1.02,-0.998,-0.921,-0.957,-1.042,-1.056,-0.99,-1.026,-0.998,-0.903,-0.957,-1.044,-1.056,-0.994,-1.006,-0.996,-0.917,-0.955,-1.038,-1.06,-0.994,-1.01,-0.992,-0.868,0,0
"2019-04-16 05:42:00.0",787281,-9999,45.04,-61.18,-61.18,-0.876,-9999,-9999,12.0402,39.87,39.9,13.19,-0.971,-1.03,-1.083,-1.018,-1.028,-1.022,-0.917,-0.961,-1.034,-1.064,-1.002,-1.022,-0.998,-0.892,-0.965,-1.042,-1.046,-1.006,-1.026,-1.008,-0.921,-0.957,-1.052,-1.07,-1,-1.016,-1.022,-0.888,0,700
"2019-04-16 05:42:20.0",787282,-9999,45.17,-61.13,-61.13,-0.876,-9999,-9999,12.0402,39.87,39.9,13.19,-0.969,-1.022,-1.062,-1,-1,-1.016,-0.901,-0.957,-1.014,-1.048,-1,-1.012,-1.006,-0.886,-0.967,-1.054,-1.048,-1.004,-1.018,-1.028,-0.882,-0.957,-1.014,-1.068,-1.004,-1.02,-1.01,-0.921,0,0
"2019-04-16 05:42:40.0",787283,-9999,45.31,-61.08,-61.08,-0.875,-9999,-9999,12.0402,39.87,39.9,13.16,-0.973,-1.05,-1.077,-1.006,-1.028,-1.002,-0.89,-0.961,-1.054,-1.077,-0.992,-1.01,-0.977,-0.923,-0.967,-1.03,-1.052,-0.992,-1.006,-0.994,-0.921,-0.961,-1.024,-1.046,-0.992,-1.006,-0.994,-0.87,0,0
"2019-04-16 05:43:00.0",787284,-9999,45.44,-61.03,-61.03,-0.875,-9999,-9999,12.0402,39.87,39.9,13.16,-0.967,-1.014,-1.079,-1.004,-1.024,-0.992,-0.921,-0.963,-1.018,-1.068,-1.002,-1.02,-1.01,-0.888,-0.957,-1.024,-1.089,-1.002,-1.004,-0.986,-0.884,-0.961,-1.02,-1.05,-1.002,-1.02,-1.004,-0.925,0,0
"2019-04-16 05:43:20.0",787285,-9999,45.57,-60.98,-60.98,-0.874,-9999,-9999,12.0402,39.87,39.88,13.16,-0.973,-1.064,-1.093,-1.01,-1.026,-1.026,-0.907,-0.957,-1.048,-1.046,-0.99,-1.03,-0.994,-0.886,-0.959,-1.038,-1.054,-0.988,-1.01,-0.994,-0.89,-0.957,-1.046,-1.054,-0.983,-1.006,-0.99,-0.909,0,0
"2019-04-16 05:43:40.0",787286,-9999,45.71,-60.93,-60.93,-0.874,-9999,-9999,12.0402,39.87,39.88,13.16,-0.969,-1.054,-1.081,-1.012,-1.026,-1.018,-0.909,-0.961,-1.054,-1.04,-0.996,-1.02,-1.002,-0.933,-0.967,-1.056,-1.056,-0.992,-1.018,-0.994,-0.882,-0.959,-1.052,-1.056,-0.998,-1.008,-0.977,-0.898,0,700
"2019-04-16 05:44:00.0",787287,-9999,45.84,-60.88,-60.88,-0.874,-9999,-9999,12.0402,39.87,39.9,13.16,-0.967,-1.048,-1.097,-1.014,-1.032,-0.998,-0.882,-0.957,-1.064,-1.05,-1.002,-1.02,-1,-0.89,-0.961,-1.075,-1.073,-0.992,-1.024,-1.004,-0.903,-0.961,-1.068,-1.06,-1.004,-1.016,-1.008,-0.905,0,0
"2019-04-16 05:44:20.0",787288,-9999,45.97,-60.83,-60.83,-0.873,-9999,-9999,12.0402,39.87,39.9,13.16,-0.971,-1.016,-1.064,-1.002,-1.014,-0.996,-0.882,-0.957,-1.024,-1.036,-0.992,-1.01,-0.979,-0.896,-0.957,-1.028,-1.058,-0.998,-1.032,-1,-0.911,-0.961,-1.03,-1.062,-0.994,-1.008,-0.996,-0.866,0,0
"2019-04-16 05:44:40.0",787289,-9999,46.1,-60.78,-60.78,-0.873,-9999,-9999,12.0402,39.87,39.88,13.16,-0.965,-1.036,-1.089,-1.012,-1.032,-1.038,-0.935,-0.955,-1.016,-1.046,-0.988,-1.004,-0.975,-0.878,-0.959,-1.028,-1.048,-0.99,-1.014,-0.99,-0.896,-0.955,-1.022,-1.075,-0.983,-1.004,-0.99,-0.905,0,0
"2019-04-16 05:45:00.0",787290,-9999,46.24,-60.73,-60.73,-0.872,-9999,-9999,12.0402,39.87,39.88,13.16,-0.975,-1.048,-1.064,-1.012,-1.058,-1.014,-0.929,-0.955,-1.034,-1.05,-0.988,-1.01,-0.994,-0.921,-0.965,-1.004,-1.044,-0.99,-1.006,-0.986,-0.876,-0.959,-1.02,-1.066,-0.988,-0.998,-0.973,-0.882,0,0
"2019-04-16 05:45:20.0",787291,-9999,46.37,-60.68,-60.68,-0.872,-9999,-9999,12.0402,39.87,39.9,13.14,-0.975,-1.034,-1.06,-1.01,-1.028,-1.016,-0.888,-0.961,-1.018,-1.06,-0.99,-1.014,-1.004,-0.896,-0.959,-1.012,-1.073,-0.998,-1.034,-1.016,-0.898,-0.961,-1.012,-1.06,-0.992,-1.006,-0.981,-0.915,0,700
"2019-04-16 05:45:40.0",787292,-9999,46.5,-60.63,-60.63,-0.871,-9999,-9999,12.0406,39.87,39.9,13.14,-0.969,-1.018,-1.07,-1.004,-1.02,-1.028,-0.915,-0.961,-1.042,-1.042,-1,-1.016,-1.006,-0.898,-0.959,-1.046,-1.046,-1,-1.016,-1.004,-0.903,-0.961,-1.036,-1.066,-0.996,-1.018,-0.981,-0.923,0,0
"2019-04-16 05:46:00.0",787293,-9999,46.63,-60.57,-60.57,-0.871,-9999,-9999,12.0406,39.87,39.91,13.14,-0.967,-1.02,-1.062,-1.006,-1.02,-1.006,-0.878,-0.957,-1.034,-1.075,-1.002,-1.018,-1.008,-0.929,-0.959,-1.046,-1.07,-1.002,-1.016,-1.008,-0.929,-0.961,-1.034,-1.075,-1,-1.018,-1.008,-0.894,0,0
"2019-04-16 05:46:20.0",787294,-9999,46.76,-60.52,-60.52,-0.871,-9999,-9999,12.0406,39.87,39.88,13.14,-0.969,-1.004,-1.056,-1.004,-1.014,-1.018,-0.898,-0.957,-1.066,-1.064,-0.998,-1,-0.992,-0.931,-0.959,-1.03,-1.062,-1.002,-1.018,-1.006,-0.923,-0.957,-1.056,-1.068,-0.996,-1.016,-1.006,-0.884,0,0
"2019-04-16 05:46:40.0",787295,-9999,46.89,-60.47,-60.47,-0.87,-9999,-9999,12.0406,39.87,39.9,13.14,-0.971,-1.032,-1.06,-1,-1.016,-1.016,-0.88,-0.961,-1.056,-1.077,-1.006,-0.998,-0.988,-0.892,-0.957,-1.034,-1.06,-1,-1.02,-1.004,-0.903,-0.957,-1.066,-1.075,-0.998,-1.01,-1.004,-0.915,0,0
"2019-04-16 05:47:00.0",787296,-9999,47.02,-60.42,-60.42,-0.87,-9999,-9999,12.0406,39.87,39.88,13.14,-0.969,-1.044,-1.081,-0.994,-1.014,-1.022,-0.907,-0.957,-1.056,-1.085,-1,-1.01,-1.004,-0.919,-0.959,-1.034,-1.081,-0.996,-1.014,-0.998,-0.88,-0.959,-1.03,-1.05,-1,-1.016,-1.004,-0.898,0,700
"2019-04-16 05:47:20.0",787297,-9999,47.15,-60.37,-60.37,-0.869,-9999,-9999,12.0405,39.87,39.9,13.12,-0.967,-1.022,-1.056,-0.998,-1.008,-0.996,-0.878,-0.953,-1.032,-1.064,-0.998,-1.016,-1.008,-0.886,-0.957,-1.012,-1.07,-1.004,-1.012,-1.002,-0.903,-0.959,-1.04,-1.07,-0.996,-1.012,-0.986,-0.911,0,0
"2019-04-16 05:47:40.0",787298,-9999,47.28,-60.32,-60.32,-0.869,-9999,-9999,12.0405,39.87,39.88,13.12,-0.969,-1.038,-1.058,-0.998,-1.014,-1.024,-0.876,-0.957,-1.022,-1.042,-1.002,-1.016,-0.988,-0.89,-0.957,-1.018,-1.052,-1.002,-1.034,-1.002,-0.878,-0.955,-1.026,-1.062,-0.998,-1.01,-1,-0.923,0,0
"2019-04-16 05:48:00.0",787299,-9999,47.4,-60.27,-60.27,-0.868,-9999,-9999,12.0405,39.87,39.88,13.12,-0.961,-1.042,-1.062,-1.006,-1.012,-1.024,-0.907,-0.953,-1.04,-1.054,-0.994,-1.04,-1.002,-0.915,-0.957,-1.01,-1.05,-0.992,-1.002,-0.992,-0.898,-0.957,-1.032,-1.073,-0.988,-1.026,-0.986,-0.909,0,0
"2019-04-16 05:48:20.0",787300,-9999,47.53,-60.21,-60.21,-0.868,-9999,-9999,12.0349,39.87,39.88,13.12,-0.969,-1.075,-1.079,-1.01,-1.028,-1.014,-0.917,-0.959,-1.042,-1.048,-0.988,-1.002,-0.992,-0.907,-0.955,-1.018,-1.042,-0.99,-0.986,-0.969,-0.888,-0.955,-1.046,-1.046,-0.986,-1.006,-0.986,-0.905,0,0
"2019-04-16 05:48:40.0",787301,-9999,47.66,-60.16,-60.16,-0.867,-9999,-9999,12.0405,39.87,39.88,13.12,-0.967,-1.066,-1.077,-1.008,-1.022,-1.008,-0.892,-0.955,-1.034,-1.048,-0.986,-1.004,-0.992,-0.907,-0.957,-1.04,-1.046,-0.988,-1.004,-0.99,-0.907,-0.959,-1.036,-1.046,-0.988,-1.004,-0.988,-0.872,0,700
"2019-04-16 05:49:00.0",787302,-9999,47.79,-60.11,-60.11,-0.867,-9999,-9999,12.046,39.87,39.9,13.12,-0.967,-1.05,-1.06,-0.998,-1.014,-0.998,-0.913,-0.957,-1.052,-1.066,-1,-1.02,-0.994,-0.892,-0.959,-1.058,-1.066,-1.002,-1.018,-1.002,-0.882,-0.957,-1.048,-1.054,-0.996,-1.01,-1.026,-0.898,0,0
"2019-04-16 05:49:20.0",787303,-9999,47.91,-60.06,-60.06,-0.867,-9999,-9999,12.0404,39.87,39.88,13.12,-0.971,-1.032,-1.083,-1.01,-1.026,-1.014,-0.878,-0.953,-1.008,-1.052,-0.988,-1.006,-0.977,-0.907,-0.957,-1.004,-1.058,-0.986,-1.01,-0.99,-0.915,-0.953,-1.014,-1.058,-0.996,-1.014,-1.01,-0.87,0,0
"2019-04-16 05:49:40.0",787304,-9999,48.04,-60,-60,-0.866,-9999,-9999,12.0404,39.87,39.9,13.12,-0.969,-1.028,-1.073,-1.004,-1.024,-1.012,-0.907,-0.957,-1.01,-1.052,-0.979,-1.008,-1.006,-0.876,-0.955,-0.996,-1.05,-0.981,-1.008,-0.971,-0.898,-0.955,-0.996,-1.066,-0.988,-1.002,-0.986,-0.898,0,0
"2019-04-16 05:50:00.0",787305,-9999,48.17,-59.95,-59.95,-0.866,-9999,-9999,12.0404,39.87,39.88,13.12,-0.965,-1.018,-1.064,-0.996,-1.014,-1,-0.88,-0.957,-1.052,-1.087,-0.994,-1.014,-1.002,-0.892,-0.965,-1.054,-1.083,-0.996,-1.014,-1.02,-0.88,-0.957,-1.05,-1.058,-0.99,-1.01,-0.992,-0.915,0,0
"2019-04-16 05:50:20.0",787306,-9999,48.29,-59.9,-59.9,-0.865,-9999,-9999,12.0404,39.87,39.9,13.09,-0.973,-1.046,-1.056,-1.006,-1.01,-1.008,-0.933,-0.955,-1.01,-1.044,-0.99,-0.998,-0.971,-0.909,-0.953,-1,-1.05,-0.983,-1.008,-0.992,-0.866,-0.955,-1.014,-1.028,-0.988,-0.996,-0.981,-0.89,0,700
"2019-04-16 05:50:40.0",787307,-9999,48.42,-59.85,-59.85,-0.865,-9999,-9999,12.0404,39.87,39.9,13.09,-0.957,-1.008,-1.064,-0.992,-1.01,-0.981,-0.913,-0.955,-1.056,-1.04,-0.992,-1.01,-0.998,-0.925,-0.957,-1.056,-1.038,-0.994,-1.01,-0.996,-0.884,-0.953,-1.028,-1.052,-0.986,-1.008,-0.975,-0.892,0,0
"2019-04-16 05:51:00.0",787308,-9999,48.54,-59.79,-59.79,-0.864,-9999,-9999,12.0404,39.87,39.88,13.09,-0.967,-1.064,-1.095,-1.01,-1.024,-1.008,-0.921,-0.955,-1,-1.044,-0.983,-1.002,-0.99,-0.909,-0.951,-1.004,-1.046,-0.986,-1,-0.969,-0.909,-0.951,-0.998,-1.07,-0.981,-0.996,-0.983,-0.864,0,0
"2019-04-16 05:51:20.0",787309,-9999,48.67,-59.74,-59.74,-0.864,-9999,-9999,12.0404,39.87,39.9,13.09,-0.969,-1.018,-1.068,-1.002,-1.018,-1.002,-0.911,-0.955,-1.032,-1.022,-0.983,-1.026,-1.012,-0.876,-0.953,-1.018,-1.02,-0.986,-0.998,-0.986,-0.862,-0.951,-1.014,-1.052,-0.986,-1.002,-0.994,-0.884,0,0
"2019-04-16 05:51:40.0",787310,-9999,48.79,-59.69,-59.69,-0.863,-9999,-9999,12.0404,39.87,39.9,13.09,-0.967,-1.026,-1.066,-1.002,-1.022,-1.026,-0.927,-0.951,-1.038,-1.046,-0.979,-1,-0.986,-0.878,-0.947,-1.022,-1.046,-0.986,-1.002,-0.986,-0.872,-0.943,-1,-1.048,-0.979,-0.994,-0.961,-0.89,0,0
"2019-04-16 05:52:00.0",787311,-9999,48.92,-59.63,-59.63,-0.863,-9999,-9999,12.0404,39.87,39.9,13.09,-0.965,-1.016,-1.044,-0.994,-1.016,-1.002,-0.923,-0.945,-1.016,-1.048,-0.988,-0.998,-0.969,-0.874,-0.949,-0.996,-1.05,-0.981,-1.002,-0.992,-0.864,-0.949,-1.002,-1.056,-0.99,-1.006,-1.006,-0.882,0,700
"2019-04-16 05:52:20.0",787312,-9999,49.04,-59.58,-59.58,-0.862,-9999,-9999,12.0408,39.87,39.9,13.07,-0.959,-1.008,-1.042,-0.994,-1.008,-0.973,-0.909,-0.947,-1.022,-1.062,-0.996,-1.008,-0.981,-0.921,-0.949,-1.05,-1.062,-0.992,-1.002,-1.012,-0.915,-0.951,-1.046,-1.054,-0.986,-1.006,-0.994,-0.882,0,0
"2019-04-16 05:52:40.0",787313,-9999,49.16,-59.53,-59.53,-0.862,-9999,-9999,12.0463,39.87,39.9,13.07,-0.959,-1.062,-1.05,-1,-1.016,-1.008,-0.919,-0.951,-1.006,-1.04,-0.975,-1.022,-0.967,-0.884,-0.949,-1.044,-1.03,-0.981,-1,-0.983,-0.874,-0.949,-1.036,-1.04,-0.977,-0.975,-0.977,-0.888,0,0
"2019-04-16 05:53:00.0",787314,-9999,49.28,-59.47,-59.47,-0.861,-9999,-9999,12.0408,39.87,39.9,13.07,-0.963,-1.048,-1.066,-1.004,-1.016,-1.006,-0.917,-0.951,-1.01,-1.062,-0.986,-1.004,-0.994,-0.917,-0.947,-1.042,-1.03,-0.986,-1.006,-0.994,-0.911,-0.947,-1.044,-1.05,-0.986,-0.998,-1.008,-0.909,0,0
"2019-04-16 05:53:20.0",787315,-9999,49.41,-59.42,-59.42,-0.861,-9999,-9999,12.0408,39.87,39.9,13.07,-0.965,-1.008,-1.054,-0.99,-1.006,-1.01,-0.911,-0.947,-1.032,-1.042,-0.977,-0.994,-0.983,-0.89,-0.947,-1.038,-1.058,-0.975,-0.996,-0.998,-0.886,-0.945,-1.014,-1.06,-0.979,-0.979,-0.963,-0.886,0,0
"2019-04-16 05:53:40.0",787316,-9999,49.53,-59.37,-59.37,-0.86,-9999,-9999,12.0408,39.87,39.9,13.07,-0.957,-1.048,-1.058,-0.99,-1.01,-0.998,-0.874,-0.947,-1.03,-1.05,-0.986,-1.018,-0.998,-0.872,-0.947,-1.012,-1.052,-0.983,-0.99,-0.971,-0.866,-0.949,-0.99,-1.046,-0.979,-1,-0.99,-0.888,0,700
"2019-04-16 05:54:00.0",787317,-9999,49.65,-59.31,-59.31,-0.86,-9999,-9999,12.0411,39.88,39.9,13.07,-0.957,-1.054,-1.044,-0.998,-1.018,-1.022,-0.878,-0.947,-1.046,-1.052,-0.99,-1.002,-0.996,-0.886,-0.947,-1.042,-1.048,-0.986,-1.008,-0.992,-0.878,-0.945,-1.014,-1.052,-0.983,-1.004,-0.992,-0.87,0,0
"2019-04-16 05:54:20.0",787318,-9999,49.77,-59.26,-59.26,-0.859,-9999,-9999,12.0411,39.9,39.89,13.07,-0.955,-1.052,-1.058,-0.994,-1.002,-0.981,-0.884,-0.947,-1.026,-1.046,-0.975,-0.996,-0.981,-0.876,-0.945,-0.998,-1.046,-0.977,-1.006,-0.977,-0.868,-0.943,-1.042,-1.042,-0.977,-1.002,-0.981,-0.892,0,0
"2019-04-16 05:54:40.0",787319,-9999,49.89,-59.21,-59.21,-0.859,-9999,-9999,12.0411,39.88,39.89,13.07,-0.959,-1.042,-1.054,-0.99,-1.028,-0.971,-0.878,-0.947,-1.036,-1.042,-0.973,-0.992,-0.967,-0.905,-0.947,-1.018,-1.044,-0.977,-0.996,-1,-0.901,-0.945,-1.028,-1.04,-0.973,-1.014,-0.959,-0.898,0,0
"2019-04-16 05:55:00.0",787320,-9999,50.01,-59.15,-59.15,-0.859,-9999,-9999,12.0411,39.9,39.89,13.07,-0.955,-1.04,-1.048,-0.981,-1.004,-0.986,-0.898,-0.945,-0.986,-1.044,-0.979,-1.014,-1.004,-0.896,-0.943,-1.034,-1.058,-0.977,-0.992,-0.986,-0.901,-0.945,-1.026,-1.066,-0.977,-0.996,-0.998,-0.856,0,0
"2019-04-16 05:55:20.0",787321,-9999,50.13,-59.1,-59.1,-0.858,-9999,-9999,12.0411,39.88,39.89,13.07,-0.955,-1.018,-1.062,-0.998,-1.012,-1.026,-0.882,-0.945,-1.026,-1.036,-0.986,-1.002,-0.977,-0.925,-0.947,-1.002,-1.054,-0.986,-1.014,-1.012,-0.907,-0.945,-1.008,-1.034,-0.988,-1.024,-0.981,-0.913,0,700
"2019-04-16 05:55:40.0",787322,-9999,50.25,-59.04,-59.04,-0.858,-9999,-9999,12.0409,39.9,39.89,13.07,-0.957,-1.036,-1.06,-0.996,-1.014,-0.994,-0.915,-0.945,-1.03,-1.06,-0.975,-1,-1.004,-0.88,-0.947,-1.024,-1.042,-0.981,-1.002,-0.981,-0.874,-0.943,-1.01,-1.04,-0.979,-0.998,-0.998,-0.864,0,0
"2019-04-16 05:56:00.0",787323,-9999,50.37,-58.99,-58.99,-0.857,-9999,-9999,12.0409,39.9,39.87,13.07,-0.955,-1.012,-1.03,-0.988,-1.004,-0.992,-0.896,-0.945,-0.998,-1.03,-0.977,-0.992,-0.977,-0.915,-0.943,-1.038,-1.016,-0.975,-0.996,-0.963,-0.907,-0.945,-1.022,-1.018,-0.973,-0.994,-0.994,-0.892,0,0
"2019-04-16 05:56:20.0",787324,-9999,50.49,-58.94,-58.94,-0.857,-9999,-9999,12.0409,39.88,39.89,13.07,-0.955,-1.002,-1.046,-0.986,-1.006,-1.008,-0.87,-0.943,-1.014,-1.02,-0.979,-0.994,-0.986,-0.905,-0.943,-0.979,-1.062,-0.979,-0.994,-0.967,-0.888,-0.941,-1.034,-1.05,-0.973,-0.996,-0.979,-0.888,0,0
"2019-04-16 05:56:40.0",787325,-9999,50.61,-58.88,-58.88,-0.856,-9999,-9999,12.0409,39.9,39.89,13.07,-0.957,-1.038,-1.064,-0.998,-1.01,-1.002,-0.919,-0.943,-1.02,-1.073,-0.986,-0.979,-0.996,-0.898,-0.945,-1.016,-1.062,-0.986,-1.002,-0.992,-0.903,-0.943,-1.048,-1.056,-0.988,-1.004,-0.977,-0.882,0,0
"2019-04-16 05:57:00.0",787326,-9999,50.73,-58.83,-58.83,-0.856,-9999,-9999,12.0409,39.9,39.9,13.07,-0.955,-1.04,-1.04,-0.996,-1.012,-1.002,-0.892,-0.943,-1.002,-1.042,-0.979,-1.004,-0.973,-0.911,-0.945,-1.04,-1.034,-0.983,-1.02,-1.004,-0.915,-0.943,-1.026,-1.028,-0.981,-0.998,-0.977,-0.894,0,700
"2019-04-16 05:57:20.0",787327,-9999,50.85,-58.77,-58.77,-0.855,-9999,-9999,12.0411,39.9,39.89,13.07,-0.955,-1.054,-1.06,-0.992,-1.012,-0.994,-0.876,-0.945,-1.04,-1.048,-0.986,-0.996,-0.986,-0.919,-0.945,-1.032,-1.042,-0.983,-1.002,-0.979,-0.919,-0.939,-1.01,-1.044,-0.973,-0.998,-0.977,-0.905,0,0
"2019-04-16 05:57:40.0",787328,-9999,50.97,-58.72,-58.72,-0.855,-9999,-9999,12.0411,39.9,39.89,13.07,-0.955,-1.036,-1.058,-0.992,-1.01,-0.998,-0.876,-0.945,-1.018,-1.038,-0.979,-1.018,-0.992,-0.923,-0.947,-1.002,-1.05,-0.983,-0.981,-0.981,-0.892,-0.945,-1.04,-1.046,-0.979,-0.998,-1.002,-0.888,0,0
"2019-04-16 05:58:00.0",787329,-9999,51.08,-58.66,-58.66,-0.854,-9999,-9999,12.0411,39.9,39.89,13.07,-0.951,-1.004,-1.068,-0.988,-1.002,-0.977,-0.874,-0.941,-1,-1.036,-0.977,-0.996,-0.967,-0.872,-0.947,-1.038,-1.048,-0.971,-1,-1.002,-0.88,-0.939,-1.014,-1.046,-0.977,-0.998,-0.979,-0.864,0,0
"2019-04-16 05:58:20.0",787330,-9999,51.2,-58.61,-58.61,-0.854,-9999,-9999,12.0411,39.9,39.89,13.07,-0.953,-1.042,-1.052,-0.983,-0.986,-1.004,-0.884,-0.941,-1.03,-1.032,-0.971,-0.973,-0.981,-0.872,-0.943,-1.02,-1.04,-0.971,-0.992,-0.959,-0.866,-0.939,-0.994,-1.032,-0.971,-0.992,-0.994,-0.876,0,0
"2019-04-16 05:58:40.0",787331,-9999,51.32,-58.55,-58.55,-0.853,-9999,-9999,12.0411,39.9,39.87,13.07,-0.955,-1.014,-1.044,-0.981,-1.004,-0.99,-0.901,-0.939,-0.994,-1.038,-0.973,-0.998,-0.961,-0.892,-0.937,-1.028,-1.042,-0.971,-0.996,-0.977,-0.88,-0.941,-1.004,-1.02,-0.973,-0.994,-0.979,-0.87,0,700
"2019-04-16 05:59:00.0",787332,-9999,51.43,-58.5,-58.5,-0.853,-9999,-9999,12.0414,39.9,39.89,13.07,-0.947,-0.998,-1.054,-0.996,-1.006,-1.014,-0.868,-0.941,-1.044,-1.046,-0.981,-1,-1.006,-0.88,-0.943,-1.026,-1.05,-0.977,-1.002,-0.986,-0.86,-0.941,-1.012,-1.048,-0.983,-0.998,-1.008,-0.884,0,0
"2019-04-16 05:59:20.0",787333,-9999,51.55,-58.44,-58.44,-0.852,-9999,-9999,12.0414,39.9,39.89,13.07,-0.953,-1.054,-1.046,-0.996,-1.016,-0.996,-0.907,-0.945,-1.016,-1.032,-0.981,-1.002,-0.99,-0.903,-0.943,-1.002,-1.068,-0.99,-1.024,-0.979,-0.901,-0.945,-1.042,-1.054,-0.986,-0.981,-1.004,-0.888,0,0
"2019-04-16 05:59:40.0",787334,-9999,51.66,-58.39,-58.39,-0.852,-9999,-9999,12.0414,39.9,39.89,13.07,-0.957,-1.054,-1.056,-0.99,-1.008,-0.992,-0.876,-0.939,-1.026,-1.012,-0.973,-0.996,-0.977,-0.87,-0.945,-1.022,-1.054,-0.973,-0.996,-0.957,-0.866,-0.943,-0.996,-1.036,-0.971,-0.99,-0.994,-0.86,0,0
