"TOA5","","","1764","CR1000.Std.24","CPU:MFRSR_10012018V2.8.CR1","13574","TableHdr","PbCdlComm-1.6.0 (2016/01/26)"
"TIMESTAMP","RECORD","loggerID""headID""xpgmVerID""xlat""xlon""xSiteElev""xFULLREV""xCRXHSTEPS""xSCANseconds""xSCANnAvg""xSCANtrough""xHOMEoffset""xALLTIMEband"
"TS","RN","--""--""--""deg""deg""m""--""--""sec""--""--""--""--"
"","","Smp""Smp""Smp""Smp""Smp""Smp""Smp""Smp""Smp""Smp""Smp""Smp""Smp"
"2019-04-16 12:00:00.0",373,1764,180054423,2.8,-32.1259,-64.7287,1160,800,20,20,1,10,0,-1
"TOA5","","","1764","CR1000.Std.24","CPU:MFRSR_10012018V2.8.CR1","13574","Table155","PbCdlComm-1.6.0 (2016/01/26)"
"TIMESTAMP","RECORD","xoset""az""el""al""cosz""cosasz""pamass""vBat""Thead""THTC""Tlogger""Dnadir(1)""Dnadir(2)""Dnadir(3)""Dnadir(4)""Dnadir(5)""Dnadir(6)""Dnadir(7)""Deast(1)""Deast(2)""Deast(3)""Deast(4)""Deast(5)""Deast(6)""Deast(7)""Dsun(1)""Dsun(2)""Dsun(3)""Dsun(4)""Dsun(5)""Dsun(6)""Dsun(7)""Dwest(1)""Dwest(2)""Dwest(3)""Dwest(4)""Dwest(5)""Dwest(6)""Dwest(7)""kount""khome"
"TS","RN","sec""deg""deg""deg""--""--""--""Volt""degC""degC""degC""mV""mV""mV""mV""mV""mV""mV""mV""mV""mV""mV""mV""mV""mV""mV""mV""mV""mV""mV""mV""mV""mV""mV""mV""mV""mV""mV""mV""--""--"
"","","Smp""Smp""Smp""Smp""Smp""Smp""Smp""Smp""Smp""Smp""Smp""Smp""Smp""Smp""Smp""Smp""Smp""Smp""Smp""Smp""Smp""Smp""Smp""Smp""Smp""Smp""Smp""Smp""Smp""Smp""Smp""Smp""Smp""Smp""Smp""Smp""Smp""Smp""Smp""Smp""Smp"
"2019-04-16 18:00:00.0",789495,4730,-146.7,41.31,41.32,0.66,0.66,1.512,12.0501,40.16,39.92,24.25,34.4,86.4,85,72.27,76,70.5,72.13,27.89,76.34,73.56,61.41,64.06,58.56,59.58,11.6,42,34.4,26.26,26.94,25.04,24.36,25.79,73.69,70.37,58.49,60.93,55.51,56.05,455,325
"2019-04-16 18:00:20.0",789496,4730,-146.6,41.27,41.29,0.66,0.66,1.513,12.0501,40.15,39.92,24.28,19.61,63.72,58.15,47.09,48.65,44.11,44.11,16.15,55.91,49.74,39.42,40.51,36.51,36.17,11.74,42.61,35.01,26.87,27.55,25.45,24.9,16.08,55.37,49.26,39.36,40.58,36.71,36.37,455,325
"2019-04-16 18:00:40.0",789497,4730,-146.5,41.23,41.25,0.659,0.659,1.515,12.0557,40.15,39.92,24.28,16.56,55.57,49.2,39.29,40.51,37.12,37.05,13.57,49.67,42.82,33.45,34.34,30.94,30.6,11.94,42.82,35.29,27.14,27.89,25.79,25.38,14.59,51.44,44.92,35.56,36.71,33.25,32.84,455,325
"2019-04-16 18:01:00.0",789498,4730,-146.4,41.19,41.21,0.659,0.659,1.516,12.0501,40.15,39.92,24.28,17.51,59.98,54.01,43.36,44.72,40.37,40.24,14.52,54.83,48.38,37.93,38.75,34.27,33.79,12.28,43.02,35.62,27.55,28.36,26.4,26.19,15.54,56.52,50.42,40.04,41.19,36.57,36.17,455,325
"2019-04-16 18:01:20.0",789499,4730,-146.3,41.15,41.17,0.658,0.658,1.517,12.0557,40.15,39.92,24.3,18.73,62.16,56.52,45.67,47.23,42.89,43.09,14.11,53.27,46.82,36.85,37.59,33.45,33.18,12.08,42.34,34.81,26.8,27.62,25.85,25.79,14.18,52.39,46.14,36.64,37.66,33.86,33.66,455,325
"2019-04-16 18:01:40.0",789500,4740,-146.2,41.11,41.13,0.658,0.658,1.518,12.0445,40.15,39.92,24.3,16.49,57.47,50.96,40.51,41.8,38,38.07,13.64,53.34,46.48,36.17,36.85,32.77,32.5,10.79,40.71,32.57,24.5,25.04,23.07,22.6,15.74,57,50.69,40.31,41.46,37.19,37.05,456,324
"2019-04-16 18:02:00.0",789501,4740,-146.1,41.07,41.09,0.657,0.657,1.519,12.0445,40.15,39.92,24.3,17.24,61.75,55.51,44.24,45.53,40.58,40.37,14.59,57.14,50.62,39.7,40.44,35.42,35.01,9.16,38.88,30.2,22.12,22.39,20.29,19.47,14.93,57.68,51.3,40.51,41.46,36.17,35.62,456,324
"2019-04-16 18:02:20.0",789502,4740,-146,41.03,41.05,0.656,0.657,1.521,12.039,40.15,39.92,24.3,34.81,90.1,89,75.86,79.93,74.23,76.41,43.7,98.1,99.8,87.1,92.4,87.3,90.8,8.28,37.39,28.23,19.88,19.88,17.85,17.03,48.59,103.8,106.8,94.1,100.3,95.5,99.7,456,324
"2019-04-16 18:02:40.0",789503,4750,-145.9,40.99,41.01,0.656,0.656,1.522,12.039,40.15,39.92,24.3,52.66,110.6,114.6,101.6,108.4,103.8,108.6,58.9,114.7,120.6,107.8,115.4,111.2,116.6,8.01,37.12,27.82,19.41,19.34,17.37,16.42,59.92,115.5,121.5,108.7,116.4,112.2,117.6,456,324
"2019-04-16 18:03:00.0",789504,4740,-145.8,40.95,40.97,0.655,0.656,1.523,12.039,40.15,39.92,24.3,41.12,95.5,96,83,87.9,82.6,85.5,41.12,94.7,95.7,83,87.8,82.6,85.4,7.871,37.25,27.96,19.68,19.61,17.51,16.62,40.99,93.4,93.8,81.2,85.9,80.6,83.2,456,324
"2019-04-16 18:03:20.0",789505,4740,-145.7,40.91,40.93,0.655,0.655,1.524,12.039,40.13,39.93,24.33,30.06,81.8,78.78,66.02,68.94,63.45,64.53,26.87,75.12,71.38,59.03,61.27,55.85,56.66,8.21,37.46,28.43,20.15,20.15,18.12,17.24,17.03,59.85,53.27,42.07,43.02,38.14,37.73,456,324
"2019-04-16 18:03:40.0",789506,4750,-145.6,40.87,40.89,0.654,0.655,1.525,12.0501,40.12,39.93,24.33,12.01,49.94,42,32.03,32.64,28.97,28.36,9.91,46.35,38.47,28.91,29.11,25.24,24.36,8.96,37.8,28.91,20.76,20.97,19.14,18.52,11.47,48.99,41.46,31.82,32.44,28.64,27.96,457,323
"2019-04-16 18:04:00.0",789507,4750,-145.5,40.83,40.85,0.654,0.654,1.527,12.0501,40.13,39.92,24.33,43.7,99.2,100.6,87.3,92.6,87.2,90.6,48.04,103.3,106.5,93.6,99.5,94,98,9.3,37.32,28.3,20.22,20.36,18.8,18.32,53.2,107.2,111.8,99.3,106.1,101.5,106.2,457,323
"2019-04-16 18:04:20.0",789508,4750,-145.4,40.79,40.81,0.653,0.654,1.528,12.0501,40.15,39.92,24.33,67.65,123,130.3,117.4,126.1,122.6,129.4,65.68,119.4,127,114.5,123,119.2,125.5,8.35,36.1,26.53,18.39,18.25,16.69,16.22,66.09,119.6,127.1,114.7,123.2,119.6,126,457,323
"2019-04-16 18:04:40.0",789509,4750,-145.3,40.75,40.77,0.653,0.653,1.529,12.0557,40.15,39.92,24.33,66.02,120.7,127.4,114.3,122.5,118.9,125.5,64.19,117.3,124.2,111.7,119.8,115.9,122.2,7.464,35.29,25.38,17.1,16.76,15.06,14.52,64.46,117.6,124.5,112,120,116.4,122.9,457,323
"2019-04-16 18:05:00.0",789510,4750,-145.2,40.71,40.73,0.652,0.653,1.53,12.0612,40.13,39.92,24.33,64.73,119.9,126.1,112.9,120.9,116.8,123.2,63.38,117.1,123.8,111,119,114.9,120.9,6.65,34.54,24.43,16.01,15.54,13.64,12.89,63.65,117.1,123.7,110.9,118.9,114.8,121,457,323
"2019-04-16 18:05:20.0",789511,4750,-145.2,40.67,40.69,0.652,0.652,1.532,12.0445,40.15,39.96,24.33,63.92,119.4,125.5,112.1,119.9,115.5,121.7,62.97,117,123.6,110.7,118.5,114.3,120.4,6.039,33.93,23.55,15.13,14.59,12.55,11.67,63.24,117.1,123.6,110.7,118.5,114.5,120.7,458,322
"2019-04-16 18:05:40.0",789512,4750,-145.1,40.63,40.65,0.651,0.651,1.533,12.0501,40.15,39.96,24.36,63.45,119.1,124.9,111.3,119.1,114.7,121.1,62.5,116.4,122.8,110,117.8,113.4,119.6,5.496,33.32,22.87,14.39,13.71,11.67,10.72,62.83,116.6,122.9,110.1,117.9,113.8,120.1,458,322
"2019-04-16 18:06:00.0",789513,4750,-145,40.59,40.61,0.651,0.651,1.534,12.039,40.15,39.96,24.36,62.9,118.1,123.6,110.3,118.1,113.7,119.9,62.02,114.9,121.1,108.5,116.2,112.2,118.2,5.157,32.91,22.32,13.91,13.16,11.06,10.11,62.43,115.4,121.5,108.8,116.6,112.6,118.7,458,322
"2019-04-16 18:06:20.0",789514,4750,-144.9,40.55,40.57,0.65,0.65,1.535,12.039,40.15,39.96,24.36,62.63,117.6,123.1,109.9,117.5,113.1,119,61.68,114.6,120.7,108.4,116.1,111.6,117.6,5.021,32.64,22.05,13.64,12.89,10.79,9.91,62.29,115.3,121.3,108.8,116.4,112.1,118.3,458,322
"2019-04-16 18:06:40.0",789515,4750,-144.8,40.51,40.53,0.65,0.65,1.537,12.0445,40.18,39.96,24.36,62.7,117.5,123.2,109.9,117.5,113.1,119.4,61.34,114.5,120.3,107.8,115.8,111.2,117.3,5.089,32.57,21.99,13.71,13.03,10.86,10.11,62.43,115.6,121.7,109.1,116.9,112.6,119,458,322
"2019-04-16 18:07:00.0",789516,4760,-144.7,40.47,40.49,0.649,0.649,1.538,12.0501,40.18,39.96,24.36,62.77,117.3,122.9,109.5,117.3,113,119.5,61.07,113.8,119.6,107.1,114.6,110.4,116.6,5.225,32.64,22.12,13.84,13.16,11.06,10.45,62.5,115,121,108.4,116,112.4,119.2,459,321
"2019-04-16 18:07:20.0",789517,4760,-144.6,40.43,40.45,0.648,0.649,1.539,12.0557,40.17,39.96,24.36,61.68,115.2,120.1,106.8,114.2,109.9,116.7,59.78,111.6,116.8,104.1,111.5,107.3,113.7,4.886,32.5,21.78,13.44,12.76,10.59,9.91,59.58,111.3,116.3,103.5,110.7,106.7,113,459,321
"2019-04-16 18:07:40.0",789518,4760,-144.5,40.39,40.41,0.648,0.648,1.54,12.0501,40.17,39.96,24.36,57,111.1,114.7,101.2,107.8,103.1,109.3,58.02,110.6,115.4,102.6,109.7,105,111.3,4.614,32.23,21.51,13.23,12.49,10.11,9.43,60.8,113.5,118.8,105.9,113.3,108.8,115.6,459,321
"2019-04-16 18:08:00.0",789519,4760,-144.4,40.35,40.37,0.647,0.648,1.542,12.0501,40.17,39.96,24.36,62.9,117.3,122.8,109.7,117.5,113.2,120.6,60.05,112.6,118.2,105.5,113,108.6,115.9,4.614,31.96,21.17,12.89,12.21,9.84,9.23,58.02,110.3,115.3,102.6,109.8,105.4,112.5,459,321
"2019-04-16 18:08:20.0",789520,4760,-144.3,40.31,40.32,0.647,0.647,1.543,12.0557,40.17,39.96,24.36,60.46,114.6,119.3,105.9,113.1,108.7,116.1,57.95,109.9,114.5,101.7,108.6,104.4,111.3,4.546,31.62,20.83,12.62,11.94,9.64,9.09,57.41,109.7,114.4,101.7,108.8,104.4,111.6,459,321
"2019-04-16 18:08:40.0",789521,4760,-144.2,40.26,40.28,0.646,0.647,1.544,12.0668,40.17,39.96,24.36,55.24,109.4,113.4,100.4,107.3,102.8,109.2,59.92,112.8,118.1,105.4,112.8,108.4,115.4,4.275,31.08,20.22,12.08,11.26,9.23,8.69,60.8,113.7,119.2,106.4,114,109.8,116.8,459,321
"2019-04-16 18:09:00.0",789522,4770,-144.1,40.22,40.24,0.646,0.646,1.546,12.0445,40.17,39.95,24.36,40.1,93.8,93.8,80.9,85.5,80.3,84.8,36.64,90,90.4,78.31,83.1,78.37,83,3.732,30.74,19.81,11.67,10.79,8.55,7.871,42.95,97.1,98.9,86.7,92.1,87.3,92.4,460,320
"2019-04-16 18:09:20.0",789523,4770,-144,40.18,40.2,0.645,0.645,1.547,12.0445,40.17,39.95,24.42,62.83,118.1,124.2,110.9,118.9,114.3,121.3,62.02,115.7,122.3,109.6,117.6,113,119.8,3.8,30.67,19.61,11.4,10.52,8.41,7.668,61.68,114.9,121.6,109,116.7,112.3,119.1,460,320
"2019-04-16 18:09:40.0",789524,4770,-143.9,40.14,40.16,0.645,0.645,1.548,12.0445,40.17,39.95,24.42,62.16,117.3,123,109.7,117.4,112.8,119.6,61.55,114.7,121,108.5,116.4,112,118.6,3.596,30.6,19.54,11.26,10.38,8.14,7.396,60.93,113.9,119.8,107.3,114.9,110.7,117.7,460,320
"2019-04-16 18:10:00.0",789525,4770,-143.9,40.1,40.12,0.644,0.644,1.55,12.0445,40.17,39.95,24.42,61.61,116.5,121.9,108.4,116,111.4,118.3,61.07,114.3,120.4,107.6,115.2,110.7,117.5,3.596,30.54,19.47,11.2,10.31,8.07,7.261,60.46,113.5,119.3,106.5,114,109.6,116.2,460,320
"2019-04-16 18:10:20.0",789526,4770,-143.8,40.06,40.07,0.644,0.644,1.551,12.0445,40.17,39.95,24.42,61.21,115.9,121.3,108,115.5,110.9,117.1,60.6,113.5,119.3,106.5,114.1,109.5,115.6,3.461,30.33,19.2,10.99,10.04,7.803,6.989,60.19,112.8,118.5,105.8,113.4,109,114.9,460,320
"2019-04-16 18:10:40.0",789527,4770,-143.7,40.01,40.03,0.643,0.643,1.552,12.0557,40.17,39.95,24.45,60.73,115.2,120.4,107.3,114.5,109.9,115.8,59.92,112.5,118.3,105.6,113,108.6,114.2,3.189,29.99,18.66,10.45,9.5,7.328,6.446,59.92,112.2,117.9,105,112.6,108.4,114.1,461,319
"2019-04-16 18:11:00.0",789528,4770,-143.6,39.97,39.99,0.642,0.643,1.554,12.0557,40.17,39.95,24.45,60.39,114.7,119.6,106.1,113.6,109.1,114.5,59.37,112.1,117.6,105,112.3,107.8,113.3,2.918,29.52,18.19,9.97,9.02,6.786,5.903,59.65,112.2,117.7,105,112.5,108.1,113.7,461,319
"2019-04-16 18:11:20.0",789529,4770,-143.5,39.93,39.95,0.642,0.642,1.555,12.0557,40.17,39.95,24.45,59.98,113.8,118.7,105.6,113,108.5,114,59.1,111.2,116.6,104.3,111.6,107.1,112.5,2.714,29.18,17.78,9.64,8.62,6.446,5.564,59.65,111.4,116.9,104.4,111.9,107.7,113.1,461,319
"2019-04-16 18:11:40.0",789530,4770,-143.4,39.89,39.91,0.641,0.642,1.556,12.0501,40.17,39.95,24.48,59.71,112.6,117.3,104.4,112,107.8,113,58.9,110.3,115.8,103.3,110.7,106.6,111.7,2.579,28.97,17.57,9.43,8.41,6.378,5.429,59.58,110.9,116.5,104.3,111.8,108,113.1,461,319
"2019-04-16 18:12:00.0",789531,4770,-143.3,39.85,39.86,0.641,0.641,1.558,12.0557,40.17,39.95,24.48,59.71,113.5,118.4,105.5,112.8,108.4,114.4,58.9,111.1,116.5,103.9,111.6,106.9,112.6,2.443,28.91,17.44,9.43,8.41,6.243,5.361,59.37,111.4,117,104.6,112,107.6,113.5,461,319
"2019-04-16 18:12:20.0",789532,4770,-143.2,39.8,39.82,0.64,0.64,1.559,12.0557,40.17,39.95,24.51,59.24,112.8,117.8,104.7,112.2,107.5,113.7,58.36,110.5,115.8,103.3,110.6,106.2,112.2,2.307,28.77,17.3,9.23,8.21,6.039,5.089,58.63,110.6,116,103.5,110.9,106.5,112.7,461,319
"2019-04-16 18:12:40.0",789533,4780,-143.1,39.76,39.78,0.64,0.64,1.561,12.0445,40.17,39.95,24.51,59.31,112.8,117.5,104.4,111.8,107.4,113.8,58.63,110.5,116,103.4,110.9,106.5,112.8,2.375,28.77,17.24,9.09,8.07,5.971,5.089,59.1,110.9,116.3,103.8,111.1,106.9,113.2,462,318
"2019-04-16 18:13:00.0",789534,4780,-143,39.72,39.74,0.639,0.639,1.562,12.0445,40.17,39.95,24.51,59.37,113,117.7,104.8,112,107.6,113.7,58.9,111.1,116.6,103.9,111.5,106.9,113.1,2.579,28.91,17.37,9.3,8.21,6.175,5.361,59.31,111.5,117,104.3,111.7,107.4,113.7,462,318
"2019-04-16 18:13:20.0",789535,4780,-142.9,39.68,39.7,0.638,0.639,1.563,12.0445,40.17,39.95,24.51,59.51,113.4,118.2,105,112.5,107.8,113.6,58.97,111.4,116.9,104.2,111.6,107.1,112.8,2.646,28.97,17.44,9.36,8.28,6.311,5.429,59.37,111.8,117.2,104.6,112,107.6,113.3,462,318
"2019-04-16 18:13:40.0",789536,4780,-142.8,39.63,39.65,0.638,0.638,1.565,12.0445,40.17,39.95,24.54,59.58,113.7,118.6,105.2,112.7,108.1,113.7,59.03,111.4,117.1,104.4,111.8,107.3,112.7,2.579,28.91,17.37,9.3,8.21,6.243,5.361,59.37,111.8,117.4,104.6,112,107.8,113.1,462,318
"2019-04-16 18:14:00.0",789537,4780,-142.8,39.59,39.61,0.637,0.638,1.566,12.039,40.17,39.95,24.54,59.65,113.7,118.7,105.6,112.7,108.2,113.5,59.17,111.8,117.3,104.6,112,107.4,112.7,2.511,28.84,17.3,9.16,8.14,6.107,5.225,59.37,112,117.6,104.8,112.2,107.9,113,462,318
"2019-04-16 18:14:20.0",789538,4800,-142.7,39.55,39.57,0.637,0.637,1.568,12.0557,40.17,39.95,24.57,46.89,97.4,98.8,86.2,91.5,86.9,90.2,47.36,98.2,100.9,89,95.1,90.7,94.4,2.443,28.7,17.17,9.09,8.07,6.039,5.157,54.56,106.4,110.7,98.3,105.2,101,105.4,463,317
"2019-04-16 18:14:40.0",789539,4800,-142.6,39.5,39.52,0.636,0.636,1.569,12.0557,40.17,39.95,24.57,60.19,114.3,119.5,106.4,113.9,109.4,113.9,59.78,112.8,119,106.3,113.9,109.4,113.7,2.646,28.84,17.37,9.23,8.21,6.311,5.496,59.37,112.5,118.3,105.7,113.1,108.6,112.9,463,317
"2019-04-16 18:15:00.0",789540,4800,-142.5,39.46,39.48,0.636,0.636,1.57,12.0501,40.17,39.95,24.57,32.16,78.03,75.18,63.51,66.91,62.56,63.85,46.55,96.5,98.9,87,92.7,88.3,91.2,2.646,29.04,17.64,9.5,8.55,6.582,5.7,51.23,102.6,106.4,94.3,100.8,96.3,99.6,463,317
"2019-04-16 18:15:20.0",789541,4800,-142.4,39.42,39.44,0.635,0.635,1.572,12.0557,40.17,39.95,24.6,60.46,116.2,122.3,109.2,116.9,111.9,115.9,53.47,106.3,110.7,98.1,104.5,99.3,102.4,2.714,29.11,17.78,9.77,8.82,6.921,6.107,44.51,94.6,96.2,83.9,89,83.8,85.8,463,317
"2019-04-16 18:15:40.0",789542,4800,-142.3,39.37,39.39,0.634,0.635,1.573,12.0557,40.17,39.95,24.6,47.43,102.1,103.9,90.3,95.8,90.2,92.3,49.06,101.9,105.1,92.7,98.7,93.4,95.9,2.579,28.91,17.51,9.57,8.55,6.582,5.7,51.57,104.3,108.1,95.6,101.7,96.6,99.1,463,317
"2019-04-16 18:16:00.0",789543,4800,-142.2,39.33,39.35,0.634,0.634,1.575,12.0445,40.17,39.95,24.6,57.41,110.5,115.3,102.5,109.7,105.2,108.8,58.36,109.8,115.6,103.3,110.7,106.4,110.1,2.239,28.43,16.9,8.82,7.736,5.7,4.75,58.29,109.5,115.1,102.8,110.2,106,109.7,464,316
"2019-04-16 18:16:20.0",789544,4800,-142.1,39.29,39.31,0.633,0.633,1.576,12.0445,40.17,39.95,24.63,57.68,109.3,113.7,101,108.2,104,107.8,57.75,108.2,113.5,101.5,108.8,104.7,108.1,2.036,28.3,16.69,8.62,7.464,5.293,4.343,57.75,107.9,112.8,101,108.1,104.3,107.9,464,316
"2019-04-16 18:16:40.0",789545,4800,-142,39.25,39.26,0.633,0.633,1.578,12.0501,40.17,39.95,24.63,58.09,110.2,114.7,102,109.3,104.9,108.5,57.68,108.4,113.9,101.6,108.8,104.5,108.2,1.968,28.23,16.62,8.48,7.396,5.225,4.207,57.75,108.3,113.5,101.4,108.6,104.4,108.2,464,316
"2019-04-16 18:17:00.0",789546,4800,-141.9,39.2,39.22,0.632,0.632,1.579,12.0445,40.17,39.95,24.63,58.09,110.5,115.2,102.4,109.5,105.2,109.1,57.68,108.6,113.9,101.7,109,104.8,108.6,1.968,28.3,16.69,8.62,7.464,5.225,4.207,57.81,108.5,113.9,101.5,108.8,104.6,108.6,464,316
"2019-04-16 18:17:20.0",789547,4800,-141.9,39.16,39.18,0.631,0.632,1.58,12.0445,40.17,39.95,24.66,58.02,110.4,115.2,102.5,109.6,105.2,108.7,57.68,108.4,114.1,101.6,109.2,104.7,108.2,1.9,28.36,16.83,8.69,7.6,5.225,4.275,57.75,108.4,113.7,101.4,108.8,104.6,108.2,464,316
"2019-04-16 18:17:40.0",789548,4800,-141.8,39.11,39.13,0.631,0.631,1.582,12.0445,40.17,39.95,24.66,57.95,110.3,114.9,102.3,109.4,105,109,57.54,108,113.5,101.3,108.6,104.2,108.2,1.832,28.3,16.76,8.62,7.532,5.089,4.207,57.54,108,113.3,101.1,108.4,104.4,108.3,464,316
"2019-04-16 18:18:00.0",789549,4810,-141.7,39.07,39.09,0.63,0.631,1.583,12.0557,40.17,39.95,24.66,57.68,109.8,114.3,101.7,108.8,104.4,108.3,57.27,108,113.3,101.1,108.2,104,107.9,1.764,28.3,16.69,8.55,7.396,5.089,4.071,57.54,108.2,113.5,101.2,108.2,104,108.2,465,315
"2019-04-16 18:18:20.0",789550,4810,-141.6,39.03,39.05,0.63,0.63,1.585,12.0557,40.17,39.95,24.69,57.75,110.5,115.2,102.2,109.2,104.5,109.3,57.34,108.7,114.1,101.8,108.8,104.3,108.8,1.764,28.16,16.62,8.48,7.328,4.954,4.004,57.47,108.8,114.1,101.6,109,104.6,109.2,465,315
"2019-04-16 18:18:40.0",789551,4810,-141.5,38.98,39,0.629,0.629,1.586,12.0557,40.17,39.95,24.69,57.61,110.8,115.6,102.5,109.4,104.8,109.3,57.27,108.9,114.4,102,109,104.2,108.6,1.629,28.09,16.42,8.35,7.193,4.818,3.868,57.41,108.8,114.1,101.6,109,104.5,108.8,465,315
"2019-04-16 18:19:00.0",789552,4810,-141.4,38.94,38.96,0.628,0.629,1.588,12.0501,40.17,39.95,24.72,57.47,110.4,115.1,102.1,109.1,104.6,109.2,57.14,108.4,113.9,101.4,108.7,104.1,108.2,1.629,27.96,16.35,8.28,7.057,4.75,3.8,57.34,108.4,113.7,101.4,108.8,104.5,108.4,465,315
"2019-04-16 18:19:20.0",789553,4810,-141.3,38.89,38.91,0.628,0.628,1.589,12.0501,40.17,39.95,24.72,57.47,110.3,115,102.1,109.2,104.6,108.8,57.07,108.3,113.7,101.2,108.6,104,108,1.629,28.02,16.42,8.35,7.193,4.818,3.868,57.2,108.4,113.7,101.4,108.6,104.2,108.1,465,315
"2019-04-16 18:19:40.0",789554,4820,-141.2,38.85,38.87,0.627,0.628,1.591,12.0445,40.17,39.95,24.75,57.41,110.1,114.9,101.9,109.2,104.4,107.5,56.93,108.1,113.4,101.2,108.2,103.6,106.3,1.696,28.09,16.49,8.41,7.261,4.954,3.936,57.34,108.2,113.5,101.2,108.4,104,106.7,466,314
"2019-04-16 18:20:00.0",789555,4820,-141.1,38.81,38.82,0.627,0.627,1.592,12.0445,40.17,39.95,24.75,57.41,109.7,114.6,101.9,109,104.5,107.2,56.8,107.6,113,100.9,108.1,103.5,106.1,1.696,28.16,16.62,8.48,7.396,5.021,3.936,57.2,107.8,113.2,100.9,108.2,103.9,106.7,466,314
"2019-04-16 18:20:20.0",789556,4820,-141.1,38.76,38.78,0.626,0.626,1.594,12.0445,40.17,39.95,24.75,57.41,109.5,114.2,101.6,108.6,104,106.6,57.07,107.3,112.6,100.6,107.9,103.6,105.8,1.968,28.43,16.96,8.82,7.736,5.361,4.275,57.2,107.3,112.8,100.6,107.6,103.5,105.8,466,314
"2019-04-16 18:20:40.0",789557,4820,-141,38.72,38.74,0.625,0.626,1.596,12.0445,40.18,39.95,24.78,57.61,109.5,114.4,101.6,108.8,104.2,106.3,57.27,107.1,112.6,100.7,108.1,103.6,105.8,2.307,28.91,17.57,9.43,8.35,5.971,4.953,57.34,107.3,112.6,100.4,107.5,103.5,105.9,466,314
"2019-04-16 18:21:00.0",789558,4820,-140.9,38.67,38.69,0.625,0.625,1.597,12.0445,40.18,39.95,24.78,58.02,109.3,114.2,101.6,108.8,104.6,106.6,57.68,107.3,112.9,101,108.3,104.3,106.2,2.85,29.58,18.39,10.25,9.3,6.921,5.835,57.74,107.3,112.8,100.8,107.9,104.2,106,466,314
"2019-04-16 18:21:20.0",789559,4820,-140.8,38.63,38.65,0.624,0.625,1.599,12.0445,40.18,39.95,24.81,58.42,109.2,114.1,101.8,108.9,105,106.6,58.02,107.1,112.6,100.6,108,104.2,105.9,3.528,30.26,19.34,11.13,10.25,7.803,6.853,58.22,107.5,112.8,100.8,108.1,104.2,106,466,314
"2019-04-16 18:21:40.0",789560,4820,-140.7,38.58,38.6,0.624,0.624,1.6,12.0557,40.18,39.95,24.81,58.97,110.1,115.1,102.6,109.8,105.7,107.5,58.63,108.2,114,102.1,109.3,105.3,106.9,3.936,30.67,19.75,11.6,10.79,8.41,7.464,58.83,108.5,114.3,102.1,109.4,105.6,107.3,467,313
"2019-04-16 18:22:00.0",789561,4820,-140.6,38.54,38.56,0.623,0.623,1.602,12.0557,40.18,39.95,24.81,59.3,110.5,115.8,103.3,110.5,106.4,108.3,58.63,108,113.7,101.6,109,105,107,3.868,30.53,19.61,11.47,10.59,8.28,7.328,58.69,107.8,113.3,101.4,108.7,104.8,106.9,467,313
"2019-04-16 18:22:20.0",789562,4820,-140.5,38.49,38.51,0.622,0.623,1.603,12.0557,40.17,39.93,24.84,58.08,109,113.7,101,108.3,104.4,106.1,57.95,107.5,112.8,100.6,108,104,105.9,3.461,30.13,19.13,10.92,10.04,7.668,6.785,58.35,108.2,113.7,101.4,108.8,104.8,106.7,467,313
"2019-04-16 18:22:40.0",789563,4820,-140.4,38.45,38.47,0.622,0.622,1.605,12.0501,40.17,39.95,24.84,58.9,109.5,114.7,102,109.4,105.6,107.5,58.29,106.5,112,100.4,107.9,104.1,106.2,3.257,29.72,18.59,10.45,9.57,7.26,6.446,58.22,106.7,112,100.2,107.6,104.2,106.2,467,313
"2019-04-16 18:23:00.0",789564,4820,-140.3,38.4,38.42,0.621,0.621,1.606,12.0557,40.17,39.95,24.87,58.9,109.4,114.5,102.1,109.4,105.6,107.6,58.42,107.3,113.1,101.2,108.6,104.8,106.7,3.121,29.58,18.46,10.31,9.36,7.193,6.31,57.95,106.9,112.6,100.7,108,104.3,106.1,467,313
"2019-04-16 18:23:20.0",789565,4830,-140.3,38.36,38.38,0.621,0.621,1.608,12.0445,40.17,39.95,24.87,58.83,109.7,114.9,102.3,109.8,105.9,107.9,58.22,107.4,113.3,101.4,109,105,106.9,3.053,29.52,18.32,10.25,9.3,7.057,6.243,57.74,107,112.5,100.6,108,104.2,106.1,468,312
"2019-04-16 18:23:40.0",789566,4830,-140.2,38.31,38.33,0.62,0.62,1.61,12.039,40.17,39.95,24.87,58.56,110.1,115.5,102.8,110.1,105.8,107.9,57.88,108,113.9,102,109.4,105.1,107.1,2.85,29.31,18.12,9.97,9.02,6.853,5.903,57.47,107.5,113.2,101.1,108.4,104.2,106.4,468,312
"2019-04-16 18:24:00.0",789567,4830,-140.1,38.27,38.29,0.619,0.62,1.611,12.0445,40.18,39.95,24.87,57.88,109.9,115.1,102.3,109.4,105.1,107.5,57.34,107.8,113.7,101.5,108.8,104.4,106.7,2.578,29.04,17.71,9.64,8.55,6.378,5.428,57,107.2,112.8,100.7,108,103.7,105.9,468,312
"2019-04-16 18:24:20.0",789568,4830,-140,38.22,38.24,0.619,0.619,1.613,12.0445,40.18,39.95,24.89,57.27,109.1,114.1,101.4,108.7,104.2,105.6,56.79,107.1,112.8,100.6,107.8,103.4,104.8,2.239,28.63,17.23,9.09,8.07,5.835,4.818,56.66,106.7,112.2,100,107.1,102.9,104.4,468,312
"2019-04-16 18:24:40.0",789569,4830,-139.9,38.18,38.2,0.618,0.618,1.614,12.0445,40.18,39.93,24.89,56.72,108.4,113.2,100.6,107.7,103.3,104.3,56.32,106.4,112,99.7,107,102.7,103.5,1.832,28.16,16.69,8.55,7.464,5.157,4.139,56.18,106.2,111.7,99.5,106.5,102.3,103.2,468,312
"2019-04-16 18:25:00.0",789570,4830,-139.8,38.13,38.15,0.617,0.618,1.616,12.0445,40.18,39.95,24.92,56.32,107.9,112.7,100.2,107.3,102.7,103.7,55.98,106.1,111.5,99.5,106.5,102.1,102.9,1.425,27.82,16.22,8.14,6.989,4.614,3.596,56.05,106.3,111.6,99.5,106.5,102.1,103.1,468,312
"2019-04-16 18:25:20.0",789571,4830,-139.7,38.09,38.11,0.617,0.617,1.618,12.0501,40.18,39.95,24.92,56.05,107.7,112.6,99.9,106.9,102.4,103.3,55.64,105.7,111.1,99.1,106.1,101.6,102.5,1.221,27.62,16.01,7.871,6.717,4.343,3.325,55.84,106,111.2,99,106.1,101.7,102.7,469,311
"2019-04-16 18:25:40.0",789572,4830,-139.7,38.04,38.06,0.616,0.616,1.619,12.0557,40.17,39.95,24.92,55.84,107.3,112.2,99.5,106.5,102.1,102.1,55.44,105.5,110.9,98.9,106.1,101.4,101.3,1.154,27.55,15.95,7.803,6.65,4.207,3.189,55.71,105.4,110.9,98.6,105.6,101.5,101.4,469,311
"2019-04-16 18:26:00.0",789573,4830,-139.6,37.99,38.01,0.616,0.616,1.621,12.0501,40.18,39.95,24.92,55.78,106.9,111.7,99.2,106.1,101.8,101.8,55.3,104.7,110.1,98.3,105.2,100.9,101.4,1.154,27.55,15.88,7.803,6.65,4.207,3.121,55.57,105,110.4,98.3,105.2,101.1,101.9,469,311
"2019-04-16 18:26:20.0",789574,4830,-139.5,37.95,37.97,0.615,0.615,1.623,12.0557,40.18,39.95,24.92,55.71,106.8,111.5,98.9,105.9,101.4,102.6,55.3,104.8,110.2,98.3,105.4,101,102.1,1.154,27.55,15.95,7.803,6.65,4.207,3.121,55.5,105,110.3,98.4,105.4,101.2,102.4,469,311
"2019-04-16 18:26:40.0",789575,4830,-139.4,37.9,37.92,0.614,0.615,1.624,12.0501,40.18,39.95,24.95,55.64,106.5,111.3,98.7,105.6,101.2,102.5,55.23,104.6,109.9,98,105,100.8,101.8,1.154,27.62,15.95,7.871,6.65,4.207,3.189,55.5,104.6,109.9,98,105,100.9,102.2,469,311
"2019-04-16 18:27:00.0",789576,4840,-139.3,37.86,37.88,0.614,0.614,1.626,12.039,40.18,39.95,24.95,55.64,106.2,111.1,98.7,105.5,101.3,102.7,55.16,104,109.4,97.6,104.6,100.5,102.1,1.289,27.62,16.01,7.871,6.717,4.275,3.257,55.5,104.1,109.4,97.8,104.8,100.8,102.7,470,310
"2019-04-16 18:27:20.0",789577,4840,-139.2,37.81,37.83,0.613,0.613,1.628,12.0445,40.18,39.95,24.98,55.57,105.8,110.3,98.2,105.2,100.9,103.2,55.16,103.7,109.1,97.4,104.4,100.3,102.5,1.357,27.68,16.08,8.01,6.785,4.343,3.325,55.37,103.7,108.8,97.2,104.2,100.4,102.7,470,310
"2019-04-16 18:27:40.0",789578,4840,-139.1,37.76,37.78,0.612,0.613,1.629,12.0445,40.18,39.95,24.98,55.71,105.6,110.4,98.1,105,100.8,102.8,55.3,103.8,109.1,97.4,104.6,100.4,102.3,1.493,27.82,16.22,8.14,6.989,4.546,3.528,55.5,103.8,109,97.3,104.5,100.6,102.5,470,310
"2019-04-16 18:28:00.0",789579,4840,-139.1,37.72,37.74,0.612,0.612,1.631,12.0445,40.18,39.95,24.98,55.84,105.8,110.7,98.4,105.4,101.2,103.1,55.5,103.9,109.4,97.8,104.7,100.4,102.3,1.628,27.89,16.42,8.35,7.192,4.75,3.732,55.57,104.1,109.5,97.7,104.8,100.8,102.5,470,310
"2019-04-16 18:28:20.0",789580,4840,-139,37.67,37.69,0.611,0.611,1.633,12.039,40.18,39.95,24.98,56.11,106.1,111,98.9,105.8,101.8,103.3,55.77,104.3,109.9,98,105.2,101.2,102.7,1.832,28.02,16.62,8.55,7.464,5.089,4.003,55.84,104.4,110,98,105.3,101.3,102.7,470,310
"2019-04-16 18:28:40.0",789581,4840,-138.9,37.62,37.65,0.61,0.611,1.634,12.0557,40.18,39.95,24.98,56.32,106.2,111.2,99.1,106.3,102.1,103.3,55.91,103.8,109.4,97.8,105,101.2,102.5,1.968,28.09,16.69,8.62,7.532,5.225,4.207,55.98,103.6,109.1,97.4,104.7,101,102.3,471,309
"2019-04-16 18:29:00.0",789582,4840,-138.8,37.58,37.6,0.61,0.61,1.636,12.0557,40.18,39.95,25.01,56.45,105.8,110.8,98.7,105.8,102.1,103.7,55.98,103.7,109.4,98,105.3,101.4,103.1,1.968,28.02,16.62,8.55,7.464,5.224,4.207,55.91,103.5,109,97.6,104.9,101.2,102.9,471,309
"2019-04-16 18:29:20.0",789583,4840,-138.7,37.53,37.55,0.609,0.609,1.638,12.0557,40.18,39.95,25.01,56.38,105.6,110.8,98.7,106,102.3,103.6,55.84,103.5,109.2,97.9,105.3,101.5,103,1.832,27.82,16.49,8.48,7.396,5.157,4.071,55.77,103.3,108.8,97.4,104.7,101,102.5,471,309
"2019-04-16 18:29:40.0",789584,4840,-138.6,37.49,37.51,0.609,0.609,1.64,12.0557,40.18,39.95,25.04,56.32,105.6,110.8,98.8,106,102,103.3,55.77,103.5,109.2,97.7,105,101.2,102.5,1.764,27.75,16.35,8.35,7.26,4.953,3.935,55.57,103,108.5,96.9,104.2,100.6,101.9,471,309
"2019-04-16 18:30:00.0",789585,4840,-138.5,37.44,37.46,0.608,0.608,1.641,12.0557,40.18,39.95,25.04,56.11,105.2,110.3,98.2,105.4,101.5,103.1,55.77,103.6,109.3,97.7,105.1,101.2,102.5,1.764,27.68,16.28,8.28,7.192,4.885,3.935,55.43,103.1,108.6,97.1,104.1,100.4,102,471,309
"2019-04-16 18:30:20.0",789586,4840,-138.5,37.39,37.41,0.607,0.608,1.643,12.0501,40.18,39.95,25.04,55.98,105.2,110.3,98.2,105.4,101.6,103.5,55.71,103.5,109.2,97.6,105,101.1,103.1,1.764,27.62,16.28,8.28,7.192,4.953,3.935,55.3,103.1,108.6,97,104.2,100.4,102.6,471,309
"2019-04-16 18:30:40.0",789587,4860,-138.4,37.34,37.37,0.607,0.607,1.645,12.0445,40.17,39.95,25.04,55.98,105.6,110.8,98.4,105.5,101.5,103.9,55.5,103.8,109.6,97.7,105.1,101,103.4,1.696,27.48,16.08,8.14,7.056,4.749,3.867,55.23,103.5,109,97.2,104.3,100.3,102.9,472,308
"2019-04-16 18:31:00.0",789588,4860,-138.3,37.3,37.32,0.606,0.606,1.647,12.0445,40.17,39.95,25.07,55.84,105.6,110.7,98.4,105.6,101.5,104.4,55.36,103.8,109.4,97.8,105,101,103.7,1.628,27.48,16.01,8.07,6.921,4.749,3.867,55.16,103.3,108.8,97.2,104.4,100.4,103.3,472,308
"2019-04-16 18:31:20.0",789589,4860,-138.2,37.25,37.27,0.605,0.606,1.648,12.039,40.17,39.95,25.07,55.7,105.5,110.5,98.2,105.5,101.5,104.4,55.23,103.6,109.2,97.6,104.9,100.8,103.8,1.628,27.41,15.94,8.07,6.988,4.885,4.003,54.96,103.2,108.7,96.9,104,100.1,102.9,472,308
"2019-04-16 18:31:40.0",789590,4860,-138.1,37.2,37.22,0.605,0.605,1.65,12.039,40.17,39.95,25.07,55.43,105.2,110.2,98,105.2,101,103.5,54.96,103.4,108.9,97.3,104.4,100.2,102.4,1.493,27.21,15.74,7.871,6.785,4.546,3.664,54.69,103,108.3,96.7,103.7,99.5,101.8,472,308
"2019-04-16 18:32:00.0",789591,4860,-138,37.16,37.18,0.604,0.604,1.652,12.0445,40.17,39.95,25.1,55.03,104.6,109.4,97.1,104.1,99.9,101.8,54.48,102.7,108,96.4,103.5,99.4,101.1,1.289,27,15.47,7.531,6.378,4.071,3.121,54.55,102.7,107.9,96.4,103.2,99,100.8,472,308
"2019-04-16 18:32:20.0",789592,4860,-138,37.11,37.13,0.603,0.604,1.654,12.0557,40.18,39.95,25.1,54.62,103.8,108.8,96.6,103.5,99.5,101.3,54.21,101.8,107.3,95.7,102.8,98.7,100.6,1.221,27,15.4,7.395,6.242,3.935,2.985,54.35,101.6,106.7,95.3,102.2,98.4,100.3,473,307
"2019-04-16 18:32:40.0",789593,4860,-137.9,37.06,37.08,0.603,0.603,1.656,12.0557,40.18,39.95,25.1,54.62,102.9,107.5,95.7,102.7,99,100.6,54.21,101.2,106.7,95.1,102.2,98.4,100.3,1.289,27.14,15.47,7.531,6.378,4.003,3.121,54.35,101.2,106.6,95.1,102,98.3,100.1,473,307
"2019-04-16 18:33:00.0",789594,4860,-137.8,37.01,37.03,0.602,0.602,1.657,12.0501,40.18,39.95,25.1,54.69,103.5,108.2,96.2,103.1,99.1,100.6,54.35,101.4,106.9,95.5,102.5,98.5,100.1,1.357,27.28,15.67,7.735,6.513,4.139,3.257,54.28,101.4,106.7,95.1,102.2,98.4,99.8,473,307
"2019-04-16 18:33:20.0",789595,4860,-137.7,36.97,36.99,0.601,0.602,1.659,12.0501,40.18,39.95,25.1,54.62,103.4,108.2,96.1,103.1,99.1,99.8,54.28,101.5,106.9,95.5,102.5,98.5,99.3,1.357,27.41,15.81,7.803,6.581,4.139,3.257,54.21,101.4,106.7,95.1,102.2,98.2,99.1,473,307
"2019-04-16 18:33:40.0",789596,4860,-137.6,36.92,36.94,0.601,0.601,1.661,12.0501,40.18,39.95,25.13,54.35,102.5,107.2,95.3,102.3,98.4,99.4,54.08,100.7,106,94.6,101.6,97.8,98.6,1.289,27.55,15.94,7.87,6.717,4.207,3.257,54.01,100.7,105.7,94.4,101.4,97.6,98.6,473,307
"2019-04-16 18:34:00.0",789597,4860,-137.5,36.87,36.89,0.6,0.6,1.663,12.0557,40.18,39.95,25.13,54.48,103.1,107.9,95.7,102.7,98.6,99.7,54.14,101.3,106.5,95.1,102.2,98.2,99.2,1.425,27.75,16.28,8.21,6.988,4.41,3.528,54.35,101.6,106.9,95.4,102.4,98.4,99.5,473,307
"2019-04-16 18:34:20.0",789598,4870,-137.5,36.82,36.84,0.599,0.6,1.665,12.0445,40.18,39.95,25.13,54.82,103.6,108.5,96.5,103.4,99.2,99.9,54.21,101.4,106.8,95.3,102.4,98.4,99,1.968,28.22,16.89,8.75,7.667,5.156,4.207,54.89,102,107.5,95.9,103,99.1,99.9,474,306
"2019-04-16 18:34:40.0",789599,4870,-137.4,36.78,36.8,0.599,0.599,1.667,12.0445,40.18,39.95,25.13,55.43,104.3,109.3,97.2,104.3,100.1,101,54.48,101.8,107.3,95.9,102.9,98.9,99.6,2.782,28.77,17.64,9.57,8.62,6.174,5.36,55.64,102.6,108.3,96.8,103.9,100.1,100.9,474,306
"2019-04-16 18:35:00.0",789600,4870,-137.3,36.73,36.75,0.598,0.598,1.668,12.0445,40.18,39.95,25.16,56.04,103.9,109,97,104.1,100.3,101,54.35,100.4,105.7,94.4,101.5,98,98.3,3.053,29.24,18.25,10.11,9.23,6.785,5.971,55.7,101.7,107.3,95.9,103.2,99.7,100.3,474,306
"2019-04-16 18:35:20.0",789601,4870,-137.2,36.68,36.7,0.597,0.598,1.67,12.0445,40.18,39.95,25.16,55.97,103.7,108.6,96.8,103.8,100.2,100.6,54.55,100,105.4,94.3,101.4,98,98.2,2.917,29.24,18.18,10.11,9.16,6.649,5.835,55.84,101.3,106.9,95.7,102.9,99.7,99.9,474,306
"2019-04-16 18:35:40.0",789602,4870,-137.1,36.63,36.65,0.597,0.597,1.672,12.0445,40.18,39.96,25.16,55.5,101.9,106.7,95.1,102.2,98.6,98.4,54.28,99.1,104.1,93.2,100.4,97.1,96.8,2.646,28.9,17.78,9.63,8.68,6.106,5.292,55.36,100.1,105.4,94.2,101.4,97.9,97.8,474,306
"2019-04-16 18:36:00.0",789603,4880,-137,36.58,36.61,0.596,0.596,1.674,12.0501,40.18,39.96,25.19,54.35,102.7,107.5,95.3,102.4,98.1,97.4,53.6,101.4,106.9,95.3,102,97.6,96.6,2.307,28.5,17.3,9.23,8.21,5.699,4.817,53.46,101.8,107.2,95.5,102.2,97.7,96.7,475,305
"2019-04-16 18:36:20.0",789604,4880,-137,36.54,36.56,0.595,0.596,1.676,12.0557,40.18,39.96,25.19,10.58,49.32,39.96,28.63,28.43,23.14,21.51,10.18,47.36,38.54,27.61,27.34,22.19,20.63,1.425,28.09,16.83,8.75,7.667,4.885,3.867,9.3,46.54,37.45,26.6,26.26,21.1,19.54,475,305
"2019-04-16 18:36:40.0",789605,4880,-136.9,36.49,36.51,0.595,0.595,1.678,12.0612,40.18,39.96,25.19,17.98,62.28,56.92,45.73,47.43,42.13,40.64,30.06,75.45,74.7,63.84,67.71,63.03,61.74,1.628,27.89,16.62,8.75,7.667,5.224,4.274,40.23,86.6,88.6,77.68,83,78.97,77.82,475,305
"2019-04-16 18:37:00.0",789606,4880,-136.8,36.44,36.46,0.594,0.594,1.68,12.0501,40.18,39.94,25.22,55.23,102.4,107.5,96,103.1,99.9,98.9,54.41,99.8,105.2,94.3,101.6,98.2,97.2,1.56,27.48,16.08,8.01,6.853,4.478,3.596,54.35,99.8,105.2,94.3,101.4,98,97.4,475,305
"2019-04-16 18:37:20.0",789607,4880,-136.7,36.39,36.41,0.593,0.594,1.682,12.0557,40.17,39.92,25.22,54.01,101.2,105.9,94.2,101.2,97.5,96.5,53.53,99.3,104.6,93.5,100.4,96.7,95.8,1.221,27.14,15.67,7.599,6.445,4.003,3.121,53.46,99.2,104.5,93.3,100.3,96.7,95.9,475,305
"2019-04-16 18:37:40.0",789608,4880,-136.6,36.34,36.36,0.593,0.593,1.684,12.0501,40.17,39.92,25.22,53.6,101.8,106.6,94.6,101.4,97.4,96.1,53.19,99.8,105.3,93.9,100.8,96.7,95.3,1.086,26.87,15.33,7.327,6.174,3.867,2.917,53.26,99.7,105,93.6,100.5,96.8,95.5,476,304
"2019-04-16 18:38:00.0",789609,4880,-136.5,36.29,36.31,0.592,0.592,1.685,12.0445,40.17,39.92,25.22,53.4,101,105.7,93.9,100.7,97,96.1,52.92,98.9,104.2,93.2,100,96.2,95.5,1.018,26.73,15.2,7.26,6.106,3.732,2.782,53.06,98.8,103.9,92.7,99.7,96.1,95.5,476,304
"2019-04-16 18:38:20.0",789610,4880,-136.5,36.24,36.27,0.591,0.592,1.687,12.039,40.17,39.93,25.22,53.26,100.4,105,93.4,100.1,96.3,96.1,52.85,98.6,103.8,92.8,99.8,96,95.7,1.018,26.73,15.2,7.26,6.038,3.664,2.782,52.99,98.6,103.8,92.7,99.7,96.1,95.9,476,304
"2019-04-16 18:38:40.0",789611,4880,-136.4,36.2,36.22,0.591,0.591,1.689,12.0445,40.17,39.93,25.22,53.26,100.6,105.2,93.6,100.4,96.7,96.6,52.85,98.9,104.3,93.2,100,96.2,95.9,1.018,26.66,15.13,7.192,6.038,3.664,2.782,53.06,99.1,104.2,93,99.9,96.3,96,476,304
"2019-04-16 18:39:00.0",789612,4880,-136.3,36.15,36.17,0.59,0.59,1.691,12.039,40.18,39.96,25.22,53.12,100.5,105.2,93.4,100.1,96.4,96.2,52.85,98.7,103.9,92.7,99.7,95.9,95.9,0.95,26.66,15.06,7.124,5.97,3.596,2.714,52.92,98.6,103.8,92.6,99.7,95.9,96,476,304
"2019-04-16 18:39:20.0",789613,4880,-136.2,36.1,36.12,0.589,0.589,1.693,12.039,40.18,39.96,25.22,53.06,100.5,105.3,93.6,100.3,96.3,97,52.78,98.8,104.1,92.9,99.6,96,96.9,0.95,26.53,14.99,7.124,5.903,3.528,2.714,52.78,98.9,104,92.9,99.7,95.9,96.9,476,304
"2019-04-16 18:39:40.0",789614,4890,-136.1,36.05,36.07,0.588,0.589,1.695,12.0557,40.18,39.96,25.25,52.92,100.4,105.2,93.5,100.2,96.2,97.4,52.58,98.9,104.1,92.8,99.8,95.9,97.1,0.882,26.46,14.93,6.988,5.835,3.528,2.578,52.72,98.9,104.2,92.9,99.7,95.9,97.3,477,303
"2019-04-16 18:40:00.0",789615,4890,-136.1,36,36.02,0.588,0.588,1.697,12.0557,40.18,39.94,25.25,52.92,100.8,105.4,93.6,100.3,96.2,97,52.51,98.9,104.1,92.8,99.7,95.6,96.6,0.882,26.39,14.86,6.988,5.767,3.46,2.578,52.72,99.1,104.3,93.1,99.9,96.1,97,477,303
"2019-04-16 18:40:20.0",789616,4890,-136,35.95,35.97,0.587,0.587,1.699,12.0557,40.18,39.94,25.25,52.85,100.7,105.4,93.6,100.2,96.2,97.4,52.38,98.7,104.1,92.7,99.7,95.7,96.7,0.882,26.32,14.79,6.92,5.699,3.46,2.578,52.72,99.1,104.4,93,99.9,96.1,97.4,477,303
"2019-04-16 18:40:40.0",789617,4890,-135.9,35.9,35.92,0.586,0.587,1.701,12.0557,40.18,39.93,25.25,52.78,100.8,105.4,93.5,100.3,96.2,97.3,52.44,98.9,104.2,92.8,99.7,95.5,96.5,0.814,26.26,14.72,6.92,5.699,3.392,2.578,52.58,99.1,104.3,92.8,99.7,95.7,96.9,477,303
"2019-04-16 18:41:00.0",789618,4890,-135.8,35.85,35.87,0.586,0.586,1.703,12.0501,40.18,39.95,25.25,52.65,100.5,105.3,93.4,100,96,96.8,52.38,98.7,104.1,92.7,99.5,95.6,96.1,0.814,26.26,14.72,6.92,5.699,3.392,2.578,52.51,99,104.2,92.7,99.6,95.7,96,477,303
"2019-04-16 18:41:20.0",789619,4900,-135.7,35.8,35.83,0.585,0.585,1.705,12.0445,40.18,39.93,25.28,52.65,100.3,105.2,93.3,100.2,95.9,95.6,52.17,98.4,103.8,92.5,99.5,95.3,95.1,0.882,26.26,14.72,6.92,5.699,3.46,2.578,52.44,98.5,103.8,92.5,99.3,95.5,95.4,478,302
"2019-04-16 18:41:40.0",789620,4900,-135.6,35.75,35.78,0.584,0.585,1.707,12.0445,40.18,39.93,25.28,52.65,99.7,104.4,92.8,99.6,95.7,95.4,52.11,97.7,103,91.9,98.9,94.8,94.4,0.95,26.32,14.86,7.056,5.835,3.596,2.714,52.44,97.8,103.1,92,98.9,95.3,94.8,478,302
"2019-04-16 18:42:00.0",789621,4900,-135.6,35.7,35.73,0.584,0.584,1.709,12.0445,40.18,39.95,25.31,52.65,99.4,104.2,92.7,99.5,95.7,95.4,52.04,97.4,102.7,91.6,98.5,94.8,94.6,1.153,26.53,15.13,7.26,6.174,3.935,3.121,52.65,97.8,103.1,92.1,98.9,95.4,95.3,478,302
"2019-04-16 18:42:20.0",789622,4900,-135.5,35.65,35.68,0.583,0.583,1.711,12.0445,40.18,39.93,25.31,52.99,99.7,104.7,93.3,100.1,96.3,95.7,52.04,97.6,103.1,92.1,98.9,95,94,1.493,26.8,15.54,7.734,6.717,4.478,3.664,52.85,98.4,103.9,92.8,99.9,96.1,95.3,478,302
"2019-04-16 18:42:40.0",789623,4900,-135.4,35.6,35.63,0.582,0.583,1.713,12.0445,40.18,39.95,25.31,52.99,99.9,105,93.4,100.5,96.6,95.6,52.17,97.9,103.4,92.1,99,95.1,94,1.493,26.8,15.47,7.734,6.649,4.478,3.664,52.92,98.4,104,92.7,99.7,96.1,95.1,478,302
"2019-04-16 18:43:00.0",789624,4900,-135.3,35.55,35.58,0.581,0.582,1.715,12.0445,40.18,39.95,25.31,52.92,99.7,104.6,93.1,99.9,96,94.7,52.11,97.4,103,91.8,98.6,95,93.8,1.357,26.73,15.33,7.463,6.377,4.071,3.257,52.58,98,103.3,92.2,99.1,95.5,94.4,478,302
"2019-04-16 18:43:20.0",789625,4900,-135.2,35.51,35.53,0.581,0.581,1.718,12.0501,40.18,39.95,25.31,52.51,99.5,104.4,92.7,99.5,95.5,94.2,52.04,97.8,103.3,92.1,98.9,95.1,93.4,1.153,26.6,15.2,7.327,6.174,3.799,2.917,52.31,97.9,103.3,92.1,98.7,95.2,93.7,479,301
"2019-04-16 18:43:40.0",789626,4900,-135.2,35.46,35.48,0.58,0.58,1.72,12.0557,40.18,39.95,25.31,52.38,99.5,104.2,92.5,99.3,95.3,93.8,51.97,97.4,102.9,91.9,98.5,94.6,93.3,1.018,26.6,15.13,7.259,6.106,3.732,2.782,52.11,97.7,103,91.7,98.6,94.8,93.7,479,301
"2019-04-16 18:44:00.0",789627,4900,-135.1,35.41,35.43,0.579,0.58,1.722,12.0501,40.18,39.95,25.31,52.24,99.1,103.9,92.3,99,95.1,93.5,51.83,97.1,102.4,91.5,98.2,94.4,92.9,1.018,26.6,15.2,7.259,6.106,3.732,2.782,52.11,97.4,102.9,91.7,98.4,94.8,93,479,301
"2019-04-16 18:44:20.0",789628,4900,-135,35.36,35.38,0.579,0.579,1.724,12.0557,40.18,39.95,25.31,52.17,98.6,103.5,92,98.8,95,92.4,51.9,96.7,102.2,91.2,98.1,94.4,91.7,1.086,26.66,15.27,7.327,6.174,3.732,2.85,52.04,97,102.4,91.3,98.2,94.6,92,479,301
"2019-04-16 18:44:40.0",789629,4900,-134.9,35.31,35.33,0.578,0.578,1.726,12.0501,40.18,39.95,25.31,52.17,98.3,103.3,91.7,98.4,94.8,91.9,51.83,96.5,101.8,90.8,97.8,94.3,91.6,1.086,26.66,15.27,7.395,6.242,3.867,2.85,51.97,96.5,101.8,90.9,97.8,94.3,91.8,479,301
"2019-04-16 18:45:00.0",789630,4910,-134.8,35.26,35.28,0.577,0.578,1.728,12.0445,40.18,39.95,25.31,52.04,97.4,102.2,91,97.8,94.1,91.8,51.56,95.5,101,90.2,97.1,93.6,91.3,1.153,26.73,15.33,7.395,6.242,3.935,2.917,51.9,96,101.3,90.3,97.4,93.9,91.4,480,300
"2019-04-16 18:45:20.0",789631,4910,-134.8,35.21,35.23,0.577,0.577,1.73,12.0501,40.18,39.95,25.34,51.9,97,101.7,90.5,97.4,94,91.3,51.49,94.8,100.1,89.6,96.4,93.1,90.4,1.153,26.73,15.4,7.463,6.31,3.867,2.917,51.7,95,100.1,89.4,96.3,93.2,90.6,480,300
"2019-04-16 18:45:40.0",789632,4910,-134.7,35.16,35.18,0.576,0.576,1.732,12.0445,40.18,39.95,25.34,51.43,95.1,99.3,88.2,94.8,91.7,88.7,50.21,92.5,96.9,86.3,92.8,89.6,86.4,1.153,26.8,15.47,7.531,6.377,4.003,2.917,50.68,93,97.4,86.8,93.4,90.3,87.2,480,300
"2019-04-16 18:46:00.0",789633,4910,-134.6,35.11,35.13,0.575,0.575,1.734,12.0445,40.18,39.95,25.34,49.32,93.6,97.4,86,92.1,88.5,84.9,43.62,87.3,90.4,79.58,85.2,81.6,78.09,1.221,27,15.67,7.734,6.649,4.206,3.189,44.78,88.7,91.7,80.7,86.3,82.7,79.31,480,300
"2019-04-16 18:46:20.0",789634,4910,-134.5,35.06,35.08,0.574,0.575,1.737,12.0445,40.18,39.93,25.34,47.29,92.3,95.9,84.7,91,87.4,83.7,52.11,95.5,101.1,90.5,97.4,94.2,90.7,1.56,27.14,16.01,8.14,7.124,4.749,3.731,52.44,95.6,101.2,90.7,97.7,94.8,91.3,480,300
"2019-04-16 18:46:40.0",789635,4920,-134.5,35.01,35.03,0.574,0.574,1.739,12.0501,40.18,39.93,25.34,52.85,97.1,102.4,91.7,98.9,96,92.3,52.78,95.4,101.5,91.3,98.6,95.9,91.9,1.9,27.27,16.22,8.41,7.395,5.224,4.274,52.99,95.6,101.5,91.4,98.6,96.1,92.3,481,299
"2019-04-16 18:47:00.0",789636,4920,-134.4,34.95,34.98,0.573,0.573,1.741,12.0557,40.18,39.93,25.34,51.9,94.3,98.9,88.6,95.5,93.2,89.2,52.44,93.7,99.2,89.1,96.3,93.9,89.9,2.103,27.48,16.49,8.62,7.667,5.428,4.342,52.38,93.8,99,88.8,95.9,93.6,89.7,481,299
"2019-04-16 18:47:20.0",789637,4920,-134.3,34.9,34.93,0.572,0.573,1.743,12.0557,40.18,39.95,25.37,54.07,99.1,105,94,101.2,98,93.4,53.53,96.9,103.4,93.1,100.4,97.4,92.8,2.442,27.75,16.89,9.16,8.28,6.106,5.021,53.26,96.6,102.9,92.5,99.8,96.8,92.2,481,299
"2019-04-16 18:47:40.0",789638,4920,-134.2,34.85,34.88,0.571,0.572,1.745,12.0501,40.18,39.95,25.37,53.94,98.3,104.1,93.4,100.8,98,93.3,53.19,95.3,101.6,91.6,98.9,96.3,91.7,2.375,27.68,16.76,8.96,8.01,5.97,4.885,52.72,94.8,100.7,90.5,97.6,95.2,90.8,481,299
"2019-04-16 18:48:00.0",789639,4920,-134.1,34.8,34.82,0.571,0.571,1.748,12.0501,40.18,39.93,25.37,53.39,97.2,102.6,92,99.1,96.4,91.6,52.65,95.1,101,90.6,98,95.1,90.5,2.171,27.61,16.62,8.75,7.802,5.631,4.546,52.11,94.4,100,89.8,96.7,94,89.5,481,299
"2019-04-16 18:48:20.0",789640,4920,-134.1,34.75,34.77,0.57,0.57,1.75,12.0557,40.18,39.93,25.37,52.99,96.7,102,91.3,98.2,95.5,90.7,52.58,94.6,100.6,90.4,97.6,94.8,90,1.968,27.41,16.42,8.55,7.463,5.292,4.139,52.04,94.2,99.7,89.4,96.4,93.7,88.8,481,299
"2019-04-16 18:48:40.0",789641,4930,-134,34.7,34.72,0.569,0.57,1.752,12.0445,40.18,39.95,25.37,52.58,96.3,101.4,90.6,97.6,94.8,89.6,52.04,94.3,100,90,97,94,88.7,1.628,27,15.88,8.01,6.92,4.681,3.528,51.77,94,99.5,89.1,96,93.4,88.2,482,298
"2019-04-16 18:49:00.0",789642,4930,-133.9,34.65,34.67,0.569,0.569,1.754,12.0445,40.18,39.95,25.37,52.17,96.4,101.8,90.9,97.8,94.6,88.9,51.7,94.7,100.7,90.4,97.4,94.2,88.4,1.357,26.73,15.54,7.667,6.513,4.206,3.121,51.7,94.8,100.6,90.2,97.2,94.1,88.3,482,298
"2019-04-16 18:49:20.0",789643,4930,-133.8,34.6,34.62,0.568,0.568,1.756,12.0445,40.18,39.95,25.37,47.36,92.1,95.9,84.6,90.6,86.8,81.2,49.12,93.5,98.5,87.8,94.3,90.5,84.6,1.153,26.6,15.33,7.463,6.31,3.935,2.849,49.05,93.8,98.6,87.5,93.9,90.2,84.1,482,298
"2019-04-16 18:49:40.0",789644,4930,-133.7,34.55,34.57,0.567,0.567,1.759,12.0445,40.18,39.95,25.37,26.87,67.71,64.72,53.73,56.58,52.11,47.83,38.33,80.9,82.7,72.05,76.94,73,67.71,1.018,26.53,15.27,7.395,6.31,3.935,2.782,45.18,89.1,92.8,82.1,88.1,84.3,78.36,482,298
"2019-04-16 18:50:00.0",789645,4930,-133.7,34.5,34.52,0.566,0.567,1.761,12.0445,40.18,39.95,25.37,39.49,82.8,84,73.07,78.16,74.43,69,47.76,91,95.5,84.9,91.4,87.9,81.8,1.153,26.6,15.4,7.531,6.445,4.139,2.985,48.71,91.8,96.5,86,92.6,89.4,83.3,482,298
"2019-04-16 18:50:20.0",789646,4930,-133.6,34.45,34.47,0.566,0.566,1.763,12.0557,40.18,39.95,25.37,51.22,95.7,100.5,89.6,96.5,93.2,87.1,50.75,93.5,99.1,88.7,95.6,92.5,86.4,1.221,26.6,15.33,7.463,6.377,4.071,2.917,50.82,93.3,98.6,88.2,95.2,92.1,86.3,483,297
"2019-04-16 18:50:40.0",789647,4930,-133.5,34.39,34.42,0.565,0.565,1.766,12.0501,40.18,39.95,25.37,51.09,95.1,100.1,89.1,95.9,92.7,86.6,50.68,93.4,98.8,88.4,95.3,92,86.1,1.086,26.53,15.27,7.327,6.174,3.867,2.714,50.75,93.4,98.8,88.3,95.1,91.9,86.2,483,297
"2019-04-16 18:51:00.0",789648,4930,-133.4,34.34,34.37,0.564,0.564,1.768,12.0501,40.18,39.95,25.37,50.88,95.5,100.3,89.2,95.9,92.5,86.4,50.61,93.8,99.3,88.5,95.7,92.3,86.3,1.086,26.46,15.2,7.259,6.106,3.867,2.646,50.61,93.8,99.2,88.5,95.3,92,85.9,483,297
"2019-04-16 18:51:20.0",789649,4930,-133.4,34.29,34.32,0.563,0.564,1.77,12.0501,40.18,39.95,25.37,50.95,95.5,100.5,89.4,96.1,92.6,86.6,50.61,93.7,99.3,88.6,95.5,92.1,86.4,1.153,26.46,15.2,7.327,6.174,3.935,2.714,50.61,93.8,99.3,88.7,95.6,92.1,86.4,483,297
"2019-04-16 18:51:40.0",789650,4930,-133.3,34.24,34.26,0.563,0.563,1.772,12.0557,40.18,39.95,25.37,50.95,95.7,100.6,89.5,96.3,92.8,86.8,50.61,93.8,99.4,88.8,95.5,92.1,86.2,1.153,26.46,15.2,7.327,6.242,3.935,2.782,50.54,93.7,99.2,88.4,95.3,92,86.4,483,297
"2019-04-16 18:52:00.0",789651,4930,-133.2,34.19,34.21,0.562,0.562,1.775,12.0557,40.18,39.95,25.37,50.82,95.5,100.4,89.3,95.9,92.5,86.6,50.41,93.6,99.3,88.7,95.4,91.8,86.1,1.086,26.39,15.13,7.259,6.106,3.799,2.646,50.48,93.8,99.2,88.5,95.3,91.9,86.2,483,297
"2019-04-16 18:52:20.0",789652,4940,-133.1,34.14,34.16,0.561,0.562,1.777,12.0445,40.18,39.95,25.37,50.61,95.1,100.1,88.9,95.7,92.2,86.3,50.21,93.2,98.8,88.2,95,91.5,85.6,1.018,26.39,15.13,7.259,6.106,3.731,2.578,50.41,93.4,98.8,88.3,95,91.6,85.8,484,296
"2019-04-16 18:52:40.0",789653,4940,-133.1,34.09,34.11,0.56,0.561,1.779,12.0445,40.18,39.95,25.37,50.48,94.9,99.9,88.7,95.5,91.9,85.6,50.14,93,98.6,88.1,94.9,91.3,84.9,0.95,26.39,15.2,7.327,6.174,3.731,2.578,50.34,93.1,98.5,87.9,94.6,91.5,85.1,484,296
"2019-04-16 18:53:00.0",789654,4940,-133,34.03,34.06,0.56,0.56,1.782,12.0445,40.18,39.95,25.37,50.27,94.3,99.2,88.3,94.9,91.6,85.1,50.07,92.6,98.1,87.9,94.4,91,84.5,1.018,26.46,15.27,7.327,6.174,3.799,2.646,50.21,92.7,98.2,87.7,94.5,91.3,84.5,484,296
"2019-04-16 18:53:20.0",789655,4940,-132.9,33.98,34.01,0.559,0.559,1.784,12.0445,40.18,39.95,25.4,50.34,94.2,99.1,88.1,94.8,91.5,84.7,49.87,92.1,97.6,87.2,94.1,90.8,84,1.018,26.46,15.27,7.395,6.242,3.799,2.714,50.14,92.4,97.8,87.5,94.1,91,84.1,484,296
"2019-04-16 18:53:40.0",789656,4940,-132.8,33.93,33.95,0.558,0.559,1.787,12.039,40.18,39.95,25.4,50.21,93.6,98.4,87.5,94.4,91,84.1,49.8,91.5,97,86.8,93.5,90.4,83.2,0.95,26.39,15.2,7.327,6.174,3.731,2.578,49.93,91.6,97,86.8,93.5,90.5,83.5,484,296
"2019-04-16 18:54:00.0",789657,4950,-132.7,33.88,33.9,0.557,0.558,1.789,12.0501,40.18,39.95,25.4,50.07,93.2,97.9,87.2,93.8,90.7,83.7,49.59,91,96.6,86.4,93.1,89.9,83.1,0.882,26.39,15.13,7.192,6.038,3.664,2.51,49.8,91.2,96.3,86.2,93,90.1,83.4,485,295
"2019-04-16 18:54:20.0",789658,4950,-132.7,33.83,33.85,0.557,0.557,1.791,12.0501,40.18,39.95,25.4,49.93,92.8,97.6,87,93.7,90.4,83.7,49.53,91,96.4,86.2,93,89.8,83.2,0.882,26.32,15.06,7.192,5.97,3.664,2.442,49.73,91,96.5,86.4,92.9,90,83.6,485,295
"2019-04-16 18:54:40.0",789659,4950,-132.6,33.77,33.8,0.556,0.556,1.794,12.0557,40.18,39.95,25.4,49.93,92.7,97.4,86.7,93.5,90.3,83.6,49.53,91,96.4,86.2,93,89.7,83,0.882,26.32,15.06,7.192,6.038,3.596,2.442,49.73,91.2,97,86,92.8,90,83.4,485,295
"2019-04-16 18:55:00.0",789660,4950,-132.5,33.72,33.75,0.555,0.556,1.796,12.0501,40.18,39.95,25.4,49.73,92.5,97.3,86.6,93.2,90.2,83.4,49.39,90.7,96.3,86.1,92.7,89.8,82.9,0.882,26.26,14.99,7.124,5.97,3.596,2.442,49.53,90.8,96.1,86,92.7,89.8,83,485,295
"2019-04-16 18:55:20.0",789661,4950,-132.4,33.67,33.69,0.554,0.555,1.799,12.0557,40.18,39.95,25.4,49.59,92,96.7,86.1,92.8,89.8,82.8,49.26,89.8,95.2,85.2,91.9,89.1,82.2,0.882,26.19,14.99,7.124,5.97,3.596,2.442,49.32,89.7,94.7,84.8,91.4,88.7,81.9,485,295
"2019-04-16 18:55:40.0",789662,4950,-132.4,33.62,33.64,0.554,0.554,1.801,12.0445,40.18,39.95,25.43,49.53,91.7,96.4,85.8,92.6,89.6,82.4,49.19,89.9,95.1,85.1,91.8,89,82,0.882,26.19,14.99,7.124,5.903,3.596,2.442,49.39,90.2,95.5,85.3,92.1,89.2,82.3,486,294
"2019-04-16 18:56:00.0",789663,4950,-132.3,33.57,33.59,0.553,0.553,1.804,12.039,40.18,39.95,25.43,49.53,92.1,97,86.4,93.2,90,82.9,49.12,90.3,95.7,85.7,92.4,89.2,82.4,0.882,26.12,14.93,7.056,5.903,3.528,2.375,49.39,90.5,95.7,85.6,92.2,89.3,82.4,486,294
"2019-04-16 18:56:20.0",789664,4950,-132.2,33.51,33.54,0.552,0.552,1.806,12.0445,40.18,39.95,25.43,49.39,91.7,96.5,86,92.5,89.5,82.6,49.05,89.9,95.2,85.1,91.8,88.7,82,0.882,26.12,14.86,6.988,5.835,3.46,2.375,49.26,90,95.2,85.2,91.9,89,82.3,486,294
"2019-04-16 18:56:40.0",789665,4950,-132.1,33.46,33.49,0.551,0.552,1.808,12.0557,40.18,39.95,25.43,49.39,91.7,96.5,86,92.7,89.5,82.8,49.05,89.9,95.3,85.2,91.9,88.9,82.3,0.882,26.05,14.79,6.988,5.835,3.46,2.375,49.19,90,95.2,85.1,91.8,88.9,82.4,486,294
"2019-04-16 18:57:00.0",789666,4950,-132.1,33.41,33.43,0.551,0.551,1.811,12.0445,40.18,39.92,25.43,49.32,91.5,96.3,85.7,92.3,89.3,82.8,48.98,89.8,95.3,85.3,91.9,88.9,82.3,0.882,25.98,14.79,7.056,5.903,3.528,2.375,49.19,90.1,95.4,85.2,91.9,89.1,82.4,486,294
"2019-04-16 18:57:20.0",789667,4950,-132,33.36,33.38,0.55,0.55,1.813,12.0445,40.18,39.92,25.43,49.32,91.5,96.3,85.8,92.4,89.4,82.6,49.05,89.9,95.4,85.4,92.1,89.1,82.2,0.95,25.98,14.86,7.056,5.903,3.596,2.442,49.05,90,95.3,85.2,91.9,88.9,82,486,294
"2019-04-16 18:57:40.0",789668,4960,-131.9,33.3,33.33,0.549,0.549,1.816,12.0557,40.18,39.92,25.46,49.46,92.1,97,86.3,92.9,89.8,82.6,49.05,90.4,96,85.8,92.5,89.4,82.2,1.086,25.98,14.86,7.124,5.97,3.731,2.578,49.12,90.6,95.9,85.6,92.3,89.4,82.4,487,293
"2019-04-16 18:58:00.0",789669,4960,-131.8,33.25,33.28,0.548,0.549,1.818,12.0557,40.18,39.92,25.46,49.39,92.3,97.4,86.6,93.2,90,82.6,49.05,90.6,96.2,86,92.7,89.6,82.1,1.153,25.98,14.93,7.192,6.038,3.799,2.646,49.05,90.6,95.9,85.8,92.3,89.3,81.8,487,293
"2019-04-16 18:58:20.0",789670,4960,-131.8,33.2,33.22,0.548,0.548,1.821,12.0501,40.15,39.92,25.46,49.53,92.3,97.5,86.8,93.3,90,82.5,49.26,90.6,96.3,86.1,92.8,89.7,82,1.221,26.05,14.99,7.259,6.174,4.003,2.782,49.05,90.4,95.9,85.5,92.1,89.1,81.5,487,293
"2019-04-16 18:58:40.0",789671,4960,-131.7,33.15,33.17,0.547,0.547,1.824,12.0501,40.15,39.92,25.46,49.66,92.4,97.6,86.8,93.6,90.3,82.2,49.26,90.6,96.3,86.1,92.8,89.8,81.8,1.289,26.05,14.99,7.327,6.242,4.071,2.849,48.98,90.5,96.1,85.8,92.3,89,81.3,487,293
"2019-04-16 18:59:00.0",789672,4960,-131.6,33.09,33.12,0.546,0.546,1.826,12.0557,40.15,39.92,25.46,49.59,92.2,97.4,86.6,93.3,90.1,82.3,49.32,90.6,96.3,86.1,92.8,89.7,81.8,1.357,26.05,14.99,7.327,6.242,4.071,2.917,48.85,90.3,95.7,85.5,92.2,89.1,81.4,487,293
"2019-04-16 18:59:20.0",789673,4970,-131.5,33.04,33.06,0.545,0.546,1.829,12.0445,40.15,39.92,25.46,49.39,92.1,97.2,86.6,93.2,89.8,82,48.92,90.3,95.9,85.8,92.5,89.2,81.4,1.221,25.85,14.79,7.124,6.038,3.867,2.714,48.78,90.1,95.7,85.4,92,88.9,81.1,488,292
"2019-04-16 18:59:40.0",789674,4970,-131.5,32.99,33.01,0.544,0.545,1.831,12.0445,40.15,39.92,25.46,49.05,91.7,96.8,86,92.6,89.2,81.2,48.58,89.9,95.5,85.3,91.9,88.6,80.5,1.018,25.65,14.59,6.92,5.835,3.528,2.442,48.64,89.9,95.5,85.1,91.7,88.5,80.5,488,292
