"TOA5","","","1764","CR1000.Std.24","CPU:MFRSR_10012018V2.8.CR1","13574","TableHdr","PbCdlComm-1.6.0 (2016/01/26)"
"TIMESTAMP","RECORD","loggerID""headID""xpgmVerID""xlat""xlon""xSiteElev""xFULLREV""xCRXHSTEPS""xSCANseconds""xSCANnAvg""xSCANtrough""xHOMEoffset""xALLTIMEband"
"TS","RN","--""--""--""deg""deg""m""--""--""sec""--""--""--""--"
"","","Smp""Smp""Smp""Smp""Smp""Smp""Smp""Smp""Smp""Smp""Smp""Smp""Smp"
"2019-04-16 00:00:00.0",372,1764,180054423,2.8,-32.1259,-64.7287,1160,800,20,20,1,10,0,-1
"TOA5","","","1764","CR1000.Std.24","CPU:MFRSR_10012018V2.8.CR1","13574","Table155","PbCdlComm-1.6.0 (2016/01/26)"
"TIMESTAMP","RECORD","xoset""az""el""al""cosz""cosasz""pamass""vBat""Thead""THTC""Tlogger""Dnadir(1)""Dnadir(2)""Dnadir(3)""Dnadir(4)""Dnadir(5)""Dnadir(6)""Dnadir(7)""Deast(1)""Deast(2)""Deast(3)""Deast(4)""Deast(5)""Deast(6)""Deast(7)""Dsun(1)""Dsun(2)""Dsun(3)""Dsun(4)""Dsun(5)""Dsun(6)""Dsun(7)""Dwest(1)""Dwest(2)""Dwest(3)""Dwest(4)""Dwest(5)""Dwest(6)""Dwest(7)""kount""khome"
"TS","RN","sec""deg""deg""deg""--""--""--""Volt""degC""degC""degC""mV""mV""mV""mV""mV""mV""mV""mV""mV""mV""mV""mV""mV""mV""mV""mV""mV""mV""mV""mV""mV""mV""mV""mV""mV""mV""mV""mV""--""--"
"","","Smp""Smp""Smp""Smp""Smp""Smp""Smp""Smp""Smp""Smp""Smp""Smp""Smp""Smp""Smp""Smp""Smp""Smp""Smp""Smp""Smp""Smp""Smp""Smp""Smp""Smp""Smp""Smp""Smp""Smp""Smp""Smp""Smp""Smp""Smp""Smp""Smp""Smp""Smp""Smp""Smp"
"2019-04-16 07:00:00.0",787515,-9999,68.22,-47.31,-47.31,-0.735,-9999,-9999,12.0402,39.89,39.89,13.33,-0.943,-1.034,-1.042,-0.971,-0.99,-0.973,-0.888,-0.927,-0.983,-1.042,-0.955,-0.998,-0.949,-0.856,-0.937,-1,-1.004,-0.953,-0.983,-0.951,-0.88,-0.929,-1.018,-1.046,-0.953,-0.979,-0.959,-0.874,0,0
"2019-04-16 07:00:20.0",787516,-9999,68.29,-47.24,-47.24,-0.734,-9999,-9999,12.0514,39.89,39.91,13.33,-0.941,-1.036,-1.018,-0.981,-1.014,-0.992,-0.862,-0.929,-1.022,-1.026,-0.955,-0.975,-0.988,-0.878,-0.931,-0.981,-1.022,-0.961,-1.004,-0.981,-0.856,-0.929,-1.024,-1.024,-0.963,-0.983,-0.969,-0.892,0,700
"2019-04-16 07:00:40.0",787517,-9999,68.36,-47.18,-47.18,-0.733,-9999,-9999,12.0402,39.89,39.89,13.33,-0.933,-1.028,-1.02,-0.977,-0.99,-0.975,-0.846,-0.931,-1.03,-1.03,-0.971,-0.977,-0.973,-0.888,-0.933,-1,-1.03,-0.973,-0.988,-0.961,-0.856,-0.931,-1.008,-1.04,-0.969,-0.971,-0.973,-0.88,0,0
"2019-04-16 07:01:00.0",787518,-9999,68.44,-47.11,-47.11,-0.733,-9999,-9999,12.0402,39.89,39.91,13.33,-0.941,-0.998,-1.052,-0.981,-1.004,-0.998,-0.909,-0.929,-0.977,-1.022,-0.957,-0.979,-0.99,-0.892,-0.929,-1.008,-1.052,-0.959,-0.979,-0.986,-0.86,-0.927,-0.988,-1.028,-0.967,-0.981,-0.994,-0.858,0,0
"2019-04-16 07:01:20.0",787519,-9999,68.51,-47.04,-47.04,-0.732,-9999,-9999,12.0402,39.89,39.89,13.33,-0.937,-1.044,-1.024,-0.977,-1,-0.963,-0.903,-0.929,-1.012,-1.022,-0.961,-0.969,-0.967,-0.898,-0.931,-0.973,-1.024,-0.955,-0.977,-0.979,-0.85,-0.929,-0.992,-1.022,-0.959,-0.973,-0.951,-0.876,0,0
"2019-04-16 07:01:40.0",787520,-9999,68.58,-46.98,-46.98,-0.731,-9999,-9999,12.0514,39.89,39.89,13.35,-0.939,-0.988,-1.042,-0.967,-0.994,-0.973,-0.856,-0.931,-0.992,-1.036,-0.973,-0.988,-0.971,-0.862,-0.927,-1.002,-1.032,-0.973,-0.986,-0.953,-0.89,-0.927,-1.016,-1.028,-0.959,-0.977,-0.951,-0.86,0,0
"2019-04-16 07:02:00.0",787521,-9999,68.65,-46.91,-46.91,-0.73,-9999,-9999,12.0402,39.89,39.91,13.35,-0.933,-1.006,-1.034,-0.983,-1.006,-0.967,-0.89,-0.84,-0.921,-0.955,-0.866,-0.89,-0.866,-0.767,-0.838,-0.896,-0.965,-0.878,-0.921,-0.907,-0.797,-0.836,-0.903,-0.933,-0.872,-0.886,-0.886,-0.773,0,700
"2019-04-16 07:02:20.0",787522,-9999,68.72,-46.85,-46.85,-0.73,-9999,-9999,12.0402,39.89,39.91,13.35,-0.844,-0.929,-0.937,-0.888,-0.894,-0.864,-0.761,-0.836,-0.927,-0.935,-0.862,-0.886,-0.876,-0.769,-0.84,-0.903,-0.953,-0.874,-0.892,-0.862,-0.813,-0.832,-0.927,-0.935,-0.872,-0.894,-0.868,-0.779,0,0
"2019-04-16 07:02:40.0",787523,-9999,68.8,-46.78,-46.78,-0.729,-9999,-9999,12.0402,39.89,39.91,13.35,-0.85,-0.943,-0.959,-0.886,-0.903,-0.907,-0.783,-0.832,-0.925,-0.937,-0.872,-0.886,-0.884,-0.781,-0.836,-0.882,-0.955,-0.868,-0.868,-0.856,-0.795,-0.836,-0.901,-0.937,-0.864,-0.911,-0.85,-0.791,0,0
"2019-04-16 07:03:00.0",787524,-9999,68.87,-46.72,-46.72,-0.728,-9999,-9999,12.0402,39.89,39.91,13.35,-0.844,-0.913,-0.927,-0.892,-0.884,-0.911,-0.809,-0.838,-0.927,-0.939,-0.876,-0.923,-0.874,-0.791,-0.836,-0.88,-0.935,-0.87,-0.888,-0.882,-0.799,-0.836,-0.929,-0.917,-0.878,-0.892,-0.901,-0.805,0,0
"2019-04-16 07:03:20.0",787525,-9999,68.94,-46.65,-46.65,-0.727,-9999,-9999,12.0402,39.89,39.91,13.35,-0.844,-0.933,-0.943,-0.884,-0.907,-0.89,-0.761,-0.834,-0.882,-0.947,-0.878,-0.901,-0.896,-0.799,-0.834,-0.901,-0.935,-0.868,-0.872,-0.876,-0.777,-0.834,-0.921,-0.947,-0.866,-0.88,-0.884,-0.759,0,0
"2019-04-16 07:03:40.0",787526,-9999,69.01,-46.58,-46.58,-0.726,-9999,-9999,12.0402,39.89,39.91,13.35,-0.868,-0.959,-0.963,-0.905,-0.921,-0.925,-0.783,-0.85,-0.901,-0.941,-0.876,-0.894,-0.882,-0.789,-0.852,-0.929,-0.951,-0.88,-0.905,-0.905,-0.805,-0.848,-0.939,-0.957,-0.884,-0.907,-0.907,-0.791,0,700
"2019-04-16 07:04:00.0",787527,-9999,69.08,-46.52,-46.52,-0.726,-9999,-9999,12.0458,39.89,39.91,13.35,-0.862,-0.929,-0.955,-0.888,-0.915,-0.919,-0.777,-0.854,-0.917,-0.955,-0.892,-0.911,-0.917,-0.824,-0.85,-0.903,-0.951,-0.894,-0.892,-0.894,-0.793,-0.846,-0.949,-0.931,-0.888,-0.927,-0.886,-0.769,0,0
"2019-04-16 07:04:20.0",787528,-9999,69.15,-46.45,-46.45,-0.725,-9999,-9999,12.0402,39.89,39.89,13.35,-0.933,-1.038,-1.04,-0.973,-0.99,-1.004,-0.878,-0.925,-1.002,-1.008,-0.961,-0.973,-0.969,-0.848,-0.925,-1.022,-1.022,-0.957,-0.981,-0.979,-0.878,-0.921,-0.967,-1.022,-0.957,-0.994,-0.953,-0.848,0,0
"2019-04-16 07:04:40.0",787529,-9999,69.22,-46.39,-46.39,-0.724,-9999,-9999,12.0402,39.89,39.89,13.35,-0.937,-1.002,-1.05,-0.983,-0.998,-0.967,-0.868,-0.925,-1.014,-1.048,-0.961,-0.977,-0.971,-0.842,-0.923,-0.971,-1.004,-0.965,-0.979,-0.947,-0.862,-0.925,-1,-1.02,-0.961,-0.975,-0.947,-0.84,0,0
"2019-04-16 07:05:00.0",787530,-9999,69.29,-46.32,-46.32,-0.723,-9999,-9999,12.0402,39.89,39.91,13.35,-0.941,-1.02,-1.046,-0.988,-0.996,-0.986,-0.894,-0.927,-1.014,-1.006,-0.965,-0.973,-0.971,-0.886,-0.927,-0.977,-1.028,-0.959,-0.955,-0.945,-0.85,-0.927,-0.969,-1.004,-0.959,-1.002,-0.955,-0.882,0,0
"2019-04-16 07:05:20.0",787531,-9999,69.37,-46.25,-46.25,-0.722,-9999,-9999,12.0513,39.89,39.91,13.35,-0.939,-1.024,-1.042,-0.977,-1.002,-0.998,-0.856,-0.927,-1.032,-1.008,-0.967,-0.986,-0.981,-0.86,-0.925,-0.998,-1.042,-0.969,-0.986,-0.971,-0.874,-0.927,-1.004,-1.034,-0.969,-0.983,-0.969,-0.85,0,700
"2019-04-16 07:05:40.0",787532,-9999,69.44,-46.19,-46.19,-0.722,-9999,-9999,12.0402,39.89,39.91,13.38,-0.933,-1.028,-1.024,-0.969,-0.988,-0.965,-0.88,-0.923,-0.983,-1.018,-0.957,-0.975,-0.963,-0.888,-0.931,-0.981,-1.046,-0.959,-0.981,-0.986,-0.85,-0.933,-1.022,-1.036,-0.963,-0.977,-0.967,-0.852,0,0
"2019-04-16 07:06:00.0",787533,-9999,69.51,-46.12,-46.12,-0.721,-9999,-9999,12.0402,39.89,39.89,13.38,-0.937,-1.016,-1.038,-0.969,-0.986,-0.969,-0.878,-0.927,-0.971,-1.042,-0.955,-0.979,-0.959,-0.856,-0.925,-0.909,-0.927,-0.882,-0.903,-0.903,-0.811,-0.85,-0.939,-0.949,-0.878,-0.898,-0.901,-0.783,0,0
"2019-04-16 07:06:20.0",787534,-9999,69.58,-46.06,-46.06,-0.72,-9999,-9999,12.0402,39.89,39.91,13.38,-0.858,-0.967,-0.996,-0.901,-0.921,-0.927,-0.811,-0.848,-0.903,-0.953,-0.88,-0.896,-0.89,-0.771,-0.848,-0.907,-0.943,-0.884,-0.905,-0.884,-0.781,-0.848,-0.933,-0.933,-0.882,-0.901,-0.88,-0.765,0,0
"2019-04-16 07:06:40.0",787535,-9999,69.65,-45.99,-45.99,-0.719,-9999,-9999,12.0346,39.89,39.91,13.38,-0.86,-0.961,-0.996,-0.89,-0.923,-0.903,-0.785,-0.844,-0.939,-0.925,-0.88,-0.898,-0.882,-0.765,-0.85,-0.901,-0.937,-0.88,-0.903,-0.864,-0.785,-0.846,-0.917,-0.945,-0.88,-0.878,-0.864,-0.757,0,0
"2019-04-16 07:07:00.0",787536,-9999,69.71,-45.92,-45.92,-0.718,-9999,-9999,12.0402,39.89,39.91,13.38,-0.866,-0.929,-0.955,-0.905,-0.903,-0.919,-0.803,-0.852,-0.917,-0.941,-0.88,-0.898,-0.886,-0.779,-0.85,-0.913,-0.965,-0.88,-0.901,-0.907,-0.805,-0.925,-1.014,-1.018,-0.953,-0.979,-0.957,-0.856,0,700
"2019-04-16 07:07:20.0",787537,-9999,69.78,-45.86,-45.86,-0.718,-9999,-9999,12.0402,39.89,39.91,13.38,-0.935,-1,-1.03,-0.973,-0.973,-0.973,-0.87,-0.933,-1.01,-1.032,-0.963,-0.986,-0.977,-0.882,-0.929,-1.028,-1.046,-0.969,-0.983,-0.969,-0.86,-0.925,-0.981,-1.012,-0.969,-0.983,-0.973,-0.896,0,0
"2019-04-16 07:07:40.0",787538,-9999,69.85,-45.79,-45.79,-0.717,-9999,-9999,12.0458,39.89,39.89,13.38,-0.939,-0.992,-1.038,-0.971,-0.988,-0.99,-0.85,-0.929,-1.01,-1.014,-0.955,-0.973,-0.947,-0.85,-0.929,-0.977,-1.024,-0.957,-1,-0.947,-0.886,-0.921,-1.002,-1.026,-0.971,-0.979,-0.947,-0.87,0,0
"2019-04-16 07:08:00.0",787539,-9999,69.92,-45.73,-45.73,-0.716,-9999,-9999,12.0402,39.89,39.91,13.38,-0.939,-1.024,-1.036,-0.969,-0.99,-0.973,-0.862,-0.933,-0.975,-1.038,-0.957,-0.975,-0.963,-0.85,-0.929,-1.004,-1.002,-0.959,-0.955,-0.945,-0.868,-0.929,-1.01,-1.02,-0.957,-0.975,-0.945,-0.84,0,0
"2019-04-16 07:08:20.0",787540,-9999,69.99,-45.66,-45.66,-0.715,-9999,-9999,12.0402,39.89,39.91,13.4,-0.937,-1.044,-1.056,-0.979,-1.02,-1.006,-0.907,-0.927,-0.983,-1.052,-0.965,-0.986,-0.975,-0.88,-0.929,-0.969,-1.01,-0.963,-0.983,-0.963,-0.848,-0.927,-1.018,-1.028,-0.959,-0.975,-0.959,-0.872,0,0
"2019-04-16 07:08:40.0",787541,-9999,70.06,-45.59,-45.59,-0.714,-9999,-9999,12.0402,39.89,39.91,13.4,-0.943,-1.044,-1.048,-0.977,-0.998,-0.981,-0.898,-0.925,-0.998,-1.044,-0.973,-0.99,-0.979,-0.907,-0.931,-0.986,-1.04,-0.975,-0.994,-0.994,-0.88,-0.925,-1.028,-1.054,-0.969,-0.986,-0.986,-0.852,0,700
"2019-04-16 07:09:00.0",787542,-9999,70.13,-45.53,-45.53,-0.714,-9999,-9999,12.0402,39.89,39.9,13.4,-0.945,-1.026,-1.036,-0.965,-0.973,-0.992,-0.87,-0.927,-0.988,-1.024,-0.953,-0.973,-0.951,-0.87,-0.929,-1.008,-1.02,-0.957,-1.006,-0.965,-0.852,-0.929,-1.018,-1.022,-0.961,-0.975,-0.963,-0.88,0,0
"2019-04-16 07:09:20.0",787543,-9999,70.2,-45.46,-45.46,-0.713,-9999,-9999,12.0402,39.89,39.88,13.4,-0.933,-1.034,-1.07,-0.983,-0.996,-0.973,-0.886,-0.927,-1.002,-1.026,-0.957,-0.977,-0.992,-0.86,-0.929,-0.992,-1.022,-0.959,-0.979,-0.959,-0.892,-0.921,-1.018,-1.05,-0.953,-0.973,-0.963,-0.87,0,0
"2019-04-16 07:09:40.0",787544,-9999,70.27,-45.39,-45.39,-0.712,-9999,-9999,12.0402,39.89,39.9,13.4,-0.941,-0.983,-1.038,-0.969,-0.988,-0.971,-0.858,-0.937,-1.024,-1.04,-0.963,-0.986,-0.965,-0.868,-0.927,-0.986,-1.032,-0.969,-0.988,-0.973,-0.898,-0.931,-1.01,-1.038,-0.971,-0.983,-0.973,-0.856,0,0
"2019-04-16 07:10:00.0",787545,-9999,70.34,-45.33,-45.33,-0.711,-9999,-9999,12.0402,39.89,39.88,13.4,-0.937,-1.02,-1.044,-0.973,-0.992,-1.004,-0.872,-0.929,-1.028,-1.034,-0.959,-0.988,-0.977,-0.884,-0.931,-0.986,-1.042,-0.969,-0.986,-0.996,-0.886,-0.929,-0.996,-1.036,-0.963,-0.988,-0.99,-0.88,0,0
"2019-04-16 07:10:20.0",787546,-9999,70.4,-45.26,-45.26,-0.71,-9999,-9999,12.0402,39.89,39.9,13.4,-0.941,-1.042,-1.05,-0.981,-1.006,-0.973,-0.907,-0.927,-0.979,-1.018,-0.961,-0.979,-0.965,-0.894,-0.929,-0.998,-1.02,-0.953,-0.983,-0.949,-0.854,-0.933,-1.022,-1.046,-0.965,-0.983,-0.949,-0.858,0,700
"2019-04-16 07:10:40.0",787547,-9999,70.47,-45.19,-45.19,-0.71,-9999,-9999,12.0402,39.89,39.89,13.42,-0.941,-0.986,-1.012,-0.961,-0.99,-0.971,-0.888,-0.929,-1.028,-1.04,-0.969,-0.967,-0.963,-0.907,-0.931,-1.024,-1.034,-0.971,-0.992,-0.975,-0.882,-0.927,-0.983,-1.032,-0.969,-0.983,-0.969,-0.85,0,0
"2019-04-16 07:11:00.0",787548,-9999,70.54,-45.13,-45.13,-0.709,-9999,-9999,12.0513,39.89,39.91,13.42,-0.937,-1.028,-1.042,-0.975,-0.994,-0.977,-0.901,-0.931,-0.992,-1.006,-0.969,-0.986,-0.973,-0.896,-0.925,-1.018,-1.042,-0.963,-1.008,-0.994,-0.882,-0.925,-1.024,-1.04,-0.971,-0.992,-0.99,-0.856,0,0
"2019-04-16 07:11:20.0",787549,-9999,70.61,-45.06,-45.06,-0.708,-9999,-9999,12.0513,39.89,39.89,13.42,-0.937,-1.014,-1.04,-0.971,-0.99,-0.975,-0.888,-0.929,-0.988,-1.056,-0.965,-0.988,-0.965,-0.868,-0.929,-1.01,-1.018,-0.969,-0.988,-0.971,-0.901,-0.925,-0.983,-1.034,-0.971,-0.986,-0.973,-0.872,0,0
"2019-04-16 07:11:40.0",787550,-9999,70.68,-44.99,-44.99,-0.707,-9999,-9999,12.0402,39.89,39.91,13.42,-0.939,-1.03,-1.012,-0.973,-0.986,-0.955,-0.886,-0.927,-0.994,-1.036,-0.967,-0.983,-0.971,-0.888,-0.929,-1.018,-1.028,-0.965,-0.979,-0.953,-0.87,-0.925,-0.988,-1.026,-0.959,-0.975,-0.947,-0.844,0,0
"2019-04-16 07:12:00.0",787551,-9999,70.75,-44.93,-44.93,-0.706,-9999,-9999,12.0402,39.89,39.91,13.42,-0.935,-0.996,-1.058,-0.973,-0.992,-0.981,-0.888,-0.927,-0.988,-1.044,-0.971,-0.986,-0.977,-0.87,-0.931,-0.988,-1.034,-0.975,-0.969,-0.969,-0.886,-0.933,-1.01,-1.01,-0.961,-0.981,-0.975,-0.864,0,700
"2019-04-16 07:12:20.0",787552,-9999,70.81,-44.86,-44.86,-0.705,-9999,-9999,12.0402,39.88,39.91,13.42,-0.943,-1.032,-1.04,-0.975,-0.994,-0.994,-0.85,-0.931,-1.014,-1.038,-0.965,-0.986,-0.965,-0.868,-0.931,-1.032,-1.04,-0.969,-0.986,-0.973,-0.896,-0.925,-1.002,-1.05,-0.969,-0.986,-0.971,-0.872,0,0
"2019-04-16 07:12:40.0",787553,-9999,70.88,-44.79,-44.79,-0.705,-9999,-9999,12.0402,39.88,39.91,13.42,-0.941,-1.042,-1.03,-0.979,-1.016,-0.986,-0.884,-0.931,-1.004,-1.024,-0.963,-0.979,-0.969,-0.874,-0.929,-0.977,-1.046,-0.959,-0.979,-0.961,-0.852,-0.925,-1.002,-1.022,-0.957,-0.977,-0.967,-0.878,0,0
"2019-04-16 07:13:00.0",787554,-9999,70.95,-44.73,-44.73,-0.704,-9999,-9999,12.0402,39.88,39.91,13.42,-0.943,-0.99,-1.03,-0.975,-0.992,-0.973,-0.896,-0.931,-0.998,-1.026,-0.971,-0.992,-0.971,-0.901,-0.931,-1.012,-1.034,-0.971,-0.988,-0.992,-0.852,-0.925,-1.014,-1.01,-0.971,-0.983,-0.969,-0.846,0,0
"2019-04-16 07:13:20.0",787555,-9999,71.01,-44.66,-44.66,-0.703,-9999,-9999,12.0513,39.88,39.89,13.45,-0.941,-1.014,-1.052,-0.977,-0.994,-0.986,-0.864,-0.927,-0.998,-1.018,-0.959,-0.977,-0.963,-0.844,-0.933,-1.018,-1.022,-0.959,-0.983,-0.947,-0.884,-0.929,-0.979,-1.002,-0.961,-0.979,-0.965,-0.87,0,0
"2019-04-16 07:13:40.0",787556,-9999,71.08,-44.59,-44.59,-0.702,-9999,-9999,12.0402,39.88,39.91,13.45,-0.941,-0.99,-1.034,-0.969,-0.99,-0.969,-0.866,-0.931,-1.026,-1.036,-0.967,-0.988,-0.986,-0.89,-0.931,-0.992,-1.064,-0.975,-0.99,-0.973,-0.848,-0.929,-1.028,-1.036,-0.971,-0.99,-0.969,-0.88,0,700
"2019-04-16 07:14:00.0",787557,-9999,71.15,-44.53,-44.53,-0.701,-9999,-9999,12.0402,39.89,39.89,13.45,-0.945,-1.014,-1.02,-0.986,-1,-0.973,-0.886,-0.933,-1.004,-1.032,-0.963,-0.992,-0.973,-0.901,-0.931,-1.036,-1.034,-0.971,-0.994,-0.975,-0.886,-0.931,-0.998,-1.036,-0.969,-1.004,-0.977,-0.86,0,0
"2019-04-16 07:14:20.0",787558,-9999,71.21,-44.46,-44.46,-0.7,-9999,-9999,12.0402,39.89,39.89,13.45,-0.943,-1.044,-1.046,-0.983,-1,-0.992,-0.892,-0.931,-1.018,-1.006,-0.961,-0.969,-0.967,-0.896,-0.933,-1,-1.036,-0.963,-0.99,-0.983,-0.858,-0.931,-1.008,-1.01,-0.969,-0.988,-0.99,-0.852,0,0
"2019-04-16 07:14:40.0",787559,-9999,71.28,-44.39,-44.39,-0.7,-9999,-9999,12.0402,39.89,39.91,13.45,-0.945,-1.052,-1.052,-0.979,-1.006,-1.006,-0.905,-0.929,-1.006,-1.034,-0.961,-0.986,-0.969,-0.89,-0.929,-0.983,-1.024,-0.961,-0.979,-0.981,-0.85,-0.929,-0.994,-1.028,-0.961,-0.977,-0.986,-0.844,0,0
"2019-04-16 07:15:00.0",787560,-9999,71.35,-44.33,-44.33,-0.699,-9999,-9999,12.0402,39.89,39.91,13.45,-0.939,-1.008,-1.036,-0.975,-0.969,-0.973,-0.89,-0.931,-1.02,-1.02,-0.971,-0.99,-0.967,-0.905,-0.933,-1.014,-1.038,-0.973,-0.994,-0.965,-0.866,-0.929,-0.996,-1.022,-0.975,-0.992,-0.963,-0.864,0,0
"2019-04-16 07:15:20.0",787561,-9999,71.41,-44.26,-44.26,-0.698,-9999,-9999,12.0402,39.89,39.89,13.45,-0.945,-1.046,-1.075,-0.979,-1.026,-1.008,-0.903,-0.931,-1.02,-1.01,-0.965,-0.988,-0.975,-0.892,-0.931,-0.981,-1.028,-0.961,-0.986,-0.963,-0.868,-0.933,-1,-1.028,-0.961,-1.008,-0.961,-0.85,0,700
"2019-04-16 07:15:40.0",787562,-9999,71.48,-44.19,-44.19,-0.697,-9999,-9999,12.0402,39.89,39.91,13.45,-0.939,-1.01,-1.046,-0.975,-0.99,-0.994,-0.896,-0.929,-1.01,-1.036,-0.975,-0.99,-0.981,-0.868,-0.935,-1.028,-1.048,-0.975,-0.992,-0.979,-0.896,-0.935,-0.986,-1.054,-0.969,-0.986,-0.994,-0.884,0,0
"2019-04-16 07:16:00.0",787563,-9999,71.55,-44.13,-44.13,-0.696,-9999,-9999,12.0402,39.89,39.89,13.45,-0.945,-1.01,-1.04,-0.977,-0.996,-0.981,-0.901,-0.929,-1.008,-1.008,-0.961,-1.006,-0.971,-0.864,-0.933,-0.977,-1.02,-0.965,-0.979,-0.965,-0.894,-0.933,-1.006,-1.034,-0.965,-0.979,-0.969,-0.898,0,0
"2019-04-16 07:16:20.0",787564,-9999,71.61,-44.06,-44.06,-0.695,-9999,-9999,12.0513,39.89,39.89,13.45,-0.945,-1.044,-1.056,-0.99,-1.002,-0.971,-0.913,-0.931,-0.992,-1.058,-0.963,-0.988,-0.996,-0.86,-0.935,-1.014,-1.036,-0.965,-0.994,-0.994,-0.901,-0.933,-1.034,-1.034,-0.975,-0.988,-0.971,-0.892,0,0
"2019-04-16 07:16:40.0",787565,-9999,71.68,-43.99,-43.99,-0.695,-9999,-9999,12.0402,39.89,39.89,13.45,-0.943,-1.016,-1.064,-0.973,-0.996,-0.963,-0.901,-0.931,-1.024,-1.034,-0.967,-0.983,-0.979,-0.848,-0.935,-0.988,-1.03,-0.965,-0.981,-0.969,-0.896,-0.931,-1.024,-1.026,-0.967,-0.981,-0.949,-0.864,0,0
"2019-04-16 07:17:00.0",787566,-9999,71.74,-43.93,-43.93,-0.694,-9999,-9999,12.0402,39.89,39.91,13.45,-0.943,-1.014,-1.042,-0.973,-0.996,-0.996,-0.876,-0.935,-1.034,-1.064,-0.971,-0.99,-0.986,-0.915,-0.935,-0.994,-1.028,-0.977,-0.992,-0.983,-0.882,-0.933,-1.034,-1.06,-0.977,-0.992,-0.975,-0.85,0,700
"2019-04-16 07:17:20.0",787567,-9999,71.81,-43.86,-43.86,-0.693,-9999,-9999,12.0402,39.89,39.91,13.45,-0.943,-1.006,-1.048,-0.975,-0.998,-0.969,-0.892,-0.933,-1.016,-1.04,-0.975,-0.996,-0.969,-0.905,-0.933,-1.032,-1.02,-0.971,-0.998,-0.965,-0.87,-0.935,-0.981,-1.05,-0.975,-0.986,-0.963,-0.85,0,0
"2019-04-16 07:17:40.0",787568,-9999,71.88,-43.79,-43.79,-0.692,-9999,-9999,12.0402,39.89,39.91,13.45,-0.945,-1.044,-1.044,-0.979,-1.002,-0.986,-0.905,-0.933,-1.028,-1.058,-0.975,-0.988,-0.979,-0.858,-0.933,-0.986,-1.016,-0.971,-0.981,-0.971,-0.888,-0.931,-1.014,-1.048,-0.967,-0.981,-0.971,-0.884,0,0
"2019-04-16 07:18:00.0",787569,-9999,71.94,-43.73,-43.73,-0.691,-9999,-9999,12.0402,39.89,39.91,13.45,-0.947,-0.998,-1.026,-0.983,-0.998,-0.977,-0.892,-0.935,-1.022,-1.016,-0.971,-0.992,-0.998,-0.868,-0.935,-1.042,-1.042,-0.971,-1.002,-0.994,-0.903,-0.933,-0.996,-1.048,-0.988,-1,-1,-0.872,0,0
"2019-04-16 07:18:20.0",787570,-9999,72.01,-43.66,-43.66,-0.69,-9999,-9999,12.0402,39.89,39.89,13.45,-0.945,-1.048,-1.044,-0.983,-1.004,-1.012,-0.907,-0.935,-0.979,-1.03,-0.965,-0.969,-0.975,-0.864,-0.935,-1.014,-1.038,-0.967,-0.979,-0.967,-0.888,-0.933,-0.988,-1.044,-0.965,-0.981,-0.965,-0.866,0,0
"2019-04-16 07:18:40.0",787571,-9999,72.07,-43.59,-43.59,-0.69,-9999,-9999,12.0402,39.89,39.91,13.45,-0.951,-1.038,-1.046,-0.986,-1.002,-0.971,-0.862,-0.933,-0.998,-1.038,-0.971,-0.988,-0.963,-0.876,-0.935,-0.996,-1.03,-0.967,-0.971,-0.951,-0.85,-0.931,-0.977,-1.008,-0.967,-0.979,-0.947,-0.848,0,700
"2019-04-16 07:19:00.0",787572,-9999,72.14,-43.52,-43.52,-0.689,-9999,-9999,12.0402,39.89,39.9,13.45,-0.943,-1.038,-1.075,-0.986,-1.004,-0.994,-0.909,-0.929,-0.992,-1.04,-0.973,-0.99,-0.965,-0.907,-0.935,-1.008,-1.042,-0.969,-0.986,-0.959,-0.88,-0.939,-0.983,-1.036,-0.969,-0.986,-0.951,-0.848,0,0
"2019-04-16 07:19:20.0",787573,-9999,72.2,-43.46,-43.46,-0.688,-9999,-9999,12.0402,39.89,39.91,13.45,-0.945,-1.038,-1.04,-0.975,-0.994,-0.996,-0.862,-0.933,-0.988,-1.042,-0.973,-0.977,-0.953,-0.886,-0.943,-1.018,-1.032,-0.967,-0.988,-0.959,-0.87,-0.929,-0.99,-1.032,-0.965,-0.99,-0.986,-0.89,0,0
"2019-04-16 07:19:40.0",787574,-9999,72.27,-43.39,-43.39,-0.687,-9999,-9999,12.0402,39.89,39.91,13.45,-0.947,-0.996,-1.048,-0.981,-0.998,-0.969,-0.901,-0.937,-1.042,-1.042,-0.977,-0.99,-0.965,-0.89,-0.937,-1.004,-1.05,-0.979,-0.996,-0.963,-0.862,-0.933,-1.016,-1.042,-0.975,-0.998,-0.967,-0.862,0,0
"2019-04-16 07:20:00.0",787575,-9999,72.33,-43.32,-43.32,-0.686,-9999,-9999,12.0513,39.89,39.9,13.45,-0.943,-1.044,-1.058,-0.983,-1.006,-0.99,-0.911,-0.931,-0.986,-1.048,-0.965,-0.981,-0.975,-0.878,-0.935,-1.036,-1.038,-0.967,-0.996,-0.979,-0.864,-0.933,-1.002,-1.04,-0.975,-1.01,-1,-0.862,0,0
"2019-04-16 07:20:20.0",787576,-9999,72.39,-43.26,-43.26,-0.685,-9999,-9999,12.0457,39.89,39.9,13.45,-0.943,-1.004,-1.056,-0.988,-1.012,-0.977,-0.911,-0.937,-1.026,-1.05,-0.967,-0.986,-0.977,-0.882,-0.935,-0.992,-1.016,-0.971,-0.983,-0.979,-0.86,-0.941,-1.036,-1.058,-0.971,-0.992,-0.979,-0.858,0,700
"2019-04-16 07:20:40.0",787577,-9999,72.46,-43.19,-43.19,-0.684,-9999,-9999,12.0457,39.89,39.89,13.45,-0.947,-1.036,-1.034,-0.973,-0.992,-0.981,-0.862,-0.935,-1.028,-1.036,-0.967,-0.99,-0.981,-0.909,-0.935,-0.996,-1.038,-0.973,-0.994,-0.983,-0.882,-0.935,-1.014,-1.042,-0.973,-0.992,-0.979,-0.884,0,0
"2019-04-16 07:21:00.0",787578,-9999,72.52,-43.12,-43.12,-0.684,-9999,-9999,12.0402,39.89,39.89,13.45,-0.951,-1.042,-1.036,-0.981,-0.996,-0.981,-0.888,-0.937,-1.016,-1.044,-0.977,-0.998,-0.988,-0.878,-0.935,-1.036,-1.046,-0.971,-0.998,-0.981,-0.909,-0.935,-1.016,-1.046,-0.977,-0.994,-0.981,-0.896,0,0
"2019-04-16 07:21:20.0",787579,-9999,72.59,-43.05,-43.05,-0.683,-9999,-9999,12.0402,39.89,39.89,13.45,-0.949,-1.038,-1.024,-0.983,-1,-0.986,-0.888,-0.935,-1.006,-1.046,-0.975,-0.994,-0.988,-0.898,-0.935,-1.034,-1.044,-0.977,-0.994,-0.986,-0.858,-0.939,-1.006,-1.06,-0.979,-1.014,-0.981,-0.894,0,0
"2019-04-16 07:21:40.0",787580,-9999,72.65,-42.99,-42.99,-0.682,-9999,-9999,12.0402,39.89,39.89,13.45,-0.945,-1.044,-1.073,-0.99,-1.002,-0.99,-0.894,-0.935,-1.026,-1.034,-0.973,-0.975,-0.959,-0.901,-0.935,-0.992,-1.038,-0.975,-0.994,-0.961,-0.878,-0.935,-1,-1.024,-0.973,-0.99,-0.979,-0.872,0,0
"2019-04-16 07:22:00.0",787581,-9999,72.72,-42.92,-42.92,-0.681,-9999,-9999,12.0402,39.89,39.89,13.45,-0.949,-1.036,-1.044,-0.975,-1.002,-0.967,-0.905,-0.935,-0.988,-1.03,-0.965,-0.983,-0.973,-0.88,-0.937,-1.002,-1.01,-0.965,-0.983,-0.965,-0.858,-0.939,-0.986,-1.034,-0.965,-1.006,-0.951,-0.886,0,700
"2019-04-16 07:22:20.0",787582,-9999,72.78,-42.85,-42.85,-0.68,-9999,-9999,12.0402,39.89,39.89,13.45,-0.947,-1.03,-1.054,-0.983,-1.024,-0.977,-0.903,-0.937,-1.01,-1.026,-0.977,-0.996,-0.988,-0.901,-0.941,-1.042,-1.064,-0.979,-0.994,-0.986,-0.868,-0.933,-1.022,-1.042,-0.969,-0.992,-0.965,-0.903,0,0
"2019-04-16 07:22:40.0",787583,-9999,72.84,-42.78,-42.78,-0.679,-9999,-9999,12.0402,39.89,39.91,13.45,-0.947,-1.052,-1.064,-0.99,-1.01,-1.02,-0.86,-0.937,-0.99,-1.02,-0.979,-0.996,-1.01,-0.909,-0.937,-1.036,-1.04,-0.977,-0.971,-1.006,-0.892,-0.935,-0.992,-1.04,-0.973,-0.996,-0.983,-0.854,0,0
"2019-04-16 07:23:00.0",787584,-9999,72.91,-42.72,-42.72,-0.678,-9999,-9999,12.0402,39.89,39.89,13.45,-0.947,-1.056,-1.056,-0.994,-1.01,-0.998,-0.903,-0.935,-0.994,-1.066,-0.99,-0.996,-1.012,-0.892,-0.939,-1.04,-1.054,-0.979,-0.996,-1.006,-0.87,-0.937,-1.01,-1.044,-0.979,-0.998,-0.986,-0.862,0,0
"2019-04-16 07:23:20.0",787585,-9999,72.97,-42.65,-42.65,-0.678,-9999,-9999,12.0402,39.89,39.87,13.45,-0.949,-1.016,-1.03,-0.992,-1.032,-0.99,-0.862,-0.935,-1.012,-1.04,-0.971,-0.988,-0.973,-0.86,-0.935,-1.024,-1.038,-0.969,-0.99,-0.973,-0.892,-0.933,-1.002,-1.056,-0.969,-0.988,-0.988,-0.886,0,0
"2019-04-16 07:23:40.0",787586,-9999,73.03,-42.58,-42.58,-0.677,-9999,-9999,12.0402,39.89,39.89,13.45,-0.945,-1.01,-1.048,-0.986,-1.006,-1.006,-0.882,-0.937,-1.008,-1.016,-0.979,-0.998,-0.986,-0.872,-0.937,-1.024,-1.044,-0.981,-0.998,-0.986,-0.903,-0.933,-1,-1.042,-0.981,-1,-0.963,-0.903,0,700
"2019-04-16 07:24:00.0",787587,-9999,73.1,-42.51,-42.51,-0.676,-9999,-9999,12.0402,39.89,39.89,13.45,-0.947,-1.01,-1.073,-0.986,-1.022,-1.004,-0.864,-0.935,-1.008,-1.014,-0.971,-0.986,-0.973,-0.876,-0.939,-1.024,-1.03,-0.967,-0.994,-0.969,-0.856,-0.937,-1.002,-1.028,-0.969,-0.986,-0.955,-0.852,0,0
"2019-04-16 07:24:20.0",787588,-9999,73.16,-42.45,-42.45,-0.675,-9999,-9999,12.0402,39.89,39.89,13.45,-0.949,-1.008,-1.044,-0.979,-1.002,-0.967,-0.866,-0.939,-1.002,-1.046,-0.979,-1.022,-1.012,-0.898,-0.941,-1.016,-1.03,-0.979,-0.996,-1.006,-0.866,-0.941,-1.008,-1.05,-0.981,-0.998,-0.99,-0.868,0,0
"2019-04-16 07:24:40.0",787589,-9999,73.22,-42.38,-42.38,-0.674,-9999,-9999,12.0402,39.89,39.89,13.45,-0.953,-1.006,-1.075,-0.986,-1.008,-1.002,-0.87,-0.941,-1,-1.054,-0.986,-0.996,-0.994,-0.896,-0.941,-1.01,-1.064,-0.983,-0.996,-0.981,-0.864,-0.941,-1.002,-1.05,-0.977,-1.018,-0.979,-0.856,0,0
"2019-04-16 07:25:00.0",787590,-9999,73.29,-42.31,-42.31,-0.673,-9999,-9999,12.0402,39.89,39.87,13.45,-0.951,-1.018,-1.062,-0.992,-0.998,-0.981,-0.909,-0.939,-0.99,-1.036,-0.971,-0.99,-0.998,-0.866,-0.947,-1.03,-1.036,-0.973,-0.996,-0.975,-0.868,-0.941,-0.983,-1.036,-0.971,-0.988,-0.967,-0.856,0,0
"2019-04-16 07:25:20.0",787591,-9999,73.35,-42.24,-42.24,-0.672,-9999,-9999,12.0402,39.89,39.91,13.45,-0.955,-1.04,-1.054,-0.992,-1.004,-0.973,-0.888,-0.943,-1.016,-1.052,-0.977,-1.03,-0.992,-0.905,-0.949,-1.02,-1.056,-0.986,-1.004,-1.01,-0.874,-0.947,-1,-1.048,-0.988,-1.026,-0.99,-0.864,0,700
"2019-04-16 07:25:40.0",787592,-9999,73.41,-42.18,-42.18,-0.671,-9999,-9999,12.0402,39.89,39.89,13.45,-0.955,-1.032,-1.058,-0.996,-1.018,-1.002,-0.886,-0.943,-1.018,-1.042,-0.975,-0.992,-0.963,-0.89,-0.953,-1.026,-1.046,-0.977,-1.024,-0.977,-0.892,-0.945,-1.014,-1.068,-0.983,-0.979,-1.008,-0.905,0,0
"2019-04-16 07:26:00.0",787593,-9999,73.47,-42.11,-42.11,-0.671,-9999,-9999,12.0402,39.89,39.87,13.45,-0.961,-1.004,-1.052,-0.992,-1.008,-0.988,-0.915,-0.945,-1.052,-1.056,-0.988,-1.01,-0.979,-0.925,-0.947,-1,-1.032,-0.986,-1.002,-0.973,-0.905,-0.943,-1.036,-1.052,-0.986,-1.002,-1.004,-0.898,0,0
"2019-04-16 07:26:20.0",787594,-9999,73.54,-42.04,-42.04,-0.67,-9999,-9999,12.0402,39.89,39.87,13.45,-0.957,-1.056,-1.066,-1.004,-1.022,-1.004,-0.907,-0.947,-1.014,-1.042,-0.977,-0.99,-0.986,-0.915,-0.949,-0.994,-1.05,-0.981,-0.979,-0.998,-0.888,-0.949,-1.034,-1.018,-0.975,-1.002,-0.986,-0.896,0,0
"2019-04-16 07:26:40.0",787595,-9999,73.6,-41.97,-41.97,-0.669,-9999,-9999,12.0402,39.88,39.87,13.45,-0.959,-1.018,-1.062,-0.998,-1.014,-0.981,-0.909,-0.957,-1.004,-1.07,-0.986,-1.006,-0.988,-0.917,-0.959,-1.048,-1.056,-0.992,-1.01,-0.979,-0.913,-0.951,-1.054,-1.056,-0.992,-1.008,-1.018,-0.915,0,0
"2019-04-16 07:27:00.0",787596,-9999,73.66,-41.91,-41.91,-0.668,-9999,-9999,12.0402,39.86,39.87,13.45,-0.961,-1.006,-1.056,-0.994,-1.01,-0.998,-0.909,-0.951,-1.024,-1.073,-0.986,-1.004,-0.998,-0.88,-0.955,-1.01,-1.056,-0.986,-1.008,-0.973,-0.919,-0.951,-1.052,-1.056,-0.99,-1.004,-1.012,-0.874,0,700
"2019-04-16 07:27:20.0",787597,-9999,73.73,-41.84,-41.84,-0.667,-9999,-9999,12.0402,39.86,39.88,13.42,-0.961,-1.022,-1.077,-0.992,-1.014,-0.988,-0.88,-0.957,-1.016,-1.058,-0.994,-1.008,-1,-0.927,-0.953,-1.05,-1.079,-0.988,-1.01,-1.018,-0.923,-0.953,-1.04,-1.079,-0.988,-1.012,-1,-0.872,0,0
"2019-04-16 07:27:40.0",787598,-9999,73.79,-41.77,-41.77,-0.666,-9999,-9999,12.0402,39.86,39.9,13.42,-0.965,-1.032,-1.054,-0.998,-1.016,-0.99,-0.901,-0.953,-1.016,-1.075,-0.994,-0.992,-1.004,-0.888,-0.955,-1.056,-1.062,-0.992,-1.008,-1.018,-0.88,-0.955,-1.054,-1.06,-0.994,-1.016,-1,-0.898,0,0
"2019-04-16 07:28:00.0",787599,-9999,73.85,-41.7,-41.7,-0.665,-9999,-9999,12.0402,39.86,39.88,13.42,-0.961,-1.05,-1.066,-1.006,-1.016,-1.018,-0.878,-0.953,-1.016,-1.05,-0.988,-1.008,-0.994,-0.872,-0.951,-0.994,-1.054,-0.986,-0.988,-0.99,-0.874,-0.953,-1,-1.05,-0.983,-1.006,-1.008,-0.886,0,0
"2019-04-16 07:28:20.0",787600,-9999,73.91,-41.64,-41.64,-0.664,-9999,-9999,12.0402,39.86,39.88,13.42,-0.967,-1.02,-1.062,-0.998,-1.016,-0.983,-0.896,-0.953,-1.002,-1.062,-0.998,-1.004,-0.988,-0.921,-0.953,-1.004,-1.034,-0.992,-1.034,-1.006,-0.917,-0.949,-1.038,-1.032,-0.99,-1,-0.975,-0.868,0,0
"2019-04-16 07:28:40.0",787601,-9999,73.97,-41.57,-41.57,-0.664,-9999,-9999,12.0402,39.86,39.88,13.42,-0.967,-1.07,-1.058,-1.008,-1.024,-1.008,-0.892,-0.955,-1.044,-1.044,-0.996,-1.01,-1.002,-0.903,-0.955,-1.052,-1.06,-0.996,-1.01,-0.981,-0.888,-0.961,-1.026,-1.054,-0.994,-1.012,-1.01,-0.903,0,700
"2019-04-16 07:29:00.0",787602,-9999,74.03,-41.5,-41.5,-0.663,-9999,-9999,12.0513,39.86,39.87,13.4,-0.967,-1.018,-1.06,-0.994,-1.012,-0.986,-0.929,-0.951,-1.022,-1.064,-0.996,-1.014,-0.996,-0.898,-0.953,-1.016,-1.066,-1,-1.016,-1.024,-0.88,-0.957,-1.016,-1.058,-0.998,-1.036,-0.986,-0.903,0,0
"2019-04-16 07:29:20.0",787603,-9999,74.1,-41.43,-41.43,-0.662,-9999,-9999,12.0402,39.86,39.87,13.4,-0.969,-1.06,-1.056,-1,-1.016,-0.983,-0.919,-0.955,-1.05,-1.064,-0.996,-1.02,-0.996,-0.894,-0.961,-1.06,-1.066,-1.002,-1.014,-1.018,-0.884,-0.957,-1.06,-1.062,-1.002,-1.008,-0.986,-0.878,0,0
"2019-04-16 07:29:40.0",787604,-9999,74.16,-41.36,-41.36,-0.661,-9999,-9999,12.0402,39.86,39.87,13.4,-0.967,-1.038,-1.058,-1,-0.998,-0.986,-0.917,-0.951,-1.048,-1.066,-0.99,-1.004,-0.992,-0.905,-0.965,-1.032,-1.052,-0.99,-1.008,-0.99,-0.917,-0.959,-1.036,-1.077,-0.99,-1.01,-0.996,-0.864,0,0
"2019-04-16 07:30:00.0",787605,-9999,74.22,-41.3,-41.3,-0.66,-9999,-9999,12.0402,39.86,39.87,13.4,-0.969,-1.06,-1.079,-1.014,-1.028,-1.018,-0.931,-0.967,-1.018,-1.046,-0.998,-1.016,-1.006,-0.905,-0.957,-1.02,-1.044,-1,-1.018,-1,-0.896,-0.955,-1.014,-1.066,-0.994,-1.014,-1.02,-0.909,0,0
"2019-04-16 07:30:20.0",787606,-9999,74.28,-41.23,-41.23,-0.659,-9999,-9999,12.0402,39.86,39.89,13.4,-0.969,-1.028,-1.089,-0.998,-1.028,-0.986,-0.927,-0.961,-1.052,-1.054,-0.986,-1.006,-0.994,-0.905,-0.961,-1.052,-1.05,-0.99,-1.026,-0.975,-0.896,-0.961,-1.052,-1.032,-0.988,-1.022,-0.994,-0.913,0,700
"2019-04-16 07:30:40.0",787607,-9999,74.34,-41.16,-41.16,-0.658,-9999,-9999,12.0402,39.86,39.87,13.4,-0.969,-1.034,-1.081,-1.014,-1.05,-1.03,-0.921,-0.957,-1.04,-1.07,-0.99,-1.008,-1.018,-0.903,-0.957,-1.016,-1.073,-0.99,-1.012,-0.986,-0.911,-0.959,-1.02,-1.05,-0.988,-1.008,-1.004,-0.907,0,0
"2019-04-16 07:31:00.0",787608,-9999,74.4,-41.09,-41.09,-0.657,-9999,-9999,12.0402,39.86,39.87,13.38,-0.973,-1.022,-1.075,-1.004,-1.028,-0.99,-0.935,-0.957,-1.052,-1.048,-0.994,-1.006,-0.998,-0.905,-0.959,-1.044,-1.044,-0.988,-1.01,-0.977,-0.896,-0.961,-1.044,-1.068,-0.983,-1.01,-0.994,-0.911,0,0
"2019-04-16 07:31:20.0",787609,-9999,74.46,-41.02,-41.02,-0.656,-9999,-9999,12.0402,39.86,39.87,13.38,-0.967,-1.058,-1.085,-0.996,-1.02,-1.002,-0.909,-0.959,-1.004,-1.058,-0.988,-1.004,-0.996,-0.927,-0.959,-1.012,-1.054,-0.992,-1.008,-0.992,-0.915,-0.959,-1.008,-1.081,-0.986,-1.004,-1.008,-0.87,0,0
"2019-04-16 07:31:40.0",787610,-9999,74.52,-40.96,-40.96,-0.655,-9999,-9999,12.0402,39.86,39.88,13.38,-0.969,-1.062,-1.07,-1.012,-1.03,-1.016,-0.886,-0.961,-1.06,-1.068,-1.002,-1.028,-1.01,-0.921,-0.959,-1.066,-1.064,-1.004,-1.02,-0.994,-0.925,-0.959,-1.06,-1.05,-1.002,-1.018,-1.012,-0.882,0,0
"2019-04-16 07:32:00.0",787611,-9999,74.58,-40.89,-40.89,-0.655,-9999,-9999,12.0513,39.86,39.87,13.38,-0.973,-1.073,-1.077,-1.01,-1.046,-1.018,-0.921,-0.961,-1.038,-1.064,-0.996,-0.992,-1.004,-0.909,-0.963,-1.044,-1.06,-1,-1.01,-0.996,-0.923,-0.959,-1.04,-1.079,-0.996,-1.018,-0.988,-0.878,0,700
"2019-04-16 07:32:20.0",787612,-9999,74.64,-40.82,-40.82,-0.654,-9999,-9999,12.0402,39.86,39.87,13.38,-0.971,-1.048,-1.075,-1.014,-1.03,-1.034,-0.931,-0.963,-1.05,-1.075,-1.002,-1.018,-1.01,-0.894,-0.959,-1.016,-1.073,-1.004,-1.022,-1.008,-0.913,-0.959,-1.018,-1.089,-1.004,-1.02,-1.002,-0.919,0,0
"2019-04-16 07:32:40.0",787613,-9999,74.7,-40.75,-40.75,-0.653,-9999,-9999,12.0402,39.86,39.87,13.35,-0.971,-1.046,-1.083,-1.014,-1.032,-1.04,-0.89,-0.959,-1.036,-1.06,-1.004,-1.022,-1.01,-0.929,-0.961,-1.046,-1.085,-1.002,-1.02,-1.004,-0.89,-0.963,-1.036,-1.07,-0.998,-1.018,-1.022,-0.915,0,0
"2019-04-16 07:33:00.0",787614,-9999,74.77,-40.68,-40.68,-0.652,-9999,-9999,12.0457,39.86,39.87,13.35,-0.971,-1.06,-1.064,-1.006,-1.022,-0.988,-0.892,-0.963,-1.014,-1.052,-0.994,-1.012,-0.979,-0.901,-0.961,-1.012,-1.032,-0.99,-0.994,-0.992,-0.907,-0.961,-1.008,-1.054,-0.992,-1.008,-1.012,-0.878,0,0
"2019-04-16 07:33:20.0",787615,-9999,74.83,-40.62,-40.62,-0.651,-9999,-9999,12.0402,39.86,39.87,13.35,-0.971,-1.05,-1.077,-1.006,-1.022,-1,-0.917,-0.961,-1.01,-1.064,-0.996,-1.012,-0.99,-0.913,-0.961,-1.008,-1.062,-1,-1.018,-1,-0.915,-0.961,-1.004,-1.058,-0.992,-1.014,-1.02,-0.876,0,0
"2019-04-16 07:33:40.0",787616,-9999,74.89,-40.55,-40.55,-0.65,-9999,-9999,12.0402,39.86,39.87,13.35,-0.975,-1.085,-1.083,-1.018,-1.038,-1.042,-0.931,-0.963,-1.026,-1.095,-1.004,-1.02,-1.014,-0.927,-0.963,-1.03,-1.068,-1.004,-1.022,-1.012,-0.927,-0.965,-1.022,-1.05,-1.004,-1.02,-1.01,-0.888,0,700
"2019-04-16 07:34:00.0",787617,-9999,74.95,-40.48,-40.48,-0.649,-9999,-9999,12.0402,39.86,39.87,13.35,-0.973,-1.064,-1.103,-1.016,-1.036,-1.016,-0.909,-0.963,-1.032,-1.07,-1.01,-1.022,-1.032,-0.909,-0.963,-1.024,-1.075,-1.006,-1.02,-0.994,-0.915,-0.965,-1.02,-1.089,-1.006,-1.022,-1.006,-0.923,0,0
"2019-04-16 07:34:20.0",787618,-9999,75.01,-40.41,-40.41,-0.648,-9999,-9999,12.0402,39.86,39.88,13.33,-0.973,-1.036,-1.085,-1.014,-1.052,-1.018,-0.939,-0.961,-1.066,-1.073,-1,-1.014,-1.012,-0.894,-0.965,-1.06,-1.064,-0.998,-1.026,-1.026,-0.905,-0.961,-1.03,-1.089,-0.998,-1.02,-1.03,-0.892,0,0
"2019-04-16 07:34:40.0",787619,-9999,75.07,-40.34,-40.34,-0.647,-9999,-9999,12.0402,39.86,39.87,13.33,-0.975,-1.04,-1.079,-1.014,-1.028,-1.018,-0.917,-0.965,-1.058,-1.04,-0.998,-1.002,-0.992,-0.892,-0.965,-1.07,-1.066,-0.998,-1.024,-1.01,-0.888,-0.967,-1.06,-1.068,-0.998,-0.996,-0.998,-0.917,0,0
"2019-04-16 07:35:00.0",787620,-9999,75.13,-40.28,-40.28,-0.646,-9999,-9999,12.0402,39.86,39.87,13.33,-0.981,-1.046,-1.062,-1.01,-1.026,-1.032,-0.896,-0.963,-1.058,-1.085,-1.004,-1.018,-1.016,-0.901,-0.967,-1.066,-1.073,-1.006,-1.022,-1.012,-0.919,-0.959,-1.026,-1.07,-1.002,-1.022,-1.014,-0.882,0,0
"2019-04-16 07:35:20.0",787621,-9999,75.19,-40.21,-40.21,-0.646,-9999,-9999,12.0402,39.86,39.87,13.33,-0.975,-1.085,-1.085,-1.02,-1.034,-1.044,-0.896,-0.965,-1.034,-1.066,-0.996,-1.018,-1.006,-0.929,-0.965,-1.024,-1.089,-1.002,-1.016,-1.024,-0.884,-0.963,-1.046,-1.044,-0.998,-1.018,-1.006,-0.913,0,700
"2019-04-16 07:35:40.0",787622,-9999,75.25,-40.14,-40.14,-0.645,-9999,-9999,12.0513,39.86,39.87,13.3,-0.975,-1.044,-1.044,-1.01,-1.022,-1.008,-0.913,-0.965,-1.038,-1.073,-0.996,-1.012,-1.02,-0.89,-0.967,-1.038,-1.07,-0.998,-1.014,-0.983,-0.915,-0.965,-1.06,-1.06,-1,-1.028,-0.981,-0.925,0,0
"2019-04-16 07:36:00.0",787623,-9999,75.3,-40.07,-40.07,-0.644,-9999,-9999,12.0402,39.86,39.87,13.3,-0.977,-1.079,-1.093,-1.018,-1.034,-1.006,-0.896,-0.963,-1.066,-1.081,-1.008,-1.03,-1.018,-0.929,-0.967,-1.073,-1.097,-1.01,-1.012,-1.032,-0.894,-0.967,-1.034,-1.058,-1.006,-1.026,-1.032,-0.927,0,0
"2019-04-16 07:36:20.0",787624,-9999,75.36,-40,-40,-0.643,-9999,-9999,12.0402,39.86,39.89,13.3,-0.977,-1.038,-1.079,-1.022,-1.04,-1.042,-0.931,-0.965,-1.022,-1.06,-1.008,-1.014,-1.006,-0.933,-0.969,-1.028,-1.075,-1.012,-1.032,-1.014,-0.901,-0.961,-1.034,-1.089,-1.01,-1.024,-1.01,-0.909,0,0
"2019-04-16 07:36:40.0",787625,-9999,75.42,-39.93,-39.93,-0.642,-9999,-9999,12.0402,39.86,39.91,13.28,-0.981,-1.038,-1.095,-1.02,-1.036,-1.018,-0.896,-0.967,-1.022,-1.07,-1.012,-1.024,-1.036,-0.917,-0.971,-1.026,-1.077,-1.004,-1.024,-0.996,-0.927,-0.971,-1.046,-1.077,-1.008,-1.026,-1.01,-0.882,0,0
"2019-04-16 07:37:00.0",787626,-9999,75.48,-39.87,-39.87,-0.641,-9999,-9999,12.0402,39.86,39.87,13.28,-0.979,-1.083,-1.107,-1.018,-1.058,-1.038,-0.901,-0.967,-1.05,-1.058,-1,-1.016,-1.004,-0.931,-0.969,-1.052,-1.073,-0.998,-1.01,-1.022,-0.886,-0.965,-1.026,-1.05,-1,-1.018,-0.996,-0.898,0,700
"2019-04-16 07:37:20.0",787627,-9999,75.54,-39.8,-39.8,-0.64,-9999,-9999,12.0402,39.86,39.89,13.28,-0.975,-1.044,-1.095,-1.014,-1.024,-1,-0.911,-0.975,-1.068,-1.087,-1.002,-1.018,-1.036,-0.935,-0.971,-1.066,-1.068,-1.004,-1.05,-0.992,-0.898,-0.969,-1.028,-1.075,-1.002,-1.02,-0.994,-0.929,0,0
"2019-04-16 07:37:40.0",787628,-9999,75.6,-39.73,-39.73,-0.639,-9999,-9999,12.0402,39.86,39.87,13.28,-0.981,-1.087,-1.085,-1.022,-1.032,-1.006,-0.903,-0.967,-1.03,-1.089,-1.012,-1.026,-1.048,-0.941,-0.971,-1.04,-1.077,-1.012,-1.028,-1,-0.892,-0.969,-1.052,-1.081,-1.012,-1.044,-1,-0.888,0,0
"2019-04-16 07:38:00.0",787629,-9999,75.66,-39.66,-39.66,-0.638,-9999,-9999,12.0402,39.86,39.87,13.26,-0.981,-1.083,-1.091,-1.022,-1.04,-1.024,-0.905,-0.971,-1.03,-1.073,-1.012,-1.046,-1.018,-0.947,-0.971,-1.052,-1.075,-1.006,-1.054,-1.022,-0.903,-0.973,-1.075,-1.093,-1,-1.024,-1.03,-0.921,0,0
"2019-04-16 07:38:20.0",787630,-9999,75.72,-39.59,-39.59,-0.637,-9999,-9999,12.0402,39.86,39.87,13.26,-0.986,-1.064,-1.06,-1.022,-1.03,-1.018,-0.903,-0.971,-1.062,-1.058,-0.998,-1.02,-1.028,-0.931,-0.971,-1.06,-1.058,-0.998,-1.04,-1.004,-0.898,-0.969,-1.024,-1.062,-1,-1.02,-0.998,-0.921,0,0
"2019-04-16 07:38:40.0",787631,-9999,75.78,-39.52,-39.52,-0.636,-9999,-9999,12.0402,39.86,39.87,13.26,-0.981,-1.028,-1.075,-1.016,-1.028,-1.01,-0.917,-0.971,-1.052,-1.07,-1.004,-1.018,-1.03,-0.901,-0.973,-1.058,-1.066,-1.002,-1.018,-0.988,-0.915,-0.979,-1.022,-1.062,-1.004,-1.012,-0.988,-0.884,0,700
"2019-04-16 07:39:00.0",787632,-9999,75.84,-39.46,-39.46,-0.635,-9999,-9999,12.0402,39.86,39.87,13.23,-0.981,-1.075,-1.095,-1.024,-1.064,-1.026,-0.939,-0.971,-1.018,-1.06,-1.006,-1.022,-1.02,-0.931,-0.971,-1.018,-1.05,-1.004,-1.022,-1.024,-0.878,-0.967,-1.052,-1.089,-1.004,-1.018,-1.024,-0.927,0,0
"2019-04-16 07:39:20.0",787633,-9999,75.9,-39.39,-39.39,-0.635,-9999,-9999,12.0402,39.86,39.87,13.23,-0.983,-1.089,-1.097,-1.024,-1.044,-1.03,-0.907,-0.971,-1.04,-1.087,-1.004,-1.024,-0.994,-0.898,-0.971,-1.03,-1.046,-1.004,-1.022,-1.006,-0.923,-0.971,-1.048,-1.064,-1,-0.998,-1.002,-0.894,0,0
"2019-04-16 07:39:40.0",787634,-9999,75.95,-39.32,-39.32,-0.634,-9999,-9999,12.0402,39.86,39.87,13.23,-0.986,-1.042,-1.093,-1.024,-1.06,-1.02,-0.933,-0.975,-1.056,-1.068,-0.998,-1.022,-1.004,-0.905,-0.971,-1.028,-1.062,-1.006,-1.022,-1.026,-0.903,-0.973,-1.046,-1.07,-1.004,-1.024,-1.026,-0.894,0,0
"2019-04-16 07:40:00.0",787635,-9999,76.01,-39.25,-39.25,-0.633,-9999,-9999,12.0402,39.86,39.91,13.21,-0.977,-1.077,-1.095,-1.014,-1.034,-1.018,-0.911,-0.975,-1.06,-1.068,-1,-1.02,-1.014,-0.929,-0.967,-1.068,-1.05,-1.008,-1.026,-1.004,-0.901,-0.973,-1.032,-1.089,-1.004,-1.024,-1.004,-0.898,0,0
"2019-04-16 07:40:20.0",787636,-9999,76.07,-39.18,-39.18,-0.632,-9999,-9999,12.0402,39.86,39.87,13.21,-0.986,-1.083,-1.091,-1.022,-1.038,-1.026,-0.919,-0.971,-1.079,-1.068,-1.002,-1.004,-1.012,-0.929,-0.975,-1.036,-1.079,-1.004,-1.034,-1.01,-0.894,-0.975,-1.05,-1.07,-1.01,-1.022,-1.01,-0.888,0,700
"2019-04-16 07:40:40.0",787637,-9999,76.13,-39.11,-39.11,-0.631,-9999,-9999,12.0346,39.84,39.87,13.19,-0.986,-1.024,-1.077,-1.014,-1.032,-0.998,-0.933,-0.973,-1.03,-1.091,-1.012,-1.03,-1.004,-0.945,-0.971,-1.04,-1.081,-1.018,-1.046,-1.02,-0.913,-0.973,-1.05,-1.105,-1.012,-1.03,-1.016,-0.894,0,0
"2019-04-16 07:41:00.0",787638,-9999,76.19,-39.05,-39.05,-0.63,-9999,-9999,12.0402,39.83,39.87,13.19,-0.983,-1.054,-1.075,-1.016,-1.036,-1.042,-0.909,-0.973,-1.054,-1.087,-1.016,-1.032,-1.046,-0.947,-0.975,-1.066,-1.07,-1.018,-1.032,-1.042,-0.894,-0.973,-1.026,-1.083,-1.014,-1.022,-1.01,-0.925,0,0
"2019-04-16 07:41:20.0",787639,-9999,76.24,-38.98,-38.98,-0.629,-9999,-9999,12.0402,39.84,39.87,13.19,-0.986,-1.085,-1.091,-1.014,-1.04,-1.026,-0.941,-0.971,-1.032,-1.079,-1.014,-1.03,-1.042,-0.901,-0.973,-1.024,-1.056,-1.016,-1.026,-1.032,-0.929,-0.971,-1.064,-1.095,-1.01,-1.026,-1.01,-0.903,0,0
"2019-04-16 07:41:40.0",787640,-9999,76.3,-38.91,-38.91,-0.628,-9999,-9999,12.0402,39.84,39.87,13.16,-0.988,-1.075,-1.101,-1.016,-1.034,-1.008,-0.905,-0.975,-1.07,-1.083,-1.014,-1.034,-1.024,-0.945,-0.977,-1.038,-1.079,-1.02,-1.032,-1.02,-0.901,-0.975,-1.054,-1.091,-1.018,-1.032,-1.016,-0.892,0,0
"2019-04-16 07:42:00.0",787641,-9999,76.36,-38.84,-38.84,-0.627,-9999,-9999,12.0402,39.84,39.87,13.16,-0.986,-1.048,-1.085,-1.022,-1.054,-1.006,-0.894,-0.973,-1.062,-1.066,-1.002,-1.028,-1.032,-0.933,-0.981,-1.064,-1.064,-1.002,-1.024,-1.002,-0.882,-0.973,-1.014,-1.042,-1.002,-0.998,-1.024,-0.88,0,700
"2019-04-16 07:42:20.0",787642,-9999,76.42,-38.77,-38.77,-0.626,-9999,-9999,12.0402,39.84,39.87,13.16,-0.983,-1.087,-1.089,-1.032,-1.048,-1.014,-0.949,-0.969,-1.028,-1.075,-1.012,-1.026,-1.002,-0.894,-0.973,-1.014,-1.073,-1.01,-1.026,-1.008,-0.909,-0.969,-1.054,-1.073,-1.002,-1.026,-1.01,-0.884,0,0
"2019-04-16 07:42:40.0",787643,-9999,76.48,-38.7,-38.7,-0.625,-9999,-9999,12.0402,39.83,39.87,13.14,-0.988,-1.068,-1.101,-1.022,-1.042,-1.034,-0.921,-0.975,-1.02,-1.05,-1.014,-1.022,-1.012,-0.898,-0.977,-1.04,-1.064,-1.004,-1.004,-1.002,-0.921,-0.971,-1.06,-1.075,-1,-1.024,-1,-0.907,0,0
"2019-04-16 07:43:00.0",787644,-9999,76.53,-38.63,-38.63,-0.624,-9999,-9999,12.0402,39.83,39.87,13.14,-0.986,-1.042,-1.091,-1.024,-1.04,-1.028,-0.927,-0.977,-1.04,-1.068,-1,-1.024,-1.01,-0.896,-0.973,-1.056,-1.089,-1.002,-1.018,-1.006,-0.931,-0.973,-1.024,-1.062,-1.004,-1.02,-1.006,-0.921,0,0
"2019-04-16 07:43:20.0",787645,-9999,76.59,-38.56,-38.56,-0.623,-9999,-9999,12.0513,39.84,39.87,13.09,-0.992,-1.093,-1.085,-1.024,-1.04,-1.028,-0.921,-0.977,-1.012,-1.068,-1.002,-1.022,-1.032,-0.903,-0.977,-1.042,-1.068,-1.004,-1.02,-1.032,-0.925,-0.975,-1.068,-1.044,-1.004,-1.02,-1.022,-0.905,0,0
"2019-04-16 07:43:40.0",787646,-9999,76.65,-38.5,-38.5,-0.622,-9999,-9999,12.0402,39.83,39.87,13.09,-0.979,-1.066,-1.093,-1.03,-1.042,-1.032,-0.931,-0.973,-1.02,-1.073,-1.006,-1.026,-1.008,-0.894,-0.977,-1.028,-1.093,-1.008,-1.03,-1,-0.937,-0.981,-1.068,-1.07,-1.008,-1.03,-1.012,-0.931,0,700
"2019-04-16 07:44:00.0",787647,-9999,76.7,-38.43,-38.43,-0.622,-9999,-9999,12.0402,39.83,39.9,13.09,-0.994,-1.056,-1.058,-1.02,-1.04,-1.036,-0.921,-0.979,-1.079,-1.085,-1.014,-1.044,-1.006,-0.939,-0.971,-1.028,-1.081,-1.012,-1.028,-0.998,-0.89,-0.973,-1.052,-1.062,-1.004,-1.024,-1.004,-0.886,0,0
"2019-04-16 07:44:20.0",787648,-9999,76.76,-38.36,-38.36,-0.621,-9999,-9999,12.0402,39.83,39.88,13.09,-0.988,-1.05,-1.081,-1.018,-1.036,-1.036,-0.894,-0.975,-1.038,-1.083,-1.018,-1.034,-1.026,-0.907,-0.977,-1.054,-1.064,-1.016,-1.034,-1.018,-0.937,-0.973,-1.073,-1.103,-1.02,-1.03,-1.038,-0.909,0,0
"2019-04-16 07:44:40.0",787649,-9999,76.82,-38.29,-38.29,-0.62,-9999,-9999,12.0346,39.83,39.88,13.07,-0.988,-1.07,-1.097,-1.028,-1.042,-1.038,-0.951,-0.977,-1.056,-1.058,-1.012,-1.03,-1.022,-0.911,-0.977,-1.077,-1.083,-1.016,-1.034,-1.022,-0.945,-0.975,-1.04,-1.085,-1.012,-1.036,-1.018,-0.917,0,0
"2019-04-16 07:45:00.0",787650,-9999,76.88,-38.22,-38.22,-0.619,-9999,-9999,12.0402,39.83,39.9,13.05,-0.988,-1.026,-1.099,-1.03,-1.042,-1.05,-0.923,-0.975,-1.068,-1.075,-1.006,-1.028,-1.04,-0.911,-0.977,-1.036,-1.077,-1.014,-1.032,-1.02,-0.939,-0.973,-1.05,-1.079,-1.018,-1.026,-1.036,-0.933,0,0
"2019-04-16 07:45:20.0",787651,-9999,76.93,-38.15,-38.15,-0.618,-9999,-9999,12.0402,39.83,39.88,13.05,-0.986,-1.095,-1.079,-1.032,-1.038,-1.028,-0.909,-0.977,-1.083,-1.085,-1.022,-1.036,-1.01,-0.921,-0.975,-1.038,-1.087,-1.018,-1.034,-1.004,-0.935,-0.977,-1.058,-1.07,-1.02,-1.034,-1.022,-0.933,0,700
"2019-04-16 07:45:40.0",787652,-9999,76.99,-38.09,-38.09,-0.617,-9999,-9999,12.0402,39.83,39.87,13.05,-0.986,-1.087,-1.091,-1.026,-1.042,-1.014,-0.896,-0.977,-1.064,-1.068,-1.022,-1.036,-1.03,-0.941,-0.977,-1.079,-1.107,-1.022,-1.018,-1.024,-0.941,-0.975,-1.042,-1.081,-1.018,-1.046,-1.008,-0.913,0,0
"2019-04-16 07:46:00.0",787653,-9999,77.05,-38.02,-38.02,-0.616,-9999,-9999,12.0402,39.83,39.87,13.05,-0.988,-1.06,-1.087,-1.02,-1.038,-1.006,-0.921,-0.973,-1.018,-1.07,-1.012,-1.044,-0.996,-0.915,-0.975,-1.068,-1.066,-1.008,-1.024,-0.994,-0.888,-0.977,-1.018,-1.091,-1.008,-1.002,-1.006,-0.921,0,0
"2019-04-16 07:46:20.0",787654,-9999,77.1,-37.95,-37.95,-0.615,-9999,-9999,12.0402,39.83,39.87,13.02,-0.986,-1.091,-1.089,-1.026,-1.042,-1.026,-0.898,-0.973,-1.066,-1.079,-1.01,-1.028,-1.022,-0.901,-0.973,-1.075,-1.066,-1.01,-1.048,-1.016,-0.925,-0.973,-1.046,-1.075,-1.008,-1.026,-1.01,-0.919,0,0
"2019-04-16 07:46:40.0",787655,-9999,77.16,-37.88,-37.88,-0.614,-9999,-9999,12.0402,39.83,39.87,13.02,-0.986,-1.073,-1.087,-1.026,-1.042,-1.046,-0.931,-0.973,-1.083,-1.075,-1.02,-1.038,-1.052,-0.939,-0.979,-1.087,-1.081,-1.02,-1.04,-1.024,-0.927,-0.977,-1.056,-1.075,-1.018,-1.032,-1.018,-0.894,0,0
"2019-04-16 07:47:00.0",787656,-9999,77.22,-37.81,-37.81,-0.613,-9999,-9999,12.0402,39.83,39.87,13,-0.99,-1.085,-1.091,-1.028,-1.046,-1.024,-0.931,-0.975,-1.058,-1.052,-1.01,-1.034,-1.004,-0.921,-0.981,-1.038,-1.073,-1.012,-1.028,-1.01,-0.896,-0.975,-1.046,-1.075,-1.006,-1.022,-1.006,-0.898,0,700
"2019-04-16 07:47:20.0",787657,-9999,77.27,-37.74,-37.74,-0.612,-9999,-9999,12.0402,39.84,39.87,13.02,-0.986,-1.026,-1.079,-1.008,-1.034,-1.034,-0.888,-0.973,-1.058,-1.073,-1.01,-1.024,-1.04,-0.921,-0.971,-1.02,-1.093,-1.01,-1.044,-1.028,-0.894,-0.971,-1.06,-1.075,-1.01,-1.02,-1.006,-0.931,0,0
"2019-04-16 07:47:40.0",787658,-9999,77.33,-37.67,-37.67,-0.611,-9999,-9999,12.0402,39.84,39.87,13.02,-0.986,-1.036,-1.068,-1.026,-1.042,-1.024,-0.898,-0.971,-1.024,-1.081,-1.008,-1.026,-1.018,-0.939,-0.973,-1.068,-1.079,-1.01,-1.028,-1,-0.915,-0.975,-1.028,-1.056,-1.006,-1.028,-1.014,-0.88,0,0
"2019-04-16 07:48:00.0",787659,-9999,77.39,-37.6,-37.6,-0.61,-9999,-9999,12.0402,39.84,39.87,13,-0.988,-1.062,-1.075,-1.024,-1.046,-1.05,-0.905,-0.975,-1.05,-1.081,-1.018,-1.016,-1.018,-0.896,-0.975,-1.064,-1.101,-1.016,-1.03,-1.002,-0.933,-0.975,-1.028,-1.083,-1.012,-1.032,-1.016,-0.931,0,0
"2019-04-16 07:48:20.0",787660,-9999,77.44,-37.53,-37.53,-0.609,-9999,-9999,12.0402,39.84,39.87,13,-0.986,-1.075,-1.111,-1.03,-1.042,-1.014,-0.921,-0.977,-1.075,-1.087,-1.016,-1.024,-1.03,-0.935,-0.977,-1.032,-1.089,-1.018,-1.034,-1.02,-0.903,-0.973,-1.046,-1.062,-1.02,-1.032,-1.016,-0.931,0,0
"2019-04-16 07:48:40.0",787661,-9999,77.5,-37.47,-37.47,-0.608,-9999,-9999,12.0346,39.84,39.87,12.98,-0.996,-1.081,-1.068,-1.024,-1.05,-1.03,-0.911,-0.975,-1.04,-1.052,-1.016,-1.01,-1.014,-0.919,-0.977,-1.066,-1.068,-1.01,-1.028,-0.996,-0.905,-0.975,-1.03,-1.075,-1.012,-1.024,-1.014,-0.896,0,700
"2019-04-16 07:49:00.0",787662,-9999,77.55,-37.4,-37.4,-0.607,-9999,-9999,12.0513,39.83,39.87,12.95,-0.986,-1.056,-1.075,-1.018,-1.032,-1.018,-0.925,-0.973,-1.054,-1.077,-1.008,-1.02,-1.014,-0.931,-0.973,-1.054,-1.081,-1.006,-1.03,-0.992,-0.913,-0.977,-1.028,-1.064,-1.002,-1.02,-1.004,-0.88,0,0
"2019-04-16 07:49:20.0",787663,-9999,77.61,-37.33,-37.33,-0.606,-9999,-9999,12.0402,39.83,39.87,12.95,-0.994,-1.056,-1.081,-1.018,-1.032,-1.018,-0.894,-0.973,-1.018,-1.07,-1.008,-1.024,-1.01,-0.896,-0.977,-1.058,-1.07,-1.008,-1.022,-1.006,-0.923,-0.971,-1.03,-1.05,-1.004,-1.016,-1.008,-0.921,0,0
"2019-04-16 07:49:40.0",787664,-9999,77.67,-37.26,-37.26,-0.605,-9999,-9999,12.0402,39.83,39.87,12.95,-0.983,-1.048,-1.083,-1.018,-1.028,-1.02,-0.941,-0.975,-1.05,-1.066,-1.004,-1.018,-1.008,-0.927,-0.979,-1.07,-1.085,-1.008,-1.03,-1.01,-0.905,-0.973,-1.026,-1.066,-1.004,-1.022,-1.022,-0.884,0,0
"2019-04-16 07:50:00.0",787665,-9999,77.72,-37.19,-37.19,-0.604,-9999,-9999,12.0402,39.83,39.87,12.93,-0.983,-1.03,-1.083,-1.018,-1.036,-1.006,-0.939,-0.977,-1.048,-1.087,-0.998,-1.03,-1.044,-0.945,-0.975,-1.073,-1.081,-1.016,-1.032,-1.044,-0.921,-0.973,-1.032,-1.083,-1.014,-1.032,-1.028,-0.913,0,0
"2019-04-16 07:50:20.0",787666,-9999,77.78,-37.12,-37.12,-0.604,-9999,-9999,12.0402,39.83,39.87,12.93,-0.988,-1.058,-1.083,-1.02,-1.042,-1.012,-0.931,-0.971,-1.02,-1.064,-1.008,-1.018,-0.998,-0.927,-0.983,-1.044,-1.05,-1.002,-1.022,-0.99,-0.917,-0.981,-1.016,-1.087,-1,-1.022,-1.006,-0.882,0,700
"2019-04-16 07:50:40.0",787667,-9999,77.83,-37.05,-37.05,-0.603,-9999,-9999,12.0402,39.84,39.91,12.93,-0.983,-1.026,-1.075,-1.014,-1.032,-1.018,-0.905,-0.969,-1.022,-1.085,-1.018,-1.008,-1.014,-0.915,-0.975,-1.026,-1.077,-1.014,-1.026,-0.994,-0.894,-0.977,-1.052,-1.095,-1.01,-1.03,-1.014,-0.929,0,0
"2019-04-16 07:51:00.0",787668,-9999,77.89,-36.98,-36.98,-0.602,-9999,-9999,12.0402,39.84,39.87,12.93,-0.988,-1.083,-1.101,-1.026,-1.028,-1.024,-0.935,-0.973,-1.064,-1.105,-1.012,-1.03,-1.008,-0.923,-0.977,-1.028,-1.058,-1.018,-1.03,-1.04,-0.903,-0.973,-1.042,-1.083,-1.012,-1.026,-1.018,-0.927,0,0
"2019-04-16 07:51:20.0",787669,-9999,77.95,-36.91,-36.91,-0.601,-9999,-9999,12.0402,39.84,39.89,12.93,-0.986,-1.07,-1.111,-1.022,-1.038,-1.024,-0.901,-0.979,-1.058,-1.087,-1.006,-1.028,-1.016,-0.903,-0.975,-1.026,-1.048,-1.01,-1.028,-0.996,-0.909,-0.971,-1.036,-1.089,-1.006,-1.02,-1.006,-0.919,0,0
"2019-04-16 07:51:40.0",787670,-9999,78,-36.85,-36.85,-0.6,-9999,-9999,12.0402,39.84,39.87,12.91,-0.983,-1.079,-1.107,-1.02,-1.038,-1.022,-0.898,-0.975,-1.079,-1.097,-1.018,-1.032,-1.008,-0.909,-0.973,-1.032,-1.06,-1.016,-1.036,-1.002,-0.941,-0.977,-1.054,-1.105,-1.014,-1.032,-1.016,-0.931,0,0
"2019-04-16 07:52:00.0",787671,-9999,78.06,-36.78,-36.78,-0.599,-9999,-9999,12.0402,39.84,39.87,12.91,-0.983,-1.058,-1.097,-1.018,-1.04,-1.02,-0.901,-0.977,-1.068,-1.081,-1.02,-1.054,-1.024,-0.923,-0.969,-1.034,-1.068,-1.02,-1.038,-1.042,-0.909,-0.977,-1.05,-1.085,-1.022,-1.014,-1.016,-0.925,0,700
"2019-04-16 07:52:20.0",787672,-9999,78.11,-36.71,-36.71,-0.598,-9999,-9999,12.0406,39.83,39.88,12.88,-0.986,-1.062,-1.064,-1.016,-1.03,-0.994,-0.911,-0.973,-1.062,-1.087,-1.014,-1.036,-1.018,-0.935,-0.975,-1.034,-1.075,-1.022,-1.028,-1.016,-0.892,-0.973,-1.042,-1.05,-1.018,-1.028,-1.04,-0.907,0,0
"2019-04-16 07:52:40.0",787673,-9999,78.17,-36.64,-36.64,-0.597,-9999,-9999,12.0406,39.83,39.88,12.86,-0.99,-1.081,-1.105,-1.022,-1.038,-1.05,-0.925,-0.977,-1.06,-1.064,-1.01,-1.022,-1.028,-0.933,-0.971,-1.024,-1.048,-1.006,-1.02,-1.026,-0.919,-0.973,-1.032,-1.085,-1.002,-1.022,-1.004,-0.884,0,0
"2019-04-16 07:53:00.0",787674,-9999,78.22,-36.57,-36.57,-0.596,-9999,-9999,12.0406,39.83,39.88,12.86,-0.979,-1.068,-1.087,-1.018,-1.03,-1.018,-0.915,-0.973,-1.052,-1.081,-1.018,-1.028,-1.02,-0.937,-0.975,-1.077,-1.101,-1.02,-1.034,-1.024,-0.923,-0.973,-1.036,-1.083,-1.014,-1.03,-1.02,-0.894,0,0
"2019-04-16 07:53:20.0",787675,-9999,78.28,-36.5,-36.5,-0.595,-9999,-9999,12.0406,39.83,39.9,12.86,-0.99,-1.026,-1.087,-1.014,-1.034,-1.038,-0.929,-0.969,-1.026,-1.066,-1.002,-1.022,-1.006,-0.925,-0.973,-1.018,-1.091,-1.008,-1.022,-0.994,-0.903,-0.979,-1.058,-1.079,-1.012,-1.022,-1.006,-0.913,0,0
"2019-04-16 07:53:40.0",787676,-9999,78.33,-36.43,-36.43,-0.594,-9999,-9999,12.0406,39.83,39.88,12.86,-0.988,-1.077,-1.089,-1.022,-1.038,-1.02,-0.935,-0.977,-1.058,-1.07,-1.002,-1.02,-1.002,-0.905,-0.967,-1.054,-1.091,-1.006,-1.018,-1.002,-0.915,-0.967,-1.046,-1.07,-1.004,-1.004,-1.008,-0.905,0,700
"2019-04-16 07:54:00.0",787677,-9999,78.39,-36.36,-36.36,-0.593,-9999,-9999,12.0405,39.84,39.88,12.86,-0.981,-1.075,-1.081,-1.014,-1.034,-1.022,-0.937,-0.973,-1.04,-1.089,-1,-1.028,-1.026,-0.931,-0.979,-1.058,-1.048,-0.992,-1.024,-1.028,-0.907,-0.971,-1.02,-1.089,-1.006,-1.016,-1,-0.88,0,0
"2019-04-16 07:54:20.0",787678,-9999,78.44,-36.29,-36.29,-0.592,-9999,-9999,12.0405,39.84,39.88,12.86,-0.99,-1.058,-1.089,-1.024,-1.04,-1.05,-0.927,-0.973,-1.04,-1.066,-0.99,-1.048,-1.026,-0.931,-0.973,-1.064,-1.089,-1,-1.022,-1.024,-0.886,-0.973,-1.024,-1.062,-1.004,-1.01,-1.004,-0.89,0,0
"2019-04-16 07:54:40.0",787679,-9999,78.5,-36.22,-36.22,-0.591,-9999,-9999,12.0405,39.84,39.88,12.86,-0.979,-1.046,-1.079,-1.012,-1.034,-1.018,-0.886,-0.969,-1.02,-1.064,-1.002,-1.02,-1.012,-0.917,-0.971,-1.038,-1.066,-1.004,-1.024,-1.002,-0.89,-0.975,-1.046,-1.042,-1,-1.026,-0.99,-0.923,0,0
"2019-04-16 07:55:00.0",787680,-9999,78.55,-36.15,-36.15,-0.59,-9999,-9999,12.0461,39.84,39.88,12.81,-0.986,-1.042,-1.091,-1.016,-1.04,-1.022,-0.905,-0.975,-1.073,-1.075,-1.01,-1.03,-1.018,-0.937,-0.977,-1.04,-1.077,-1.01,-1.03,-1.008,-0.892,-0.969,-1.073,-1.073,-1.008,-1.03,-0.996,-0.929,0,0
"2019-04-16 07:55:20.0",787681,-9999,78.6,-36.09,-36.09,-0.589,-9999,-9999,12.0405,39.84,39.88,12.81,-0.986,-1.032,-1.081,-1.022,-1.018,-1.024,-0.909,-0.975,-1.058,-1.056,-1.004,-1.042,-1.036,-0.943,-0.973,-1.024,-1.073,-1.01,-1.024,-1.032,-0.923,-0.971,-1.066,-1.05,-1.004,-1.024,-1.006,-0.892,0,700
"2019-04-16 07:55:40.0",787682,-9999,78.66,-36.02,-36.02,-0.588,-9999,-9999,12.0409,39.83,39.87,12.81,-0.979,-1.07,-1.099,-1.012,-1.03,-1,-0.933,-0.969,-1.062,-1.064,-1.004,-1.024,-0.996,-0.937,-0.975,-1.024,-1.058,-1.006,-1.022,-0.996,-0.89,-0.973,-1.038,-1.081,-1.008,-1.02,-0.988,-0.894,0,0
"2019-04-16 07:56:00.0",787683,-9999,78.71,-35.95,-35.95,-0.587,-9999,-9999,12.0409,39.83,39.89,12.79,-0.986,-1.062,-1.087,-1.02,-1.038,-1.04,-0.909,-0.975,-1.062,-1.085,-1.02,-1.032,-1.044,-0.903,-0.975,-1.081,-1.087,-1.016,-1.018,-1.04,-0.947,-0.973,-1.046,-1.085,-1.014,-1.058,-1.022,-0.917,0,0
"2019-04-16 07:56:20.0",787684,-9999,78.77,-35.88,-35.88,-0.586,-9999,-9999,12.0409,39.83,39.87,12.79,-0.983,-1.068,-1.117,-1.028,-1.044,-1.034,-0.898,-0.971,-1.022,-1.099,-1.01,-1.026,-1.018,-0.896,-0.973,-1.046,-1.081,-1.012,-1.042,-1.01,-0.927,-0.975,-1.02,-1.07,-1.006,-1.018,-1.008,-0.905,0,0
"2019-04-16 07:56:40.0",787685,-9999,78.82,-35.81,-35.81,-0.585,-9999,-9999,12.0409,39.83,39.89,12.79,-0.986,-1.038,-1.093,-1.016,-1.034,-1.02,-0.898,-0.975,-1.06,-1.068,-1.004,-1.022,-1.032,-0.945,-0.975,-1.036,-1.073,-1.002,-1.026,-1.03,-0.921,-0.971,-1.066,-1.075,-1.01,-1.022,-1.006,-0.89,0,0
"2019-04-16 07:57:00.0",787686,-9999,78.88,-35.74,-35.74,-0.584,-9999,-9999,12.0409,39.83,39.87,12.79,-0.986,-1.066,-1.113,-1.024,-1.04,-1.022,-0.925,-0.973,-1.038,-1.079,-1.012,-1.036,-1.036,-0.909,-0.977,-1.058,-1.064,-1.014,-1.03,-1.042,-0.943,-0.969,-1.028,-1.101,-1.014,-1.026,-1.014,-0.931,0,700
"2019-04-16 07:57:20.0",787687,-9999,78.93,-35.67,-35.67,-0.583,-9999,-9999,12.0411,39.84,39.87,12.79,-0.981,-1.075,-1.085,-1.02,-1.036,-1.008,-0.894,-0.973,-1.06,-1.083,-1.006,-1.018,-1.022,-0.939,-0.973,-1.062,-1.052,-1.006,-1.026,-1.006,-0.913,-0.973,-1.05,-1.095,-1.008,-1.022,-1.008,-0.898,0,0
"2019-04-16 07:57:40.0",787688,-9999,78.99,-35.6,-35.6,-0.582,-9999,-9999,12.0411,39.84,39.87,12.79,-0.983,-1.05,-1.081,-1.012,-1.026,-1.014,-0.898,-0.973,-1.073,-1.083,-1.014,-1.03,-1.006,-0.907,-0.973,-1.016,-1.075,-1.01,-1.028,-0.996,-0.925,-0.969,-1.056,-1.048,-1.008,-1.024,-1.022,-0.921,0,0
"2019-04-16 07:58:00.0",787689,-9999,79.04,-35.53,-35.53,-0.581,-9999,-9999,12.0411,39.84,39.89,12.79,-0.983,-1.068,-1.085,-1.024,-1.042,-1.024,-0.921,-0.971,-1.052,-1.066,-1.004,-1.026,-1.014,-0.901,-0.973,-1.07,-1.079,-1.016,-1.03,-1.02,-0.929,-0.973,-1.038,-1.079,-1.012,-1.028,-1.002,-0.913,0,0
"2019-04-16 07:58:20.0",787690,-9999,79.09,-35.46,-35.46,-0.58,-9999,-9999,12.0411,39.84,39.87,12.79,-0.99,-1.05,-1.087,-1.026,-1.044,-1.02,-0.909,-0.969,-1.06,-1.087,-1.004,-1.024,-1.008,-0.894,-0.971,-1.02,-1.073,-1.004,-1.02,-1.002,-0.917,-0.969,-1.048,-1.064,-1,-1.022,-0.988,-0.901,0,0
"2019-04-16 07:58:40.0",787691,-9999,79.15,-35.39,-35.39,-0.579,-9999,-9999,12.0411,39.84,39.87,12.77,-0.983,-1.073,-1.091,-1.036,-1.046,-1.032,-0.917,-0.973,-1.018,-1.068,-1.006,-1.024,-1,-0.917,-0.971,-1.016,-1.091,-1.004,-1.02,-0.992,-0.884,-0.971,-1.052,-1.056,-1,-1.018,-1.022,-0.913,0,700
"2019-04-16 07:59:00.0",787692,-9999,79.2,-35.32,-35.32,-0.578,-9999,-9999,12.0414,39.84,39.87,12.74,-0.983,-1.07,-1.068,-1.026,-1.034,-1.028,-0.939,-0.971,-1.062,-1.099,-1.008,-1.024,-1.016,-0.937,-0.969,-1.028,-1.083,-1.01,-1.026,-1.012,-0.909,-0.971,-1.056,-1.085,-1.018,-1.018,-0.992,-0.888,0,0
"2019-04-16 07:59:20.0",787693,-9999,79.25,-35.25,-35.25,-0.577,-9999,-9999,12.0414,39.84,39.87,12.74,-0.986,-1.075,-1.095,-1.03,-1.038,-1.028,-0.945,-0.969,-1.024,-1.091,-1.006,-1.018,-1.01,-0.927,-0.973,-1.016,-1.054,-1.002,-1.02,-1.026,-0.878,-0.967,-1.048,-1.081,-0.996,-1.014,-1.002,-0.872,0,0
"2019-04-16 07:59:40.0",787694,-9999,79.31,-35.19,-35.19,-0.576,-9999,-9999,12.0414,39.84,39.89,12.74,-0.981,-1.048,-1.081,-1.018,-1.036,-1.004,-0.888,-0.973,-1.034,-1.054,-1.014,-1.03,-1.004,-0.945,-0.981,-1.038,-1.085,-1.014,-1.032,-1.004,-0.921,-0.973,-1.066,-1.058,-1.016,-1.026,-1.004,-0.905,0,0
