"TOA5","","","1764","CR1000.Std.24","CPU:MFRSR_10012018V2.8.CR1","13574","TableHdr","PbCdlComm-1.6.0 (2016/01/26)"
"TIMESTAMP","RECORD","loggerID""headID""xpgmVerID""xlat""xlon""xSiteElev""xFULLREV""xCRXHSTEPS""xSCANseconds""xSCANnAvg""xSCANtrough""xHOMEoffset""xALLTIMEband"
"TS","RN","--""--""--""deg""deg""m""--""--""sec""--""--""--""--"
"","","Smp""Smp""Smp""Smp""Smp""Smp""Smp""Smp""Smp""Smp""Smp""Smp""Smp"
"2019-04-16 00:00:00.0",372,1764,180054423,2.8,-32.1259,-64.7287,1160,800,20,20,1,10,0,-1
"TOA5","","","1764","CR1000.Std.24","CPU:MFRSR_10012018V2.8.CR1","13574","Table155","PbCdlComm-1.6.0 (2016/01/26)"
"TIMESTAMP","RECORD","xoset""az""el""al""cosz""cosasz""pamass""vBat""Thead""THTC""Tlogger""Dnadir(1)""Dnadir(2)""Dnadir(3)""Dnadir(4)""Dnadir(5)""Dnadir(6)""Dnadir(7)""Deast(1)""Deast(2)""Deast(3)""Deast(4)""Deast(5)""Deast(6)""Deast(7)""Dsun(1)""Dsun(2)""Dsun(3)""Dsun(4)""Dsun(5)""Dsun(6)""Dsun(7)""Dwest(1)""Dwest(2)""Dwest(3)""Dwest(4)""Dwest(5)""Dwest(6)""Dwest(7)""kount""khome"
"TS","RN","sec""deg""deg""deg""--""--""--""Volt""degC""degC""degC""mV""mV""mV""mV""mV""mV""mV""mV""mV""mV""mV""mV""mV""mV""mV""mV""mV""mV""mV""mV""mV""mV""mV""mV""mV""mV""mV""mV""--""--"
"","","Smp""Smp""Smp""Smp""Smp""Smp""Smp""Smp""Smp""Smp""Smp""Smp""Smp""Smp""Smp""Smp""Smp""Smp""Smp""Smp""Smp""Smp""Smp""Smp""Smp""Smp""Smp""Smp""Smp""Smp""Smp""Smp""Smp""Smp""Smp""Smp""Smp""Smp""Smp""Smp""Smp"
"2019-04-16 04:00:00.0",786975,-9999,-13.57,-67.54,-67.54,-0.924,-9999,-9999,12.0402,39.89,39.87,14.01,-0.951,-1.014,-1.06,-0.996,-1.034,-0.985,-0.896,-0.939,-0.99,-1.044,-0.981,-0.996,-0.969,-0.9,-0.947,-1.012,-1.052,-0.977,-0.994,-0.957,-0.878,-0.939,-0.981,-1.034,-0.971,-0.99,-1.002,-0.88,0,0
"2019-04-16 04:00:20.0",786976,-9999,-13.36,-67.56,-67.56,-0.924,-9999,-9999,12.0402,39.89,39.89,14.01,-0.953,-1.048,-1.06,-0.994,-1.01,-0.994,-0.878,-0.945,-1.042,-1.056,-0.977,-1.002,-0.996,-0.874,-0.947,-0.996,-1.03,-0.99,-0.996,-0.985,-0.909,-0.937,-1.036,-1.048,-0.985,-0.998,-0.971,-0.9,0,700
"2019-04-16 04:00:40.0",786977,-9999,-13.15,-67.58,-67.58,-0.924,-9999,-9999,12.0402,39.89,39.87,14.01,-0.951,-1.024,-1.058,-0.979,-1,-1.006,-0.884,-0.941,-1.016,-1.064,-0.975,-1.004,-0.977,-0.907,-0.951,-1.038,-1.038,-0.973,-0.998,-0.985,-0.886,-0.949,-1.024,-1.02,-0.975,-0.994,-0.998,-0.89,0,0
"2019-04-16 04:01:00.0",786978,-9999,-12.94,-67.59,-67.59,-0.925,-9999,-9999,12.0402,39.89,39.89,14.01,-0.953,-1.012,-1.064,-0.996,-1.01,-1.014,-0.89,-0.939,-0.985,-1.04,-0.979,-0.99,-0.996,-0.898,-0.941,-1.026,-1.022,-0.975,-0.99,-1,-0.884,-0.937,-0.981,-1.04,-0.977,-0.992,-0.975,-0.874,0,0
"2019-04-16 04:01:20.0",786979,-9999,-12.73,-67.61,-67.61,-0.925,-9999,-9999,12.0402,39.89,39.87,14.01,-0.951,-1.012,-1.044,-0.988,-0.998,-0.981,-0.858,-0.945,-1.02,-1.036,-0.971,-0.992,-0.971,-0.888,-0.943,-0.985,-1.01,-0.975,-0.99,-0.959,-0.862,-0.941,-1.028,-1.04,-0.971,-0.981,-0.971,-0.86,0,0
"2019-04-16 04:01:40.0",786980,-9999,-12.52,-67.62,-67.62,-0.925,-9999,-9999,12.0402,39.89,39.87,14.01,-0.955,-1.008,-1.048,-0.983,-1.006,-0.99,-0.868,-0.941,-0.996,-1.04,-0.975,-0.992,-0.979,-0.864,-0.941,-1.036,-1.042,-0.973,-0.994,-0.977,-0.866,-0.941,-0.996,-1.058,-0.971,-0.998,-0.959,-0.9,0,0
"2019-04-16 04:02:00.0",786981,-9999,-12.31,-67.64,-67.64,-0.925,-9999,-9999,12.0346,39.89,39.87,14.01,-0.957,-1.012,-1.066,-0.996,-1.016,-1.002,-0.907,-0.85,-0.917,-0.923,-0.88,-0.905,-0.913,-0.82,-0.85,-0.929,-0.965,-0.88,-0.896,-0.88,-0.811,-0.85,-0.913,-0.939,-0.872,-0.884,-0.864,-0.785,0,700
"2019-04-16 04:02:20.0",786982,-9999,-12.1,-67.65,-67.65,-0.925,-9999,-9999,12.0402,39.89,39.91,13.99,-0.856,-0.913,-0.985,-0.894,-0.907,-0.896,-0.779,-0.846,-0.89,-0.937,-0.878,-0.898,-0.882,-0.789,-0.85,-0.915,-0.943,-0.876,-0.894,-0.878,-0.761,-0.85,-0.915,-0.965,-0.89,-0.894,-0.894,-0.797,0,0
"2019-04-16 04:02:40.0",786983,-9999,-11.88,-67.67,-67.67,-0.925,-9999,-9999,12.0402,39.89,39.91,13.99,-0.86,-0.919,-0.985,-0.9,-0.919,-0.903,-0.813,-0.848,-0.949,-0.943,-0.892,-0.921,-0.907,-0.818,-0.85,-0.905,-0.969,-0.894,-0.911,-0.927,-0.803,-0.846,-0.951,-0.979,-0.888,-0.909,-0.896,-0.801,0,0
"2019-04-16 04:03:00.0",786984,-9999,-11.67,-67.68,-67.68,-0.925,-9999,-9999,12.0346,39.89,39.91,13.99,-0.862,-0.915,-0.959,-0.896,-0.919,-0.882,-0.773,-0.85,-0.947,-0.965,-0.898,-0.923,-0.894,-0.785,-0.85,-0.919,-0.943,-0.882,-0.905,-0.894,-0.779,-0.852,-0.913,-0.927,-0.886,-0.892,-0.872,-0.816,0,0
"2019-04-16 04:03:20.0",786985,-9999,-11.46,-67.7,-67.7,-0.925,-9999,-9999,12.0402,39.89,39.91,13.99,-0.862,-0.905,-0.957,-0.888,-0.905,-0.872,-0.803,-0.846,-0.937,-0.949,-0.878,-0.909,-0.9,-0.813,-0.848,-0.923,-0.921,-0.882,-0.894,-0.882,-0.799,-0.848,-0.886,-0.941,-0.878,-0.9,-0.903,-0.761,0,0
"2019-04-16 04:03:40.0",786986,-9999,-11.25,-67.71,-67.71,-0.925,-9999,-9999,12.0402,39.89,39.91,13.99,-0.874,-0.927,-0.985,-0.903,-0.923,-0.911,-0.799,-0.864,-0.935,-0.971,-0.907,-0.925,-0.917,-0.791,-0.864,-0.963,-0.965,-0.909,-0.911,-0.931,-0.832,-0.866,-0.913,-0.953,-0.903,-0.917,-0.909,-0.826,0,700
"2019-04-16 04:04:00.0",786987,-9999,-11.03,-67.73,-67.73,-0.925,-9999,-9999,12.0402,39.89,39.91,13.99,-0.876,-0.947,-0.988,-0.919,-0.939,-0.923,-0.84,-0.868,-0.909,-0.977,-0.89,-0.911,-0.896,-0.824,-0.868,-0.949,-0.957,-0.894,-0.913,-0.913,-0.818,-0.862,-0.917,-0.965,-0.892,-0.907,-0.9,-0.822,0,0
"2019-04-16 04:04:20.0",786988,-9999,-10.82,-67.74,-67.74,-0.925,-9999,-9999,12.0402,39.89,39.89,13.99,-0.953,-1.03,-1.066,-0.979,-1,-0.981,-0.886,-0.941,-1.006,-1.022,-0.981,-0.979,-0.99,-0.9,-0.939,-1.022,-1.058,-0.975,-0.99,-0.996,-0.876,-0.937,-1,-1.036,-0.971,-0.988,-0.971,-0.87,0,0
"2019-04-16 04:04:40.0",786989,-9999,-10.6,-67.75,-67.75,-0.926,-9999,-9999,12.0402,39.89,39.89,13.99,-0.953,-1.016,-1.04,-0.979,-1,-0.981,-0.882,-0.945,-1.016,-1.054,-0.983,-1.006,-0.992,-0.903,-0.943,-1.036,-1.024,-0.979,-0.988,-0.965,-0.868,-0.941,-1.006,-1.014,-0.975,-0.992,-0.975,-0.872,0,0
"2019-04-16 04:05:00.0",786990,-9999,-10.39,-67.77,-67.77,-0.926,-9999,-9999,12.0402,39.89,39.87,13.97,-0.953,-1,-1.018,-0.981,-1.002,-0.971,-0.864,-0.935,-0.998,-1.038,-0.973,-0.99,-0.996,-0.886,-0.941,-1.026,-1.012,-0.973,-0.99,-0.969,-0.874,-0.941,-0.99,-1.036,-0.971,-0.985,-0.975,-0.87,0,0
"2019-04-16 04:05:20.0",786991,-9999,-10.17,-67.78,-67.78,-0.926,-9999,-9999,12.0402,39.89,39.89,13.97,-0.955,-1.012,-1.06,-0.988,-1.004,-1.004,-0.896,-0.943,-1.022,-1.048,-0.977,-0.996,-1.004,-0.9,-0.937,-1.026,-1.038,-0.981,-0.992,-0.971,-0.886,-0.939,-1.01,-1.034,-0.973,-0.994,-0.973,-0.868,0,700
"2019-04-16 04:05:40.0",786992,-9999,-9.96,-67.79,-67.79,-0.926,-9999,-9999,12.0402,39.89,39.89,13.97,-0.949,-1.016,-1.04,-0.983,-1,-0.981,-0.9,-0.943,-1.044,-1.056,-0.99,-1.004,-1.024,-0.894,-0.945,-1.014,-1.054,-0.983,-1.006,-1.008,-0.866,-0.941,-1.036,-1.048,-0.983,-1.006,-0.983,-0.862,0,0
"2019-04-16 04:06:00.0",786993,-9999,-9.75,-67.8,-67.8,-0.926,-9999,-9999,12.0402,39.89,39.89,13.97,-0.953,-1.058,-1.077,-0.992,-1.016,-1.022,-0.894,-0.943,-0.99,-1.038,-0.969,-0.994,-0.959,-0.858,-0.943,-1.016,-1.044,-0.971,-1.004,-0.961,-0.898,-0.868,-0.929,-0.967,-0.903,-0.903,-0.923,-0.82,0,0
"2019-04-16 04:06:20.0",786994,-9999,-9.53,-67.81,-67.81,-0.926,-9999,-9999,12.0402,39.89,39.89,13.97,-0.872,-0.961,-0.977,-0.915,-0.935,-0.937,-0.799,-0.862,-0.931,-0.985,-0.9,-0.919,-0.905,-0.826,-0.862,-0.949,-0.961,-0.896,-0.913,-0.896,-0.816,-0.862,-0.923,-0.959,-0.89,-0.907,-0.88,-0.805,0,0
"2019-04-16 04:06:40.0",786995,-9999,-9.32,-67.83,-67.83,-0.926,-9999,-9999,12.0402,39.89,39.87,13.97,-0.876,-0.961,-0.969,-0.909,-0.937,-0.894,-0.793,-0.866,-0.921,-0.965,-0.903,-0.923,-0.894,-0.836,-0.866,-0.973,-0.977,-0.905,-0.925,-0.907,-0.813,-0.864,-0.929,-0.975,-0.911,-0.945,-0.925,-0.811,0,0
"2019-04-16 04:07:00.0",786996,-9999,-9.1,-67.84,-67.84,-0.926,-9999,-9999,12.0402,39.89,39.89,13.97,-0.878,-0.985,-0.981,-0.915,-0.937,-0.907,-0.846,-0.864,-0.915,-0.945,-0.898,-0.919,-0.909,-0.816,-0.864,-0.947,-0.983,-0.894,-0.913,-0.919,-0.785,-0.862,-0.903,-0.973,-0.898,-0.911,-0.896,-0.783,0,700
"2019-04-16 04:07:20.0",786997,-9999,-8.89,-67.85,-67.85,-0.926,-9999,-9999,12.0402,39.89,39.89,13.97,-0.874,-0.943,-1.002,-0.911,-0.929,-0.921,-0.809,-0.941,-1.028,-1.03,-0.969,-0.992,-0.961,-0.866,-0.947,-1.002,-1.036,-0.971,-0.985,-0.975,-0.866,-0.943,-1.03,-1.066,-0.979,-0.998,-0.981,-0.868,0,0
"2019-04-16 04:07:40.0",786998,-9999,-8.67,-67.86,-67.86,-0.926,-9999,-9999,12.0402,39.89,39.87,13.97,-0.957,-1.052,-1.066,-1.004,-1.038,-1,-0.884,-0.943,-0.996,-1.04,-0.971,-0.992,-0.977,-0.905,-0.947,-1.014,-1.034,-0.973,-0.992,-0.996,-0.9,-0.943,-1.004,-1.044,-0.975,-0.996,-0.981,-0.896,0,0
"2019-04-16 04:08:00.0",786999,-9999,-8.45,-67.87,-67.87,-0.926,-9999,-9999,12.0402,39.89,39.89,13.97,-0.957,-1.012,-1.056,-0.992,-1.01,-0.998,-0.884,-0.937,-1.03,-1.026,-0.981,-0.994,-0.975,-0.9,-0.943,-0.994,-1.054,-0.971,-0.998,-0.961,-0.892,-0.945,-1.022,-1.038,-0.969,-0.988,-0.992,-0.896,0,0
"2019-04-16 04:08:20.0",787000,-9999,-8.24,-67.88,-67.88,-0.926,-9999,-9999,12.0457,39.89,39.89,13.94,-0.953,-1.004,-1.066,-0.983,-1.002,-0.981,-0.87,-0.943,-1.048,-1.046,-0.99,-1.026,-0.981,-0.882,-0.943,-1.014,-1.05,-0.988,-1,-1.01,-0.898,-0.941,-1.024,-1.066,-0.975,-1.002,-0.977,-0.844,0,0
"2019-04-16 04:08:40.0",787001,-9999,-8.02,-67.89,-67.89,-0.926,-9999,-9999,12.0402,39.89,39.91,13.94,-0.959,-1.02,-1.06,-0.994,-1.014,-0.996,-0.909,-0.943,-1.028,-1.032,-0.969,-0.994,-0.963,-0.89,-0.955,-1.002,-1.034,-0.975,-0.996,-0.971,-0.888,-0.947,-1.036,-1.058,-0.969,-0.99,-0.979,-0.88,0,700
"2019-04-16 04:09:00.0",787002,-9999,-7.805,-67.9,-67.9,-0.927,-9999,-9999,12.0457,39.89,39.87,13.92,-0.951,-0.992,-1.048,-0.979,-1,-0.985,-0.905,-0.945,-1.05,-1.075,-0.985,-1.004,-0.981,-0.898,-0.941,-1.01,-1.052,-0.983,-0.988,-0.977,-0.87,-0.949,-1.038,-1.058,-0.979,-1,-0.985,-0.858,0,0
"2019-04-16 04:09:20.0",787003,-9999,-7.589,-67.91,-67.91,-0.927,-9999,-9999,12.0402,39.89,39.91,13.92,-0.955,-1.016,-1.072,-0.998,-1.02,-1.002,-0.88,-0.941,-1.028,-1.04,-0.973,-0.992,-0.979,-0.909,-0.949,-1.008,-1.044,-0.981,-1.006,-0.973,-0.894,-0.941,-1.048,-1.056,-0.988,-1,-1.008,-0.909,0,0
"2019-04-16 04:09:40.0",787004,-9999,-7.372,-67.92,-67.92,-0.927,-9999,-9999,12.0402,39.89,39.89,13.92,-0.959,-1.032,-1.056,-0.99,-1.004,-1.014,-0.892,-0.943,-1.026,-1.054,-0.983,-1,-0.973,-0.874,-0.941,-0.988,-1.056,-0.979,-0.992,-0.973,-0.876,-0.943,-1.002,-1.036,-0.971,-1.006,-0.973,-0.85,0,0
"2019-04-16 04:10:00.0",787005,-9999,-7.155,-67.93,-67.93,-0.927,-9999,-9999,12.0402,39.89,39.87,13.92,-0.955,-1.016,-1.07,-0.985,-1.004,-1.01,-0.888,-0.947,-1.01,-1.056,-0.983,-1.008,-0.985,-0.89,-0.945,-1.016,-1.052,-0.985,-1.002,-0.977,-0.87,-0.945,-1.004,-1.07,-0.988,-1.022,-1.004,-0.86,0,0
"2019-04-16 04:10:20.0",787006,-9999,-6.938,-67.94,-67.94,-0.927,-9999,-9999,12.0402,39.89,39.89,13.92,-0.955,-1.066,-1.046,-1,-1.02,-1.022,-0.903,-0.943,-0.983,-1.036,-0.973,-0.988,-0.979,-0.872,-0.945,-1.03,-1.032,-0.971,-0.99,-0.961,-0.894,-0.941,-0.985,-1.012,-0.969,-0.992,-0.969,-0.888,0,700
"2019-04-16 04:10:40.0",787007,-9999,-6.72,-67.95,-67.95,-0.927,-9999,-9999,12.0402,39.89,39.87,13.92,-0.953,-1.05,-1.06,-1.006,-0.992,-1.006,-0.9,-0.945,-1.036,-1.028,-0.969,-0.99,-0.965,-0.862,-0.945,-0.996,-1.01,-0.967,-0.996,-0.977,-0.903,-0.945,-1.032,-1.034,-0.971,-0.992,-0.971,-0.903,0,0
"2019-04-16 04:11:00.0",787008,-9999,-6.503,-67.95,-67.95,-0.927,-9999,-9999,12.0402,39.89,39.87,13.92,-0.957,-1.048,-1.066,-0.992,-1.03,-0.981,-0.907,-0.947,-0.996,-1.02,-0.971,-0.99,-0.977,-0.888,-0.947,-1.032,-1.034,-0.975,-0.998,-0.963,-0.864,-0.943,-1.018,-1.06,-0.975,-0.988,-1.002,-0.858,0,0
"2019-04-16 04:11:20.0",787009,-9999,-6.284,-67.96,-67.96,-0.927,-9999,-9999,12.0402,39.89,39.87,13.92,-0.957,-1.01,-1.052,-0.988,-1.004,-1.006,-0.898,-0.949,-1.052,-1.077,-0.985,-1.032,-0.981,-0.903,-0.947,-1.018,-1.058,-0.992,-1.006,-0.988,-0.894,-0.945,-1.046,-1.052,-0.985,-1.002,-0.983,-0.894,0,0
"2019-04-16 04:11:40.0",787010,-9999,-6.067,-67.97,-67.97,-0.927,-9999,-9999,12.0402,39.89,39.91,13.92,-0.959,-1.008,-1.066,-0.99,-1.008,-1.006,-0.888,-0.945,-1.03,-1.054,-0.99,-1.02,-0.996,-0.876,-0.945,-1.016,-1.056,-0.99,-1.002,-1.006,-0.874,-0.943,-1.01,-1.036,-0.985,-1.002,-0.983,-0.872,0,0
"2019-04-16 04:12:00.0",787011,-9999,-5.849,-67.98,-67.98,-0.927,-9999,-9999,12.0402,39.89,39.89,13.92,-0.959,-1.024,-1.075,-0.994,-1.01,-0.981,-0.876,-0.943,-1.014,-1.046,-0.99,-1.028,-0.979,-0.894,-0.951,-1.03,-1.054,-0.99,-1.01,-1.014,-0.872,-0.945,-1.014,-1.058,-0.99,-1.006,-0.99,-0.868,0,700
"2019-04-16 04:12:20.0",787012,-9999,-5.631,-67.98,-67.98,-0.927,-9999,-9999,12.0513,39.89,39.89,13.92,-0.959,-1.03,-1.05,-0.992,-1.01,-0.977,-0.876,-0.949,-0.99,-1.038,-0.975,-0.99,-0.963,-0.866,-0.949,-1.034,-1.038,-0.973,-0.992,-0.996,-0.892,-0.941,-1.018,-1.018,-0.977,-0.985,-0.973,-0.842,0,0
"2019-04-16 04:12:40.0",787013,-9999,-5.413,-67.99,-67.99,-0.927,-9999,-9999,12.0402,39.89,39.89,13.92,-0.961,-1.026,-1.034,-0.988,-1.008,-0.975,-0.911,-0.945,-1.012,-1.032,-0.988,-1,-0.977,-0.913,-0.947,-1.044,-1.07,-0.992,-1.008,-1.012,-0.896,-0.953,-1.03,-1.079,-0.988,-1.004,-0.99,-0.917,0,0
"2019-04-16 04:13:00.0",787014,-9999,-5.195,-68,-68,-0.927,-9999,-9999,12.0402,39.89,39.89,13.92,-0.957,-1.04,-1.044,-0.983,-1.006,-0.99,-0.886,-0.951,-1.032,-1.06,-0.988,-0.99,-1.016,-0.907,-0.945,-1.004,-1.054,-0.988,-1.002,-0.992,-0.903,-0.947,-1.046,-1.042,-0.985,-0.99,-0.992,-0.888,0,0
"2019-04-16 04:13:20.0",787015,-9999,-4.977,-68,-68,-0.927,-9999,-9999,12.0402,39.89,39.89,13.92,-0.955,-1.04,-1.075,-0.99,-1.008,-0.971,-0.89,-0.945,-1.026,-1.038,-0.973,-0.998,-1.004,-0.872,-0.947,-0.998,-1.036,-0.977,-0.994,-0.979,-0.874,-0.941,-0.998,-1.022,-0.979,-0.994,-0.967,-0.868,0,0
"2019-04-16 04:13:40.0",787016,-9999,-4.758,-68.01,-68.01,-0.927,-9999,-9999,12.0402,39.89,39.89,13.92,-0.955,-1.024,-1.064,-1.004,-1.018,-1.006,-0.882,-0.943,-1.038,-1.054,-0.99,-1.012,-0.994,-0.911,-0.945,-1.03,-1.062,-0.988,-1.002,-0.977,-0.909,-0.943,-1.016,-1.038,-0.985,-1.004,-1.01,-0.9,0,700
"2019-04-16 04:14:00.0",787017,-9999,-4.54,-68.02,-68.02,-0.927,-9999,-9999,12.0513,39.89,39.87,13.92,-0.961,-1.026,-1.083,-0.994,-1.014,-0.977,-0.88,-0.939,-1,-1.048,-0.975,-0.994,-0.969,-0.903,-0.941,-1.026,-1.032,-0.977,-0.975,-0.973,-0.903,-0.941,-1.006,-1.018,-0.979,-0.992,-0.977,-0.884,0,0
"2019-04-16 04:14:20.0",787018,-9999,-4.321,-68.02,-68.02,-0.927,-9999,-9999,12.0402,39.89,39.89,13.92,-0.957,-1.03,-1.079,-0.992,-1.006,-0.977,-0.886,-0.947,-1.022,-1.062,-0.988,-1.006,-0.981,-0.886,-0.951,-1.048,-1.056,-0.988,-1,-0.996,-0.872,-0.943,-1.03,-1.079,-0.983,-1.008,-0.992,-0.87,0,0
"2019-04-16 04:14:40.0",787019,-9999,-4.103,-68.03,-68.03,-0.927,-9999,-9999,12.0402,39.89,39.89,13.9,-0.951,-1.02,-1.048,-0.99,-1.006,-0.99,-0.866,-0.943,-0.998,-1.068,-0.983,-1.002,-0.996,-0.874,-0.945,-1.036,-1.05,-0.988,-1.006,-0.975,-0.866,-0.943,-1.012,-1.052,-0.99,-1.002,-0.985,-0.864,0,0
"2019-04-16 04:15:00.0",787020,-9999,-3.884,-68.03,-68.03,-0.927,-9999,-9999,12.0402,39.89,39.89,13.9,-0.959,-1.062,-1.062,-0.99,-1.018,-1,-0.872,-0.945,-1.016,-1.048,-0.979,-1.002,-0.992,-0.884,-0.947,-1.014,-1.05,-0.981,-1.004,-0.981,-0.876,-0.947,-1.03,-1.05,-0.979,-1.02,-1.008,-0.876,0,0
"2019-04-16 04:15:20.0",787021,-9999,-3.665,-68.04,-68.04,-0.927,-9999,-9999,12.0457,39.89,39.87,13.9,-0.959,-1.046,-1.054,-0.99,-1.006,-0.994,-0.921,-0.943,-1.036,-1.036,-0.975,-0.992,-0.967,-0.907,-0.947,-0.996,-1.04,-0.979,-0.994,-0.969,-0.894,-0.945,-1.028,-1.03,-0.973,-0.99,-0.975,-0.896,0,700
"2019-04-16 04:15:40.0",787022,-9999,-3.446,-68.04,-68.04,-0.927,-9999,-9999,12.0402,39.89,39.88,13.9,-0.957,-0.992,-1.034,-0.985,-1.022,-0.99,-0.864,-0.945,-1.03,-1.036,-0.977,-0.977,-0.983,-0.874,-0.945,-1.012,-1.04,-0.981,-0.998,-0.963,-0.858,-0.943,-0.994,-1.048,-0.977,-0.996,-0.996,-0.854,0,0
"2019-04-16 04:16:00.0",787023,-9999,-3.228,-68.05,-68.05,-0.927,-9999,-9999,12.0402,39.89,39.88,13.9,-0.955,-1.042,-1.03,-0.99,-1.004,-1.008,-0.862,-0.947,-1.03,-1.042,-0.975,-0.996,-0.985,-0.878,-0.949,-0.998,-1.044,-0.971,-0.996,-0.965,-0.868,-0.941,-0.998,-1.042,-0.973,-0.998,-1,-0.864,0,0
"2019-04-16 04:16:20.0",787024,-9999,-3.009,-68.05,-68.05,-0.928,-9999,-9999,12.0402,39.89,39.87,13.9,-0.955,-1.034,-1.052,-0.99,-1.01,-1.01,-0.903,-0.945,-1.008,-1.026,-0.979,-1.014,-0.983,-0.874,-0.945,-1.046,-1.066,-0.983,-1.002,-0.983,-0.878,-0.943,-1.024,-1.07,-0.975,-0.992,-0.983,-0.874,0,0
"2019-04-16 04:16:40.0",787025,-9999,-2.79,-68.05,-68.05,-0.928,-9999,-9999,12.0402,39.89,39.88,13.9,-0.963,-1.014,-1.07,-1,-1.012,-1.002,-0.915,-0.947,-1.044,-1.052,-0.992,-1.004,-1,-0.874,-0.943,-1.022,-1.054,-0.994,-1,-0.969,-0.874,-0.947,-1.018,-1.052,-0.99,-0.998,-1.006,-0.86,0,0
"2019-04-16 04:17:00.0",787026,-9999,-2.571,-68.06,-68.06,-0.928,-9999,-9999,12.0402,39.89,39.87,13.9,-0.957,-1.034,-1.056,-0.988,-1.012,-0.998,-0.917,-0.943,-1.016,-1.081,-0.992,-1.004,-0.981,-0.898,-0.943,-1.044,-1.05,-0.988,-1.006,-1.016,-0.87,-0.943,-1,-1.052,-0.992,-1.006,-0.992,-0.868,0,700
"2019-04-16 04:17:20.0",787027,-9999,-2.352,-68.06,-68.06,-0.928,-9999,-9999,12.0402,39.89,39.88,13.87,-0.955,-1.002,-1.044,-0.977,-1.002,-0.983,-0.874,-0.945,-1.05,-1.056,-0.988,-1.006,-1.018,-0.868,-0.945,-1.008,-1.054,-0.99,-1.01,-0.99,-0.909,-0.943,-1.044,-1.058,-0.988,-1.006,-0.977,-0.911,0,0
"2019-04-16 04:17:40.0",787028,-9999,-2.132,-68.06,-68.06,-0.928,-9999,-9999,12.0402,39.89,39.9,13.87,-0.959,-1.034,-1.056,-0.994,-1.008,-0.994,-0.874,-0.941,-1.004,-1.06,-0.988,-1.002,-1.014,-0.894,-0.947,-1.014,-1.03,-0.988,-1.004,-0.985,-0.862,-0.941,-0.996,-1.026,-0.977,-0.998,-0.961,-0.852,0,0
"2019-04-16 04:18:00.0",787029,-9999,-1.913,-68.06,-68.06,-0.928,-9999,-9999,12.0402,39.89,39.87,13.87,-0.957,-1.02,-1.089,-0.998,-1.01,-0.988,-0.886,-0.943,-1.018,-1.038,-0.969,-0.985,-0.961,-0.911,-0.947,-0.988,-1.018,-0.975,-0.996,-0.975,-0.901,-0.945,-1.032,-1.01,-0.975,-0.988,-0.975,-0.896,0,0
"2019-04-16 04:18:20.0",787030,-9999,-1.693,-68.07,-68.07,-0.928,-9999,-9999,12.0402,39.89,39.87,13.87,-0.957,-1.034,-1.042,-0.981,-1.008,-0.973,-0.864,-0.945,-1.036,-1.056,-0.988,-1.004,-0.977,-0.876,-0.945,-1.046,-1.036,-0.99,-1.004,-0.994,-0.911,-0.943,-1.016,-1.038,-0.988,-1.004,-0.99,-0.905,0,0
"2019-04-16 04:18:40.0",787031,-9999,-1.474,-68.07,-68.07,-0.928,-9999,-9999,12.0402,39.89,39.87,13.87,-0.959,-1.006,-1.054,-0.994,-1.018,-0.996,-0.917,-0.947,-1.012,-1.03,-0.992,-1.004,-1.014,-0.884,-0.947,-1.024,-1.068,-0.992,-1,-0.992,-0.87,-0.941,-1.008,-1.079,-0.985,-1.002,-0.975,-0.866,0,700
"2019-04-16 04:19:00.0",787032,-9999,-1.253,-68.07,-68.07,-0.928,-9999,-9999,12.0402,39.89,39.87,13.85,-0.955,-1.046,-1.062,-0.998,-1.018,-1,-0.919,-0.941,-0.992,-1.026,-0.975,-0.988,-0.979,-0.905,-0.945,-1.004,-1.056,-0.973,-0.996,-0.975,-0.874,-0.941,-0.985,-1.034,-0.973,-0.99,-0.969,-0.894,0,0
"2019-04-16 04:19:20.0",787033,-9999,-1.034,-68.07,-68.07,-0.928,-9999,-9999,12.0402,39.89,39.87,13.85,-0.957,-1.026,-1.046,-0.983,-1.004,-0.988,-0.888,-0.941,-0.998,-1.022,-0.979,-1.002,-0.981,-0.892,-0.951,-1.026,-1.062,-0.973,-0.996,-0.979,-0.86,-0.941,-1.002,-1.056,-0.977,-0.996,-0.971,-0.848,0,0
"2019-04-16 04:19:40.0",787034,-9999,-0.814,-68.07,-68.07,-0.928,-9999,-9999,12.0402,39.89,39.87,13.85,-0.955,-1.05,-1.03,-0.992,-1.01,-0.996,-0.892,-0.943,-1.03,-1.07,-0.981,-1,-0.965,-0.903,-0.947,-0.983,-1.042,-0.981,-0.983,-0.981,-0.894,-0.939,-0.983,-1.038,-0.975,-0.992,-0.973,-0.89,0,0
"2019-04-16 04:20:00.0",787035,-9999,-0.595,-68.07,-68.07,-0.928,-9999,-9999,12.0402,39.89,39.87,13.85,-0.957,-0.998,-1.026,-0.983,-1,-0.983,-0.886,-0.951,-1.004,-1.032,-0.979,-1.024,-0.983,-0.874,-0.943,-1.012,-1.064,-0.983,-1.002,-0.985,-0.903,-0.947,-0.985,-1.06,-0.979,-0.994,-0.977,-0.894,0,0
"2019-04-16 04:20:20.0",787036,-9999,-0.375,-68.07,-68.07,-0.928,-9999,-9999,12.0513,39.89,39.88,13.85,-0.957,-1.06,-1.066,-0.998,-1.018,-1.02,-0.886,-0.943,-1.034,-1.042,-0.975,-0.985,-0.985,-0.903,-0.947,-0.977,-1.042,-0.973,-0.994,-0.963,-0.905,-0.937,-0.988,-1.032,-0.973,-0.975,-0.994,-0.892,0,700
"2019-04-16 04:20:40.0",787037,-9999,-0.155,-68.07,-68.07,-0.928,-9999,-9999,12.0402,39.89,39.87,13.85,-0.961,-1.064,-1.064,-1.002,-1.018,-1,-0.907,-0.947,-1.032,-1.036,-0.973,-0.996,-0.963,-0.866,-0.945,-0.998,-1.044,-0.973,-0.994,-0.981,-0.864,-0.943,-1.026,-1.036,-0.969,-0.99,-0.975,-0.86,0,0
"2019-04-16 04:21:00.0",787038,-9999,0.064,-68.07,-68.07,-0.928,-9999,-9999,12.0346,39.89,39.89,13.85,-0.949,-1.044,-1.062,-0.992,-1.006,-1.014,-0.878,-0.943,-1.038,-1.036,-0.975,-0.994,-1.008,-0.876,-0.949,-0.99,-1.04,-0.979,-1,-0.983,-0.864,-0.947,-1.04,-1.052,-0.979,-0.994,-0.969,-0.872,0,0
"2019-04-16 04:21:20.0",787039,-9999,0.284,-68.07,-68.07,-0.928,-9999,-9999,12.0402,39.89,39.87,13.85,-0.951,-0.998,-1.056,-0.983,-1.01,-0.992,-0.882,-0.947,-1.048,-1.05,-0.99,-1.026,-1,-0.903,-0.945,-1.008,-1.04,-0.988,-1.008,-0.981,-0.87,-0.945,-1.004,-1.062,-0.985,-1.002,-1.012,-0.854,0,0
"2019-04-16 04:21:40.0",787040,-9999,0.506,-68.08,-68.08,-0.928,-9999,-9999,12.0457,39.89,39.87,13.85,-0.955,-1.018,-1.038,-0.996,-1.036,-1,-0.884,-0.947,-0.994,-1.034,-0.981,-1.004,-0.994,-0.876,-0.943,-1.026,-1.05,-0.985,-1.002,-0.973,-0.903,-0.941,-0.992,-1.042,-0.981,-0.996,-1,-0.888,0,0
"2019-04-16 04:22:00.0",787041,-9999,0.725,-68.07,-68.07,-0.928,-9999,-9999,12.0402,39.89,39.87,13.85,-0.959,-1.02,-1.028,-0.992,-1.008,-0.988,-0.917,-0.945,-1.012,-1.062,-0.988,-1.004,-0.979,-0.925,-0.949,-1.042,-1.081,-0.99,-1.01,-1.018,-0.917,-0.945,-1.028,-1.077,-0.99,-1.026,-0.981,-0.905,0,700
"2019-04-16 04:22:20.0",787042,-9999,0.945,-68.07,-68.07,-0.928,-9999,-9999,12.0402,39.89,39.87,13.82,-0.957,-1.042,-1.054,-0.985,-1.004,-0.983,-0.89,-0.943,-1.046,-1.03,-0.985,-1.01,-0.998,-0.884,-0.943,-1.01,-1.075,-0.99,-1.01,-0.977,-0.88,-0.947,-1.044,-1.07,-0.99,-1.004,-1.014,-0.866,0,0
"2019-04-16 04:22:40.0",787043,-9999,1.164,-68.07,-68.07,-0.928,-9999,-9999,12.0402,39.89,39.91,13.82,-0.961,-1.012,-1.066,-0.998,-1.018,-1.024,-0.88,-0.945,-1.038,-1.044,-0.983,-0.996,-1.01,-0.874,-0.941,-1.028,-1.046,-0.981,-0.994,-0.981,-0.905,-0.943,-0.992,-1.044,-0.973,-1.008,-0.967,-0.894,0,0
"2019-04-16 04:23:00.0",787044,-9999,1.384,-68.07,-68.07,-0.928,-9999,-9999,12.0457,39.89,39.89,13.8,-0.965,-1.034,-1.056,-0.996,-1.034,-0.996,-0.896,-0.947,-0.996,-1.038,-0.977,-0.998,-0.969,-0.909,-0.949,-1.032,-1.044,-0.981,-1.002,-0.979,-0.905,-0.945,-1.046,-1.054,-0.981,-1.03,-0.988,-0.907,0,0
"2019-04-16 04:23:20.0",787045,-9999,1.603,-68.07,-68.07,-0.928,-9999,-9999,12.0402,39.89,39.89,13.8,-0.957,-1.004,-1.046,-0.99,-0.992,-0.981,-0.915,-0.945,-1.054,-1.07,-0.996,-1.008,-0.985,-0.923,-0.945,-1.026,-1.058,-0.99,-1.026,-1,-0.909,-0.941,-1.004,-1.056,-0.985,-1.002,-0.994,-0.903,0,0
"2019-04-16 04:23:40.0",787046,-9999,1.823,-68.07,-68.07,-0.928,-9999,-9999,12.0402,39.89,39.87,13.8,-0.961,-1.034,-1.081,-0.994,-1.014,-0.985,-0.888,-0.943,-1.002,-1.056,-0.988,-1.004,-0.977,-0.894,-0.951,-1.044,-1.075,-0.992,-1.004,-1.004,-0.868,-0.945,-1.016,-1.052,-0.985,-0.998,-0.985,-0.86,0,700
"2019-04-16 04:24:00.0",787047,-9999,2.042,-68.06,-68.06,-0.928,-9999,-9999,12.0402,39.9,39.89,13.82,-0.959,-1.054,-1.081,-0.99,-1.012,-0.992,-0.921,-0.947,-1.046,-1.052,-0.985,-0.994,-0.998,-0.921,-0.943,-1.002,-1.064,-0.988,-1.004,-1.014,-0.909,-0.941,-1,-1.028,-0.988,-0.998,-0.975,-0.892,0,0
"2019-04-16 04:24:20.0",787048,-9999,2.262,-68.06,-68.06,-0.928,-9999,-9999,12.0402,39.9,39.87,13.8,-0.959,-1.046,-1.073,-1.006,-1.018,-1.002,-0.913,-0.945,-1.004,-1.038,-0.979,-0.983,-0.988,-0.874,-0.947,-1.036,-1.02,-0.979,-0.992,-0.994,-0.864,-0.947,-1.016,-1.014,-0.973,-0.996,-0.959,-0.854,0,0
"2019-04-16 04:24:40.0",787049,-9999,2.481,-68.06,-68.06,-0.928,-9999,-9999,12.0402,39.9,39.87,13.8,-0.955,-1.04,-1.054,-0.985,-1.006,-0.985,-0.862,-0.949,-1.03,-1.064,-0.99,-1.006,-0.994,-0.892,-0.947,-1.006,-1.075,-0.99,-1.006,-0.981,-0.909,-0.945,-1.042,-1.075,-0.992,-0.985,-1.008,-0.901,0,0
"2019-04-16 04:25:00.0",787050,-9999,2.7,-68.06,-68.06,-0.928,-9999,-9999,12.0402,39.9,39.87,13.8,-0.957,-1.004,-1.042,-1.002,-1.02,-1.002,-0.933,-0.945,-1.042,-1.052,-0.988,-1.01,-0.985,-0.898,-0.947,-1.012,-1.04,-0.994,-1.008,-1.014,-0.901,-0.947,-1.004,-1.03,-0.988,-1.006,-0.992,-0.886,0,0
"2019-04-16 04:25:20.0",787051,-9999,2.919,-68.05,-68.05,-0.928,-9999,-9999,12.0402,39.9,39.89,13.8,-0.967,-1,-1.048,-0.99,-1.024,-0.99,-0.909,-0.949,-1.018,-1.044,-0.985,-1.004,-0.975,-0.921,-0.949,-1.052,-1.03,-0.981,-1.03,-0.99,-0.913,-0.947,-1.022,-1.024,-0.988,-1.006,-0.985,-0.911,0,700
"2019-04-16 04:25:40.0",787052,-9999,3.139,-68.05,-68.05,-0.927,-9999,-9999,12.0402,39.89,39.87,13.78,-0.959,-1.048,-1.056,-0.99,-1.012,-1.01,-0.923,-0.951,-1.044,-1.044,-0.983,-1,-0.99,-0.923,-0.949,-1.012,-1.05,-0.981,-1.026,-0.979,-0.917,-0.949,-1.052,-1.054,-0.985,-1.006,-0.99,-0.905,0,0
"2019-04-16 04:26:00.0",787053,-9999,3.358,-68.04,-68.04,-0.927,-9999,-9999,12.0402,39.89,39.87,13.78,-0.953,-1.018,-1.056,-0.994,-1.034,-1.018,-0.905,-0.947,-0.992,-1.058,-0.977,-0.988,-0.981,-0.907,-0.947,-1.014,-1.038,-0.975,-0.99,-0.959,-0.888,-0.949,-0.99,-1.044,-0.973,-0.994,-0.996,-0.874,0,0
"2019-04-16 04:26:20.0",787054,-9999,3.578,-68.04,-68.04,-0.927,-9999,-9999,12.0402,39.89,39.89,13.78,-0.959,-1.042,-1.07,-1.002,-1.018,-1.002,-0.903,-0.947,-1.022,-1.034,-0.985,-1,-0.994,-0.898,-0.947,-1.002,-1.052,-0.99,-1.006,-0.988,-0.866,-0.945,-1.03,-1.042,-0.981,-0.996,-1.01,-0.856,0,0
"2019-04-16 04:26:40.0",787055,-9999,3.797,-68.04,-68.04,-0.927,-9999,-9999,12.0402,39.89,39.87,13.75,-0.961,-1.016,-1.05,-0.994,-0.99,-1,-0.907,-0.949,-1.008,-1.062,-0.992,-1.008,-1.016,-0.921,-0.949,-1.05,-1.064,-0.992,-1.014,-0.994,-0.896,-0.945,-1.026,-1.034,-0.99,-1.01,-0.988,-0.894,0,0
"2019-04-16 04:27:00.0",787056,-9999,4.016,-68.03,-68.03,-0.927,-9999,-9999,12.0457,39.89,39.89,13.75,-0.957,-1.032,-1.062,-1.004,-1.022,-1.028,-0.927,-0.947,-1.014,-1.056,-0.99,-1.008,-0.981,-0.919,-0.947,-1.054,-1.05,-0.985,-1.006,-1.018,-0.915,-0.947,-1.034,-1.05,-0.988,-0.99,-0.99,-0.905,0,700
"2019-04-16 04:27:20.0",787057,-9999,4.234,-68.03,-68.03,-0.927,-9999,-9999,12.0402,39.89,39.87,13.75,-0.955,-1.02,-1.068,-1.002,-1.014,-1.002,-0.903,-0.947,-0.998,-1.042,-0.983,-1.004,-0.994,-0.901,-0.943,-1.036,-1.058,-0.977,-0.994,-0.979,-0.903,-0.943,-1.01,-1.06,-0.977,-0.996,-0.998,-0.89,0,0
"2019-04-16 04:27:40.0",787058,-9999,4.453,-68.02,-68.02,-0.927,-9999,-9999,12.0402,39.89,39.91,13.75,-0.955,-1.046,-1.05,-0.985,-1.006,-0.99,-0.876,-0.945,-1.026,-1.044,-0.973,-0.992,-0.992,-0.874,-0.943,-0.994,-1.044,-0.977,-1.016,-0.971,-0.874,-0.947,-0.996,-1.038,-0.975,-0.994,-0.973,-0.864,0,0
"2019-04-16 04:28:00.0",787059,-9999,4.672,-68.02,-68.02,-0.927,-9999,-9999,12.0402,39.89,39.87,13.75,-0.959,-1.04,-1.073,-0.994,-1.004,-0.994,-0.913,-0.941,-0.992,-1.04,-0.973,-0.996,-0.983,-0.909,-0.941,-1.034,-1.042,-0.977,-0.998,-0.965,-0.903,-0.943,-1.012,-1.042,-0.973,-0.99,-0.965,-0.892,0,0
"2019-04-16 04:28:20.0",787060,-9999,4.89,-68.01,-68.01,-0.927,-9999,-9999,12.0402,39.89,39.89,13.75,-0.953,-1.016,-1.085,-1.002,-1.014,-0.99,-0.886,-0.947,-1.008,-1.058,-0.988,-1.006,-1.016,-0.894,-0.949,-1.052,-1.075,-0.992,-1.014,-0.994,-0.882,-0.947,-1.034,-1.05,-0.994,-1.006,-0.973,-0.866,0,0
"2019-04-16 04:28:40.0",787061,-9999,5.108,-68,-68,-0.927,-9999,-9999,12.0402,39.89,39.89,13.75,-0.959,-1.008,-1.07,-0.99,-1.008,-1.008,-0.874,-0.945,-0.99,-1.038,-0.979,-0.99,-0.985,-0.896,-0.947,-1.012,-1.04,-0.981,-0.99,-0.963,-0.862,-0.943,-1.008,-1.05,-0.973,-1.018,-0.996,-0.854,0,700
"2019-04-16 04:29:00.0",787062,-9999,5.327,-68,-68,-0.927,-9999,-9999,12.0402,39.89,39.87,13.73,-0.955,-1.056,-1.06,-0.996,-1.022,-1.002,-0.884,-0.947,-1.018,-1.058,-0.977,-1,-0.983,-0.87,-0.947,-1.046,-1.046,-0.981,-1.022,-0.965,-0.907,-0.947,-1.04,-1.04,-0.979,-1,-1,-0.901,0,0
"2019-04-16 04:29:20.0",787063,-9999,5.545,-67.99,-67.99,-0.927,-9999,-9999,12.0402,39.89,39.87,13.73,-0.951,-1.042,-1.034,-0.996,-0.992,-0.979,-0.892,-0.951,-1.032,-1.052,-0.99,-1.006,-0.994,-0.917,-0.947,-1.002,-1.075,-0.985,-1.006,-0.983,-0.921,-0.951,-1.044,-1.05,-0.988,-1.002,-1.014,-0.909,0,0
"2019-04-16 04:29:40.0",787064,-9999,5.763,-67.98,-67.98,-0.927,-9999,-9999,12.0402,39.89,39.87,13.73,-0.961,-1.014,-1.05,-0.985,-1.03,-0.99,-0.866,-0.943,-0.988,-1.018,-0.969,-0.994,-0.979,-0.87,-0.945,-1.01,-1.044,-0.977,-0.979,-0.971,-0.909,-0.943,-0.992,-1.032,-0.969,-0.992,-0.961,-0.896,0,0
"2019-04-16 04:30:00.0",787065,-9999,5.981,-67.98,-67.98,-0.927,-9999,-9999,12.0402,39.89,39.89,13.73,-0.959,-1.038,-1.042,-1,-1.022,-1.01,-0.882,-0.945,-1.008,-1.06,-0.992,-1.032,-0.996,-0.88,-0.947,-1.034,-1.075,-0.992,-1.008,-0.979,-0.886,-0.945,-1.018,-1.06,-0.988,-1.002,-1.006,-0.87,0,0
"2019-04-16 04:30:20.0",787066,-9999,6.198,-67.97,-67.97,-0.927,-9999,-9999,12.0402,39.89,39.87,13.73,-0.959,-1.044,-1.054,-0.988,-1.008,-1.01,-0.872,-0.951,-1.034,-1.038,-0.975,-1.018,-1,-0.866,-0.945,-1.02,-1.04,-0.979,-0.996,-0.983,-0.868,-0.945,-1.008,-1.046,-0.975,-1.002,-0.959,-0.876,0,700
"2019-04-16 04:30:40.0",787067,-9999,6.416,-67.96,-67.96,-0.927,-9999,-9999,12.0402,39.89,39.87,13.73,-0.957,-1.032,-1.048,-0.981,-1.006,-0.983,-0.864,-0.945,-0.985,-1.036,-0.969,-0.985,-0.977,-0.903,-0.945,-1.024,-1.016,-0.975,-0.994,-0.994,-0.901,-0.943,-1.012,-1.014,-0.973,-0.969,-0.969,-0.888,0,0
"2019-04-16 04:31:00.0",787068,-9999,6.633,-67.95,-67.95,-0.927,-9999,-9999,12.0402,39.89,39.89,13.73,-0.953,-1.044,-1.058,-0.983,-1.006,-1.012,-0.905,-0.941,-1.004,-1.024,-0.977,-0.998,-0.998,-0.876,-0.935,-1.038,-1.042,-0.981,-0.996,-0.979,-0.894,-0.945,-1.03,-1.048,-0.973,-0.977,-0.981,-0.882,0,0
"2019-04-16 04:31:20.0",787069,-9999,6.851,-67.95,-67.95,-0.927,-9999,-9999,12.0402,39.89,39.89,13.73,-0.955,-1.038,-1.062,-1,-1.008,-1.016,-0.894,-0.947,-1.05,-1.07,-0.988,-1.004,-1,-0.892,-0.949,-1.028,-1.052,-0.988,-1.002,-1.012,-0.882,-0.947,-1.014,-1.052,-0.985,-1.004,-0.981,-0.882,0,0
"2019-04-16 04:31:40.0",787070,-9999,7.068,-67.94,-67.94,-0.927,-9999,-9999,12.0402,39.89,39.89,13.73,-0.961,-1.014,-1.068,-0.985,-1,-0.99,-0.864,-0.941,-1.02,-1.066,-0.971,-0.996,-0.981,-0.896,-0.947,-1.026,-1.05,-0.981,-0.996,-0.963,-0.901,-0.943,-1.03,-1.044,-0.977,-0.996,-1.002,-0.892,0,0
"2019-04-16 04:32:00.0",787071,-9999,7.285,-67.93,-67.93,-0.927,-9999,-9999,12.0402,39.89,39.91,13.73,-0.961,-1.062,-1.066,-1.002,-1.018,-1.002,-0.884,-0.945,-1.022,-1.046,-0.985,-1.002,-0.983,-0.919,-0.949,-1.01,-1.052,-0.99,-1.008,-1.016,-0.911,-0.943,-1.044,-1.054,-0.985,-1.002,-0.992,-0.905,0,700
"2019-04-16 04:32:20.0",787072,-9999,7.502,-67.92,-67.92,-0.927,-9999,-9999,12.0402,39.9,39.89,13.75,-0.953,-1.056,-1.038,-0.994,-1.03,-1,-0.874,-0.945,-1.028,-1.066,-0.975,-1.002,-1.002,-0.921,-0.947,-1.004,-1.05,-0.981,-0.985,-1.008,-0.911,-0.943,-1.044,-1.052,-0.981,-1.002,-0.973,-0.903,0,0
"2019-04-16 04:32:40.0",787073,-9999,7.718,-67.91,-67.91,-0.927,-9999,-9999,12.0402,39.9,39.91,13.73,-0.957,-1.05,-1.062,-0.996,-1.006,-1.002,-0.886,-0.949,-1.026,-1.036,-0.977,-0.996,-1.002,-0.909,-0.945,-1.032,-1.04,-0.971,-0.996,-0.975,-0.89,-0.943,-1.034,-1.034,-0.973,-0.983,-0.965,-0.88,0,0
"2019-04-16 04:33:00.0",787074,-9999,7.936,-67.9,-67.9,-0.927,-9999,-9999,12.0513,39.9,39.89,13.73,-0.961,-1.042,-1.058,-0.981,-1.004,-0.988,-0.882,-0.945,-1.022,-1.048,-0.979,-0.994,-0.981,-0.866,-0.945,-1.034,-1.048,-0.983,-0.994,-1,-0.901,-0.943,-1.012,-1.022,-0.983,-0.998,-0.981,-0.903,0,0
"2019-04-16 04:33:20.0",787075,-9999,8.15,-67.89,-67.89,-0.926,-9999,-9999,12.0402,39.9,39.91,13.73,-0.959,-1.058,-1.07,-0.996,-1.014,-1.002,-0.876,-0.945,-1.042,-1.062,-0.985,-1.006,-0.998,-0.864,-0.947,-1.012,-1.038,-0.99,-1.004,-0.971,-0.909,-0.945,-1.046,-1.044,-0.988,-1,-1.012,-0.903,0,0
"2019-04-16 04:33:40.0",787076,-9999,8.37,-67.88,-67.88,-0.926,-9999,-9999,12.0402,39.9,39.91,13.73,-0.959,-1.056,-1.062,-1,-1.042,-1.022,-0.913,-0.945,-1.004,-1.066,-0.985,-1.008,-0.994,-0.905,-0.945,-1.024,-1.054,-0.985,-1.002,-1.014,-0.911,-0.943,-1,-1.075,-0.985,-1,-0.973,-0.905,0,700
"2019-04-16 04:34:00.0",787077,-9999,8.59,-67.87,-67.87,-0.926,-9999,-9999,12.0402,39.9,39.87,13.73,-0.953,-1.042,-1.056,-0.994,-0.99,-0.985,-0.878,-0.943,-0.996,-1.062,-0.977,-1.012,-0.985,-0.89,-0.943,-1.026,-1.048,-0.977,-0.992,-0.959,-0.858,-0.941,-0.988,-1.034,-0.975,-0.988,-0.994,-0.848,0,0
"2019-04-16 04:34:20.0",787078,-9999,8.8,-67.86,-67.86,-0.926,-9999,-9999,12.0402,39.9,39.89,13.73,-0.951,-1.042,-1.052,-0.994,-1.006,-1.012,-0.868,-0.943,-1.034,-1.042,-0.985,-0.996,-1.01,-0.911,-0.945,-0.998,-1.024,-0.981,-1.002,-0.983,-0.898,-0.945,-1.032,-1.048,-0.979,-0.998,-0.967,-0.896,0,0
"2019-04-16 04:34:40.0",787079,-9999,9.02,-67.85,-67.85,-0.926,-9999,-9999,12.0402,39.9,39.91,13.73,-0.951,-1.004,-1.052,-0.988,-1.006,-0.99,-0.868,-0.943,-1.026,-1.038,-0.975,-0.992,-0.988,-0.907,-0.945,-1.006,-1.034,-0.973,-0.977,-0.979,-0.882,-0.941,-0.99,-1.04,-0.971,-0.994,-0.957,-0.907,0,0
"2019-04-16 04:35:00.0",787080,-9999,9.23,-67.84,-67.84,-0.926,-9999,-9999,12.0402,39.9,39.91,13.73,-0.959,-1.044,-1.073,-0.988,-1.014,-0.981,-0.919,-0.949,-1.034,-1.052,-0.985,-1.026,-0.994,-0.913,-0.945,-1.008,-1.064,-0.99,-1.008,-1.012,-0.896,-0.945,-1.004,-1.03,-0.985,-1.002,-0.985,-0.901,0,0
"2019-04-16 04:35:20.0",787081,-9999,9.45,-67.83,-67.83,-0.926,-9999,-9999,12.0402,39.9,39.89,13.73,-0.955,-1.042,-1.085,-0.998,-1.016,-1.022,-0.892,-0.947,-0.998,-1.046,-0.99,-0.994,-0.998,-0.894,-0.945,-1.04,-1.054,-0.99,-1.008,-0.988,-0.872,-0.943,-1.024,-1.054,-0.983,-1,-1.008,-0.864,0,700
"2019-04-16 04:35:40.0",787082,-9999,9.66,-67.81,-67.81,-0.926,-9999,-9999,12.0402,39.89,39.89,13.71,-0.961,-1.05,-1.066,-0.99,-1.006,-0.994,-0.87,-0.945,-1.03,-1.032,-0.985,-1.002,-0.99,-0.872,-0.949,-1.004,-1.044,-0.985,-1.002,-0.988,-0.868,-0.943,-1.008,-1.077,-0.988,-0.996,-1.004,-0.86,0,0
"2019-04-16 04:36:00.0",787083,-9999,9.88,-67.8,-67.8,-0.926,-9999,-9999,12.0402,39.89,39.89,13.68,-0.955,-1.026,-1.056,-0.992,-1.008,-0.994,-0.862,-0.945,-1.014,-1.038,-0.973,-0.994,-0.979,-0.874,-0.941,-0.99,-1.044,-0.971,-0.994,-0.975,-0.864,-0.945,-1.032,-1.02,-0.971,-0.992,-0.996,-0.854,0,0
"2019-04-16 04:36:20.0",787084,-9999,10.09,-67.79,-67.79,-0.926,-9999,-9999,12.0402,39.89,39.89,13.68,-0.959,-1.01,-1.038,-0.981,-1,-0.981,-0.905,-0.947,-1.004,-1.012,-0.979,-0.996,-0.988,-0.894,-0.949,-1.038,-1.068,-0.979,-1.002,-1.006,-0.882,-0.947,-1.026,-1.042,-0.979,-1,-0.965,-0.866,0,0
"2019-04-16 04:36:40.0",787085,-9999,10.31,-67.78,-67.78,-0.926,-9999,-9999,12.0402,39.89,39.91,13.68,-0.957,-1.054,-1.054,-0.998,-1.022,-0.998,-0.878,-0.945,-1.04,-1.032,-0.981,-1.002,-0.985,-0.917,-0.947,-1.008,-1.046,-0.979,-1.002,-1.008,-0.913,-0.947,-1.006,-1.042,-0.977,-1.002,-0.981,-0.901,0,0
"2019-04-16 04:37:00.0",787086,-9999,10.52,-67.77,-67.77,-0.926,-9999,-9999,12.0402,39.89,39.87,13.68,-0.959,-1.022,-1.042,-0.99,-1,-0.969,-0.903,-0.937,-1.006,-1.06,-0.977,-0.992,-0.983,-0.905,-0.945,-0.994,-1.044,-0.975,-0.998,-0.996,-0.901,-0.937,-1.026,-1.04,-0.977,-0.994,-0.973,-0.896,0,700
"2019-04-16 04:37:20.0",787087,-9999,10.73,-67.75,-67.75,-0.926,-9999,-9999,12.0402,39.89,39.89,13.68,-0.955,-1.04,-1.042,-1,-1.014,-1.002,-0.88,-0.945,-1.028,-1.075,-0.988,-0.99,-0.981,-0.919,-0.945,-1.01,-1.052,-0.99,-1,-0.988,-0.896,-0.943,-1.046,-1.05,-0.988,-1.002,-0.992,-0.886,0,0
"2019-04-16 04:37:40.0",787088,-9999,10.95,-67.74,-67.74,-0.925,-9999,-9999,12.0402,39.89,39.87,13.68,-0.963,-1.042,-1.07,-0.996,-1.022,-1.028,-0.886,-0.947,-1.032,-1.062,-0.988,-1.004,-0.996,-0.921,-0.945,-1.008,-1.062,-0.99,-1.008,-0.977,-0.921,-0.945,-1.042,-1.03,-0.99,-0.998,-0.99,-0.911,0,0
"2019-04-16 04:38:00.0",787089,-9999,11.16,-67.73,-67.73,-0.925,-9999,-9999,12.0402,39.89,39.89,13.68,-0.959,-1.022,-1.04,-0.994,-1.018,-1.014,-0.911,-0.941,-1.006,-1.022,-0.979,-0.998,-0.99,-0.917,-0.943,-1.044,-1.062,-0.979,-1.002,-0.969,-0.907,-0.943,-1.014,-1.064,-0.981,-1.002,-0.981,-0.901,0,0
"2019-04-16 04:38:20.0",787090,-9999,11.37,-67.71,-67.71,-0.925,-9999,-9999,12.0402,39.89,39.89,13.68,-0.957,-1.026,-1.062,-0.99,-1.006,-0.983,-0.892,-0.945,-1.038,-1.054,-0.988,-1.006,-0.996,-0.923,-0.947,-1.024,-1.05,-0.99,-1.006,-0.994,-0.892,-0.943,-1.006,-1.032,-0.99,-1.002,-0.994,-0.88,0,0
"2019-04-16 04:38:40.0",787091,-9999,11.59,-67.7,-67.7,-0.925,-9999,-9999,12.0402,39.89,39.87,13.68,-0.957,-1.012,-1.056,-0.988,-1.008,-0.99,-0.917,-0.943,-0.998,-1.034,-0.971,-0.996,-1.002,-0.903,-0.945,-1.03,-1.014,-0.973,-0.994,-0.979,-0.901,-0.947,-1.006,-1.022,-0.977,-0.992,-0.99,-0.884,0,700
"2019-04-16 04:39:00.0",787092,-9999,11.8,-67.68,-67.68,-0.925,-9999,-9999,12.0402,39.89,39.91,13.68,-0.955,-1.02,-1.06,-0.996,-1.034,-1.004,-0.909,-0.945,-1.004,-1.058,-0.988,-1.008,-0.994,-0.896,-0.951,-1.048,-1.036,-0.992,-1.012,-0.99,-0.898,-0.945,-1.022,-1.038,-0.994,-1.004,-0.992,-0.886,0,0
"2019-04-16 04:39:20.0",787093,-9999,12.01,-67.67,-67.67,-0.925,-9999,-9999,12.0402,39.89,39.89,13.68,-0.959,-1.012,-1.048,-0.992,-1.008,-0.986,-0.874,-0.945,-0.983,-1.04,-0.975,-0.996,-0.967,-0.87,-0.945,-1.036,-1.044,-0.977,-0.996,-1.004,-0.882,-0.941,-1.026,-1.044,-0.971,-0.99,-0.975,-0.852,0,0
"2019-04-16 04:39:40.0",787094,-9999,12.23,-67.66,-67.66,-0.925,-9999,-9999,12.0402,39.89,39.87,13.66,-0.957,-1.02,-1.089,-0.998,-1.018,-0.99,-0.884,-0.945,-1.05,-1.044,-0.981,-1.004,-0.975,-0.919,-0.947,-1.032,-1.048,-0.983,-1.004,-1.004,-0.913,-0.947,-1.006,-1.042,-0.981,-1.024,-0.969,-0.905,0,0
"2019-04-16 04:40:00.0",787095,-9999,12.44,-67.64,-67.64,-0.925,-9999,-9999,12.0402,39.89,39.87,13.66,-0.955,-1.018,-1.07,-0.99,-1.002,-1.004,-0.888,-0.945,-1.022,-1.054,-0.99,-1.004,-1.016,-0.915,-0.945,-1.046,-1.058,-0.986,-1.004,-0.992,-0.884,-0.943,-1.046,-1.06,-0.986,-1.026,-1.012,-0.886,0,0
"2019-04-16 04:40:20.0",787096,-9999,12.65,-67.62,-67.62,-0.925,-9999,-9999,12.0402,39.89,39.87,13.66,-0.957,-1.05,-1.04,-0.994,-1.01,-0.977,-0.919,-0.953,-1.004,-1.042,-0.977,-0.994,-1,-0.907,-0.953,-1.004,-1.044,-0.981,-0.994,-0.977,-0.888,-0.945,-1.034,-1.044,-0.973,-0.988,-0.998,-0.882,0,700
"2019-04-16 04:40:40.0",787097,-9999,12.86,-67.61,-67.61,-0.925,-9999,-9999,12.0402,39.89,39.9,13.66,-0.953,-1,-1.054,-0.99,-1.008,-0.977,-0.886,-0.945,-0.983,-1.042,-0.977,-0.99,-0.977,-0.888,-0.945,-1,-1.058,-0.975,-0.99,-0.992,-0.862,-0.937,-0.986,-1.06,-0.977,-0.996,-0.975,-0.85,0,0
"2019-04-16 04:41:00.0",787098,-9999,13.07,-67.59,-67.59,-0.925,-9999,-9999,12.0402,39.89,39.9,13.66,-0.957,-1.052,-1.06,-0.992,-1.012,-1.016,-0.882,-0.947,-1.024,-1.046,-0.986,-1.004,-1.014,-0.913,-0.949,-1.01,-1.03,-0.981,-0.99,-0.992,-0.915,-0.943,-1.048,-1.028,-0.986,-1,-0.988,-0.901,0,0
"2019-04-16 04:41:20.0",787099,-9999,13.28,-67.58,-67.58,-0.924,-9999,-9999,12.0402,39.89,39.9,13.66,-0.961,-1.058,-1.062,-0.994,-1.012,-1,-0.896,-0.943,-1.042,-1.034,-0.983,-0.994,-0.988,-0.903,-0.945,-1.006,-1.04,-0.981,-1,-0.973,-0.872,-0.947,-0.994,-1.046,-0.979,-0.998,-0.977,-0.87,0,0
"2019-04-16 04:41:40.0",787100,-9999,13.49,-67.56,-67.56,-0.924,-9999,-9999,12.0513,39.89,39.9,13.66,-0.953,-1.046,-1.064,-1,-1.02,-0.998,-0.878,-0.943,-1.024,-1.073,-0.988,-1.006,-0.986,-0.915,-0.945,-1.006,-1.054,-0.986,-1.004,-1.014,-0.907,-0.945,-1.042,-1.052,-0.988,-1.002,-0.99,-0.901,0,0
"2019-04-16 04:42:00.0",787101,-9999,13.7,-67.54,-67.54,-0.924,-9999,-9999,12.0402,39.89,39.9,13.66,-0.957,-1.032,-1.06,-0.996,-1.01,-0.994,-0.896,-0.951,-0.998,-1.05,-0.986,-1.002,-0.971,-0.892,-0.943,-1.016,-1.048,-0.981,-0.996,-0.99,-0.89,-0.943,-1,-1.056,-0.981,-0.992,-0.986,-0.876,0,700
"2019-04-16 04:42:20.0",787102,-9999,13.91,-67.53,-67.53,-0.924,-9999,-9999,12.0402,39.89,39.88,13.64,-0.953,-1.022,-1.032,-0.994,-1.002,-1.012,-0.898,-0.939,-0.986,-1.018,-0.973,-1.01,-0.979,-0.888,-0.947,-1.024,-1.036,-0.975,-0.99,-0.996,-0.874,-0.941,-1.012,-1.034,-0.967,-0.994,-0.959,-0.898,0,0
"2019-04-16 04:42:40.0",787103,-9999,14.12,-67.51,-67.51,-0.924,-9999,-9999,12.0513,39.89,39.88,13.64,-0.955,-1.014,-1.028,-0.986,-1.008,-1.008,-0.892,-0.941,-0.998,-1.022,-0.971,-0.992,-0.983,-0.866,-0.941,-1.026,-1.062,-0.981,-0.992,-0.959,-0.86,-0.943,-1.008,-1.056,-0.977,-0.996,-0.996,-0.864,0,0
"2019-04-16 04:43:00.0",787104,-9999,14.33,-67.49,-67.49,-0.924,-9999,-9999,12.0402,39.89,39.88,13.64,-0.957,-1.002,-1.044,-0.99,-1.002,-1.006,-0.876,-0.947,-1.03,-1.058,-0.973,-0.99,-0.977,-0.905,-0.945,-1.014,-1.048,-0.971,-0.992,-0.973,-0.898,-0.943,-0.998,-1.038,-0.973,-0.996,-0.975,-0.896,0,0
"2019-04-16 04:43:20.0",787105,-9999,14.54,-67.48,-67.48,-0.924,-9999,-9999,12.0402,39.89,39.9,13.64,-0.957,-1.02,-1.058,-0.996,-1.02,-0.99,-0.921,-0.941,-1.018,-1.048,-0.986,-0.983,-1.01,-0.907,-0.941,-0.996,-1.024,-0.983,-1,-0.981,-0.884,-0.947,-1.034,-1.022,-0.981,-0.994,-0.965,-0.87,0,0
"2019-04-16 04:43:40.0",787106,-9999,14.75,-67.46,-67.46,-0.924,-9999,-9999,12.0402,39.89,39.9,13.64,-0.955,-1.03,-1.054,-0.981,-1.006,-0.983,-0.886,-0.943,-0.998,-1.038,-0.979,-0.998,-0.988,-0.874,-0.947,-1.022,-1.034,-0.973,-1,-1.002,-0.876,-0.945,-1,-1.042,-0.973,-1.02,-0.977,-0.86,0,700
"2019-04-16 04:44:00.0",787107,-9999,14.96,-67.44,-67.44,-0.923,-9999,-9999,12.0402,39.89,39.89,13.64,-0.955,-1.064,-1.068,-0.996,-1.018,-1,-0.901,-0.941,-1.002,-1.054,-0.99,-1.004,-1.014,-0.882,-0.939,-1.044,-1.05,-0.988,-1.006,-0.992,-0.911,-0.947,-1.032,-1.058,-0.986,-1.008,-1.006,-0.911,0,0
"2019-04-16 04:44:20.0",787108,-9999,15.17,-67.42,-67.42,-0.923,-9999,-9999,12.0402,39.89,39.89,13.64,-0.949,-1.012,-1.056,-0.996,-1.012,-1,-0.911,-0.943,-1.03,-1.036,-0.979,-0.992,-0.981,-0.894,-0.943,-1,-1.018,-0.975,-0.998,-0.977,-0.872,-0.941,-1.032,-1.042,-0.971,-0.986,-0.973,-0.864,0,0
"2019-04-16 04:44:40.0",787109,-9999,15.38,-67.4,-67.4,-0.923,-9999,-9999,12.0402,39.89,39.91,13.64,-0.949,-1.036,-1.044,-1,-1.008,-0.996,-0.909,-0.941,-1.022,-1.018,-0.975,-0.992,-0.975,-0.884,-0.945,-0.992,-1.06,-0.975,-0.99,-0.979,-0.856,-0.941,-1.018,-1.034,-0.973,-0.988,-0.992,-0.854,0,0
"2019-04-16 04:45:00.0",787110,-9999,15.59,-67.39,-67.39,-0.923,-9999,-9999,12.0402,39.89,39.87,13.64,-0.955,-1.028,-1.066,-0.994,-1.012,-0.996,-0.909,-0.939,-1.032,-1.05,-0.967,-1.016,-0.963,-0.886,-0.943,-1.012,-1.04,-0.973,-0.994,-0.994,-0.866,-0.943,-0.977,-1.024,-0.967,-0.988,-0.971,-0.852,0,0
"2019-04-16 04:45:20.0",787111,-9999,15.79,-67.37,-67.37,-0.923,-9999,-9999,12.0402,39.89,39.89,13.64,-0.957,-1.042,-1.062,-0.998,-1.012,-0.983,-0.923,-0.947,-1.048,-1.05,-0.986,-0.998,-0.977,-0.88,-0.947,-1.024,-1.05,-0.986,-1.004,-1.012,-0.882,-0.943,-1.01,-1.03,-0.986,-1.002,-0.99,-0.862,0,700
"2019-04-16 04:45:40.0",787112,-9999,16,-67.35,-67.35,-0.923,-9999,-9999,12.0402,39.89,39.89,13.64,-0.951,-1.042,-1.036,-0.988,-1.01,-1,-0.892,-0.943,-1.004,-1.05,-0.983,-1.018,-0.988,-0.862,-0.943,-1.03,-1.038,-0.981,-0.996,-0.969,-0.856,-0.945,-0.99,-1.046,-0.975,-0.996,-0.973,-0.858,0,0
"2019-04-16 04:46:00.0",787113,-9999,16.21,-67.33,-67.33,-0.923,-9999,-9999,12.0402,39.89,39.87,13.64,-0.963,-1.002,-1.048,-0.99,-1.006,-0.986,-0.868,-0.941,-1.03,-1.01,-0.969,-0.992,-0.996,-0.86,-0.943,-0.988,-1.056,-0.975,-0.988,-0.971,-0.901,-0.949,-1.02,-1.056,-0.969,-0.99,-0.957,-0.888,0,0
"2019-04-16 04:46:20.0",787114,-9999,16.41,-67.31,-67.31,-0.923,-9999,-9999,12.0346,39.89,39.89,13.64,-0.959,-1.012,-1.056,-0.986,-1.004,-1.008,-0.878,-0.945,-1.04,-1.046,-0.981,-1,-0.988,-0.905,-0.947,-1.012,-1.038,-0.981,-0.983,-1.004,-0.905,-0.941,-1.042,-1.028,-0.988,-1.004,-0.988,-0.898,0,0
"2019-04-16 04:46:40.0",787115,-9999,16.62,-67.29,-67.29,-0.922,-9999,-9999,12.0402,39.89,39.87,13.64,-0.953,-1.03,-1.081,-1.002,-1.008,-1.004,-0.866,-0.941,-1.006,-1.054,-0.992,-0.996,-0.99,-0.876,-0.951,-1.026,-1.052,-0.986,-1.006,-1.008,-0.907,-0.951,-1.004,-1.07,-0.983,-1,-0.99,-0.898,0,0
"2019-04-16 04:47:00.0",787116,-9999,16.82,-67.27,-67.27,-0.922,-9999,-9999,12.0402,39.89,39.89,13.64,-0.951,-1.012,-1.056,-0.998,-1.01,-0.994,-0.913,-0.943,-1.038,-1.05,-0.981,-1.002,-0.981,-0.89,-0.945,-1.006,-1.07,-0.981,-1.02,-0.973,-0.86,-0.941,-1.034,-1.046,-0.981,-0.998,-1,-0.858,0,700
"2019-04-16 04:47:20.0",787117,-9999,17.03,-67.25,-67.25,-0.922,-9999,-9999,12.0402,39.89,39.88,13.64,-0.951,-1.036,-1.038,-0.99,-0.996,-0.986,-0.898,-0.943,-0.988,-1.04,-0.969,-0.992,-0.979,-0.907,-0.941,-1.022,-1.034,-0.975,-0.99,-0.957,-0.88,-0.943,-1.012,-1.034,-0.969,-0.975,-0.969,-0.878,0,0
"2019-04-16 04:47:40.0",787118,-9999,17.24,-67.23,-67.23,-0.922,-9999,-9999,12.0402,39.89,39.88,13.64,-0.961,-1.034,-1.064,-0.99,-1.01,-0.979,-0.872,-0.939,-1.008,-1.03,-0.981,-1,-0.998,-0.921,-0.943,-1.04,-1.073,-0.986,-1.002,-0.983,-0.909,-0.943,-1.024,-1.07,-0.986,-1.002,-1.012,-0.903,0,0
"2019-04-16 04:48:00.0",787119,-9999,17.44,-67.2,-67.2,-0.922,-9999,-9999,12.0402,39.89,39.88,13.64,-0.949,-1.002,-1.044,-0.992,-1.008,-1.012,-0.878,-0.941,-0.994,-1.008,-0.971,-1,-0.975,-0.864,-0.943,-0.99,-1.06,-0.971,-0.994,-0.994,-0.864,-0.941,-1.028,-1.034,-0.969,-0.992,-0.973,-0.854,0,0
"2019-04-16 04:48:20.0",787120,-9999,17.64,-67.18,-67.18,-0.922,-9999,-9999,12.0402,39.89,39.9,13.64,-0.955,-1.01,-1.028,-0.986,-1.012,-1.01,-0.911,-0.945,-1.036,-1.042,-0.975,-1.002,-0.988,-0.917,-0.949,-1.012,-1.046,-0.986,-1.004,-1.008,-0.894,-0.943,-1.044,-1.054,-0.983,-1,-0.988,-0.888,0,0
"2019-04-16 04:48:40.0",787121,-9999,17.85,-67.16,-67.16,-0.922,-9999,-9999,12.0402,39.89,39.9,13.61,-0.951,-1.03,-1.05,-0.996,-1.008,-1.016,-0.872,-0.945,-1.038,-1.07,-0.981,-1,-0.977,-0.911,-0.941,-0.994,-1.052,-0.979,-0.998,-0.998,-0.901,-0.941,-0.988,-1.044,-0.979,-0.994,-0.986,-0.894,0,700
"2019-04-16 04:49:00.0",787122,-9999,18.05,-67.14,-67.14,-0.921,-9999,-9999,12.0402,39.89,39.88,13.61,-0.951,-1.02,-1.044,-0.981,-1.012,-0.983,-0.866,-0.945,-1.03,-1.03,-0.971,-0.99,-0.977,-0.909,-0.943,-1.018,-1.038,-0.975,-0.994,-0.977,-0.894,-0.941,-0.992,-1.038,-0.971,-0.992,-0.955,-0.892,0,0
"2019-04-16 04:49:20.0",787123,-9999,18.26,-67.12,-67.12,-0.921,-9999,-9999,12.0402,39.89,39.9,13.61,-0.955,-1.05,-1.064,-0.994,-1.012,-1.024,-0.913,-0.941,-1.008,-1.064,-0.986,-1.004,-0.979,-0.874,-0.949,-1.046,-1.034,-0.988,-1.002,-0.975,-0.876,-0.943,-1.002,-1.052,-0.988,-1.004,-1.008,-0.872,0,0
"2019-04-16 04:49:40.0",787124,-9999,18.46,-67.1,-67.1,-0.921,-9999,-9999,12.0402,39.89,39.9,13.61,-0.959,-1.048,-1.06,-0.996,-1.01,-0.994,-0.872,-0.943,-1.002,-1.056,-0.986,-1,-1.01,-0.88,-0.943,-1.038,-1.036,-0.988,-1.004,-0.992,-0.862,-0.941,-1.028,-1.056,-0.986,-1.002,-0.973,-0.862,0,0
"2019-04-16 04:50:00.0",787125,-9999,18.66,-67.07,-67.07,-0.921,-9999,-9999,12.0402,39.89,39.9,13.61,-0.955,-1.04,-1.066,-0.992,-1.014,-1.02,-0.907,-0.945,-1.046,-1.048,-0.986,-1.004,-0.994,-0.878,-0.943,-1.008,-1.052,-0.979,-1.004,-0.973,-0.876,-0.945,-0.996,-1.066,-0.983,-0.998,-1.006,-0.864,0,0
"2019-04-16 04:50:20.0",787126,-9999,18.87,-67.05,-67.05,-0.921,-9999,-9999,12.0402,39.89,39.9,13.61,-0.959,-1.04,-1.073,-0.994,-1.016,-0.998,-0.896,-0.945,-1.038,-1.026,-0.977,-1.004,-0.979,-0.878,-0.945,-1.002,-1.068,-0.981,-1.004,-1.002,-0.911,-0.941,-1.038,-1.066,-0.981,-1,-0.983,-0.911,0,700
"2019-04-16 04:50:40.0",787127,-9999,19.07,-67.03,-67.03,-0.921,-9999,-9999,12.0402,39.89,39.89,13.61,-0.955,-1.036,-1.064,-0.998,-1.01,-1.024,-0.919,-0.943,-1.046,-1.058,-0.986,-1.002,-0.998,-0.898,-0.943,-1.002,-1.032,-0.986,-1.002,-0.969,-0.892,-0.943,-1.002,-1.054,-0.986,-1,-1.006,-0.88,0,0
"2019-04-16 04:51:00.0",787128,-9999,19.27,-67.01,-67.01,-0.921,-9999,-9999,12.0402,39.89,39.89,13.61,-0.961,-1.044,-1.028,-0.988,-1.008,-0.981,-0.876,-0.941,-0.986,-1.058,-0.975,-0.983,-0.983,-0.905,-0.943,-1.006,-1.042,-0.975,-0.99,-0.961,-0.905,-0.941,-0.986,-1.038,-0.973,-0.99,-0.973,-0.89,0,0
"2019-04-16 04:51:20.0",787129,-9999,19.47,-66.98,-66.98,-0.92,-9999,-9999,12.0402,39.89,39.89,13.61,-0.953,-1.03,-1.046,-0.992,-1.006,-0.986,-0.911,-0.943,-0.992,-1.034,-0.975,-0.988,-0.981,-0.898,-0.943,-1.012,-1.034,-0.971,-0.998,-0.971,-0.903,-0.949,-0.986,-1.05,-0.973,-0.973,-0.953,-0.894,0,0
"2019-04-16 04:51:40.0",787130,-9999,19.67,-66.96,-66.96,-0.92,-9999,-9999,12.0402,39.89,39.89,13.61,-0.955,-1.052,-1.058,-0.992,-1.006,-0.998,-0.907,-0.945,-1.01,-1.04,-0.981,-0.992,-0.973,-0.88,-0.945,-1.046,-1.05,-0.977,-1.002,-0.967,-0.911,-0.945,-1.002,-1.07,-0.983,-1.018,-1.008,-0.905,0,0
"2019-04-16 04:52:00.0",787131,-9999,19.87,-66.93,-66.93,-0.92,-9999,-9999,12.0402,39.89,39.89,13.61,-0.955,-1.054,-1.066,-0.996,-1.012,-0.998,-0.886,-0.939,-1.012,-1.073,-0.983,-1.004,-0.99,-0.923,-0.939,-1.04,-1.054,-0.986,-1.028,-0.99,-0.909,-0.941,-1.002,-1.046,-0.979,-0.992,-0.973,-0.905,0,700
"2019-04-16 04:52:20.0",787132,-9999,20.07,-66.91,-66.91,-0.92,-9999,-9999,12.0402,39.89,39.89,13.61,-0.957,-1.052,-1.04,-0.992,-1.018,-0.979,-0.919,-0.945,-0.998,-1.062,-0.977,-0.983,-0.973,-0.896,-0.943,-1.03,-1.038,-0.977,-0.998,-1,-0.87,-0.943,-1.016,-1.044,-0.975,-0.998,-0.981,-0.856,0,0
"2019-04-16 04:52:40.0",787133,-9999,20.27,-66.89,-66.89,-0.92,-9999,-9999,12.0402,39.89,39.87,13.61,-0.953,-1.038,-1.046,-0.983,-1.002,-1.002,-0.903,-0.947,-0.99,-1.038,-0.977,-0.988,-1.004,-0.909,-0.943,-1.028,-1.042,-0.977,-0.996,-0.975,-0.882,-0.943,-0.988,-1.026,-0.977,-0.998,-0.961,-0.874,0,0
"2019-04-16 04:53:00.0",787134,-9999,20.47,-66.86,-66.86,-0.92,-9999,-9999,12.0402,39.89,39.89,13.61,-0.953,-1.058,-1.062,-0.998,-1.01,-0.988,-0.911,-0.945,-1.004,-1.073,-0.983,-1,-0.979,-0.89,-0.945,-1.04,-1.054,-0.99,-0.986,-0.988,-0.866,-0.943,-1.02,-1.05,-0.986,-1,-0.986,-0.86,0,0
"2019-04-16 04:53:20.0",787135,-9999,20.67,-66.84,-66.84,-0.919,-9999,-9999,12.0457,39.89,39.87,13.61,-0.953,-1.024,-1.062,-0.998,-1.018,-1.022,-0.872,-0.941,-1.006,-1.042,-0.981,-0.994,-0.963,-0.903,-0.949,-1.032,-1.018,-0.973,-0.994,-0.971,-0.882,-0.943,-1.006,-1.034,-0.969,-0.988,-0.969,-0.872,0,0
"2019-04-16 04:53:40.0",787136,-9999,20.87,-66.81,-66.81,-0.919,-9999,-9999,12.0457,39.88,39.87,13.61,-0.953,-1.036,-1.054,-0.99,-1.004,-0.983,-0.894,-0.943,-1.034,-1.052,-0.977,-0.99,-0.963,-0.866,-0.937,-1.002,-1.038,-0.973,-1.016,-0.959,-0.866,-0.943,-0.998,-1.034,-0.971,-0.971,-0.971,-0.858,0,700
"2019-04-16 04:54:00.0",787137,-9999,21.06,-66.79,-66.79,-0.919,-9999,-9999,12.0402,39.89,39.9,13.61,-0.951,-1.01,-1.068,-0.986,-1.004,-1.008,-0.884,-0.941,-1.014,-1.042,-0.973,-0.994,-0.967,-0.866,-0.947,-0.994,-1.04,-0.981,-0.99,-0.998,-0.894,-0.935,-1.028,-1.026,-0.975,-0.996,-0.979,-0.884,0,0
"2019-04-16 04:54:20.0",787138,-9999,21.26,-66.76,-66.76,-0.919,-9999,-9999,12.0346,39.89,39.9,13.61,-0.955,-1.02,-1.07,-0.994,-1.012,-1.002,-0.882,-0.945,-1.022,-1.03,-0.988,-1.024,-0.992,-0.915,-0.945,-0.998,-1.073,-0.988,-1.006,-0.981,-0.888,-0.945,-1.048,-1.079,-0.988,-1.002,-1.01,-0.884,0,0
"2019-04-16 04:54:40.0",787139,-9999,21.46,-66.74,-66.74,-0.919,-9999,-9999,12.0457,39.88,39.88,13.59,-0.955,-1.02,-1.068,-1.002,-1.016,-1.004,-0.921,-0.945,-1.044,-1.03,-0.986,-1.006,-0.994,-0.921,-0.945,-1.014,-1.07,-0.988,-1.006,-1.012,-0.894,-0.941,-1.048,-1.073,-0.986,-1.002,-0.988,-0.89,0,0
"2019-04-16 04:55:00.0",787140,-9999,21.66,-66.71,-66.71,-0.919,-9999,-9999,12.0402,39.89,39.9,13.59,-0.959,-1.062,-1.044,-0.996,-1.016,-0.998,-0.907,-0.945,-1.004,-1.028,-0.983,-0.996,-0.988,-0.923,-0.949,-1.044,-1.07,-0.983,-1.002,-0.988,-0.898,-0.941,-0.994,-1.054,-0.983,-1,-1.01,-0.886,0,0
"2019-04-16 04:55:20.0",787141,-9999,21.85,-66.68,-66.68,-0.918,-9999,-9999,12.0402,39.89,39.91,13.59,-0.957,-1.004,-1.054,-0.994,-1.01,-0.992,-0.911,-0.945,-1.01,-1.016,-0.975,-0.992,-0.981,-0.868,-0.945,-0.992,-1.042,-0.975,-0.992,-0.975,-0.866,-0.949,-1.036,-1.064,-0.971,-0.994,-0.994,-0.862,0,700
"2019-04-16 04:55:40.0",787142,-9999,22.05,-66.66,-66.66,-0.918,-9999,-9999,12.0402,39.88,39.88,13.59,-0.959,-1.002,-1.048,-0.979,-1.006,-0.969,-0.872,-0.943,-1.028,-1.02,-0.971,-0.998,-0.969,-0.911,-0.947,-0.996,-1.04,-0.977,-1.004,-1,-0.913,-0.945,-1.036,-1.06,-0.975,-1.02,-0.979,-0.896,0,0
"2019-04-16 04:56:00.0",787143,-9999,22.24,-66.63,-66.63,-0.918,-9999,-9999,12.0402,39.89,39.88,13.59,-0.955,-1.03,-1.054,-0.994,-1.002,-0.981,-0.894,-0.947,-1.008,-1.042,-0.983,-1,-0.975,-0.894,-0.947,-1.026,-1.036,-0.988,-1.004,-0.986,-0.903,-0.947,-1,-1.03,-0.986,-1.006,-0.99,-0.892,0,0
"2019-04-16 04:56:20.0",787144,-9999,22.44,-66.61,-66.61,-0.918,-9999,-9999,12.0402,39.89,39.88,13.59,-0.955,-1.026,-1.075,-1,-1.01,-1.002,-0.919,-0.947,-1.036,-1.03,-0.986,-1.002,-0.994,-0.921,-0.947,-1.01,-1.066,-0.992,-1.006,-0.973,-0.888,-0.945,-1.046,-1.07,-0.988,-1.002,-0.996,-0.874,0,0
"2019-04-16 04:56:40.0",787145,-9999,22.64,-66.58,-66.58,-0.918,-9999,-9999,12.0402,39.89,39.9,13.59,-0.957,-1.048,-1.054,-0.996,-1.01,-0.996,-0.909,-0.947,-1.038,-1.056,-0.986,-0.996,-0.975,-0.909,-0.947,-0.998,-1.07,-0.981,-0.977,-1,-0.898,-0.947,-1.044,-1.07,-0.983,-1,-0.969,-0.901,0,0
"2019-04-16 04:57:00.0",787146,-9999,22.83,-66.55,-66.55,-0.917,-9999,-9999,12.0402,39.89,39.9,13.59,-0.957,-1.026,-1.085,-1,-1.016,-1.024,-0.878,-0.945,-1.046,-1.073,-0.986,-1.002,-0.992,-0.872,-0.945,-1.024,-1.054,-0.986,-1.004,-0.975,-0.866,-0.953,-1.006,-1.048,-0.986,-1.02,-1.006,-0.864,0,700
"2019-04-16 04:57:20.0",787147,-9999,23.02,-66.52,-66.52,-0.917,-9999,-9999,12.0402,39.89,39.89,13.59,-0.955,-1.022,-1.07,-0.986,-1.008,-1.006,-0.882,-0.941,-0.992,-1.032,-0.971,-0.99,-0.973,-0.886,-0.945,-1.028,-1.038,-0.969,-0.977,-0.961,-0.876,-0.947,-1.002,-1.044,-0.975,-0.99,-0.973,-0.872,0,0
"2019-04-16 04:57:40.0",787148,-9999,23.22,-66.5,-66.5,-0.917,-9999,-9999,12.0402,39.88,39.91,13.59,-0.959,-1.052,-1.05,-0.981,-1.01,-1.016,-0.876,-0.945,-1.038,-1.036,-0.979,-1,-0.994,-0.896,-0.953,-1.004,-1.042,-0.981,-1.018,-0.986,-0.87,-0.945,-1.002,-1.044,-0.979,-1.002,-0.981,-0.892,0,0
"2019-04-16 04:58:00.0",787149,-9999,23.41,-66.47,-66.47,-0.917,-9999,-9999,12.0402,39.89,39.91,13.59,-0.957,-1.022,-1.04,-0.996,-1.016,-0.986,-0.878,-0.949,-1.036,-1.032,-0.983,-1.03,-1.012,-0.874,-0.949,-1.01,-1.075,-0.986,-1.008,-0.994,-0.886,-0.945,-1.01,-1.075,-0.986,-1.004,-0.988,-0.872,0,0
"2019-04-16 04:58:20.0",787150,-9999,23.6,-66.44,-66.44,-0.917,-9999,-9999,12.0402,39.88,39.87,13.59,-0.957,-1.02,-1.07,-0.996,-1.01,-0.979,-0.882,-0.949,-1.03,-1.054,-0.979,-0.992,-0.998,-0.88,-0.949,-1.004,-1.044,-0.975,-0.996,-0.988,-0.905,-0.949,-0.992,-1.026,-0.973,-0.975,-1,-0.907,0,0
"2019-04-16 04:58:40.0",787151,-9999,23.8,-66.41,-66.41,-0.916,-9999,-9999,12.0402,39.89,39.89,13.59,-0.951,-1.008,-1.048,-0.988,-1.004,-0.988,-0.905,-0.945,-0.996,-1.048,-0.983,-1,-0.969,-0.89,-0.947,-1.036,-1.026,-0.988,-1.024,-1.008,-0.872,-0.945,-1.02,-1.05,-0.979,-0.981,-0.981,-0.86,0,700
"2019-04-16 04:59:00.0",787152,-9999,23.99,-66.38,-66.38,-0.916,-9999,-9999,12.0402,39.89,39.89,13.59,-0.955,-1.038,-1.05,-0.996,-1.02,-0.988,-0.919,-0.947,-1.006,-1.07,-0.981,-1.002,-0.994,-0.901,-0.947,-1.052,-1.056,-0.988,-1.008,-0.973,-0.901,-0.945,-1.022,-1.052,-0.983,-1.004,-1.008,-0.888,0,0
"2019-04-16 04:59:20.0",787153,-9999,24.18,-66.35,-66.35,-0.916,-9999,-9999,12.0402,39.89,39.87,13.59,-0.957,-1.042,-1.05,-0.986,-0.994,-0.99,-0.874,-0.943,-1.024,-1.046,-0.983,-1.002,-1.012,-0.87,-0.945,-1.034,-1.036,-0.99,-1.002,-1.006,-0.901,-0.945,-1.04,-1.026,-0.986,-1.004,-0.988,-0.858,0,0
"2019-04-16 04:59:40.0",787154,-9999,24.37,-66.32,-66.32,-0.916,-9999,-9999,12.0402,39.89,39.89,13.59,-0.961,-1.054,-1.062,-0.996,-1.01,-0.998,-0.923,-0.949,-1.04,-1.018,-0.979,-0.994,-0.979,-0.907,-0.947,-1.016,-1.038,-0.973,-0.986,-0.979,-0.884,-0.945,-0.992,-1.06,-0.975,-0.99,-0.977,-0.901,0,0
