"TOA5","","","1764","CR1000.Std.24","CPU:MFRSR_10012018V2.8.CR1","13574","TableHdr","PbCdlComm-1.6.0 (2016/01/26)"
"TIMESTAMP","RECORD","loggerID""headID""xpgmVerID""xlat""xlon""xSiteElev""xFULLREV""xCRXHSTEPS""xSCANseconds""xSCANnAvg""xSCANtrough""xHOMEoffset""xALLTIMEband"
"TS","RN","--""--""--""deg""deg""m""--""--""sec""--""--""--""--"
"","","Smp""Smp""Smp""Smp""Smp""Smp""Smp""Smp""Smp""Smp""Smp""Smp""Smp"
"2019-04-15 12:00:00.0",371,1764,180054423,2.8,-32.1259,-64.7287,1160,800,20,20,1,10,0,-1
"TOA5","","","1764","CR1000.Std.24","CPU:MFRSR_10012018V2.8.CR1","13574","Table155","PbCdlComm-1.6.0 (2016/01/26)"
"TIMESTAMP","RECORD","xoset""az""el""al""cosz""cosasz""pamass""vBat""Thead""THTC""Tlogger""Dnadir(1)""Dnadir(2)""Dnadir(3)""Dnadir(4)""Dnadir(5)""Dnadir(6)""Dnadir(7)""Deast(1)""Deast(2)""Deast(3)""Deast(4)""Deast(5)""Deast(6)""Deast(7)""Dsun(1)""Dsun(2)""Dsun(3)""Dsun(4)""Dsun(5)""Dsun(6)""Dsun(7)""Dwest(1)""Dwest(2)""Dwest(3)""Dwest(4)""Dwest(5)""Dwest(6)""Dwest(7)""kount""khome"
"TS","RN","sec""deg""deg""deg""--""--""--""Volt""degC""degC""degC""mV""mV""mV""mV""mV""mV""mV""mV""mV""mV""mV""mV""mV""mV""mV""mV""mV""mV""mV""mV""mV""mV""mV""mV""mV""mV""mV""mV""--""--"
"","","Smp""Smp""Smp""Smp""Smp""Smp""Smp""Smp""Smp""Smp""Smp""Smp""Smp""Smp""Smp""Smp""Smp""Smp""Smp""Smp""Smp""Smp""Smp""Smp""Smp""Smp""Smp""Smp""Smp""Smp""Smp""Smp""Smp""Smp""Smp""Smp""Smp""Smp""Smp""Smp""Smp"
"2019-04-15 22:00:00.0",785895,-9999,-101.3,-0.984,-0.984,-0.017,-9999,-9999,12.0361,39.96,39.92,17.59,-0.815,-0.407,-0.407,-0.543,-0.475,-0.475,-0.679,-0.815,-0.407,-0.407,-0.543,-0.475,-0.543,-0.679,-0.815,-0.407,-0.407,-0.543,-0.475,-0.543,-0.679,-0.747,-0.407,-0.407,-0.543,-0.407,-0.543,-0.611,0,0
"2019-04-15 22:00:20.0",785896,-9999,-101.3,-1.053,-1.053,-0.018,-9999,-9999,12.0416,39.96,39.92,17.59,-0.815,-0.407,-0.475,-0.543,-0.475,-0.475,-0.679,-0.815,-0.407,-0.475,-0.543,-0.475,-0.543,-0.679,-0.815,-0.407,-0.475,-0.543,-0.475,-0.543,-0.679,-0.747,-0.407,-0.475,-0.543,-0.475,-0.475,-0.611,0,700
"2019-04-15 22:00:40.0",785897,-9999,-101.2,-1.122,-1.122,-0.02,-9999,-9999,12.0472,39.96,39.92,17.59,-0.815,-0.475,-0.475,-0.543,-0.475,-0.543,-0.679,-0.815,-0.407,-0.475,-0.543,-0.475,-0.543,-0.611,-0.815,-0.475,-0.475,-0.543,-0.475,-0.543,-0.611,-0.747,-0.475,-0.475,-0.543,-0.475,-0.543,-0.611,0,0
"2019-04-15 22:01:00.0",785898,-9999,-101.2,-1.192,-1.192,-0.021,-9999,-9999,12.0416,39.96,39.92,17.56,-0.815,-0.475,-0.475,-0.543,-0.475,-0.543,-0.679,-0.815,-0.475,-0.543,-0.543,-0.475,-0.543,-0.679,-0.747,-0.475,-0.475,-0.543,-0.475,-0.475,-0.679,-0.747,-0.407,-0.475,-0.543,-0.475,-0.543,-0.679,0,0
"2019-04-15 22:01:20.0",785899,-9999,-101.2,-1.261,-1.261,-0.022,-9999,-9999,12.0416,39.96,39.92,17.56,-0.815,-0.475,-0.543,-0.611,-0.475,-0.543,-0.679,-0.815,-0.475,-0.543,-0.611,-0.475,-0.543,-0.679,-0.747,-0.475,-0.543,-0.611,-0.475,-0.543,-0.679,-0.815,-0.475,-0.475,-0.611,-0.475,-0.543,-0.611,0,0
"2019-04-15 22:01:40.0",785900,-9999,-101.1,-1.33,-1.33,-0.023,-9999,-9999,12.0361,39.96,39.92,17.56,-0.815,-0.475,-0.543,-0.611,-0.475,-0.543,-0.679,-0.815,-0.475,-0.475,-0.611,-0.475,-0.543,-0.611,-0.815,-0.475,-0.543,-0.611,-0.475,-0.543,-0.611,-0.747,-0.475,-0.543,-0.611,-0.475,-0.543,-0.679,0,0
"2019-04-15 22:02:00.0",785901,-9999,-101.1,-1.399,-1.399,-0.024,-9999,-9999,12.0361,39.96,39.92,17.56,-0.815,-0.475,-0.543,-0.611,-0.475,-0.543,-0.679,-0.679,-0.407,-0.475,-0.475,-0.407,-0.475,-0.611,-0.679,-0.407,-0.407,-0.475,-0.407,-0.475,-0.543,-0.679,-0.407,-0.475,-0.475,-0.407,-0.475,-0.543,0,700
"2019-04-15 22:02:20.0",785902,-9999,-101,-1.469,-1.469,-0.026,-9999,-9999,12.0361,39.96,39.92,17.54,-0.679,-0.407,-0.475,-0.543,-0.407,-0.475,-0.543,-0.679,-0.407,-0.475,-0.543,-0.407,-0.475,-0.611,-0.679,-0.407,-0.475,-0.543,-0.407,-0.475,-0.543,-0.679,-0.475,-0.475,-0.543,-0.407,-0.475,-0.543,0,0
"2019-04-15 22:02:40.0",785903,-9999,-101,-1.538,-1.538,-0.027,-9999,-9999,12.0416,39.96,39.92,17.54,-0.679,-0.407,-0.475,-0.543,-0.475,-0.475,-0.611,-0.679,-0.475,-0.475,-0.543,-0.475,-0.475,-0.543,-0.679,-0.475,-0.475,-0.543,-0.475,-0.475,-0.611,-0.679,-0.407,-0.475,-0.543,-0.407,-0.475,-0.611,0,0
"2019-04-15 22:03:00.0",785904,-9999,-100.9,-1.607,-1.607,-0.028,-9999,-9999,12.0416,39.96,39.92,17.54,-0.679,-0.475,-0.475,-0.543,-0.407,-0.475,-0.543,-0.679,-0.475,-0.475,-0.543,-0.475,-0.475,-0.611,-0.679,-0.475,-0.475,-0.543,-0.475,-0.475,-0.611,-0.679,-0.407,-0.475,-0.543,-0.475,-0.475,-0.543,0,0
"2019-04-15 22:03:20.0",785905,-9999,-100.9,-1.676,-1.676,-0.029,-9999,-9999,12.0361,39.96,39.92,17.54,-0.679,-0.475,-0.543,-0.611,-0.475,-0.475,-0.543,-0.679,-0.475,-0.543,-0.543,-0.475,-0.543,-0.543,-0.679,-0.475,-0.475,-0.543,-0.475,-0.475,-0.543,-0.679,-0.475,-0.475,-0.543,-0.475,-0.475,-0.611,0,0
"2019-04-15 22:03:40.0",785906,-9999,-100.8,-1.746,-1.746,-0.03,-9999,-9999,12.0361,39.96,39.92,17.54,-0.679,-0.543,-0.543,-0.543,-0.475,-0.475,-0.543,-0.679,-0.543,-0.543,-0.543,-0.475,-0.475,-0.611,-0.679,-0.475,-0.543,-0.611,-0.475,-0.475,-0.611,-0.679,-0.475,-0.543,-0.543,-0.475,-0.543,-0.543,0,700
"2019-04-15 22:04:00.0",785907,-9999,-100.8,-1.815,-1.815,-0.032,-9999,-9999,12.0416,39.96,39.92,17.54,-0.747,-0.543,-0.543,-0.611,-0.543,-0.543,-0.543,-0.679,-0.543,-0.543,-0.611,-0.475,-0.475,-0.543,-0.679,-0.475,-0.543,-0.611,-0.475,-0.475,-0.543,-0.747,-0.543,-0.543,-0.543,-0.475,-0.543,-0.543,0,0
"2019-04-15 22:04:20.0",785908,-9999,-100.8,-1.885,-1.885,-0.033,-9999,-9999,12.0361,39.96,39.92,17.51,-0.815,-0.611,-0.679,-0.679,-0.611,-0.611,-0.679,-0.815,-0.611,-0.611,-0.679,-0.611,-0.611,-0.679,-0.815,-0.611,-0.679,-0.679,-0.611,-0.611,-0.679,-0.815,-0.611,-0.679,-0.679,-0.611,-0.611,-0.679,0,0
"2019-04-15 22:04:40.0",785909,-9999,-100.7,-1.954,-1.954,-0.034,-9999,-9999,12.0416,39.96,39.92,17.51,-0.815,-0.679,-0.679,-0.679,-0.611,-0.611,-0.679,-0.815,-0.611,-0.679,-0.679,-0.611,-0.611,-0.679,-0.815,-0.679,-0.679,-0.679,-0.611,-0.611,-0.679,-0.815,-0.611,-0.611,-0.679,-0.611,-0.611,-0.679,0,0
"2019-04-15 22:05:00.0",785910,-9999,-100.7,-2.024,-2.024,-0.035,-9999,-9999,12.0416,39.96,39.92,17.51,-0.815,-0.679,-0.679,-0.679,-0.611,-0.611,-0.679,-0.815,-0.679,-0.679,-0.679,-0.611,-0.611,-0.679,-0.815,-0.679,-0.679,-0.679,-0.611,-0.611,-0.679,-0.815,-0.611,-0.679,-0.679,-0.611,-0.611,-0.679,0,0
"2019-04-15 22:05:20.0",785911,-9999,-100.6,-2.093,-2.093,-0.037,-9999,-9999,12.0528,39.96,39.92,17.49,-0.815,-0.679,-0.679,-0.679,-0.611,-0.679,-0.679,-0.815,-0.679,-0.747,-0.679,-0.611,-0.611,-0.679,-0.815,-0.679,-0.679,-0.747,-0.611,-0.611,-0.679,-0.815,-0.679,-0.679,-0.679,-0.611,-0.611,-0.679,0,700
"2019-04-15 22:05:40.0",785912,-9999,-100.6,-2.163,-2.163,-0.038,-9999,-9999,12.0472,39.96,39.92,17.49,-0.815,-0.679,-0.747,-0.679,-0.611,-0.679,-0.679,-0.815,-0.679,-0.679,-0.679,-0.611,-0.611,-0.679,-0.815,-0.679,-0.679,-0.679,-0.611,-0.679,-0.679,-0.815,-0.679,-0.679,-0.679,-0.679,-0.611,-0.679,0,0
"2019-04-15 22:06:00.0",785913,-9999,-100.5,-2.232,-2.232,-0.039,-9999,-9999,12.0416,39.96,39.92,17.49,-0.815,-0.679,-0.747,-0.747,-0.611,-0.679,-0.679,-0.815,-0.679,-0.747,-0.679,-0.679,-0.679,-0.679,-0.815,-0.679,-0.747,-0.679,-0.611,-0.679,-0.679,-0.815,-0.679,-0.747,-0.679,-0.679,-0.611,-0.679,0,0
"2019-04-15 22:06:20.0",785914,-9999,-100.5,-2.301,-2.301,-0.04,-9999,-9999,12.0361,39.96,39.92,17.49,-0.747,-0.611,-0.679,-0.611,-0.611,-0.611,-0.611,-0.747,-0.611,-0.679,-0.611,-0.543,-0.543,-0.611,-0.747,-0.611,-0.679,-0.611,-0.611,-0.611,-0.611,-0.747,-0.679,-0.679,-0.611,-0.611,-0.543,-0.611,0,0
"2019-04-15 22:06:40.0",785915,-9999,-100.5,-2.371,-2.371,-0.041,-9999,-9999,12.0361,39.96,39.92,17.49,-0.747,-0.611,-0.679,-0.679,-0.611,-0.543,-0.611,-0.747,-0.611,-0.679,-0.611,-0.611,-0.543,-0.611,-0.747,-0.679,-0.611,-0.611,-0.611,-0.611,-0.611,-0.747,-0.679,-0.611,-0.611,-0.611,-0.543,-0.611,0,0
"2019-04-15 22:07:00.0",785916,-9999,-100.4,-2.44,-2.44,-0.043,-9999,-9999,12.0416,39.96,39.92,17.46,-0.747,-0.679,-0.679,-0.679,-0.611,-0.611,-0.611,-0.747,-0.611,-0.679,-0.679,-0.611,-0.611,-0.611,-0.747,-0.611,-0.679,-0.611,-0.611,-0.611,-0.611,-0.747,-0.611,-0.679,-0.611,-0.611,-0.543,-0.611,0,700
"2019-04-15 22:07:20.0",785917,-9999,-100.4,-2.51,-2.51,-0.044,-9999,-9999,12.0416,39.96,39.91,17.46,-0.815,-0.747,-0.747,-0.747,-0.679,-0.679,-0.679,-0.815,-0.747,-0.747,-0.747,-0.679,-0.679,-0.679,-0.815,-0.679,-0.747,-0.747,-0.679,-0.679,-0.679,-0.815,-0.747,-0.747,-0.747,-0.679,-0.679,-0.679,0,0
"2019-04-15 22:07:40.0",785918,-9999,-100.3,-2.579,-2.579,-0.045,-9999,-9999,12.0416,39.96,39.89,17.44,-0.815,-0.747,-0.747,-0.747,-0.679,-0.679,-0.747,-0.815,-0.747,-0.747,-0.747,-0.679,-0.679,-0.679,-0.815,-0.747,-0.747,-0.747,-0.679,-0.679,-0.679,-0.815,-0.747,-0.747,-0.747,-0.679,-0.679,-0.679,0,0
"2019-04-15 22:08:00.0",785919,-9999,-100.3,-2.648,-2.648,-0.046,-9999,-9999,12.0361,39.96,39.91,17.41,-0.815,-0.747,-0.815,-0.747,-0.747,-0.679,-0.679,-0.815,-0.747,-0.815,-0.747,-0.679,-0.679,-0.679,-0.815,-0.747,-0.747,-0.747,-0.679,-0.679,-0.747,-0.815,-0.747,-0.747,-0.747,-0.679,-0.679,-0.679,0,0
"2019-04-15 22:08:20.0",785920,-9999,-100.2,-2.718,-2.718,-0.047,-9999,-9999,12.0361,39.96,39.91,17.41,-0.815,-0.815,-0.815,-0.747,-0.747,-0.679,-0.679,-0.815,-0.747,-0.815,-0.747,-0.747,-0.679,-0.747,-0.815,-0.747,-0.815,-0.747,-0.679,-0.679,-0.679,-0.815,-0.747,-0.815,-0.747,-0.679,-0.679,-0.679,0,0
"2019-04-15 22:08:40.0",785921,-9999,-100.2,-2.787,-2.787,-0.049,-9999,-9999,12.0416,39.96,39.91,17.41,-0.815,-0.747,-0.815,-0.747,-0.747,-0.747,-0.747,-0.815,-0.747,-0.815,-0.747,-0.747,-0.679,-0.679,-0.815,-0.747,-0.815,-0.747,-0.747,-0.747,-0.679,-0.815,-0.747,-0.815,-0.747,-0.747,-0.679,-0.679,0,700
"2019-04-15 22:09:00.0",785922,-9999,-100.1,-2.857,-2.857,-0.05,-9999,-9999,12.0416,39.96,39.91,17.44,-0.815,-0.815,-0.815,-0.747,-0.747,-0.747,-0.747,-0.815,-0.815,-0.815,-0.747,-0.747,-0.747,-0.679,-0.815,-0.815,-0.815,-0.747,-0.747,-0.747,-0.679,-0.815,-0.747,-0.815,-0.747,-0.747,-0.679,-0.747,0,0
"2019-04-15 22:09:20.0",785923,-9999,-100.1,-2.926,-2.926,-0.051,-9999,-9999,12.0361,39.96,39.91,17.44,-0.815,-0.815,-0.815,-0.747,-0.747,-0.747,-0.679,-0.815,-0.747,-0.815,-0.747,-0.747,-0.747,-0.679,-0.815,-0.815,-0.815,-0.747,-0.747,-0.679,-0.679,-0.815,-0.815,-0.815,-0.747,-0.747,-0.747,-0.679,0,0
"2019-04-15 22:09:40.0",785924,-9999,-100.1,-2.996,-2.996,-0.052,-9999,-9999,12.0416,39.96,39.91,17.41,-0.815,-0.815,-0.815,-0.747,-0.747,-0.747,-0.679,-0.815,-0.815,-0.815,-0.815,-0.747,-0.747,-0.679,-0.815,-0.747,-0.815,-0.747,-0.747,-0.747,-0.679,-0.815,-0.747,-0.815,-0.747,-0.747,-0.747,-0.679,0,0
"2019-04-15 22:10:00.0",785925,-9999,-100,-3.065,-3.065,-0.053,-9999,-9999,12.0416,39.96,39.89,17.41,-0.815,-0.815,-0.815,-0.815,-0.747,-0.747,-0.747,-0.815,-0.815,-0.815,-0.815,-0.747,-0.747,-0.679,-0.815,-0.815,-0.815,-0.747,-0.747,-0.747,-0.679,-0.815,-0.815,-0.815,-0.815,-0.747,-0.747,-0.679,0,0
"2019-04-15 22:10:20.0",785926,-9999,-100,-3.135,-3.135,-0.055,-9999,-9999,12.0361,39.96,39.91,17.39,-0.815,-0.815,-0.815,-0.815,-0.747,-0.747,-0.747,-0.815,-0.815,-0.815,-0.815,-0.747,-0.747,-0.747,-0.815,-0.747,-0.815,-0.815,-0.747,-0.747,-0.747,-0.815,-0.747,-0.815,-0.815,-0.747,-0.747,-0.679,0,700
"2019-04-15 22:10:40.0",785927,-9999,-99.9,-3.205,-3.205,-0.056,-9999,-9999,12.0416,39.96,39.91,17.39,-0.815,-0.815,-0.815,-0.815,-0.747,-0.747,-0.747,-0.815,-0.815,-0.815,-0.815,-0.747,-0.815,-0.679,-0.815,-0.815,-0.883,-0.815,-0.747,-0.747,-0.747,-0.815,-0.815,-0.815,-0.815,-0.747,-0.747,-0.747,0,0
"2019-04-15 22:11:00.0",785928,-9999,-99.9,-3.275,-3.275,-0.057,-9999,-9999,12.0416,39.96,39.91,17.39,-0.815,-0.815,-0.883,-0.815,-0.815,-0.747,-0.679,-0.815,-0.815,-0.815,-0.815,-0.747,-0.747,-0.679,-0.815,-0.815,-0.815,-0.815,-0.815,-0.747,-0.747,-0.815,-0.815,-0.815,-0.815,-0.815,-0.747,-0.747,0,0
"2019-04-15 22:11:20.0",785929,-9999,-99.8,-3.345,-3.345,-0.058,-9999,-9999,12.0416,39.96,39.91,17.39,-0.815,-0.815,-0.883,-0.815,-0.815,-0.815,-0.747,-0.815,-0.815,-0.883,-0.815,-0.815,-0.747,-0.679,-0.815,-0.815,-0.883,-0.815,-0.747,-0.747,-0.747,-0.815,-0.815,-0.883,-0.815,-0.815,-0.815,-0.747,0,0
"2019-04-15 22:11:40.0",785930,-9999,-99.8,-3.414,-3.414,-0.06,-9999,-9999,12.0416,39.96,39.91,17.36,-0.815,-0.815,-0.883,-0.815,-0.815,-0.747,-0.747,-0.815,-0.815,-0.883,-0.815,-0.815,-0.815,-0.747,-0.815,-0.815,-0.883,-0.815,-0.815,-0.747,-0.747,-0.815,-0.815,-0.883,-0.815,-0.815,-0.747,-0.747,0,0
"2019-04-15 22:12:00.0",785931,-9999,-99.8,-3.484,-3.484,-0.061,-9999,-9999,12.0416,39.96,39.91,17.36,-0.815,-0.815,-0.883,-0.815,-0.815,-0.815,-0.747,-0.815,-0.815,-0.883,-0.815,-0.815,-0.815,-0.747,-0.815,-0.815,-0.883,-0.815,-0.815,-0.747,-0.747,-0.815,-0.815,-0.883,-0.815,-0.815,-0.747,-0.747,0,700
"2019-04-15 22:12:20.0",785932,-9999,-99.7,-3.553,-3.553,-0.062,-9999,-9999,12.0416,39.96,39.91,17.36,-0.815,-0.883,-0.883,-0.815,-0.815,-0.747,-0.747,-0.815,-0.815,-0.883,-0.815,-0.815,-0.747,-0.747,-0.815,-0.815,-0.883,-0.815,-0.815,-0.747,-0.679,-0.815,-0.883,-0.883,-0.815,-0.815,-0.815,-0.747,0,0
"2019-04-15 22:12:40.0",785933,-9999,-99.7,-3.623,-3.623,-0.063,-9999,-9999,12.0361,39.96,39.91,17.34,-0.815,-0.883,-0.883,-0.815,-0.815,-0.815,-0.747,-0.815,-0.815,-0.883,-0.815,-0.815,-0.815,-0.747,-0.815,-0.815,-0.883,-0.815,-0.815,-0.747,-0.747,-0.815,-0.815,-0.883,-0.815,-0.815,-0.815,-0.747,0,0
"2019-04-15 22:13:00.0",785934,-9999,-99.6,-3.692,-3.692,-0.064,-9999,-9999,12.0361,39.96,39.91,17.34,-0.815,-0.815,-0.883,-0.815,-0.815,-0.815,-0.679,-0.815,-0.815,-0.815,-0.815,-0.815,-0.815,-0.747,-0.815,-0.815,-0.883,-0.815,-0.815,-0.815,-0.747,-0.815,-0.815,-0.815,-0.815,-0.815,-0.815,-0.679,0,0
"2019-04-15 22:13:20.0",785935,-9999,-99.6,-3.762,-3.762,-0.066,-9999,-9999,12.0361,39.96,39.91,17.34,-0.815,-0.883,-0.883,-0.815,-0.815,-0.815,-0.747,-0.815,-0.815,-0.883,-0.815,-0.815,-0.815,-0.747,-0.815,-0.815,-0.883,-0.815,-0.815,-0.747,-0.747,-0.815,-0.815,-0.883,-0.815,-0.815,-0.815,-0.747,0,0
"2019-04-15 22:13:40.0",785936,-9999,-99.5,-3.832,-3.832,-0.067,-9999,-9999,12.0472,39.96,39.91,17.34,-0.815,-0.883,-0.883,-0.815,-0.815,-0.815,-0.747,-0.815,-0.815,-0.883,-0.815,-0.815,-0.815,-0.747,-0.815,-0.883,-0.883,-0.815,-0.815,-0.815,-0.747,-0.815,-0.883,-0.883,-0.815,-0.815,-0.815,-0.747,0,700
"2019-04-15 22:14:00.0",785937,-9999,-99.5,-3.901,-3.901,-0.068,-9999,-9999,12.0361,39.96,39.92,17.34,-0.815,-0.815,-0.883,-0.815,-0.815,-0.815,-0.747,-0.815,-0.815,-0.883,-0.815,-0.815,-0.815,-0.747,-0.815,-0.815,-0.883,-0.815,-0.815,-0.815,-0.679,-0.815,-0.815,-0.883,-0.815,-0.815,-0.815,-0.747,0,0
"2019-04-15 22:14:20.0",785938,-9999,-99.5,-3.971,-3.971,-0.069,-9999,-9999,12.0416,39.96,39.92,17.31,-0.815,-0.815,-0.883,-0.815,-0.815,-0.815,-0.747,-0.815,-0.883,-0.883,-0.815,-0.815,-0.815,-0.747,-0.815,-0.815,-0.883,-0.815,-0.815,-0.815,-0.747,-0.815,-0.815,-0.883,-0.815,-0.815,-0.815,-0.747,0,0
"2019-04-15 22:14:40.0",785939,-9999,-99.4,-4.04,-4.04,-0.07,-9999,-9999,12.0416,39.96,39.92,17.31,-0.815,-0.883,-0.883,-0.815,-0.815,-0.815,-0.747,-0.815,-0.883,-0.883,-0.815,-0.815,-0.815,-0.747,-0.815,-0.883,-0.883,-0.815,-0.815,-0.815,-0.679,-0.815,-0.883,-0.883,-0.815,-0.815,-0.815,-0.747,0,0
"2019-04-15 22:15:00.0",785940,-9999,-99.4,-4.11,-4.11,-0.072,-9999,-9999,12.0361,39.96,39.92,17.31,-0.815,-0.883,-0.883,-0.883,-0.883,-0.883,-0.747,-0.815,-0.883,-0.883,-0.815,-0.815,-0.815,-0.747,-0.815,-0.883,-0.883,-0.815,-0.815,-0.815,-0.747,-0.815,-0.883,-0.883,-0.815,-0.815,-0.815,-0.747,0,0
"2019-04-15 22:15:20.0",785941,-9999,-99.3,-4.18,-4.18,-0.073,-9999,-9999,12.0416,39.96,39.9,17.29,-0.815,-0.883,-0.883,-0.815,-0.883,-0.815,-0.747,-0.815,-0.815,-0.883,-0.815,-0.815,-0.815,-0.747,-0.815,-0.815,-0.883,-0.815,-0.815,-0.815,-0.747,-0.815,-0.815,-0.883,-0.815,-0.815,-0.815,-0.747,0,700
"2019-04-15 22:15:40.0",785942,-9999,-99.3,-4.249,-4.249,-0.074,-9999,-9999,12.0361,39.96,39.91,17.29,-0.815,-0.883,-0.883,-0.815,-0.883,-0.815,-0.747,-0.815,-0.883,-0.883,-0.883,-0.815,-0.815,-0.747,-0.815,-0.883,-0.883,-0.815,-0.815,-0.815,-0.747,-0.815,-0.883,-0.883,-0.815,-0.815,-0.815,-0.747,0,0
"2019-04-15 22:16:00.0",785943,-9999,-99.2,-4.32,-4.32,-0.075,-9999,-9999,12.0416,39.96,39.91,17.29,-0.815,-0.883,-0.883,-0.883,-0.883,-0.883,-0.747,-0.815,-0.883,-0.951,-0.815,-0.883,-0.815,-0.747,-0.815,-0.883,-0.883,-0.815,-0.883,-0.883,-0.747,-0.815,-0.883,-0.883,-0.815,-0.883,-0.815,-0.747,0,0
"2019-04-15 22:16:20.0",785944,-9999,-99.2,-4.39,-4.39,-0.077,-9999,-9999,12.0416,39.96,39.91,17.29,-0.815,-0.883,-0.883,-0.883,-0.815,-0.883,-0.747,-0.815,-0.883,-0.883,-0.815,-0.815,-0.815,-0.747,-0.815,-0.883,-0.883,-0.815,-0.883,-0.883,-0.747,-0.815,-0.883,-0.951,-0.815,-0.815,-0.815,-0.747,0,0
"2019-04-15 22:16:40.0",785945,-9999,-99.1,-4.459,-4.459,-0.078,-9999,-9999,12.0416,39.96,39.91,17.26,-0.815,-0.883,-0.883,-0.815,-0.883,-0.815,-0.747,-0.815,-0.883,-0.883,-0.815,-0.883,-0.815,-0.747,-0.815,-0.883,-0.883,-0.815,-0.883,-0.883,-0.747,-0.815,-0.883,-0.883,-0.815,-0.883,-0.815,-0.747,0,0
"2019-04-15 22:17:00.0",785946,-9999,-99.1,-4.529,-4.529,-0.079,-9999,-9999,12.0416,39.96,39.91,17.26,-0.815,-0.883,-0.883,-0.815,-0.883,-0.815,-0.747,-0.815,-0.883,-0.951,-0.815,-0.883,-0.815,-0.747,-0.815,-0.883,-0.951,-0.883,-0.883,-0.883,-0.747,-0.815,-0.883,-0.883,-0.815,-0.883,-0.815,-0.747,0,700
"2019-04-15 22:17:20.0",785947,-9999,-99.1,-4.599,-4.599,-0.08,-9999,-9999,12.0472,39.96,39.91,17.24,-0.815,-0.883,-0.883,-0.883,-0.883,-0.883,-0.747,-0.815,-0.883,-0.883,-0.883,-0.883,-0.815,-0.747,-0.815,-0.883,-0.883,-0.815,-0.883,-0.883,-0.747,-0.815,-0.883,-0.883,-0.815,-0.883,-0.815,-0.747,0,0
"2019-04-15 22:17:40.0",785948,-9999,-99,-4.668,-4.668,-0.081,-9999,-9999,12.0416,39.96,39.91,17.24,-0.815,-0.883,-0.951,-0.815,-0.883,-0.815,-0.747,-0.815,-0.883,-0.883,-0.815,-0.815,-0.883,-0.747,-0.815,-0.883,-0.883,-0.815,-0.883,-0.815,-0.747,-0.815,-0.883,-0.883,-0.815,-0.815,-0.815,-0.747,0,0
"2019-04-15 22:18:00.0",785949,-9999,-99,-4.738,-4.738,-0.083,-9999,-9999,12.0416,39.96,39.91,17.24,-0.815,-0.883,-0.883,-0.883,-0.883,-0.815,-0.747,-0.815,-0.883,-0.883,-0.815,-0.883,-0.815,-0.747,-0.815,-0.883,-0.883,-0.815,-0.883,-0.883,-0.747,-0.815,-0.883,-0.883,-0.815,-0.883,-0.815,-0.747,0,0
"2019-04-15 22:18:20.0",785950,-9999,-98.9,-4.808,-4.808,-0.084,-9999,-9999,12.0416,39.96,39.91,17.24,-0.815,-0.883,-0.883,-0.815,-0.883,-0.883,-0.747,-0.815,-0.883,-0.883,-0.815,-0.883,-0.815,-0.747,-0.815,-0.883,-0.883,-0.815,-0.883,-0.815,-0.747,-0.815,-0.883,-0.883,-0.815,-0.883,-0.883,-0.747,0,0
"2019-04-15 22:18:40.0",785951,-9999,-98.9,-4.878,-4.878,-0.085,-9999,-9999,12.0416,39.96,39.91,17.21,-0.815,-0.883,-0.883,-0.815,-0.883,-0.883,-0.747,-0.815,-0.883,-0.951,-0.815,-0.883,-0.883,-0.747,-0.815,-0.883,-0.883,-0.883,-0.883,-0.815,-0.747,-0.815,-0.883,-0.883,-0.815,-0.883,-0.883,-0.747,0,700
"2019-04-15 22:19:00.0",785952,-9999,-98.8,-4.947,-4.947,-0.086,-9999,-9999,12.0416,39.96,39.91,17.21,-0.815,-0.883,-0.951,-0.883,-0.883,-0.883,-0.747,-0.815,-0.883,-0.951,-0.815,-0.883,-0.883,-0.815,-0.815,-0.883,-0.951,-0.883,-0.883,-0.815,-0.747,-0.815,-0.883,-0.951,-0.815,-0.883,-0.815,-0.747,0,0
"2019-04-15 22:19:20.0",785953,-9999,-98.8,-5.017,-5.017,-0.087,-9999,-9999,12.0416,39.96,39.91,17.21,-0.886,-0.957,-0.965,-0.92,-0.932,-0.914,-0.841,-0.878,-0.969,-0.967,-0.902,-0.922,-0.912,-0.843,-0.876,-0.959,-0.963,-0.924,-0.914,-0.892,-0.799,-0.878,-0.957,-0.961,-0.904,-0.945,-0.922,-0.809,0,0
"2019-04-15 22:19:40.0",785954,-9999,-98.8,-5.087,-5.087,-0.089,-9999,-9999,12.0416,39.96,39.91,17.19,-0.886,-0.975,-0.973,-0.922,-0.951,-0.91,-0.813,-0.878,-0.953,-0.967,-0.908,-0.947,-0.934,-0.817,-0.876,-0.924,-0.975,-0.91,-0.93,-0.91,-0.827,-0.872,-0.924,-0.943,-0.902,-0.924,-0.945,-0.835,0,0
"2019-04-15 22:20:00.0",785955,-9999,-98.7,-5.157,-5.157,-0.09,-9999,-9999,12.0416,39.96,39.91,17.16,-0.888,-0.957,-0.961,-0.92,-0.932,-0.916,-0.809,-0.876,-0.965,-0.969,-0.912,-0.928,-0.912,-0.813,-0.874,-0.967,-0.969,-0.904,-0.93,-0.898,-0.823,-0.874,-0.963,-0.993,-0.904,-0.926,-0.894,-0.837,0,0
"2019-04-15 22:20:20.0",785956,-9999,-98.7,-5.226,-5.226,-0.091,-9999,-9999,12.0416,39.96,39.91,17.16,-0.888,-0.977,-0.985,-0.924,-0.936,-0.945,-0.847,-0.874,-0.969,-0.989,-0.912,-0.949,-0.902,-0.847,-0.872,-0.945,-0.995,-0.908,-0.924,-0.894,-0.839,-0.878,-0.936,-0.969,-0.906,-0.908,-0.906,-0.825,0,700
"2019-04-15 22:20:40.0",785957,-9999,-98.6,-5.296,-5.296,-0.092,-9999,-9999,12.0416,39.96,39.91,17.16,-0.896,-0.949,-0.983,-0.922,-0.94,-0.91,-0.817,-0.876,-0.93,-1.001,-0.908,-0.926,-0.916,-0.817,-0.872,-0.975,-1.001,-0.91,-0.93,-0.902,-0.833,-0.884,-0.949,-0.973,-0.91,-0.924,-0.932,-0.837,0,0
"2019-04-15 22:21:00.0",785958,-9999,-98.6,-5.366,-5.366,-0.094,-9999,-9999,12.0416,39.96,39.91,17.14,-0.89,-0.967,-0.981,-0.922,-0.938,-0.943,-0.835,-0.876,-0.953,-0.975,-0.916,-0.928,-0.94,-0.847,-0.878,-0.93,-0.985,-0.914,-0.957,-0.918,-0.813,-0.878,-0.953,-0.957,-0.908,-0.947,-0.912,-0.821,0,0
"2019-04-15 22:21:20.0",785959,-9999,-98.5,-5.436,-5.436,-0.095,-9999,-9999,12.0361,39.96,39.91,17.14,-0.89,-0.977,-0.989,-0.922,-0.94,-0.943,-0.831,-0.876,-0.969,-0.973,-0.91,-0.955,-0.947,-0.849,-0.876,-0.957,-0.983,-0.912,-0.934,-0.936,-0.856,-0.874,-0.975,-0.959,-0.932,-0.93,-0.9,-0.799,0,0
"2019-04-15 22:21:40.0",785960,-9999,-98.5,-5.506,-5.506,-0.096,-9999,-9999,12.0361,39.96,39.91,17.11,-0.888,-0.945,-0.981,-0.928,-0.943,-0.926,-0.811,-0.876,-0.969,-0.989,-0.91,-0.93,-0.922,-0.829,-0.88,-0.971,-0.999,-0.912,-0.914,-0.896,-0.839,-0.872,-0.965,-0.979,-0.888,-0.924,-0.928,-0.799,0,0
"2019-04-15 22:22:00.0",785961,-9999,-98.5,-5.576,-5.576,-0.097,-9999,-9999,12.0361,39.96,39.91,17.11,-0.888,-0.957,-0.983,-0.918,-0.959,-0.926,-0.845,-0.876,-0.924,-0.967,-0.904,-0.928,-0.918,-0.825,-0.882,-0.928,-0.967,-0.91,-0.926,-0.896,-0.811,-0.874,-0.926,-0.971,-0.904,-0.924,-0.926,-0.845,0,700
"2019-04-15 22:22:20.0",785962,-9999,-98.4,-5.645,-5.645,-0.098,-9999,-9999,12.0416,39.96,39.91,17.11,-0.888,-0.975,-0.989,-0.924,-0.934,-0.92,-0.827,-0.88,-0.949,-0.977,-0.908,-0.93,-0.904,-0.835,-0.874,-0.953,-0.973,-0.908,-0.926,-0.934,-0.839,-0.876,-0.938,-0.995,-0.908,-0.924,-0.918,-0.795,0,0
"2019-04-15 22:22:40.0",785963,-9999,-98.4,-5.715,-5.715,-0.1,-9999,-9999,12.0361,39.96,39.91,17.11,-0.888,-0.981,-0.989,-0.916,-0.938,-0.908,-0.847,-0.876,-0.963,-0.955,-0.91,-0.924,-0.902,-0.813,-0.878,-0.955,-0.953,-0.912,-0.922,-0.934,-0.805,-0.876,-0.961,-0.975,-0.912,-0.955,-0.912,-0.845,0,0
"2019-04-15 22:23:00.0",785964,-9999,-98.3,-5.785,-5.785,-0.101,-9999,-9999,12.0416,39.96,39.91,17.11,-0.888,-0.979,-0.991,-0.92,-0.943,-0.916,-0.815,-0.878,-0.955,-1.001,-0.908,-0.932,-0.922,-0.833,-0.878,-0.926,-0.995,-0.912,-0.934,-0.934,-0.825,-0.876,-0.93,-0.979,-0.912,-0.93,-0.902,-0.801,0,0
"2019-04-15 22:23:20.0",785965,-9999,-98.3,-5.855,-5.855,-0.102,-9999,-9999,12.0361,39.96,39.91,17.09,-0.886,-0.961,-0.981,-0.924,-0.94,-0.91,-0.837,-0.876,-0.932,-0.973,-0.908,-0.918,-0.912,-0.831,-0.886,-0.928,-0.963,-0.91,-0.928,-0.932,-0.841,-0.878,-0.928,-0.977,-0.912,-0.934,-0.896,-0.803,0,0
"2019-04-15 22:23:40.0",785966,-9999,-98.2,-5.925,-5.925,-0.103,-9999,-9999,12.0361,39.96,39.89,17.09,-0.894,-0.965,-0.983,-0.924,-0.938,-0.914,-0.845,-0.876,-0.934,-0.981,-0.91,-0.932,-0.904,-0.845,-0.872,-0.934,-0.981,-0.91,-0.928,-0.916,-0.803,-0.874,-0.92,-0.969,-0.906,-0.928,-0.908,-0.813,0,700
"2019-04-15 22:24:00.0",785967,-9999,-98.2,-5.994,-5.994,-0.104,-9999,-9999,12.0361,39.96,39.92,17.09,-0.886,-0.94,-0.985,-0.945,-0.94,-0.908,-0.811,-0.88,-0.979,-0.985,-0.912,-0.928,-0.94,-0.831,-0.88,-0.953,-0.965,-0.912,-0.936,-0.898,-0.839,-0.876,-0.949,-0.973,-0.91,-0.928,-0.934,-0.805,0,0
"2019-04-15 22:24:20.0",785968,-9999,-98.2,-6.064,-6.064,-0.106,-9999,-9999,12.0416,39.96,39.92,17.06,-0.892,-0.987,-0.985,-0.922,-0.947,-0.934,-0.858,-0.878,-0.938,-0.981,-0.91,-0.934,-0.94,-0.821,-0.878,-0.979,-0.985,-0.916,-0.932,-0.918,-0.807,-0.876,-0.971,-0.995,-0.914,-0.934,-0.934,-0.841,0,0
"2019-04-15 22:24:40.0",785969,-9999,-98.1,-6.134,-6.134,-0.107,-9999,-9999,12.0416,39.96,39.92,17.06,-0.89,-0.965,-0.989,-0.926,-0.922,-0.912,-0.815,-0.874,-0.928,-0.983,-0.898,-0.936,-0.934,-0.819,-0.88,-0.938,-0.977,-0.902,-0.953,-0.914,-0.799,-0.876,-0.932,-0.955,-0.916,-0.951,-0.934,-0.837,0,0
"2019-04-15 22:25:00.0",785970,-9999,-98.1,-6.204,-6.204,-0.108,-9999,-9999,12.0416,39.96,39.92,17.06,-0.89,-0.985,-0.979,-0.924,-0.94,-0.908,-0.841,-0.874,-0.947,-0.957,-0.908,-0.918,-0.945,-0.837,-0.88,-0.945,-0.957,-0.908,-0.928,-0.912,-0.835,-0.878,-0.947,-0.977,-0.916,-0.926,-0.894,-0.793,0,0
"2019-04-15 22:25:20.0",785971,-9999,-98,-6.274,-6.274,-0.109,-9999,-9999,12.0416,39.96,39.92,17.06,-0.884,-0.943,-0.963,-0.922,-0.949,-0.949,-0.811,-0.88,-0.969,-1.003,-0.912,-0.957,-0.924,-0.831,-0.876,-0.967,-0.979,-0.912,-0.936,-0.902,-0.847,-0.876,-0.967,-0.997,-0.912,-0.93,-0.912,-0.803,0,700
"2019-04-15 22:25:40.0",785972,-9999,-98,-6.344,-6.344,-0.11,-9999,-9999,12.0416,39.96,39.92,17.04,-0.892,-0.943,-0.997,-0.922,-0.945,-0.928,-0.813,-0.878,-0.928,-0.973,-0.912,-0.934,-0.906,-0.856,-0.878,-0.967,-0.981,-0.914,-0.934,-0.936,-0.825,-0.872,-0.957,-0.979,-0.91,-0.934,-0.916,-0.823,0,0
"2019-04-15 22:26:00.0",785973,-9999,-97.9,-6.414,-6.414,-0.112,-9999,-9999,12.0416,39.96,39.9,17.04,-0.888,-0.959,-0.989,-0.924,-0.945,-0.947,-0.841,-0.88,-0.934,-0.955,-0.908,-0.912,-0.92,-0.829,-0.88,-0.932,-0.955,-0.912,-0.932,-0.896,-0.845,-0.876,-0.932,-0.979,-0.912,-0.926,-0.914,-0.797,0,0
"2019-04-15 22:26:20.0",785974,-9999,-97.9,-6.484,-6.484,-0.113,-9999,-9999,12.0361,39.95,39.92,17.01,-0.882,-0.955,-1.003,-0.922,-0.938,-0.926,-0.829,-0.872,-0.94,-0.975,-0.918,-0.924,-0.912,-0.813,-0.884,-0.936,-0.979,-0.912,-0.926,-0.938,-0.797,-0.874,-0.93,-0.985,-0.914,-0.928,-0.916,-0.827,0,0
"2019-04-15 22:26:40.0",785975,-9999,-97.8,-6.554,-6.554,-0.114,-9999,-9999,12.0361,39.96,39.92,17.01,-0.892,-0.959,-0.985,-0.943,-0.965,-0.928,-0.805,-0.88,-0.934,-0.977,-0.916,-0.93,-0.908,-0.847,-0.876,-0.932,-0.971,-0.91,-0.93,-0.936,-0.837,-0.876,-0.922,-1.001,-0.916,-0.922,-0.912,-0.823,0,0
"2019-04-15 22:27:00.0",785976,-9999,-97.8,-6.624,-6.624,-0.115,-9999,-9999,12.0416,39.96,39.92,17.01,-0.894,-0.973,-0.987,-0.91,-0.934,-0.928,-0.825,-0.878,-0.959,-0.953,-0.908,-0.93,-0.938,-0.843,-0.88,-0.932,-0.951,-0.936,-0.914,-0.91,-0.801,-0.874,-0.926,-0.973,-0.912,-0.932,-0.904,-0.815,0,700
"2019-04-15 22:27:20.0",785977,-9999,-97.8,-6.695,-6.695,-0.117,-9999,-9999,12.0528,39.96,39.92,17.01,-0.89,-0.983,-1.013,-0.936,-0.94,-0.914,-0.831,-0.876,-0.973,-0.979,-0.912,-0.914,-0.938,-0.811,-0.874,-0.949,-0.973,-0.912,-0.93,-0.916,-0.829,-0.882,-0.951,-0.973,-0.904,-0.932,-0.896,-0.837,0,0
"2019-04-15 22:27:40.0",785978,-9999,-97.7,-6.765,-6.765,-0.118,-9999,-9999,12.0416,39.96,39.92,17.01,-0.886,-0.983,-0.971,-0.926,-0.945,-0.947,-0.813,-0.876,-0.971,-0.977,-0.912,-0.926,-0.926,-0.835,-0.878,-0.955,-0.985,-0.912,-0.934,-0.914,-0.843,-0.876,-0.949,-0.957,-0.914,-0.914,-0.936,-0.797,0,0
"2019-04-15 22:28:00.0",785979,-9999,-97.7,-6.835,-6.835,-0.119,-9999,-9999,12.0361,39.96,39.92,16.98,-0.886,-0.969,-0.989,-0.92,-0.945,-0.912,-0.807,-0.88,-0.936,-0.999,-0.914,-0.934,-0.92,-0.837,-0.876,-0.953,-0.979,-0.914,-0.932,-0.94,-0.823,-0.874,-0.934,-0.953,-0.912,-0.934,-0.902,-0.817,0,0
"2019-04-15 22:28:20.0",785980,-9999,-97.6,-6.904,-6.904,-0.12,-9999,-9999,12.0416,39.96,39.92,16.98,-0.89,-0.938,-0.985,-0.912,-0.943,-0.926,-0.849,-0.874,-0.936,-0.955,-0.91,-0.93,-0.916,-0.849,-0.876,-0.969,-0.955,-0.912,-0.932,-0.902,-0.799,-0.88,-0.971,-0.979,-0.912,-0.93,-0.914,-0.835,0,0
"2019-04-15 22:28:40.0",785981,-9999,-97.6,-6.974,-6.974,-0.121,-9999,-9999,12.0416,39.96,39.92,16.98,-0.892,-0.945,-0.991,-0.904,-0.926,-0.924,-0.831,-0.872,-0.973,-0.979,-0.908,-0.951,-0.92,-0.831,-0.876,-0.936,-0.983,-0.908,-0.928,-0.896,-0.823,-0.87,-0.943,-0.967,-0.906,-0.928,-0.924,-0.797,0,700
"2019-04-15 22:29:00.0",785982,-9999,-97.5,-7.044,-7.044,-0.123,-9999,-9999,12.0416,39.96,39.91,16.96,-0.888,-0.959,-0.995,-0.904,-0.94,-0.945,-0.827,-0.874,-0.926,-0.997,-0.91,-0.951,-0.912,-0.819,-0.872,-0.965,-1.001,-0.91,-0.912,-0.914,-0.801,-0.878,-0.971,-0.971,-0.908,-0.93,-0.914,-0.833,0,0
"2019-04-15 22:29:20.0",785983,-9999,-97.5,-7.114,-7.114,-0.124,-9999,-9999,12.0416,39.96,39.91,16.96,-0.884,-0.967,-0.987,-0.918,-0.938,-0.945,-0.841,-0.88,-0.955,-0.981,-0.912,-0.94,-0.94,-0.847,-0.874,-0.934,-0.983,-0.912,-0.928,-0.918,-0.801,-0.876,-0.932,-0.977,-0.922,-0.934,-0.914,-0.837,0,0
"2019-04-15 22:29:40.0",785984,-9999,-97.5,-7.184,-7.184,-0.125,-9999,-9999,12.0361,39.96,39.91,16.96,-0.884,-0.947,-0.981,-0.93,-0.938,-0.945,-0.833,-0.872,-0.949,-0.997,-0.908,-0.93,-0.914,-0.847,-0.884,-0.928,-0.995,-0.934,-0.93,-0.908,-0.799,-0.876,-0.922,-0.975,-0.906,-0.932,-0.934,-0.809,0,0
"2019-04-15 22:30:00.0",785985,-9999,-97.4,-7.254,-7.254,-0.126,-9999,-9999,12.0472,39.96,39.91,16.96,-0.89,-0.949,-0.987,-0.922,-0.938,-0.912,-0.833,-0.876,-0.959,-0.979,-0.938,-0.934,-0.943,-0.854,-0.878,-0.934,-0.979,-0.912,-0.93,-0.914,-0.805,-0.872,-0.936,-1.007,-0.916,-0.93,-0.9,-0.817,0,0
"2019-04-15 22:30:20.0",785986,-9999,-97.4,-7.324,-7.324,-0.127,-9999,-9999,12.0416,39.96,39.91,16.96,-0.884,-0.94,-0.967,-0.924,-0.92,-0.922,-0.839,-0.88,-0.969,-0.965,-0.908,-0.92,-0.918,-0.845,-0.878,-0.955,-0.965,-0.908,-0.92,-0.928,-0.801,-0.872,-0.959,-0.995,-0.888,-0.955,-0.894,-0.811,0,700
"2019-04-15 22:30:40.0",785987,-9999,-97.3,-7.394,-7.394,-0.129,-9999,-9999,12.0361,39.96,39.91,16.94,-0.884,-0.943,-0.989,-0.934,-0.936,-0.908,-0.827,-0.874,-0.971,-0.999,-0.912,-0.934,-0.908,-0.858,-0.876,-0.951,-1.007,-0.912,-0.926,-0.936,-0.801,-0.876,-0.943,-0.985,-0.912,-0.93,-0.91,-0.825,0,0
"2019-04-15 22:31:00.0",785988,-9999,-97.3,-7.464,-7.464,-0.13,-9999,-9999,12.0416,39.96,39.91,16.94,-0.886,-0.981,-0.981,-0.922,-0.945,-0.912,-0.803,-0.876,-0.928,-0.955,-0.91,-0.926,-0.943,-0.811,-0.878,-0.932,-0.949,-0.906,-0.932,-0.914,-0.825,-0.876,-0.934,-0.975,-0.91,-0.924,-0.898,-0.833,0,0
"2019-04-15 22:31:20.0",785989,-9999,-97.2,-7.534,-7.534,-0.131,-9999,-9999,12.0416,39.96,39.91,16.94,-0.884,-0.961,-0.963,-0.924,-0.928,-0.943,-0.833,-0.872,-0.969,-0.971,-0.91,-0.926,-0.945,-0.809,-0.88,-0.959,-0.977,-0.912,-0.93,-0.916,-0.827,-0.876,-0.961,-0.997,-0.888,-0.93,-0.932,-0.835,0,0
"2019-04-15 22:31:40.0",785990,-9999,-97.2,-7.604,-7.604,-0.132,-9999,-9999,12.0472,39.96,39.91,16.91,-0.892,-0.943,-0.989,-0.924,-0.963,-0.914,-0.847,-0.878,-0.971,-0.985,-0.916,-0.932,-0.941,-0.845,-0.878,-0.969,-0.981,-0.912,-0.932,-0.912,-0.801,-0.876,-0.969,-0.981,-0.914,-0.934,-0.938,-0.819,0,0
"2019-04-15 22:32:00.0",785991,-9999,-97.2,-7.674,-7.674,-0.134,-9999,-9999,12.0416,39.96,39.91,16.91,-0.888,-0.941,-0.989,-0.924,-0.945,-0.91,-0.849,-0.876,-0.928,-0.983,-0.914,-0.932,-0.936,-0.817,-0.87,-0.979,-0.981,-0.912,-0.934,-0.916,-0.823,-0.88,-0.947,-0.975,-0.908,-0.924,-0.936,-0.835,0,700
"2019-04-15 22:32:20.0",785992,-9999,-97.1,-7.744,-7.744,-0.135,-9999,-9999,12.0416,39.96,39.91,16.91,-0.886,-0.971,-0.969,-0.922,-0.938,-0.947,-0.815,-0.874,-0.936,-0.999,-0.906,-0.93,-0.92,-0.843,-0.874,-0.955,-0.991,-0.912,-0.93,-0.918,-0.815,-0.874,-0.916,-0.979,-0.904,-0.949,-0.914,-0.817,0,0
"2019-04-15 22:32:40.0",785993,-9999,-97.1,-7.814,-7.814,-0.136,-9999,-9999,12.0416,39.96,39.91,16.91,-0.886,-0.965,-0.997,-0.92,-0.943,-0.904,-0.817,-0.876,-0.967,-0.983,-0.904,-0.926,-0.941,-0.823,-0.882,-0.961,-0.985,-0.894,-0.908,-0.914,-0.833,-0.876,-0.967,-0.969,-0.904,-0.904,-0.91,-0.801,0,0
"2019-04-15 22:33:00.0",785994,-9999,-97,-7.885,-7.885,-0.137,-9999,-9999,12.0416,39.96,39.91,16.91,-0.888,-0.936,-0.967,-0.9,-0.943,-0.908,-0.801,-0.872,-0.957,-0.977,-0.906,-0.932,-0.922,-0.803,-0.876,-0.969,-0.975,-0.91,-0.924,-0.898,-0.809,-0.874,-0.969,-0.993,-0.908,-0.928,-0.91,-0.835,0,0
"2019-04-15 22:33:20.0",785995,-9999,-97,-7.955,-7.955,-0.138,-9999,-9999,12.0416,39.96,39.91,16.91,-0.884,-0.938,-0.989,-0.92,-0.938,-0.916,-0.825,-0.872,-0.973,-0.957,-0.924,-0.938,-0.928,-0.829,-0.874,-0.955,-0.955,-0.91,-0.912,-0.9,-0.841,-0.878,-0.973,-0.973,-0.908,-0.906,-0.932,-0.807,0,0
"2019-04-15 22:33:40.0",785996,-9999,-96.9,-8.03,-8.03,-0.14,-9999,-9999,12.0361,39.96,39.91,16.89,-0.888,-0.981,-0.993,-0.949,-0.941,-0.943,-0.833,-0.874,-0.941,-0.969,-0.896,-0.928,-0.914,-0.837,-0.884,-0.951,-0.977,-0.904,-0.926,-0.912,-0.813,-0.874,-0.941,-0.963,-0.924,-0.922,-0.934,-0.813,0,700
"2019-04-15 22:34:00.0",785997,-9999,-96.9,-8.1,-8.1,-0.141,-9999,-9999,12.0361,39.96,39.92,16.89,-0.888,-0.971,-0.985,-0.9,-0.934,-0.924,-0.801,-0.876,-0.955,-0.979,-0.908,-0.93,-0.922,-0.829,-0.872,-0.928,-0.975,-0.908,-0.928,-0.898,-0.833,-0.874,-0.928,-0.955,-0.904,-0.924,-0.928,-0.795,0,0
"2019-04-15 22:34:20.0",785998,-9999,-96.9,-8.17,-8.17,-0.142,-9999,-9999,12.0361,39.96,39.92,16.89,-0.892,-0.957,-0.981,-0.914,-0.938,-0.914,-0.809,-0.874,-0.926,-0.975,-0.912,-0.957,-0.912,-0.827,-0.876,-0.941,-0.969,-0.91,-0.928,-0.934,-0.835,-0.876,-0.922,-0.949,-0.906,-0.93,-0.894,-0.795,0,0
"2019-04-15 22:34:40.0",785999,-9999,-96.8,-8.24,-8.24,-0.143,-9999,-9999,12.0416,39.96,39.92,16.89,-0.892,-0.959,-0.979,-0.943,-0.941,-0.916,-0.835,-0.874,-0.938,-0.989,-0.91,-0.93,-0.941,-0.833,-0.872,-0.941,-1.005,-0.912,-0.928,-0.92,-0.815,-0.878,-0.936,-0.985,-0.908,-0.93,-0.914,-0.821,0,0
"2019-04-15 22:35:00.0",786000,-9999,-96.8,-8.31,-8.31,-0.144,-9999,-9999,12.0416,39.96,39.92,16.86,-0.89,-0.943,-0.985,-0.922,-0.943,-0.943,-0.809,-0.876,-0.959,-0.967,-0.902,-0.92,-0.918,-0.809,-0.876,-0.967,-0.973,-0.904,-0.92,-0.894,-0.823,-0.87,-0.963,-0.977,-0.906,-0.951,-0.93,-0.825,0,0
"2019-04-15 22:35:20.0",786001,-9999,-96.7,-8.38,-8.38,-0.146,-9999,-9999,12.0416,39.96,39.92,16.86,-0.886,-0.979,-0.985,-0.918,-0.934,-0.922,-0.809,-0.872,-0.949,-0.953,-0.892,-0.928,-0.892,-0.799,-0.87,-0.936,-0.975,-0.906,-0.926,-0.908,-0.825,-0.87,-0.936,-0.953,-0.904,-0.93,-0.912,-0.833,0,700
"2019-04-15 22:35:40.0",786002,-9999,-96.7,-8.45,-8.45,-0.147,-9999,-9999,12.0416,39.96,39.92,16.86,-0.882,-0.943,-0.989,-0.92,-0.941,-0.922,-0.841,-0.872,-0.963,-0.985,-0.908,-0.928,-0.938,-0.843,-0.874,-0.973,-0.981,-0.896,-0.91,-0.914,-0.831,-0.874,-0.975,-0.947,-0.906,-0.918,-0.9,-0.803,0,0
"2019-04-15 22:36:00.0",786003,-9999,-96.6,-8.52,-8.52,-0.148,-9999,-9999,12.0472,39.96,39.92,16.86,-0.892,-0.955,-0.979,-0.914,-0.938,-0.943,-0.813,-0.872,-0.926,-0.965,-0.906,-0.91,-0.914,-0.835,-0.874,-0.971,-0.975,-0.904,-0.926,-0.928,-0.811,-0.87,-0.961,-0.995,-0.904,-0.926,-0.894,-0.793,0,0
"2019-04-15 22:36:20.0",786004,-9999,-96.6,-8.59,-8.59,-0.149,-9999,-9999,12.0416,39.96,39.92,16.86,-0.882,-0.975,-0.993,-0.922,-0.941,-0.924,-0.835,-0.874,-0.93,-0.953,-0.912,-0.928,-0.943,-0.815,-0.876,-0.93,-0.977,-0.93,-0.951,-0.912,-0.801,-0.874,-0.926,-0.959,-0.932,-0.953,-0.896,-0.837,0,0
"2019-04-15 22:36:40.0",786005,-9999,-96.6,-8.66,-8.66,-0.151,-9999,-9999,12.0361,39.96,39.92,16.86,-0.882,-0.969,-0.985,-0.92,-0.941,-0.926,-0.831,-0.874,-0.969,-0.945,-0.912,-0.926,-0.902,-0.819,-0.872,-0.965,-0.979,-0.91,-0.932,-0.912,-0.795,-0.87,-0.977,-0.951,-0.904,-0.93,-0.91,-0.811,0,0
"2019-04-15 22:37:00.0",786006,-9999,-96.5,-8.73,-8.73,-0.152,-9999,-9999,12.0361,39.96,39.92,16.86,-0.882,-0.943,-0.993,-0.916,-0.961,-0.908,-0.809,-0.87,-0.951,-0.987,-0.908,-0.928,-0.918,-0.841,-0.87,-0.926,-0.969,-0.9,-0.924,-0.912,-0.835,-0.87,-0.93,-0.969,-0.89,-0.922,-0.906,-0.787,0,700
"2019-04-15 22:37:20.0",786007,-9999,-96.5,-8.8,-8.8,-0.153,-9999,-9999,12.0416,39.96,39.92,16.84,-0.888,-0.977,-0.985,-0.916,-0.938,-0.918,-0.805,-0.872,-0.943,-0.973,-0.904,-0.945,-0.91,-0.809,-0.87,-0.969,-0.967,-0.908,-0.928,-0.93,-0.825,-0.87,-0.963,-0.973,-0.902,-0.908,-0.908,-0.833,0,0
"2019-04-15 22:37:40.0",786008,-9999,-96.4,-8.87,-8.87,-0.154,-9999,-9999,12.0472,39.96,39.92,16.84,-0.876,-0.959,-0.959,-0.918,-0.932,-0.938,-0.811,-0.87,-0.936,-0.971,-0.902,-0.92,-0.896,-0.85,-0.874,-0.924,-0.975,-0.9,-0.926,-0.892,-0.795,-0.87,-0.922,-0.967,-0.91,-0.926,-0.904,-0.815,0,0
"2019-04-15 22:38:00.0",786009,-9999,-96.4,-8.94,-8.94,-0.155,-9999,-9999,12.0416,39.96,39.92,16.84,-0.888,-0.979,-0.959,-0.91,-0.93,-0.916,-0.835,-0.87,-0.959,-0.975,-0.904,-0.928,-0.914,-0.85,-0.876,-0.967,-0.987,-0.912,-0.932,-0.894,-0.801,-0.87,-0.969,-0.973,-0.906,-0.92,-0.93,-0.827,0,0
"2019-04-15 22:38:20.0",786010,-9999,-96.3,-9.01,-9.01,-0.157,-9999,-9999,12.0416,39.96,39.92,16.84,-0.884,-0.928,-0.981,-0.916,-0.938,-0.908,-0.799,-0.878,-0.932,-0.953,-0.91,-0.951,-0.906,-0.809,-0.874,-0.924,-0.977,-0.912,-0.93,-0.896,-0.821,-0.874,-0.926,-0.955,-0.906,-0.932,-0.912,-0.827,0,0
"2019-04-15 22:38:40.0",786011,-9999,-96.3,-9.08,-9.08,-0.158,-9999,-9999,12.0416,39.96,39.92,16.81,-0.89,-0.957,-0.991,-0.918,-0.941,-0.908,-0.829,-0.874,-0.949,-0.981,-0.912,-0.916,-0.906,-0.815,-0.88,-0.943,-0.981,-0.912,-0.93,-0.928,-0.819,-0.872,-0.928,-0.977,-0.906,-0.922,-0.91,-0.827,0,700
"2019-04-15 22:39:00.0",786012,-9999,-96.3,-9.15,-9.15,-0.159,-9999,-9999,12.0416,39.96,39.92,16.81,-0.886,-0.957,-0.987,-0.924,-0.936,-0.906,-0.841,-0.876,-0.973,-0.977,-0.912,-0.926,-0.918,-0.833,-0.874,-0.951,-0.975,-0.906,-0.926,-0.898,-0.829,-0.868,-0.953,-0.975,-0.904,-0.926,-0.934,-0.831,0,0
"2019-04-15 22:39:20.0",786013,-9999,-96.2,-9.22,-9.22,-0.16,-9999,-9999,12.0361,39.96,39.92,16.81,-0.88,-0.981,-0.987,-0.922,-0.949,-0.928,-0.805,-0.876,-0.928,-0.971,-0.908,-0.93,-0.92,-0.852,-0.872,-0.979,-0.961,-0.914,-0.932,-0.902,-0.801,-0.88,-0.973,-0.983,-0.914,-0.926,-0.934,-0.823,0,0
"2019-04-15 22:39:40.0",786014,-9999,-96.2,-9.29,-9.29,-0.161,-9999,-9999,12.0416,39.96,39.92,16.81,-0.888,-0.959,-0.965,-0.92,-0.934,-0.926,-0.821,-0.874,-0.965,-0.959,-0.892,-0.932,-0.906,-0.803,-0.88,-0.951,-0.971,-0.916,-0.932,-0.932,-0.821,-0.874,-0.947,-0.959,-0.912,-0.949,-0.91,-0.831,0,0
"2019-04-15 22:40:00.0",786015,-9999,-96.1,-9.36,-9.36,-0.163,-9999,-9999,12.0416,39.94,39.92,16.81,-0.886,-0.965,-0.995,-0.92,-0.941,-0.914,-0.807,-0.876,-0.969,-0.971,-0.904,-0.922,-0.943,-0.811,-0.878,-0.947,-0.977,-0.91,-0.928,-0.906,-0.805,-0.876,-0.941,-0.979,-0.91,-0.924,-0.892,-0.829,0,0
"2019-04-15 22:40:20.0",786016,-9999,-96.1,-9.43,-9.43,-0.164,-9999,-9999,12.0416,39.95,39.92,16.81,-0.884,-0.961,-1.013,-0.922,-0.947,-0.947,-0.815,-0.874,-0.977,-0.977,-0.914,-0.951,-0.939,-0.819,-0.878,-0.977,-0.969,-0.914,-0.934,-0.91,-0.843,-0.872,-0.971,-0.989,-0.908,-0.932,-0.936,-0.799,0,700
"2019-04-15 22:40:40.0",786017,-9999,-96,-9.5,-9.5,-0.165,-9999,-9999,12.0416,39.95,39.92,16.81,-0.888,-0.975,-0.991,-0.922,-0.967,-0.924,-0.843,-0.878,-0.949,-0.981,-0.91,-0.93,-0.91,-0.856,-0.878,-0.955,-0.979,-0.914,-0.932,-0.934,-0.807,-0.882,-0.957,-0.981,-0.912,-0.951,-0.9,-0.819,0,0
"2019-04-15 22:41:00.0",786018,-9999,-96,-9.57,-9.57,-0.166,-9999,-9999,12.0472,39.94,39.92,16.81,-0.892,-0.983,-1.009,-0.924,-0.943,-0.932,-0.807,-0.876,-0.945,-0.957,-0.93,-0.932,-0.945,-0.819,-0.88,-0.961,-0.971,-0.91,-0.914,-0.912,-0.831,-0.876,-0.947,-0.979,-0.912,-0.91,-0.9,-0.799,0,0
"2019-04-15 22:41:20.0",786019,-9999,-96,-9.64,-9.64,-0.167,-9999,-9999,12.0416,39.94,39.92,16.81,-0.886,-0.989,-1.013,-0.922,-0.947,-0.943,-0.811,-0.878,-0.949,-0.955,-0.896,-0.93,-0.914,-0.811,-0.876,-0.93,-0.959,-0.918,-0.936,-0.9,-0.829,-0.882,-0.959,-0.987,-0.898,-0.941,-0.941,-0.813,0,0
"2019-04-15 22:41:40.0",786020,-9999,-95.9,-9.71,-9.71,-0.169,-9999,-9999,12.0416,39.95,39.92,16.79,-0.888,-0.973,-0.975,-0.926,-0.949,-0.922,-0.821,-0.872,-0.945,-0.977,-0.908,-0.92,-0.906,-0.843,-0.874,-0.957,-0.985,-0.916,-0.932,-0.916,-0.843,-0.876,-0.961,-0.997,-0.908,-0.93,-0.918,-0.797,0,0
"2019-04-15 22:42:00.0",786021,-9999,-95.9,-9.78,-9.78,-0.17,-9999,-9999,12.0361,39.95,39.92,16.79,-0.89,-0.973,-0.987,-0.92,-0.941,-0.924,-0.829,-0.876,-0.957,-0.961,-0.912,-0.93,-0.902,-0.833,-0.886,-0.943,-0.983,-0.916,-0.932,-0.939,-0.837,-0.874,-0.955,-0.977,-0.912,-0.93,-0.9,-0.795,0,700
"2019-04-15 22:42:20.0",786022,-9999,-95.8,-9.85,-9.85,-0.171,-9999,-9999,12.0361,39.95,39.92,16.79,-0.888,-0.973,-0.991,-0.941,-0.941,-0.945,-0.839,-0.876,-0.973,-0.981,-0.914,-0.928,-0.902,-0.848,-0.88,-0.945,-0.981,-0.914,-0.93,-0.912,-0.833,-0.874,-0.949,-1.003,-0.916,-0.93,-0.912,-0.799,0,0
"2019-04-15 22:42:40.0",786023,-9999,-95.8,-9.92,-9.92,-0.172,-9999,-9999,12.0361,39.95,39.92,16.79,-0.888,-0.947,-0.987,-0.945,-0.945,-0.912,-0.848,-0.876,-0.967,-0.969,-0.906,-0.928,-0.939,-0.813,-0.878,-0.963,-0.995,-0.91,-0.912,-0.918,-0.799,-0.876,-0.969,-0.975,-0.91,-0.914,-0.908,-0.831,0,0
"2019-04-15 22:43:00.0",786024,-9999,-95.7,-9.99,-9.99,-0.173,-9999,-9999,12.0416,39.95,39.92,16.79,-0.882,-0.977,-1.017,-0.924,-0.965,-0.918,-0.839,-0.878,-0.949,-0.975,-0.92,-0.93,-0.92,-0.833,-0.88,-0.953,-0.981,-0.916,-0.936,-0.906,-0.843,-0.876,-0.953,-0.983,-0.916,-0.936,-0.918,-0.823,0,0
"2019-04-15 22:43:20.0",786025,-9999,-95.7,-10.06,-10.06,-0.175,-9999,-9999,12.0416,39.96,39.92,16.79,-0.89,-0.941,-0.989,-0.916,-0.957,-0.904,-0.823,-0.88,-0.953,-0.985,-0.91,-0.918,-0.922,-0.85,-0.876,-0.975,-0.975,-0.912,-0.93,-0.896,-0.843,-0.876,-0.969,-0.987,-0.914,-0.928,-0.92,-0.805,0,0
"2019-04-15 22:43:40.0",786026,-9999,-95.7,-10.13,-10.13,-0.176,-9999,-9999,12.0361,39.96,39.9,16.76,-0.888,-0.991,-0.993,-0.926,-0.947,-0.93,-0.817,-0.876,-0.975,-0.977,-0.91,-0.934,-0.949,-0.815,-0.88,-0.977,-0.973,-0.918,-0.934,-0.922,-0.821,-0.876,-0.977,-0.997,-0.91,-0.932,-0.916,-0.837,0,700
"2019-04-15 22:44:00.0",786027,-9999,-95.6,-10.2,-10.2,-0.177,-9999,-9999,12.0416,39.94,39.92,16.76,-0.89,-0.985,-1.007,-0.924,-0.939,-0.926,-0.829,-0.88,-0.975,-0.973,-0.912,-0.937,-0.949,-0.854,-0.878,-0.949,-1.001,-0.914,-0.918,-0.91,-0.837,-0.874,-0.971,-0.983,-0.914,-0.922,-0.937,-0.791,0,0
"2019-04-15 22:44:20.0",786028,-9999,-95.6,-10.27,-10.27,-0.178,-9999,-9999,12.0416,39.94,39.92,16.76,-0.888,-0.981,-0.995,-0.93,-0.951,-0.91,-0.848,-0.882,-0.975,-0.985,-0.916,-0.928,-0.914,-0.817,-0.88,-0.977,-0.989,-0.912,-0.957,-0.92,-0.831,-0.884,-0.975,-0.989,-0.916,-0.955,-0.908,-0.833,0,0
"2019-04-15 22:44:40.0",786029,-9999,-95.5,-10.34,-10.34,-0.18,-9999,-9999,12.0416,39.94,39.92,16.76,-0.89,-0.955,-1.003,-0.949,-0.943,-0.932,-0.854,-0.88,-0.961,-0.967,-0.916,-0.963,-0.945,-0.819,-0.876,-0.953,-0.961,-0.922,-0.934,-0.922,-0.831,-0.888,-0.957,-0.981,-0.941,-0.934,-0.943,-0.843,0,0
"2019-04-15 22:45:00.0",786030,-9999,-95.5,-10.41,-10.41,-0.181,-9999,-9999,12.0361,39.94,39.9,16.76,-0.89,-0.953,-0.997,-0.928,-0.951,-0.92,-0.827,-0.878,-0.951,-0.981,-0.916,-0.914,-0.92,-0.85,-0.88,-0.953,-0.989,-0.914,-0.937,-0.92,-0.815,-0.88,-0.975,-0.985,-0.914,-0.939,-0.939,-0.821,0,0
"2019-04-15 22:45:20.0",786031,-9999,-95.4,-10.48,-10.48,-0.182,-9999,-9999,12.0416,39.94,39.92,16.76,-0.89,-0.955,-1.001,-0.93,-0.949,-0.934,-0.837,-0.884,-0.977,-0.993,-0.918,-0.937,-0.947,-0.829,-0.888,-0.981,-0.995,-0.922,-0.922,-0.92,-0.825,-0.88,-0.975,-1.003,-0.916,-0.932,-0.941,-0.825,0,700
"2019-04-15 22:45:40.0",786032,-9999,-95.4,-10.55,-10.55,-0.183,-9999,-9999,12.0416,39.94,39.9,16.74,-0.896,-0.987,-1.011,-0.926,-0.953,-0.949,-0.848,-0.88,-0.939,-0.989,-0.92,-0.939,-0.926,-0.815,-0.882,-0.937,-0.993,-0.92,-0.939,-0.922,-0.843,-0.886,-0.957,-1.003,-0.92,-0.922,-0.922,-0.805,0,0
"2019-04-15 22:46:00.0",786033,-9999,-95.4,-10.62,-10.62,-0.184,-9999,-9999,12.0361,39.94,39.92,16.74,-0.896,-0.969,-0.997,-0.932,-0.959,-0.959,-0.815,-0.88,-0.937,-0.981,-0.92,-0.934,-0.943,-0.823,-0.896,-0.943,-1.005,-0.914,-0.934,-0.91,-0.827,-0.884,-0.932,-0.979,-0.916,-0.939,-0.937,-0.825,0,0
"2019-04-15 22:46:20.0",786034,-9999,-95.3,-10.69,-10.69,-0.186,-9999,-9999,12.0416,39.94,39.92,16.74,-0.894,-0.973,-0.997,-0.924,-0.951,-0.928,-0.856,-0.884,-0.941,-1.015,-0.92,-0.939,-0.918,-0.854,-0.882,-0.934,-1.011,-0.926,-0.963,-0.943,-0.799,-0.884,-0.945,-0.995,-0.918,-0.941,-0.908,-0.825,0,0
"2019-04-15 22:46:40.0",786035,-9999,-95.3,-10.76,-10.76,-0.187,-9999,-9999,12.0361,39.94,39.92,16.74,-0.898,-0.967,-0.999,-0.93,-0.949,-0.963,-0.841,-0.886,-0.965,-0.991,-0.916,-0.939,-0.932,-0.835,-0.888,-0.963,-0.995,-0.92,-0.934,-0.928,-0.854,-0.882,-0.961,-0.991,-0.918,-0.963,-0.908,-0.839,0,0
"2019-04-15 22:47:00.0",786036,-9999,-95.2,-10.83,-10.83,-0.188,-9999,-9999,12.0361,39.94,39.92,16.74,-0.896,-0.973,-1.007,-0.949,-0.945,-0.937,-0.833,-0.886,-0.977,-0.995,-0.922,-0.943,-0.924,-0.86,-0.888,-0.983,-0.965,-0.924,-0.939,-0.951,-0.815,-0.884,-0.943,-0.987,-0.92,-0.965,-0.926,-0.839,0,700
"2019-04-15 22:47:20.0",786037,-9999,-95.2,-10.9,-10.9,-0.189,-9999,-9999,12.0361,39.94,39.92,16.71,-0.896,-0.999,-0.999,-0.918,-0.947,-0.916,-0.823,-0.886,-0.983,-0.985,-0.92,-0.922,-0.935,-0.827,-0.886,-0.991,-0.987,-0.92,-0.941,-0.92,-0.833,-0.882,-0.987,-0.987,-0.916,-0.941,-0.922,-0.819,0,0
"2019-04-15 22:47:40.0",786038,-9999,-95.1,-10.97,-10.97,-0.19,-9999,-9999,12.0361,39.94,39.92,16.71,-0.9,-0.989,-0.973,-0.935,-0.949,-0.93,-0.817,-0.888,-0.981,-0.999,-0.914,-0.961,-0.91,-0.821,-0.886,-0.973,-0.975,-0.92,-0.965,-0.924,-0.837,-0.886,-0.977,-0.965,-0.912,-0.939,-0.941,-0.815,0,0
"2019-04-15 22:48:00.0",786039,-9999,-95.1,-11.04,-11.04,-0.192,-9999,-9999,12.0361,39.94,39.9,16.71,-0.898,-0.993,-0.999,-0.932,-0.945,-0.957,-0.848,-0.882,-0.937,-0.983,-0.924,-0.943,-0.922,-0.841,-0.88,-0.945,-0.991,-0.926,-0.947,-0.922,-0.848,-0.886,-0.971,-0.989,-0.92,-0.939,-0.951,-0.833,0,0
"2019-04-15 22:48:20.0",786040,-9999,-95.1,-11.12,-11.12,-0.193,-9999,-9999,12.0416,39.94,39.92,16.71,-0.9,-0.947,-0.991,-0.937,-0.971,-0.951,-0.835,-0.886,-0.951,-0.993,-0.92,-0.935,-0.914,-0.821,-0.882,-0.967,-0.971,-0.926,-0.943,-0.926,-0.833,-0.884,-0.989,-0.991,-0.928,-0.941,-0.945,-0.815,0,0
"2019-04-15 22:48:40.0",786041,-9999,-95,-11.19,-11.19,-0.194,-9999,-9999,12.0416,39.94,39.9,16.71,-0.902,-0.979,-1.021,-0.92,-0.953,-0.949,-0.821,-0.884,-0.967,-0.991,-0.916,-0.939,-0.932,-0.839,-0.884,-0.957,-1.015,-0.924,-0.937,-0.941,-0.856,-0.882,-0.983,-0.961,-0.922,-0.937,-0.92,-0.821,0,700
"2019-04-15 22:49:00.0",786042,-9999,-95,-11.26,-11.26,-0.195,-9999,-9999,12.0416,39.94,39.91,16.71,-0.888,-0.955,-0.999,-0.928,-0.945,-0.935,-0.811,-0.884,-0.971,-0.989,-0.926,-0.961,-0.932,-0.837,-0.888,-0.961,-0.993,-0.924,-0.941,-0.951,-0.854,-0.882,-0.975,-0.983,-0.922,-0.941,-0.912,-0.825,0,0
"2019-04-15 22:49:20.0",786043,-9999,-94.9,-11.33,-11.33,-0.196,-9999,-9999,12.0416,39.94,39.91,16.69,-0.898,-0.973,-0.999,-0.935,-0.957,-0.953,-0.825,-0.884,-0.932,-0.959,-0.918,-0.943,-0.932,-0.839,-0.882,-0.961,-0.989,-0.908,-0.961,-0.904,-0.805,-0.886,-0.955,-0.979,-0.935,-0.941,-0.922,-0.821,0,0
"2019-04-15 22:49:40.0",786044,-9999,-94.9,-11.4,-11.4,-0.198,-9999,-9999,12.0416,39.94,39.91,16.69,-0.896,-0.977,-0.991,-0.935,-0.955,-0.918,-0.823,-0.886,-0.961,-0.961,-0.92,-0.961,-0.924,-0.854,-0.886,-0.957,-0.989,-0.922,-0.967,-0.926,-0.817,-0.884,-0.975,-0.985,-0.92,-0.937,-0.928,-0.846,0,0
"2019-04-15 22:50:00.0",786045,-9999,-94.8,-11.47,-11.47,-0.199,-9999,-9999,12.0361,39.94,39.91,16.69,-0.898,-0.991,-1.001,-0.937,-0.935,-0.957,-0.839,-0.886,-0.981,-0.995,-0.924,-0.939,-0.935,-0.86,-0.886,-0.943,-0.971,-0.924,-0.939,-0.928,-0.839,-0.884,-0.943,-0.987,-0.951,-0.943,-0.912,-0.841,0,0
"2019-04-15 22:50:20.0",786046,-9999,-94.8,-11.54,-11.54,-0.2,-9999,-9999,12.0361,39.94,39.91,16.69,-0.896,-0.967,-0.997,-0.937,-0.939,-0.943,-0.852,-0.89,-0.987,-0.991,-0.926,-0.943,-0.935,-0.831,-0.884,-0.979,-0.997,-0.926,-0.945,-0.926,-0.831,-0.888,-0.947,-0.985,-0.924,-0.922,-0.912,-0.821,0,700
"2019-04-15 22:50:40.0",786047,-9999,-94.8,-11.61,-11.61,-0.201,-9999,-9999,12.0472,39.94,39.92,16.69,-0.9,-0.977,-1.001,-0.939,-0.951,-0.937,-0.815,-0.884,-0.977,-0.993,-0.92,-0.947,-0.955,-0.839,-0.886,-0.983,-1.017,-0.922,-0.949,-0.914,-0.852,-0.89,-0.945,-0.975,-0.922,-0.943,-0.926,-0.835,0,0
"2019-04-15 22:51:00.0",786048,-9999,-94.7,-11.68,-11.68,-0.202,-9999,-9999,12.0416,39.94,39.9,16.66,-0.894,-1.003,-1.001,-0.961,-0.981,-0.924,-0.815,-0.886,-0.943,-0.997,-0.926,-0.941,-0.916,-0.823,-0.886,-0.947,-0.983,-0.924,-0.939,-0.937,-0.827,-0.886,-0.961,-0.993,-0.922,-0.961,-0.932,-0.801,0,0
"2019-04-15 22:51:20.0",786049,-9999,-94.7,-11.75,-11.75,-0.204,-9999,-9999,12.0416,39.94,39.92,16.66,-0.896,-0.993,-0.995,-0.937,-0.943,-0.953,-0.839,-0.888,-0.945,-0.981,-0.922,-0.943,-0.955,-0.862,-0.894,-0.951,-0.999,-0.926,-0.945,-0.912,-0.831,-0.878,-0.961,-0.997,-0.92,-0.941,-0.928,-0.807,0,0
"2019-04-15 22:51:40.0",786050,-9999,-94.6,-11.82,-11.82,-0.205,-9999,-9999,12.0416,39.94,39.92,16.66,-0.898,-0.985,-1.001,-0.928,-0.949,-0.916,-0.833,-0.888,-0.981,-0.991,-0.92,-0.937,-0.914,-0.819,-0.888,-0.975,-0.983,-0.924,-0.939,-0.926,-0.841,-0.884,-0.945,-0.983,-0.912,-0.961,-0.941,-0.833,0,0
"2019-04-15 22:52:00.0",786051,-9999,-94.6,-11.89,-11.89,-0.206,-9999,-9999,12.0416,39.94,39.92,16.66,-0.896,-0.967,-1.022,-0.932,-0.932,-0.924,-0.86,-0.888,-0.953,-1.001,-0.918,-0.939,-0.912,-0.823,-0.896,-0.951,-0.985,-0.947,-0.947,-0.943,-0.856,-0.882,-0.979,-0.979,-0.92,-0.92,-0.916,-0.805,0,700
"2019-04-15 22:52:20.0",786052,-9999,-94.5,-11.96,-11.96,-0.207,-9999,-9999,12.0361,39.94,39.9,16.66,-0.896,-0.951,-0.975,-0.93,-0.951,-0.935,-0.821,-0.886,-0.963,-0.963,-0.92,-0.937,-0.93,-0.858,-0.886,-0.963,-0.985,-0.924,-0.937,-0.926,-0.817,-0.886,-0.975,-1.003,-0.92,-0.926,-0.91,-0.837,0,0
"2019-04-15 22:52:40.0",786053,-9999,-94.5,-12.03,-12.03,-0.208,-9999,-9999,12.0361,39.94,39.92,16.64,-0.896,-0.953,-1.011,-0.93,-0.955,-0.924,-0.839,-0.888,-0.983,-0.979,-0.916,-0.937,-0.928,-0.85,-0.884,-0.979,-0.983,-0.916,-0.939,-0.902,-0.835,-0.886,-0.93,-0.983,-0.916,-0.916,-0.922,-0.815,0,0
"2019-04-15 22:53:00.0",786054,-9999,-94.4,-12.1,-12.1,-0.21,-9999,-9999,12.0416,39.94,39.92,16.64,-0.9,-0.947,-0.999,-0.933,-0.93,-0.933,-0.815,-0.884,-0.979,-0.989,-0.92,-0.941,-0.949,-0.839,-0.888,-0.979,-1.007,-0.922,-0.941,-0.924,-0.821,-0.88,-0.935,-0.961,-0.916,-0.941,-0.916,-0.827,0,0
"2019-04-15 22:53:20.0",786055,-9999,-94.4,-12.17,-12.17,-0.211,-9999,-9999,12.0416,39.94,39.92,16.64,-0.898,-0.955,-0.999,-0.93,-0.953,-0.918,-0.852,-0.884,-0.933,-0.989,-0.916,-0.922,-0.933,-0.819,-0.888,-0.965,-0.963,-0.918,-0.92,-0.924,-0.831,-0.888,-0.967,-0.987,-0.912,-0.937,-0.904,-0.805,0,0
"2019-04-15 22:53:40.0",786056,-9999,-94.4,-12.24,-12.24,-0.212,-9999,-9999,12.0361,39.94,39.92,16.64,-0.894,-0.993,-1.007,-0.937,-0.953,-0.939,-0.829,-0.89,-0.967,-0.985,-0.92,-0.926,-0.928,-0.852,-0.886,-0.981,-0.965,-0.92,-0.924,-0.924,-0.807,-0.886,-0.943,-0.987,-0.918,-0.937,-0.906,-0.846,0,700
"2019-04-15 22:54:00.0",786057,-9999,-94.3,-12.31,-12.31,-0.213,-9999,-9999,12.0361,39.94,39.92,16.61,-0.894,-0.953,-0.997,-0.935,-0.951,-0.922,-0.819,-0.884,-0.951,-0.995,-0.924,-0.924,-0.914,-0.864,-0.886,-0.965,-0.975,-0.922,-0.92,-0.945,-0.807,-0.888,-0.975,-0.991,-0.924,-0.939,-0.924,-0.848,0,0
"2019-04-15 22:54:20.0",786058,-9999,-94.3,-12.38,-12.38,-0.214,-9999,-9999,12.0361,39.94,39.92,16.61,-0.898,-0.993,-0.997,-0.933,-0.951,-0.955,-0.809,-0.884,-0.965,-0.985,-0.912,-0.937,-0.91,-0.856,-0.886,-0.941,-0.963,-0.904,-0.943,-0.916,-0.813,-0.882,-0.949,-0.979,-0.922,-0.959,-0.943,-0.839,0,0
"2019-04-15 22:54:40.0",786059,-9999,-94.2,-12.45,-12.45,-0.216,-9999,-9999,12.0416,39.94,39.92,16.61,-0.898,-0.957,-0.995,-0.933,-0.943,-0.93,-0.821,-0.89,-0.939,-0.979,-0.92,-0.935,-0.914,-0.839,-0.884,-0.965,-0.985,-0.918,-0.935,-0.943,-0.803,-0.89,-0.983,-1.007,-0.918,-0.939,-0.922,-0.821,0,0
"2019-04-15 22:55:00.0",786060,-9999,-94.2,-12.52,-12.52,-0.217,-9999,-9999,12.0416,39.94,39.92,16.61,-0.904,-0.985,-1.001,-0.93,-0.947,-0.916,-0.841,-0.886,-0.955,-0.985,-0.924,-0.933,-0.912,-0.821,-0.884,-0.945,-0.965,-0.918,-0.937,-0.939,-0.821,-0.882,-0.959,-0.991,-0.92,-0.939,-0.928,-0.809,0,0
"2019-04-15 22:55:20.0",786061,-9999,-94.1,-12.59,-12.59,-0.218,-9999,-9999,12.0416,39.94,39.92,16.61,-0.896,-0.965,-1.001,-0.935,-0.953,-0.957,-0.844,-0.884,-0.983,-0.981,-0.92,-0.941,-0.933,-0.86,-0.886,-0.989,-0.995,-0.92,-0.941,-0.928,-0.835,-0.878,-0.949,-0.991,-0.922,-0.937,-0.945,-0.841,0,700
"2019-04-15 22:55:40.0",786062,-9999,-94.1,-12.67,-12.67,-0.219,-9999,-9999,12.0361,39.94,39.92,16.61,-0.9,-0.975,-0.977,-0.933,-0.953,-0.941,-0.825,-0.882,-0.979,-1.007,-0.916,-0.941,-0.926,-0.852,-0.886,-0.975,-0.989,-0.916,-0.949,-0.924,-0.813,-0.886,-0.941,-0.983,-0.918,-0.941,-0.924,-0.837,0,0
"2019-04-15 22:56:00.0",786063,-9999,-94.1,-12.74,-12.74,-0.22,-9999,-9999,12.0416,39.94,39.92,16.61,-0.9,-0.955,-0.999,-0.935,-0.953,-0.939,-0.858,-0.882,-0.993,-0.995,-0.924,-0.939,-0.92,-0.819,-0.892,-0.979,-1.007,-0.926,-0.947,-0.926,-0.854,-0.89,-0.941,-0.971,-0.92,-0.943,-0.947,-0.805,0,0
"2019-04-15 22:56:20.0",786064,-9999,-94,-12.81,-12.81,-0.222,-9999,-9999,12.0416,39.94,39.92,16.61,-0.896,-0.993,-0.991,-0.933,-0.953,-0.92,-0.837,-0.886,-0.947,-0.979,-0.92,-0.943,-0.91,-0.866,-0.89,-0.973,-0.987,-0.92,-0.943,-0.926,-0.844,-0.888,-0.983,-0.997,-0.924,-0.922,-0.947,-0.805,0,0
"2019-04-15 22:56:40.0",786065,-9999,-94,-12.88,-12.88,-0.223,-9999,-9999,12.0416,39.94,39.92,16.59,-0.898,-0.977,-1.005,-0.939,-0.953,-0.937,-0.835,-0.886,-0.949,-0.983,-0.92,-0.943,-0.945,-0.821,-0.89,-0.935,-0.985,-0.943,-0.943,-0.914,-0.831,-0.884,-0.967,-0.985,-0.926,-0.939,-0.926,-0.807,0,0
"2019-04-15 22:57:00.0",786066,-9999,-93.9,-12.95,-12.95,-0.224,-9999,-9999,12.0416,39.94,39.9,16.59,-0.902,-0.971,-1.02,-0.935,-0.953,-0.937,-0.844,-0.896,-0.987,-0.987,-0.92,-0.941,-0.912,-0.827,-0.888,-0.947,-1.005,-0.922,-0.963,-0.922,-0.825,-0.888,-0.955,-0.967,-0.916,-0.943,-0.928,-0.809,0,700
"2019-04-15 22:57:20.0",786067,-9999,-93.9,-13.02,-13.02,-0.225,-9999,-9999,12.0361,39.94,39.91,16.59,-0.898,-0.957,-1.022,-0.947,-0.955,-0.922,-0.841,-0.886,-0.965,-0.995,-0.926,-0.947,-0.957,-0.819,-0.888,-0.987,-0.983,-0.928,-0.945,-0.916,-0.846,-0.888,-0.965,-0.997,-0.924,-0.939,-0.928,-0.829,0,0
"2019-04-15 22:57:40.0",786068,-9999,-93.8,-13.09,-13.09,-0.226,-9999,-9999,12.0472,39.94,39.91,16.59,-0.9,-0.985,-0.977,-0.937,-0.953,-0.931,-0.86,-0.884,-0.967,-1.009,-0.926,-0.941,-0.931,-0.837,-0.888,-0.987,-0.999,-0.926,-0.947,-0.931,-0.817,-0.884,-0.949,-0.983,-0.926,-0.973,-0.914,-0.848,0,0
"2019-04-15 22:58:00.0",786069,-9999,-93.8,-13.16,-13.16,-0.228,-9999,-9999,12.0416,39.94,39.91,16.56,-0.904,-0.989,-1.015,-0.959,-0.961,-0.963,-0.844,-0.888,-0.955,-0.993,-0.924,-0.945,-0.922,-0.835,-0.898,-0.983,-0.999,-0.908,-0.945,-0.933,-0.833,-0.888,-0.951,-0.995,-0.92,-0.941,-0.933,-0.817,0,0
"2019-04-15 22:58:20.0",786070,-9999,-93.8,-13.23,-13.23,-0.229,-9999,-9999,12.0361,39.94,39.91,16.56,-0.902,-0.963,-0.987,-0.939,-0.945,-0.965,-0.856,-0.888,-0.981,-0.973,-0.926,-0.943,-0.922,-0.848,-0.89,-0.961,-0.995,-0.928,-0.969,-0.933,-0.801,-0.884,-0.969,-0.987,-0.92,-0.945,-0.949,-0.854,0,0
"2019-04-15 22:58:40.0",786071,-9999,-93.7,-13.3,-13.3,-0.23,-9999,-9999,12.0416,39.94,39.91,16.56,-0.898,-0.963,-1.011,-0.941,-0.955,-0.926,-0.854,-0.888,-0.993,-0.999,-0.922,-0.953,-0.935,-0.829,-0.89,-0.985,-0.997,-0.926,-0.949,-0.945,-0.85,-0.886,-0.947,-0.971,-0.922,-0.947,-0.918,-0.833,0,700
"2019-04-15 22:59:00.0",786072,-9999,-93.7,-13.37,-13.37,-0.231,-9999,-9999,12.0416,39.94,39.91,16.56,-0.898,-0.985,-0.999,-0.933,-0.951,-0.92,-0.823,-0.89,-0.941,-1.007,-0.92,-0.939,-0.931,-0.858,-0.888,-0.969,-0.987,-0.924,-0.939,-0.926,-0.807,-0.886,-0.979,-0.983,-0.924,-0.939,-0.928,-0.85,0,0
"2019-04-15 22:59:20.0",786073,-9999,-93.6,-13.44,-13.44,-0.232,-9999,-9999,12.0416,39.94,39.91,16.54,-0.898,-0.973,-1.001,-0.941,-0.943,-0.965,-0.823,-0.89,-0.947,-0.993,-0.922,-0.943,-0.933,-0.827,-0.89,-0.955,-0.993,-0.924,-0.951,-0.931,-0.833,-0.888,-0.961,-1.007,-0.949,-0.943,-0.906,-0.815,0,0
"2019-04-15 22:59:40.0",786074,-9999,-93.6,-13.51,-13.51,-0.234,-9999,-9999,12.0416,39.94,39.91,16.54,-0.898,-0.973,-1.001,-0.935,-0.961,-0.928,-0.862,-0.888,-0.951,-1.017,-0.926,-0.969,-0.953,-0.85,-0.888,-0.949,-0.971,-0.928,-0.945,-0.918,-0.858,-0.888,-0.969,-0.999,-0.924,-0.947,-0.931,-0.854,0,0
