"TOA5","","","1764","CR1000.Std.24","CPU:MFRSR_10012018V2.8.CR1","13574","TableHdr","PbCdlComm-1.6.0 (2016/01/26)"
"TIMESTAMP","RECORD","loggerID""headID""xpgmVerID""xlat""xlon""xSiteElev""xFULLREV""xCRXHSTEPS""xSCANseconds""xSCANnAvg""xSCANtrough""xHOMEoffset""xALLTIMEband"
"TS","RN","--""--""--""deg""deg""m""--""--""sec""--""--""--""--"
"","","Smp""Smp""Smp""Smp""Smp""Smp""Smp""Smp""Smp""Smp""Smp""Smp""Smp"
"2019-04-16 00:00:00.0",372,1764,180054423,2.8,-32.1259,-64.7287,1160,800,20,20,1,10,0,-1
"TOA5","","","1764","CR1000.Std.24","CPU:MFRSR_10012018V2.8.CR1","13574","Table155","PbCdlComm-1.6.0 (2016/01/26)"
"TIMESTAMP","RECORD","xoset""az""el""al""cosz""cosasz""pamass""vBat""Thead""THTC""Tlogger""Dnadir(1)""Dnadir(2)""Dnadir(3)""Dnadir(4)""Dnadir(5)""Dnadir(6)""Dnadir(7)""Deast(1)""Deast(2)""Deast(3)""Deast(4)""Deast(5)""Deast(6)""Deast(7)""Dsun(1)""Dsun(2)""Dsun(3)""Dsun(4)""Dsun(5)""Dsun(6)""Dsun(7)""Dwest(1)""Dwest(2)""Dwest(3)""Dwest(4)""Dwest(5)""Dwest(6)""Dwest(7)""kount""khome"
"TS","RN","sec""deg""deg""deg""--""--""--""Volt""degC""degC""degC""mV""mV""mV""mV""mV""mV""mV""mV""mV""mV""mV""mV""mV""mV""mV""mV""mV""mV""mV""mV""mV""mV""mV""mV""mV""mV""mV""mV""--""--"
"","","Smp""Smp""Smp""Smp""Smp""Smp""Smp""Smp""Smp""Smp""Smp""Smp""Smp""Smp""Smp""Smp""Smp""Smp""Smp""Smp""Smp""Smp""Smp""Smp""Smp""Smp""Smp""Smp""Smp""Smp""Smp""Smp""Smp""Smp""Smp""Smp""Smp""Smp""Smp""Smp""Smp"
"2019-04-16 09:00:00.0",787875,-9999,88.2,-22.5,-22.5,-0.383,-9999,-9999,12.0487,39.85,39.87,12.44,-0.99,-1.075,-1.115,-1.024,-1.046,-1.018,-0.899,-0.984,-1.081,-1.109,-1.024,-1.04,-1.028,-0.919,-0.982,-1.042,-1.089,-1.024,-1.036,-1.024,-0.949,-0.982,-1.079,-1.067,-1.018,-1.036,-1.006,-0.941,0,0
"2019-04-16 09:00:20.0",787876,-9999,88.2,-22.43,-22.43,-0.382,-9999,-9999,12.0431,39.85,39.87,12.44,-0.996,-1.063,-1.097,-1.026,-1.042,-1.03,-0.901,-0.984,-1.036,-1.085,-1.016,-1.036,-1.034,-0.905,-0.986,-1.073,-1.089,-1.022,-1.042,-1.028,-0.919,-0.982,-1.069,-1.083,-1.022,-1.04,-1.022,-0.905,0,700
"2019-04-16 09:00:40.0",787877,-9999,88.2,-22.36,-22.36,-0.38,-9999,-9999,12.0434,39.85,39.89,12.44,-0.992,-1.048,-1.089,-1.026,-1.036,-1.026,-0.911,-0.98,-1.067,-1.099,-1.018,-1.036,-1.022,-0.911,-0.984,-1.056,-1.079,-1.018,-1.034,-1.04,-0.901,-0.982,-1.038,-1.081,-1.018,-1.034,-1.006,-0.903,0,0
"2019-04-16 09:01:00.0",787878,-9999,88.3,-22.29,-22.29,-0.379,-9999,-9999,12.0434,39.85,39.87,12.42,-0.994,-1.093,-1.097,-1.032,-1.05,-1.052,-0.921,-0.982,-1.087,-1.085,-1.024,-1.042,-1.032,-0.915,-0.984,-1.046,-1.091,-1.022,-1.04,-1.044,-0.913,-0.984,-1.075,-1.109,-1.022,-1.038,-1.008,-0.901,0,0
"2019-04-16 09:01:20.0",787879,-9999,88.3,-22.22,-22.22,-0.378,-9999,-9999,12.0434,39.85,39.87,12.42,-0.998,-1.05,-1.119,-1.034,-1.056,-1.038,-0.923,-0.978,-1.04,-1.093,-1.024,-1.038,-1.056,-0.939,-0.982,-1.06,-1.085,-1.026,-1.034,-1.026,-0.911,-0.975,-1.038,-1.089,-1.018,-1.034,-1.01,-0.913,0,0
"2019-04-16 09:01:40.0",787880,-9999,88.4,-22.15,-22.15,-0.377,-9999,-9999,12.0434,39.85,39.87,12.42,-0.998,-1.054,-1.115,-1.03,-1.065,-1.036,-0.935,-0.984,-1.03,-1.103,-1.02,-1.034,-1.022,-0.945,-0.986,-1.081,-1.081,-1.018,-1.034,-1.002,-0.925,-0.986,-1.063,-1.081,-1.006,-1.032,-1.016,-0.923,0,0
"2019-04-16 09:02:00.0",787881,-9999,88.4,-22.08,-22.08,-0.376,-9999,-9999,12.0434,39.85,39.87,12.42,-0.994,-1.079,-1.089,-1.03,-1.042,-1.01,-0.943,-0.89,-0.978,-0.99,-0.927,-0.941,-0.933,-0.808,-0.895,-0.965,-0.967,-0.923,-0.963,-0.913,-0.844,-0.89,-0.941,-0.994,-0.927,-0.943,-0.947,-0.844,0,700
"2019-04-16 09:02:20.0",787882,-9999,88.5,-22.01,-22.01,-0.375,-9999,-9999,12.038,39.85,39.87,12.42,-0.901,-0.986,-0.973,-0.929,-0.951,-0.939,-0.814,-0.895,-0.99,-0.992,-0.929,-0.955,-0.937,-0.826,-0.888,-0.955,-0.973,-0.925,-0.941,-0.923,-0.858,-0.903,-0.986,-0.967,-0.925,-0.939,-0.927,-0.856,0,0
"2019-04-16 09:02:40.0",787883,-9999,88.5,-21.94,-21.94,-0.374,-9999,-9999,12.038,39.85,39.89,12.39,-0.903,-0.953,-1.016,-0.945,-0.953,-0.941,-0.856,-0.89,-0.994,-0.967,-0.925,-0.943,-0.961,-0.818,-0.89,-0.951,-1.016,-0.927,-0.943,-0.929,-0.834,-0.888,-0.984,-0.992,-0.927,-0.945,-0.929,-0.805,0,0
"2019-04-16 09:03:00.0",787884,-9999,88.6,-21.87,-21.87,-0.372,-9999,-9999,12.038,39.85,39.87,12.39,-0.901,-0.953,-0.998,-0.933,-0.957,-0.943,-0.846,-0.89,-0.965,-0.975,-0.931,-0.955,-0.939,-0.852,-0.893,-0.943,-1,-0.943,-0.943,-0.965,-0.84,-0.89,-0.992,-1.014,-0.929,-0.949,-0.935,-0.838,0,0
"2019-04-16 09:03:20.0",787885,-9999,88.6,-21.8,-21.8,-0.371,-9999,-9999,12.0435,39.85,39.87,12.39,-0.901,-0.949,-1.004,-0.941,-0.953,-0.919,-0.812,-0.897,-0.945,-0.996,-0.933,-0.955,-0.965,-0.842,-0.897,-0.988,-0.996,-0.931,-0.947,-0.945,-0.822,-0.893,-0.973,-0.998,-0.927,-0.947,-0.917,-0.82,0,0
"2019-04-16 09:03:40.0",787886,-9999,88.6,-21.73,-21.73,-0.37,-9999,-9999,12.0435,39.85,39.87,12.39,-0.901,-0.99,-0.98,-0.931,-0.951,-0.921,-0.816,-0.901,-0.953,-1.022,-0.941,-0.957,-0.929,-0.858,-0.901,-1.004,-1.016,-0.943,-0.959,-0.943,-0.824,-0.905,-0.99,-1.01,-0.943,-0.955,-0.945,-0.826,0,700
"2019-04-16 09:04:00.0",787887,-9999,88.7,-21.66,-21.66,-0.369,-9999,-9999,12.0437,39.85,39.87,12.39,-0.921,-0.994,-1,-0.957,-0.969,-0.978,-0.876,-0.909,-0.959,-1.012,-0.945,-0.961,-0.949,-0.842,-0.905,-0.978,-1.016,-0.945,-0.963,-0.949,-0.826,-0.907,-0.961,-0.992,-0.947,-0.953,-0.969,-0.826,0,0
"2019-04-16 09:04:20.0",787888,-9999,88.7,-21.59,-21.59,-0.368,-9999,-9999,12.0548,39.85,39.89,12.39,-0.917,-0.969,-1.018,-0.953,-0.965,-0.973,-0.87,-0.982,-1.077,-1.087,-1.02,-1.04,-1.048,-0.911,-0.982,-1.046,-1.073,-1.02,-1.04,-1.028,-0.911,-0.98,-1.079,-1.067,-1.022,-1.04,-1.008,-0.907,0,0
"2019-04-16 09:04:40.0",787889,-9999,88.8,-21.52,-21.52,-0.367,-9999,-9999,12.0437,39.85,39.87,12.37,-1.002,-1.075,-1.113,-1.032,-1.044,-1.028,-0.939,-0.988,-1.03,-1.075,-1.01,-1.032,-1.02,-0.903,-0.986,-1.071,-1.085,-1.014,-1.032,-1.016,-0.909,-0.982,-1.05,-1.077,-1.018,-1.034,-1.034,-0.905,0,0
"2019-04-16 09:05:00.0",787890,-9999,88.8,-21.45,-21.45,-0.366,-9999,-9999,12.0437,39.85,39.87,12.37,-0.994,-1.081,-1.095,-1.034,-1.052,-1.04,-0.943,-0.984,-1.085,-1.069,-1.026,-1.036,-1.034,-0.911,-0.982,-1.046,-1.105,-1.024,-1.042,-1.024,-0.947,-0.984,-1.079,-1.085,-1.022,-1.034,-1.044,-0.935,0,0
"2019-04-16 09:05:20.0",787891,-9999,88.9,-21.38,-21.38,-0.364,-9999,-9999,12.0437,39.85,39.87,12.37,-0.994,-1.067,-1.103,-1.034,-1.05,-1.034,-0.939,-0.984,-1.077,-1.087,-1.018,-1.03,-1.008,-0.945,-0.984,-1.038,-1.079,-1.02,-1.026,-1.04,-0.937,-0.98,-1.071,-1.058,-1.018,-1.03,-1.014,-0.933,0,700
"2019-04-16 09:05:40.0",787892,-9999,88.9,-21.3,-21.3,-0.363,-9999,-9999,12.0438,39.85,39.87,12.37,-0.992,-1.058,-1.093,-1.028,-1.04,-1.026,-0.921,-0.982,-1.073,-1.085,-1.016,-1.032,-1.044,-0.947,-0.984,-1.04,-1.083,-1.014,-1.038,-1.022,-0.947,-0.982,-1.079,-1.069,-1.018,-1.034,-1.018,-0.939,0,0
"2019-04-16 09:06:00.0",787893,-9999,89,-21.23,-21.23,-0.362,-9999,-9999,12.0438,39.85,39.87,12.35,-1.002,-1.083,-1.081,-1.034,-1.046,-1.022,-0.909,-0.982,-1.044,-1.105,-1.022,-1.034,-1.028,-0.945,-0.99,-1.052,-1.089,-1.022,-1.034,-1.016,-0.925,-0.982,-1.036,-1.077,-1.036,-1.034,-1.038,-0.917,0,0
"2019-04-16 09:06:20.0",787894,-9999,89,-21.16,-21.16,-0.361,-9999,-9999,12.0438,39.85,39.89,12.35,-0.915,-0.992,-1.028,-0.953,-0.967,-0.949,-0.846,-0.897,-1.006,-1.006,-0.941,-0.965,-0.949,-0.868,-0.905,-0.99,-0.99,-0.947,-0.961,-0.931,-0.854,-0.905,-0.965,-0.99,-0.945,-0.961,-0.973,-0.86,0,0
"2019-04-16 09:06:40.0",787895,-9999,89.1,-21.09,-21.09,-0.36,-9999,-9999,12.0494,39.85,39.89,12.35,-0.909,-0.967,-1.032,-0.953,-0.971,-0.939,-0.834,-0.907,-0.982,-1.01,-0.941,-0.963,-0.939,-0.86,-0.905,-0.965,-0.99,-0.947,-0.982,-0.951,-0.83,-0.911,-0.998,-1.014,-0.941,-0.941,-0.949,-0.824,0,0
"2019-04-16 09:07:00.0",787896,-9999,89.1,-21.02,-21.02,-0.359,-9999,-9999,12.0438,39.85,39.89,12.35,-0.915,-1.012,-1.042,-0.959,-0.971,-0.957,-0.876,-0.905,-0.959,-0.978,-0.931,-0.953,-0.959,-0.824,-0.905,-0.996,-1.014,-0.939,-0.953,-0.941,-0.858,-0.903,-0.984,-1.016,-0.941,-0.957,-0.925,-0.858,0,700
"2019-04-16 09:07:20.0",787897,-9999,89.1,-20.95,-20.95,-0.358,-9999,-9999,12.0439,39.85,39.86,12.35,-0.992,-1.046,-1.081,-1.022,-1.04,-1.016,-0.895,-0.986,-1.075,-1.105,-1.022,-1.04,-1.032,-0.947,-0.98,-1.077,-1.091,-1.02,-1.024,-1.01,-0.941,-0.98,-1.058,-1.077,-1.024,-1.04,-1.024,-0.941,0,0
"2019-04-16 09:07:40.0",787898,-9999,89.2,-20.88,-20.88,-0.356,-9999,-9999,12.0439,39.85,39.86,12.35,-0.994,-1.05,-1.095,-1.032,-1.044,-1.034,-0.921,-0.982,-1.065,-1.067,-1.02,-1.032,-1.052,-0.927,-0.984,-1.024,-1.081,-1.018,-1.036,-1.018,-0.895,-0.978,-1.026,-1.097,-1.016,-1.026,-0.998,-0.893,0,0
"2019-04-16 09:08:00.0",787899,-9999,89.2,-20.81,-20.81,-0.355,-9999,-9999,12.0439,39.85,39.86,12.33,-0.994,-1.044,-1.073,-1.032,-1.042,-1.052,-0.925,-0.982,-1.061,-1.089,-1.022,-1.036,-1.014,-0.953,-0.982,-1.038,-1.083,-1.022,-1.04,-1.04,-0.947,-0.982,-1.069,-1.109,-1.02,-1.036,-1.018,-0.941,0,0
"2019-04-16 09:08:20.0",787900,-9999,89.3,-20.74,-20.74,-0.354,-9999,-9999,12.0383,39.85,39.86,12.33,-0.99,-1.091,-1.097,-1.032,-1.073,-1.052,-0.945,-0.98,-1.05,-1.079,-1.014,-1.028,-1.042,-0.941,-0.982,-1.061,-1.081,-1.02,-1.028,-1.018,-0.935,-0.98,-1.069,-1.056,-1.012,-1.05,-0.998,-0.933,0,0
"2019-04-16 09:08:40.0",787901,-9999,89.3,-20.67,-20.67,-0.353,-9999,-9999,12.0439,39.85,39.86,12.33,-0.994,-1.085,-1.095,-1.034,-1.05,-1.056,-0.931,-0.988,-1.032,-1.052,-0.996,-1.028,-1.008,-0.931,-0.986,-1.067,-1.101,-1.012,-1.026,-1.03,-0.903,-0.982,-1.05,-1.099,-1.012,-1.036,-1.014,-0.891,0,700
"2019-04-16 09:09:00.0",787902,-9999,89.4,-20.6,-20.6,-0.352,-9999,-9999,12.044,39.84,39.89,12.3,-0.996,-1.073,-1.101,-1.032,-1.044,-1.036,-0.907,-0.984,-1.067,-1.054,-1.018,-1.032,-1.016,-0.899,-0.984,-1.05,-1.067,-1.014,-1.032,-1.006,-0.941,-0.98,-1.036,-1.103,-1.012,-1.028,-1.004,-0.891,0,0
"2019-04-16 09:09:20.0",787903,-9999,89.4,-20.53,-20.53,-0.351,-9999,-9999,12.044,39.84,39.87,12.3,-0.992,-1.044,-1.091,-1.026,-1.038,-1.01,-0.921,-0.986,-1.073,-1.052,-1.008,-1.032,-1.02,-0.933,-0.982,-1.032,-1.091,-1.014,-1.034,-1,-0.941,-0.98,-1.067,-1.099,-0.998,-1.034,-1.036,-0.935,0,0
"2019-04-16 09:09:40.0",787904,-9999,89.5,-20.46,-20.46,-0.35,-9999,-9999,12.044,39.84,39.9,12.3,-1,-1.083,-1.115,-1.05,-1.048,-1.061,-0.941,-0.984,-1.042,-1.077,-1.012,-1.03,-1.006,-0.947,-0.982,-1.077,-1.097,-1.018,-1.061,-1.022,-0.939,-0.978,-1.063,-1.087,-1,-1.022,-1.016,-0.929,0,0
"2019-04-16 09:10:00.0",787905,-9999,89.5,-20.39,-20.39,-0.348,-9999,-9999,12.044,39.84,39.87,12.3,-0.998,-1.04,-1.093,-1.028,-1.046,-1.028,-0.905,-0.982,-1.061,-1.067,-1.014,-1.036,-1.046,-0.911,-0.98,-1.042,-1.111,-1.016,-1.034,-1.028,-0.909,-0.984,-1.073,-1.105,-1.022,-1.038,-1.026,-0.909,0,0
"2019-04-16 09:10:20.0",787906,-9999,89.5,-20.32,-20.32,-0.347,-9999,-9999,12.044,39.84,39.87,12.3,-0.992,-1.069,-1.097,-1.032,-1.048,-1.036,-0.949,-0.98,-1.069,-1.093,-1.018,-1.028,-1.022,-0.933,-0.982,-1.063,-1.077,-1.012,-1.032,-1.016,-0.939,-0.982,-1.036,-1.077,-1.012,-1.034,-1.036,-0.929,0,700
"2019-04-16 09:10:40.0",787907,-9999,89.6,-20.25,-20.25,-0.346,-9999,-9999,12.0436,39.84,39.89,12.3,-0.992,-1.085,-1.105,-1.022,-1.036,-1.03,-0.905,-0.98,-1.073,-1.065,-1.02,-1.042,-1.03,-0.925,-0.988,-1.061,-1.089,-1.022,-1.032,-1.012,-0.909,-0.982,-1.038,-1.101,-1.01,-1.036,-1.048,-0.897,0,0
"2019-04-16 09:11:00.0",787908,-9999,89.6,-20.18,-20.18,-0.345,-9999,-9999,12.0436,39.84,39.87,12.3,-0.992,-1.099,-1.099,-1.034,-1.05,-1.02,-0.911,-0.98,-1.036,-1.079,-1.014,-1.03,-1.036,-0.945,-0.988,-1.065,-1.083,-1.03,-1.038,-1.02,-0.941,-0.978,-1.046,-1.091,-1.018,-1.036,-1.006,-0.937,0,0
"2019-04-16 09:11:20.0",787909,-9999,89.7,-20.11,-20.11,-0.344,-9999,-9999,12.0436,39.84,39.87,12.3,-0.992,-1.091,-1.093,-1.032,-1.05,-1.036,-0.915,-0.978,-1.038,-1.087,-1.024,-1.036,-1.012,-0.951,-0.98,-1.077,-1.065,-1.026,-1.036,-1.032,-0.927,-0.98,-1.058,-1.065,-1.022,-1.034,-1.016,-0.913,0,0
"2019-04-16 09:11:40.0",787910,-9999,89.7,-20.03,-20.03,-0.343,-9999,-9999,12.0436,39.84,39.89,12.28,-0.992,-1.042,-1.089,-1.028,-1.044,-1.028,-0.937,-0.98,-1.063,-1.056,-1.018,-1.036,-1.048,-0.923,-0.982,-1.067,-1.079,-1.018,-1.04,-1.022,-0.943,-0.978,-1.079,-1.105,-1.018,-1.036,-1.01,-0.939,0,0
"2019-04-16 09:12:00.0",787911,-9999,89.8,-19.96,-19.96,-0.341,-9999,-9999,12.0436,39.84,39.89,12.28,-0.994,-1.063,-1.123,-1.032,-1.052,-1.042,-0.915,-0.98,-1.071,-1.075,-1.018,-1.032,-1.018,-0.913,-0.982,-1.042,-1.065,-1.02,-1.04,-1.018,-0.905,-0.982,-1.077,-1.089,-1.02,-1.04,-1.008,-0.899,0,700
"2019-04-16 09:12:20.0",787912,-9999,89.8,-19.89,-19.89,-0.34,-9999,-9999,12.0382,39.84,39.87,12.28,-0.99,-1.073,-1.099,-1.028,-1.048,-1.03,-0.929,-0.978,-1.067,-1.091,-1.018,-1.024,-1.014,-0.937,-0.982,-1.042,-1.077,-1.018,-1.028,-0.998,-0.915,-0.98,-1.071,-1.075,-1.014,-1.028,-1.034,-0.911,0,0
"2019-04-16 09:12:40.0",787913,-9999,89.9,-19.82,-19.82,-0.339,-9999,-9999,12.0438,39.84,39.87,12.28,-0.998,-1.067,-1.095,-1.032,-1.046,-1.034,-0.953,-0.982,-1.061,-1.054,-1.012,-1.026,-1.002,-0.909,-0.982,-1.034,-1.099,-1.01,-1.036,-1.014,-0.903,-0.978,-1.03,-1.107,-1.014,-1.03,-1.016,-0.901,0,0
"2019-04-16 09:13:00.0",787914,-9999,89.9,-19.75,-19.75,-0.338,-9999,-9999,12.0438,39.84,39.87,12.26,-0.994,-1.083,-1.095,-1.03,-1.04,-1.012,-0.949,-0.982,-1.032,-1.101,-1.016,-1.016,-1.014,-0.913,-0.984,-1.046,-1.077,-1.014,-1.032,-1.032,-0.903,-0.982,-1.036,-1.073,-1.016,-1.034,-1.02,-0.907,0,0
"2019-04-16 09:13:20.0",787915,-9999,89.9,-19.68,-19.68,-0.337,-9999,-9999,12.0438,39.84,39.87,12.26,-0.992,-1.03,-1.109,-1.03,-1.04,-1.018,-0.941,-0.982,-1.034,-1.081,-1.016,-1.034,-1.026,-0.909,-0.982,-1.075,-1.103,-1.016,-1.034,-1.01,-0.909,-0.982,-1.054,-1.079,-1.022,-1.034,-1.04,-0.901,0,0
"2019-04-16 09:13:40.0",787916,-9999,90,-19.61,-19.61,-0.336,-9999,-9999,12.0438,39.84,39.87,12.26,-0.992,-1.056,-1.095,-1.024,-1.038,-1.05,-0.943,-0.982,-1.075,-1.083,-1.01,-1.032,-1.004,-0.943,-0.984,-1.038,-1.101,-1.016,-1.036,-1.042,-0.935,-0.982,-1.077,-1.079,-1.016,-1.038,-1.018,-0.935,0,700
"2019-04-16 09:14:00.0",787917,-9999,90,-19.54,-19.54,-0.334,-9999,-9999,12.0439,39.84,39.87,12.26,-0.99,-1.063,-1.085,-1.026,-1.046,-1.024,-0.905,-0.982,-1.063,-1.099,-1.016,-1.036,-1.044,-0.903,-0.982,-1.022,-1.087,-1.016,-1.034,-1.016,-0.905,-0.978,-1.065,-1.083,-1.014,-1.03,-1.002,-0.893,0,0
"2019-04-16 09:14:20.0",787918,-9999,90.1,-19.47,-19.47,-0.333,-9999,-9999,12.0383,39.84,39.87,12.23,-0.994,-1.085,-1.085,-1.02,-1.042,-1.026,-0.909,-0.982,-1.067,-1.075,-1.012,-1.032,-1.018,-0.905,-0.984,-1.026,-1.059,-1.016,-1.03,-1.034,-0.897,-0.98,-1.069,-1.052,-1.012,-1.03,-1.01,-0.893,0,0
"2019-04-16 09:14:40.0",787919,-9999,90.1,-19.4,-19.4,-0.332,-9999,-9999,12.0439,39.84,39.87,12.23,-0.994,-1.052,-1.095,-1.03,-1.048,-1.034,-0.925,-0.986,-1.05,-1.056,-1.014,-1.052,-1.018,-0.933,-0.982,-1.034,-1.079,-1.016,-1.03,-1.014,-0.929,-0.986,-1.069,-1.071,-1.014,-1.028,-1.012,-0.911,0,0
"2019-04-16 09:15:00.0",787920,-9999,90.2,-19.33,-19.33,-0.331,-9999,-9999,12.0439,39.84,39.87,12.23,-0.99,-1.063,-1.111,-1.026,-1.044,-1.008,-0.905,-0.984,-1.075,-1.089,-1.02,-1.061,-1.038,-0.929,-0.982,-1.054,-1.087,-1.026,-1.034,-1.028,-0.905,-0.984,-1.079,-1.091,-1.022,-1.036,-1.008,-0.893,0,0
"2019-04-16 09:15:20.0",787921,-9999,90.2,-19.26,-19.26,-0.33,-9999,-9999,12.0439,39.84,39.88,12.23,-0.996,-1.075,-1.099,-1.034,-1.034,-1.036,-0.959,-0.984,-1.034,-1.079,-1.018,-1.036,-1.018,-0.931,-0.982,-1.059,-1.085,-1.026,-1.038,-1.006,-0.935,-0.984,-1.038,-1.093,-1.022,-1.042,-1.044,-0.927,0,700
"2019-04-16 09:15:40.0",787922,-9999,90.3,-19.19,-19.19,-0.329,-9999,-9999,12.0435,39.85,39.87,12.23,-0.988,-1.079,-1.091,-1.024,-1.063,-1.026,-0.905,-0.978,-1.071,-1.052,-1.014,-1.022,-1.04,-0.925,-0.982,-1.048,-1.095,-1.012,-1.03,-1.016,-0.923,-0.98,-1.028,-1.069,-1.014,-1.028,-0.998,-0.917,0,0
"2019-04-16 09:16:00.0",787923,-9999,90.3,-19.12,-19.12,-0.328,-9999,-9999,12.038,39.85,39.87,12.23,-0.994,-1.077,-1.095,-1.028,-1.048,-1.03,-0.927,-0.98,-1.03,-1.083,-1.016,-1.03,-1.042,-0.907,-0.978,-1.05,-1.083,-1.016,-1.03,-1.018,-0.903,-0.982,-1.036,-1.056,-1.016,-1.059,-1.004,-0.901,0,0
"2019-04-16 09:16:20.0",787924,-9999,90.3,-19.05,-19.05,-0.326,-9999,-9999,12.0435,39.85,39.87,12.21,-0.994,-1.073,-1.107,-1.022,-1.048,-1.022,-0.913,-0.984,-1.079,-1.083,-1.018,-1.038,-1.018,-0.947,-0.982,-1.065,-1.065,-1.022,-1.044,-1.026,-0.941,-0.978,-1.04,-1.065,-1.02,-1.038,-1.026,-0.939,0,0
"2019-04-16 09:16:40.0",787925,-9999,90.4,-18.98,-18.98,-0.325,-9999,-9999,12.0435,39.85,39.88,12.21,-0.994,-1.089,-1.087,-1.028,-1.046,-1.032,-0.947,-0.978,-1.065,-1.105,-1.02,-1.038,-1.04,-0.925,-0.982,-1.028,-1.079,-1.022,-1.032,-1.018,-0.899,-0.98,-1.028,-1.079,-1.012,-1.028,-0.998,-0.915,0,0
"2019-04-16 09:17:00.0",787926,-9999,90.4,-18.91,-18.91,-0.324,-9999,-9999,12.0435,39.85,39.87,12.21,-0.994,-1.085,-1.095,-1.028,-1.048,-1.034,-0.945,-0.982,-1.024,-1.071,-1.014,-1.034,-1.02,-0.937,-0.982,-1.05,-1.061,-1.018,-1.03,-1.002,-0.947,-0.984,-1.032,-1.056,-1.016,-1.03,-1.036,-0.935,0,700
"2019-04-16 09:17:20.0",787927,-9999,90.5,-18.84,-18.84,-0.323,-9999,-9999,12.0493,39.85,39.87,12.21,-0.994,-1.085,-1.105,-1.038,-1.046,-1.036,-0.935,-0.982,-1.073,-1.079,-1.018,-1.054,-1.042,-0.907,-0.982,-1.054,-1.075,-1.014,-1.03,-1.004,-0.937,-0.984,-1.028,-1.081,-1.012,-1.024,-1,-0.895,0,0
"2019-04-16 09:17:40.0",787928,-9999,90.5,-18.76,-18.76,-0.322,-9999,-9999,12.0437,39.85,39.87,12.21,-0.994,-1.091,-1.091,-1.03,-1.05,-1.026,-0.905,-0.982,-1.075,-1.065,-1.018,-1.03,-1.026,-0.937,-0.992,-1.056,-1.089,-1.018,-1.042,-1.01,-0.909,-0.984,-1.077,-1.105,-1.022,-1.032,-1.02,-0.905,0,0
"2019-04-16 09:18:00.0",787929,-9999,90.6,-18.69,-18.69,-0.321,-9999,-9999,12.0493,39.85,39.87,12.21,-0.996,-1.075,-1.083,-1.036,-1.054,-1.034,-0.921,-0.982,-1.059,-1.107,-1.024,-1.038,-1.03,-0.947,-0.984,-1.04,-1.091,-1.022,-1.032,-1.008,-0.927,-0.986,-1.069,-1.083,-1.02,-1.042,-1.044,-0.919,0,0
"2019-04-16 09:18:20.0",787930,-9999,90.6,-18.62,-18.62,-0.319,-9999,-9999,12.0437,39.85,39.87,12.21,-0.994,-1.073,-1.087,-1.026,-1.046,-1.032,-0.909,-0.978,-1.069,-1.056,-1.018,-1.026,-1.042,-0.925,-0.988,-1.032,-1.079,-1.014,-1.036,-1.012,-0.921,-0.984,-1.075,-1.091,-1.01,-1.03,-0.998,-0.913,0,0
"2019-04-16 09:18:40.0",787931,-9999,90.7,-18.55,-18.55,-0.318,-9999,-9999,12.0437,39.85,39.88,12.19,-0.994,-1.093,-1.099,-1.032,-1.044,-1.061,-0.939,-0.986,-1.056,-1.089,-1.024,-1.044,-1.034,-0.905,-0.986,-1.04,-1.093,-1.026,-1.034,-1.022,-0.909,-0.982,-1.079,-1.069,-1.024,-1.038,-1.008,-0.895,0,700
"2019-04-16 09:19:00.0",787932,-9999,90.7,-18.48,-18.48,-0.317,-9999,-9999,12.0434,39.85,39.87,12.19,-0.994,-1.087,-1.063,-1.028,-1.046,-1.052,-0.917,-0.982,-1.052,-1.083,-1.012,-1.026,-1.022,-0.943,-0.984,-1.038,-1.097,-1.016,-1.034,-1.034,-0.937,-0.98,-1.067,-1.097,-1.016,-1.028,-1.004,-0.931,0,0
"2019-04-16 09:19:20.0",787933,-9999,90.7,-18.41,-18.41,-0.316,-9999,-9999,12.0434,39.85,39.87,12.19,-1,-1.063,-1.091,-1.028,-1.073,-1.018,-0.911,-0.984,-1.069,-1.099,-1.012,-1.03,-1.006,-0.903,-0.986,-1.03,-1.085,-1.018,-1.032,-1.02,-0.937,-0.984,-1.036,-1.083,-1.018,-1.032,-1.022,-0.899,0,0
"2019-04-16 09:19:40.0",787934,-9999,90.8,-18.34,-18.34,-0.315,-9999,-9999,12.0434,39.85,39.87,12.19,-0.998,-1.071,-1.113,-1.03,-1.052,-1.054,-0.953,-0.984,-1.038,-1.081,-1.02,-1.03,-1.02,-0.953,-0.988,-1.075,-1.083,-1.018,-1.034,-1,-0.941,-0.982,-1.052,-1.081,-1.012,-1.03,-1.012,-0.937,0,0
"2019-04-16 09:20:00.0",787935,-9999,90.8,-18.27,-18.27,-0.314,-9999,-9999,12.0378,39.85,39.87,12.16,-0.994,-1.067,-1.103,-1.034,-1.042,-1.02,-0.951,-0.984,-1.03,-1.083,-1.008,-1.03,-1.028,-0.939,-0.986,-1.052,-1.071,-1.02,-1.034,-1.018,-0.917,-0.982,-1.036,-1.087,-1.022,-1.032,-1.008,-0.933,0,0
"2019-04-16 09:20:20.0",787936,-9999,90.9,-18.2,-18.2,-0.312,-9999,-9999,12.049,39.85,39.87,12.16,-0.998,-1.069,-1.083,-1.03,-1.048,-1.03,-0.929,-0.984,-1.032,-1.097,-1.018,-1.038,-1.026,-0.945,-0.986,-1.079,-1.087,-1.02,-1.056,-1.01,-0.943,-0.984,-1.063,-1.087,-1.018,-1.038,-1.024,-0.933,0,700
"2019-04-16 09:20:40.0",787937,-9999,90.9,-18.13,-18.13,-0.311,-9999,-9999,12.0436,39.85,39.9,12.16,-0.994,-1.079,-1.071,-1.026,-1.044,-1.03,-0.943,-0.986,-1.073,-1.109,-1.024,-1.046,-1.028,-0.957,-0.986,-1.044,-1.091,-1.022,-1.04,-1.024,-0.941,-0.982,-1.05,-1.087,-1.026,-1.044,-1.028,-0.909,0,0
"2019-04-16 09:21:00.0",787938,-9999,91,-18.06,-18.06,-0.31,-9999,-9999,12.0436,39.85,39.87,12.16,-0.994,-1.097,-1.115,-1.032,-1.052,-1.042,-0.927,-0.982,-1.038,-1.087,-1.02,-1.036,-1.05,-0.941,-0.988,-1.083,-1.093,-1.03,-1.04,-1.026,-0.949,-0.986,-1.083,-1.085,-1.038,-1.04,-1.022,-0.943,0,0
"2019-04-16 09:21:20.0",787939,-9999,91,-17.99,-17.99,-0.309,-9999,-9999,12.0436,39.85,39.87,12.16,-0.994,-1.059,-1.115,-1.032,-1.048,-1.022,-0.953,-0.982,-1.075,-1.089,-1.022,-1.034,-1.026,-0.945,-0.984,-1.05,-1.111,-1.022,-1.04,-1.022,-0.933,-0.986,-1.044,-1.113,-1.026,-1.036,-1.01,-0.937,0,0
"2019-04-16 09:21:40.0",787940,-9999,91,-17.92,-17.92,-0.308,-9999,-9999,12.0436,39.85,39.87,12.16,-0.998,-1.093,-1.103,-1.036,-1.052,-1.056,-0.945,-0.982,-1.083,-1.087,-1.018,-1.038,-1.046,-0.941,-0.988,-1.038,-1.089,-1.022,-1.04,-1.02,-0.945,-0.982,-1.038,-1.059,-1.018,-1.034,-1.002,-0.933,0,0
"2019-04-16 09:22:00.0",787941,-9999,91.1,-17.85,-17.85,-0.306,-9999,-9999,12.0436,39.85,39.87,12.14,-0.998,-1.069,-1.103,-1.034,-1.054,-1.059,-0.915,-0.984,-1.028,-1.079,-1.014,-1.034,-1.044,-0.933,-0.984,-1.077,-1.099,-1.02,-1.042,-1.022,-0.899,-0.988,-1.067,-1.095,-1.016,-1.032,-1.002,-0.923,0,700
"2019-04-16 09:22:20.0",787942,-9999,91.1,-17.78,-17.78,-0.305,-9999,-9999,12.0433,39.85,39.88,12.14,-0.992,-1.05,-1.123,-1.034,-1.048,-1.036,-0.933,-0.982,-1.038,-1.097,-1.014,-1.034,-1.018,-0.907,-0.984,-1.067,-1.083,-1.018,-1.032,-1.024,-0.903,-0.986,-1.05,-1.083,-1.014,-1.036,-1.016,-0.889,0,0
"2019-04-16 09:22:40.0",787943,-9999,91.2,-17.71,-17.71,-0.304,-9999,-9999,12.0433,39.85,39.89,12.14,-0.998,-1.054,-1.089,-1.026,-1.026,-1.032,-0.945,-0.982,-1.044,-1.109,-1.022,-1.038,-1.032,-0.913,-0.982,-1.075,-1.089,-1.024,-1.04,-1.026,-0.913,-0.986,-1.081,-1.093,-1.02,-1.038,-1.026,-0.909,0,0
"2019-04-16 09:23:00.0",787944,-9999,91.2,-17.64,-17.64,-0.303,-9999,-9999,12.0433,39.85,39.88,12.14,-0.998,-1.075,-1.097,-1.03,-1.05,-1.032,-0.933,-0.982,-1.028,-1.083,-1.016,-1.032,-1.026,-0.907,-0.984,-1.079,-1.089,-1.02,-1.036,-1.006,-0.907,-0.982,-1.069,-1.091,-1.022,-1.032,-1.036,-0.899,0,0
"2019-04-16 09:23:20.0",787945,-9999,91.3,-17.57,-17.57,-0.302,-9999,-9999,12.0433,39.85,39.88,12.12,-0.996,-1.048,-1.065,-1.032,-1.046,-1.022,-0.909,-0.98,-1.038,-1.071,-1.024,-1.038,-1.03,-0.919,-0.982,-1.083,-1.089,-1.024,-1.042,-1.026,-0.911,-0.986,-1.065,-1.087,-1.03,-1.04,-1.012,-0.909,0,0
"2019-04-16 09:23:40.0",787946,-9999,91.3,-17.5,-17.5,-0.301,-9999,-9999,12.0433,39.85,39.89,12.12,-0.998,-1.095,-1.097,-1.032,-1.05,-1.036,-0.907,-0.986,-1.065,-1.079,-1.016,-1.028,-1.018,-0.949,-0.988,-1.052,-1.075,-1.018,-1.014,-1.012,-0.933,-0.98,-1.03,-1.077,-1.016,-1.038,-1.036,-0.933,0,700
"2019-04-16 09:24:00.0",787947,-9999,91.4,-17.42,-17.42,-0.299,-9999,-9999,12.0379,39.85,39.87,12.12,-0.992,-1.083,-1.101,-1.028,-1.046,-1.05,-0.915,-0.984,-1.05,-1.095,-1.012,-1.034,-1.004,-0.909,-0.984,-1.024,-1.081,-1.022,-1.032,-1.036,-0.905,-0.986,-1.067,-1.083,-1.02,-1.036,-1.024,-0.897,0,0
"2019-04-16 09:24:20.0",787948,-9999,91.4,-17.35,-17.35,-0.298,-9999,-9999,12.0435,39.85,39.87,12.12,-0.998,-1.069,-1.093,-1.03,-1.05,-1.034,-0.949,-0.982,-1.04,-1.085,-1.02,-1.03,-1.03,-0.943,-0.988,-1.083,-1.087,-1.028,-1.038,-1.012,-0.947,-0.984,-1.077,-1.077,-1.02,-1.036,-1.02,-0.933,0,0
"2019-04-16 09:24:40.0",787949,-9999,91.4,-17.28,-17.28,-0.297,-9999,-9999,12.0435,39.85,39.87,12.12,-0.992,-1.065,-1.113,-1.032,-1.044,-1.048,-0.933,-0.982,-1.04,-1.097,-1.018,-1.032,-1.022,-0.913,-0.986,-1.075,-1.081,-1.018,-1.036,-1.018,-0.943,-0.982,-1.073,-1.077,-1.012,-1.034,-1.038,-0.929,0,0
"2019-04-16 09:25:00.0",787950,-9999,91.5,-17.21,-17.21,-0.296,-9999,-9999,12.0435,39.85,39.87,12.12,-0.996,-1.044,-1.091,-1.028,-1.05,-1.046,-0.913,-0.982,-1.04,-1.083,-1.022,-1.036,-1.02,-0.905,-0.98,-1.071,-1.105,-1.022,-1.03,-1.014,-0.913,-0.982,-1.056,-1.089,-1.026,-1.061,-1.04,-0.897,0,0
"2019-04-16 09:25:20.0",787951,-9999,91.5,-17.14,-17.14,-0.295,-9999,-9999,12.0435,39.85,39.87,12.12,-0.998,-1.044,-1.115,-1.028,-1.044,-1.018,-0.943,-0.986,-1.077,-1.085,-1.018,-1.034,-1.052,-0.939,-0.982,-1.048,-1.109,-1.026,-1.02,-1.024,-0.941,-0.986,-1.046,-1.101,-1.03,-1.038,-1.012,-0.925,0,700
"2019-04-16 09:25:40.0",787952,-9999,91.6,-17.07,-17.07,-0.294,-9999,-9999,12.0437,39.85,39.87,12.09,-0.996,-1.038,-1.093,-1.026,-1.046,-1.018,-0.905,-0.982,-1.075,-1.079,-1.014,-1.032,-1.022,-0.947,-0.986,-1.026,-1.091,-1.018,-1.04,-1.008,-0.931,-0.978,-1.04,-1.081,-1.02,-1.034,-1.042,-0.931,0,0
"2019-04-16 09:26:00.0",787953,-9999,91.6,-17,-17,-0.292,-9999,-9999,12.0437,39.85,39.87,12.09,-1,-1.073,-1.107,-1.028,-1.04,-1.034,-0.941,-0.986,-1.034,-1.059,-1.032,-1.026,-1.018,-0.937,-0.986,-1.079,-1.087,-1.028,-1.036,-1.022,-0.933,-0.984,-1.081,-1.089,-1.022,-1.032,-1.026,-0.929,0,0
"2019-04-16 09:26:20.0",787954,-9999,91.7,-16.93,-16.93,-0.291,-9999,-9999,12.0437,39.85,39.87,12.09,-0.998,-1.065,-1.099,-1.036,-1.063,-1.061,-0.935,-0.986,-1.036,-1.081,-1.016,-1.034,-1.018,-0.945,-0.988,-1.077,-1.083,-1.018,-1.036,-1.036,-0.919,-0.984,-1.05,-1.085,-1.014,-1.036,-1.002,-0.929,0,0
"2019-04-16 09:26:40.0",787955,-9999,91.7,-16.86,-16.86,-0.29,-9999,-9999,12.0437,39.85,39.87,12.09,-0.998,-1.052,-1.113,-1.03,-1.05,-1.018,-0.915,-0.988,-1.038,-1.113,-1.026,-1.042,-1.022,-0.913,-0.988,-1.089,-1.095,-1.032,-1.034,-1.054,-0.947,-0.988,-1.083,-1.085,-1.024,-1.04,-1.024,-0.901,0,0
"2019-04-16 09:27:00.0",787956,-9999,91.8,-16.79,-16.79,-0.289,-9999,-9999,12.0548,39.85,39.87,12.09,-0.998,-1.091,-1.103,-1.032,-1.05,-1.034,-0.931,-0.986,-1.077,-1.113,-1.024,-1.03,-1.048,-0.929,-0.986,-1.042,-1.097,-1.028,-1.042,-1.03,-0.927,-0.99,-1.046,-1.093,-1.026,-1.042,-1.024,-0.919,0,700
"2019-04-16 09:27:20.0",787957,-9999,91.8,-16.72,-16.72,-0.288,-9999,-9999,12.0382,39.85,39.87,12.09,-0.994,-1.089,-1.095,-1.034,-1.05,-1.038,-0.947,-0.986,-1.075,-1.085,-1.018,-1.036,-1.024,-0.901,-0.986,-1.03,-1.091,-1.022,-1.048,-1.01,-0.933,-0.986,-1.04,-1.093,-1.024,-1.02,-1.038,-0.933,0,0
"2019-04-16 09:27:40.0",787958,-9999,91.8,-16.65,-16.65,-0.287,-9999,-9999,12.0438,39.85,39.87,12.07,-0.992,-1.048,-1.093,-1.028,-1.048,-1.024,-0.939,-0.986,-1.04,-1.089,-1.022,-1.065,-1.016,-0.921,-0.986,-1.081,-1.091,-1.024,-1.042,-1.046,-0.917,-0.986,-1.063,-1.085,-1.016,-1.036,-1.02,-0.895,0,0
"2019-04-16 09:28:00.0",787959,-9999,91.9,-16.58,-16.58,-0.285,-9999,-9999,12.0382,39.85,39.87,12.07,-0.998,-1.067,-1.085,-1.036,-1.059,-1.054,-0.935,-0.984,-1.069,-1.081,-1.014,-1.03,-1.044,-0.939,-0.988,-1.061,-1.065,-1.018,-1.032,-1.014,-0.939,-0.984,-1.026,-1.085,-1.012,-1.059,-0.998,-0.927,0,0
"2019-04-16 09:28:20.0",787960,-9999,91.9,-16.51,-16.51,-0.284,-9999,-9999,12.0438,39.85,39.87,12.07,-1,-1.083,-1.069,-1.048,-1.044,-1.022,-0.925,-0.986,-1.083,-1.093,-1.024,-1.04,-1.054,-0.935,-0.984,-1.046,-1.079,-1.024,-1.061,-1.032,-0.911,-0.982,-1.042,-1.081,-1.024,-1.022,-1.026,-0.925,0,0
"2019-04-16 09:28:40.0",787961,-9999,92,-16.44,-16.44,-0.283,-9999,-9999,12.0438,39.85,39.9,12.07,-0.996,-1.044,-1.121,-1.034,-1.052,-1.038,-0.925,-0.984,-1.081,-1.083,-1.024,-1.036,-1.034,-0.911,-0.984,-1.057,-1.113,-1.026,-1.026,-1.016,-0.949,-0.982,-1.038,-1.107,-1.024,-1.04,-1.044,-0.905,0,700
"2019-04-16 09:29:00.0",787962,-9999,92,-16.37,-16.37,-0.282,-9999,-9999,12.0439,39.85,39.88,12.07,-0.996,-1.05,-1.079,-1.032,-1.042,-1.022,-0.951,-0.984,-1.034,-1.081,-1.018,-1.02,-1.006,-0.931,-0.986,-1.071,-1.081,-1.02,-1.034,-1.046,-0.923,-0.982,-1.071,-1.085,-1.022,-1.036,-1.014,-0.915,0,0
"2019-04-16 09:29:20.0",787963,-9999,92.1,-16.3,-16.3,-0.281,-9999,-9999,12.0439,39.85,39.87,12.07,-0.994,-1.063,-1.119,-1.038,-1.048,-1.034,-0.943,-0.984,-1.059,-1.063,-1.02,-1.032,-1.024,-0.949,-0.986,-1.046,-1.085,-1.03,-1.036,-1.014,-0.941,-0.986,-1.077,-1.079,-1.016,-1.032,-1.02,-0.905,0,0
"2019-04-16 09:29:40.0",787964,-9999,92.1,-16.23,-16.23,-0.279,-9999,-9999,12.0439,39.85,39.87,12.05,-0.998,-1.099,-1.121,-1.036,-1.048,-1.022,-0.947,-0.984,-1.071,-1.065,-1.02,-1.026,-1.012,-0.951,-0.986,-1.075,-1.095,-1.022,-1.04,-1.046,-0.945,-0.984,-1.057,-1.069,-1.022,-1.038,-1.026,-0.905,0,0
"2019-04-16 09:30:00.0",787965,-9999,92.1,-16.16,-16.16,-0.278,-9999,-9999,12.0439,39.85,39.88,12.05,-0.998,-1.089,-1.073,-1.028,-1.05,-1.054,-0.921,-0.982,-1.073,-1.085,-1.016,-1.036,-1.022,-0.933,-0.986,-1.04,-1.067,-1.02,-1.036,-1.02,-0.923,-0.982,-1.038,-1.065,-1.022,-1.034,-1.042,-0.921,0,0
"2019-04-16 09:30:20.0",787966,-9999,92.2,-16.08,-16.08,-0.277,-9999,-9999,12.0439,39.85,39.87,12.05,-0.996,-1.089,-1.101,-1.028,-1.046,-1.014,-0.927,-0.992,-1.077,-1.071,-1.024,-1.024,-1.018,-0.949,-0.994,-1.069,-1.081,-1.018,-1.04,-1.04,-0.939,-0.986,-1.032,-1.081,-1.018,-1.036,-1.008,-0.931,0,700
"2019-04-16 09:30:40.0",787967,-9999,92.2,-16.01,-16.01,-0.276,-9999,-9999,12.0495,39.85,39.88,12.05,-1,-1.059,-1.105,-1.026,-1.048,-1.034,-0.949,-0.986,-1.038,-1.089,-1.018,-1.034,-1.022,-0.915,-0.984,-1.085,-1.081,-1.022,-1.034,-1.004,-0.903,-0.98,-1.061,-1.083,-1.022,-1.038,-1.02,-0.897,0,0
"2019-04-16 09:31:00.0",787968,-9999,92.3,-15.94,-15.94,-0.275,-9999,-9999,12.0384,39.85,39.87,12.05,-0.992,-1.044,-1.117,-1.032,-1.05,-1.038,-0.921,-0.986,-1.048,-1.091,-1.026,-1.04,-1.014,-0.935,-0.988,-1.089,-1.109,-1.018,-1.046,-1.028,-0.929,-0.986,-1.059,-1.105,-1.018,-1.036,-1.026,-0.921,0,0
"2019-04-16 09:31:20.0",787969,-9999,92.3,-15.87,-15.87,-0.274,-9999,-9999,12.044,39.85,39.87,12.02,-0.992,-1.079,-1.111,-1.038,-1.046,-1.016,-0.949,-0.988,-1.036,-1.085,-1.026,-1.04,-1.034,-0.921,-0.988,-1.081,-1.113,-1.022,-1.04,-1.008,-0.903,-0.996,-1.081,-1.107,-1.018,-1.048,-1.042,-0.923,0,0
"2019-04-16 09:31:40.0",787970,-9999,92.4,-15.8,-15.8,-0.272,-9999,-9999,12.044,39.85,39.88,12.02,-0.998,-1.073,-1.115,-1.034,-1.052,-1.042,-0.951,-0.984,-1.042,-1.091,-1.018,-1.038,-1.026,-0.953,-0.986,-1.083,-1.111,-1.022,-1.061,-1.004,-0.943,-0.986,-1.077,-1.107,-1.022,-1.02,-1.02,-0.943,0,0
"2019-04-16 09:32:00.0",787971,-9999,92.4,-15.73,-15.73,-0.271,-9999,-9999,12.044,39.85,39.87,12.02,-0.998,-1.067,-1.111,-1.028,-1.05,-1.028,-0.923,-0.986,-1.05,-1.073,-1.04,-1.044,-1.02,-0.941,-0.988,-1.083,-1.093,-1.026,-1.044,-1.042,-0.937,-0.988,-1.069,-1.095,-1.034,-1.036,-1.03,-0.933,0,700
"2019-04-16 09:32:20.0",787972,-9999,92.4,-15.66,-15.66,-0.27,-9999,-9999,12.044,39.85,39.87,12.02,-0.994,-1.054,-1.085,-1.022,-1.044,-1.032,-0.913,-0.984,-1.065,-1.087,-1.016,-1.032,-1.022,-0.907,-0.988,-1.038,-1.059,-1.018,-1.034,-1.022,-0.901,-0.986,-1.034,-1.063,-1.028,-1.032,-1.02,-0.895,0,0
"2019-04-16 09:32:40.0",787973,-9999,92.5,-15.59,-15.59,-0.269,-9999,-9999,12.044,39.85,39.87,12.02,-0.996,-1.085,-1.115,-1.028,-1.042,-1.02,-0.901,-0.986,-1.057,-1.085,-1.018,-1.036,-1.022,-0.915,-0.984,-1.036,-1.069,-1.02,-1.036,-1.022,-0.897,-0.982,-1.063,-1.067,-1.024,-1.018,-1.018,-0.925,0,0
"2019-04-16 09:33:00.0",787974,-9999,92.5,-15.52,-15.52,-0.268,-9999,-9999,12.044,39.85,39.88,12.02,-0.998,-1.075,-1.079,-1.036,-1.054,-1.059,-0.957,-0.986,-1.061,-1.089,-1.022,-1.046,-1.03,-0.927,-0.986,-1.048,-1.069,-1.026,-1.038,-1.03,-0.921,-0.99,-1.073,-1.065,-1.018,-1.036,-1.024,-0.897,0,0
"2019-04-16 09:33:20.0",787975,-9999,92.6,-15.45,-15.45,-0.266,-9999,-9999,12.044,39.85,39.88,12.02,-0.99,-1.085,-1.099,-1.03,-1.046,-1.034,-0.943,-0.986,-1.075,-1.099,-1.024,-1.036,-1.03,-0.917,-0.986,-1.065,-1.107,-1.024,-1.022,-1.018,-0.923,-0.986,-1.036,-1.087,-1.02,-1.042,-1.026,-0.913,0,0
"2019-04-16 09:33:40.0",787976,-9999,92.6,-15.38,-15.38,-0.265,-9999,-9999,12.044,39.85,39.87,12,-0.996,-1.073,-1.073,-1.032,-1.05,-1.016,-0.957,-0.986,-1.054,-1.079,-1.016,-1.036,-1.024,-0.943,-0.984,-1.044,-1.083,-1.022,-1.032,-1.018,-0.941,-0.984,-1.067,-1.079,-1.016,-1.034,-1.004,-0.893,0,700
"2019-04-16 09:34:00.0",787977,-9999,92.7,-15.31,-15.31,-0.264,-9999,-9999,12.0385,39.85,39.89,12,-0.996,-1.089,-1.101,-1.036,-1.05,-1.032,-0.927,-0.984,-1.073,-1.109,-1.026,-1.044,-1.044,-0.945,-0.988,-1.061,-1.091,-1.028,-1.04,-1.022,-0.941,-0.984,-1.026,-1.113,-1.022,-1.03,-1.04,-0.929,0,0
"2019-04-16 09:34:20.0",787978,-9999,92.7,-15.24,-15.24,-0.263,-9999,-9999,12.0441,39.85,39.89,12,-0.996,-1.038,-1.095,-1.026,-1.069,-1.014,-0.907,-0.988,-1.038,-1.091,-1.022,-1.038,-1.028,-0.913,-0.988,-1.091,-1.073,-1.03,-1.042,-1.014,-0.905,-0.986,-1.081,-1.093,-1.02,-1.042,-1.046,-0.933,0,0
"2019-04-16 09:34:40.0",787979,-9999,92.8,-15.17,-15.17,-0.262,-9999,-9999,12.0385,39.85,39.87,12,-0.998,-1.085,-1.099,-1.018,-1.048,-1.052,-0.931,-0.982,-1.054,-1.083,-1.018,-1.038,-1.026,-0.929,-0.986,-1.05,-1.109,-1.02,-1.04,-1.012,-0.929,-0.986,-1.067,-1.107,-1.024,-1.065,-1.02,-0.941,0,0
"2019-04-16 09:35:00.0",787980,-9999,92.8,-15.1,-15.1,-0.26,-9999,-9999,12.0497,39.85,39.87,12,-0.99,-1.085,-1.095,-1.03,-1.057,-1.016,-0.943,-0.984,-1.067,-1.097,-1.018,-1.032,-1.006,-0.939,-0.988,-1.05,-1.081,-1.018,-1.063,-1.044,-0.941,-0.988,-1.04,-1.083,-1.016,-1.02,-1.016,-0.893,0,0
"2019-04-16 09:35:20.0",787981,-9999,92.8,-15.03,-15.03,-0.259,-9999,-9999,12.0441,39.85,39.87,12,-0.996,-1.087,-1.093,-1.036,-1.054,-1.038,-0.939,-0.984,-1.069,-1.085,-1.02,-1.036,-1.046,-0.949,-0.986,-1.059,-1.087,-1.022,-1.042,-1.022,-0.931,-0.98,-1.036,-1.083,-1.018,-1.028,-1,-0.905,0,700
"2019-04-16 09:35:40.0",787982,-9999,92.9,-14.96,-14.96,-0.258,-9999,-9999,12.0386,39.85,39.87,12,-0.994,-1.089,-1.085,-1.028,-1.044,-1.052,-0.953,-0.986,-1.077,-1.095,-1.026,-1.04,-1.05,-0.929,-0.986,-1.059,-1.065,-1.02,-1.034,-1.022,-0.931,-0.986,-1.04,-1.067,-1.018,-1.032,-1.044,-0.933,0,0
"2019-04-16 09:36:00.0",787983,-9999,92.9,-14.89,-14.89,-0.257,-9999,-9999,12.0441,39.85,39.89,11.98,-0.992,-1.057,-1.097,-1.028,-1.034,-1.022,-0.947,-0.986,-1.044,-1.089,-1.024,-1.036,-1.018,-0.947,-0.986,-1.081,-1.107,-1.024,-1.038,-1.046,-0.939,-0.982,-1.075,-1.103,-1.014,-1.038,-1.02,-0.931,0,0
"2019-04-16 09:36:20.0",787984,-9999,93,-14.82,-14.82,-0.256,-9999,-9999,12.0441,39.85,39.87,11.98,-0.996,-1.059,-1.101,-1.03,-1.05,-1.05,-0.911,-0.986,-1.04,-1.093,-1.022,-1.042,-1.03,-0.917,-0.986,-1.083,-1.109,-1.026,-1.044,-1.016,-0.909,-0.982,-1.063,-1.109,-1.02,-1.04,-1.042,-0.901,0,0
"2019-04-16 09:36:40.0",787985,-9999,93,-14.75,-14.75,-0.255,-9999,-9999,12.0441,39.85,39.87,11.98,-0.994,-1.087,-1.097,-1.03,-1.044,-1.057,-0.931,-0.984,-1.046,-1.091,-1.014,-1.032,-1.044,-0.949,-0.986,-1.026,-1.083,-1.014,-1.03,-1.016,-0.939,-0.984,-1.038,-1.075,-1.014,-1.052,-1.002,-0.929,0,0
"2019-04-16 09:37:00.0",787986,-9999,93.1,-14.68,-14.68,-0.253,-9999,-9999,12.0441,39.85,39.89,11.98,-0.996,-1.036,-1.087,-1.024,-1.046,-1.022,-0.951,-0.982,-1.077,-1.089,-1.02,-1.034,-1.026,-0.931,-0.986,-1.067,-1.083,-1.024,-1.046,-1.012,-0.931,-0.984,-1.042,-1.087,-1.024,-1.036,-1.022,-0.925,0,700
"2019-04-16 09:37:20.0",787987,-9999,93.1,-14.61,-14.61,-0.252,-9999,-9999,12.0442,39.86,39.89,11.98,-0.994,-1.063,-1.081,-1.034,-1.048,-1.034,-0.917,-0.986,-1.04,-1.087,-1.022,-1.038,-1.014,-0.915,-0.982,-1.081,-1.083,-1.022,-1.032,-1.046,-0.909,-0.982,-1.052,-1.101,-1.024,-1.042,-1.012,-0.905,0,0
"2019-04-16 09:37:40.0",787988,-9999,93.1,-14.54,-14.54,-0.251,-9999,-9999,12.0442,39.86,39.89,11.98,-0.996,-1.054,-1.091,-1.024,-1.046,-1.014,-0.933,-0.982,-1.063,-1.083,-1.01,-1.038,-1.012,-0.947,-0.988,-1.05,-1.071,-1.022,-1.036,-1.048,-0.919,-0.982,-1.083,-1.073,-1.024,-1.034,-1.022,-0.945,0,0
"2019-04-16 09:38:00.0",787989,-9999,93.2,-14.46,-14.46,-0.25,-9999,-9999,12.0442,39.86,39.87,11.98,-0.992,-1.079,-1.099,-1.028,-1.042,-1.028,-0.933,-0.986,-1.075,-1.081,-1.014,-1.034,-1.024,-0.931,-0.984,-1.046,-1.057,-1.028,-1.042,-1.012,-0.925,-0.988,-1.052,-1.067,-1.022,-1.057,-1.008,-0.925,0,0
"2019-04-16 09:38:20.0",787990,-9999,93.2,-14.39,-14.39,-0.249,-9999,-9999,12.0442,39.86,39.87,11.98,-0.992,-1.083,-1.095,-1.03,-1.028,-1.04,-0.913,-0.984,-1.038,-1.089,-1.02,-1.036,-1.026,-0.953,-0.986,-1.083,-1.107,-1.02,-1.034,-1.022,-0.939,-0.988,-1.077,-1.109,-1.02,-1.038,-1.012,-0.933,0,0
"2019-04-16 09:38:40.0",787991,-9999,93.3,-14.32,-14.32,-0.247,-9999,-9999,12.0386,39.86,39.87,11.98,-0.998,-1.081,-1.095,-1.034,-1.046,-1.026,-0.915,-0.984,-1.04,-1.095,-1.018,-1.038,-1.05,-0.939,-0.986,-1.087,-1.091,-1.026,-1.04,-1.026,-0.941,-0.984,-1.061,-1.091,-1.022,-1.032,-1.024,-0.931,0,700
"2019-04-16 09:39:00.0",787992,-9999,93.3,-14.25,-14.25,-0.246,-9999,-9999,12.0442,39.86,39.88,11.96,-0.994,-1.087,-1.095,-1.034,-1.042,-1.022,-0.907,-0.982,-1.073,-1.087,-1.02,-1.057,-1.026,-0.913,-0.982,-1.034,-1.105,-1.022,-1.036,-1.022,-0.903,-0.982,-1.054,-1.109,-1.02,-1.028,-1.002,-0.899,0,0
"2019-04-16 09:39:20.0",787993,-9999,93.4,-14.18,-14.18,-0.245,-9999,-9999,12.0386,39.86,39.87,11.96,-0.996,-1.054,-1.093,-1.028,-1.042,-1.01,-0.909,-0.982,-1.026,-1.075,-1.018,-1.03,-1.004,-0.943,-0.986,-1.075,-1.063,-1.016,-1.03,-1.04,-0.919,-0.982,-1.075,-1.065,-1.014,-1.03,-1.01,-0.931,0,0
"2019-04-16 09:39:40.0",787994,-9999,93.4,-14.11,-14.11,-0.244,-9999,-9999,12.0386,39.86,39.87,11.96,-0.998,-1.048,-1.095,-1.022,-1.04,-1.032,-0.921,-0.984,-1.065,-1.087,-1.014,-1.04,-1.02,-0.945,-0.984,-1.054,-1.081,-1.014,-1.057,-1.014,-0.941,-0.982,-1.032,-1.085,-1.018,-1.034,-1.034,-0.927,0,0
"2019-04-16 09:40:00.0",787995,-9999,93.4,-14.04,-14.04,-0.243,-9999,-9999,12.0442,39.86,39.88,11.96,-0.986,-1.061,-1.089,-1.024,-1.046,-1.03,-0.931,-0.978,-1.044,-1.065,-1.024,-1.034,-1.018,-0.943,-0.984,-1.069,-1.089,-1.026,-1.046,-1.05,-0.943,-0.982,-1.054,-1.085,-1.014,-1.04,-1.022,-0.931,0,0
"2019-04-16 09:40:20.0",787996,-9999,93.5,-13.97,-13.97,-0.241,-9999,-9999,12.0442,39.86,39.88,11.96,-0.992,-1.083,-1.075,-1.026,-1.044,-1.02,-0.943,-0.984,-1.073,-1.109,-1.022,-1.038,-1.046,-0.911,-0.986,-1.044,-1.093,-1.022,-1.018,-1.022,-0.907,-0.984,-1.079,-1.087,-1.018,-1.038,-1.018,-0.905,0,700
"2019-04-16 09:40:40.0",787997,-9999,93.5,-13.9,-13.9,-0.24,-9999,-9999,12.0554,39.86,39.87,11.96,-0.994,-1.04,-1.089,-1.024,-1.044,-1.018,-0.943,-0.98,-1.073,-1.059,-1.016,-1.036,-1.022,-0.911,-0.986,-1.05,-1.093,-1.018,-1.032,-1.002,-0.935,-0.98,-1.018,-1.093,-1.012,-1.03,-1.008,-0.933,0,0
"2019-04-16 09:41:00.0",787998,-9999,93.6,-13.83,-13.83,-0.239,-9999,-9999,12.0442,39.86,39.87,11.96,-0.992,-1.063,-1.119,-1.026,-1.028,-1.032,-0.929,-0.982,-1.03,-1.059,-1.012,-1.028,-1.02,-0.905,-0.986,-1.077,-1.079,-1.032,-1.026,-1.016,-0.941,-0.982,-1.067,-1.089,-1.012,-1.054,-1.038,-0.919,0,0
"2019-04-16 09:41:20.0",787999,-9999,93.6,-13.76,-13.76,-0.238,-9999,-9999,12.0442,39.86,39.87,11.96,-0.994,-1.069,-1.111,-1.032,-1.052,-1.034,-0.947,-0.984,-1.044,-1.079,-1.012,-1.032,-1.042,-0.915,-0.984,-1.079,-1.061,-1.02,-1.03,-1.016,-0.945,-0.986,-1.075,-1.059,-1.014,-1.034,-1.014,-0.935,0,0
"2019-04-16 09:41:40.0",788000,-9999,93.7,-13.69,-13.69,-0.237,-9999,-9999,12.0442,39.86,39.87,11.96,-0.992,-1.046,-1.073,-1.03,-1.05,-1.036,-0.931,-0.98,-1.034,-1.099,-1.014,-1.034,-1.026,-0.955,-0.98,-1.071,-1.079,-1.016,-1.038,-1.002,-0.935,-0.98,-1.059,-1.075,-1.012,-1.03,-1.018,-0.935,0,0
"2019-04-16 09:42:00.0",788001,-9999,93.7,-13.62,-13.62,-0.235,-9999,-9999,12.0442,39.86,39.88,11.96,-0.994,-1.052,-1.075,-1.024,-1.071,-1.014,-0.921,-0.982,-1.085,-1.109,-1.024,-1.03,-1.012,-0.921,-0.982,-1.061,-1.087,-1.018,-1.04,-1.046,-0.911,-0.98,-1.042,-1.093,-1.022,-1.032,-1.018,-0.899,0,700
"2019-04-16 09:42:20.0",788002,-9999,93.8,-13.55,-13.55,-0.234,-9999,-9999,12.0442,39.86,39.87,11.93,-0.994,-1.077,-1.091,-1.022,-1.04,-1.006,-0.921,-0.98,-1.032,-1.059,-1.016,-1.03,-1.02,-0.939,-0.98,-1.067,-1.087,-1.018,-1.03,-1.016,-0.933,-0.98,-1.067,-1.079,-1.016,-1.042,-1.018,-0.921,0,0
"2019-04-16 09:42:40.0",788003,-9999,93.8,-13.48,-13.48,-0.233,-9999,-9999,12.0442,39.86,39.88,11.93,-0.996,-1.063,-1.099,-1.034,-1.046,-1.036,-0.953,-0.984,-1.063,-1.081,-1.018,-1.04,-1.014,-0.937,-0.986,-1.059,-1.103,-1.018,-1.036,-1.016,-0.901,-0.98,-1.034,-1.093,-1.016,-1.03,-1.002,-0.907,0,0
"2019-04-16 09:43:00.0",788004,-9999,93.8,-13.41,-13.41,-0.232,-9999,-9999,12.0442,39.86,39.88,11.93,-1,-1.059,-1.093,-1.024,-1.059,-1.026,-0.893,-0.982,-1.069,-1.057,-1.016,-1.054,-1.004,-0.945,-0.99,-1.038,-1.083,-1.018,-1.028,-1.016,-0.933,-0.98,-1.028,-1.077,-1.016,-1.026,-1.008,-0.927,0,0
"2019-04-16 09:43:20.0",788005,-9999,93.9,-13.34,-13.34,-0.231,-9999,-9999,12.0442,39.86,39.87,11.93,-0.992,-1.085,-1.083,-1.032,-1.044,-1.034,-0.937,-0.984,-1.032,-1.083,-1.016,-1.036,-1.024,-0.911,-0.986,-1.079,-1.083,-1.018,-1.042,-1.036,-0.945,-0.982,-1.071,-1.083,-1.016,-1.034,-1.022,-0.937,0,0
"2019-04-16 09:43:40.0",788006,-9999,93.9,-13.27,-13.27,-0.23,-9999,-9999,12.0387,39.86,39.87,11.93,-0.994,-1.042,-1.087,-1.028,-1.042,-1.057,-0.919,-0.982,-1.061,-1.101,-1.018,-1.032,-1.014,-0.943,-0.988,-1.044,-1.085,-1.018,-1.038,-1.05,-0.939,-0.982,-1.073,-1.085,-1.02,-1.036,-1.026,-0.933,0,700
"2019-04-16 09:44:00.0",788007,-9999,94,-13.2,-13.2,-0.228,-9999,-9999,12.0442,39.85,39.87,11.93,-0.992,-1.046,-1.091,-1.044,-1.046,-1.05,-0.929,-0.984,-1.079,-1.059,-1.014,-1.028,-1.044,-0.905,-0.98,-1.028,-1.099,-1.014,-1.032,-1.018,-0.939,-0.982,-1.044,-1.103,-1.014,-1.026,-0.998,-0.925,0,0
"2019-04-16 09:44:20.0",788008,-9999,94,-13.13,-13.13,-0.227,-9999,-9999,12.0387,39.85,39.87,11.93,-0.994,-1.05,-1.123,-1.034,-1.052,-1.054,-0.943,-0.982,-1.081,-1.087,-1.018,-1.018,-1.026,-0.913,-0.984,-1.042,-1.067,-1.024,-1.042,-1.042,-0.905,-0.982,-1.04,-1.069,-1.02,-1.034,-1.004,-0.901,0,0
"2019-04-16 09:44:40.0",788009,-9999,94.1,-13.06,-13.06,-0.226,-9999,-9999,12.0442,39.85,39.89,11.93,-0.994,-1.048,-1.075,-1.028,-1.044,-1.032,-0.919,-0.986,-1.067,-1.075,-1.014,-1.026,-1.02,-0.951,-0.986,-1.028,-1.081,-1.034,-1.01,-1.002,-0.941,-0.98,-1.036,-1.081,-1.012,-1.034,-1.032,-0.935,0,0
"2019-04-16 09:45:00.0",788010,-9999,94.1,-12.99,-12.99,-0.225,-9999,-9999,12.0442,39.85,39.87,11.93,-0.994,-1.042,-1.095,-1.03,-1.069,-1.046,-0.917,-0.984,-1.073,-1.077,-1.018,-1.034,-1.044,-0.905,-0.986,-1.054,-1.081,-1.03,-1.032,-1.02,-0.895,-0.984,-1.036,-1.063,-1.012,-1.03,-1.012,-0.901,0,0
"2019-04-16 09:45:20.0",788011,-9999,94.1,-12.92,-12.92,-0.224,-9999,-9999,12.0442,39.85,39.87,11.93,-0.996,-1.069,-1.105,-1.032,-1.048,-1.034,-0.929,-0.986,-1.036,-1.069,-1.022,-1.036,-1.014,-0.915,-0.988,-1.085,-1.085,-1.026,-1.038,-1.02,-0.905,-0.982,-1.054,-1.103,-1.018,-1.036,-1.022,-0.903,0,700
"2019-04-16 09:45:40.0",788012,-9999,94.2,-12.85,-12.85,-0.222,-9999,-9999,12.0443,39.85,39.88,11.93,-0.996,-1.079,-1.091,-1.034,-1.05,-1.032,-0.911,-0.984,-1.059,-1.101,-1.016,-1.034,-1.004,-0.947,-0.984,-1.081,-1.079,-1.016,-1.03,-1.042,-0.939,-0.982,-1.075,-1.077,-1.016,-1.034,-1.016,-0.937,0,0
"2019-04-16 09:46:00.0",788013,-9999,94.2,-12.78,-12.78,-0.221,-9999,-9999,12.0443,39.85,39.87,11.93,-0.992,-1.052,-1.107,-1.032,-1.048,-1.042,-0.949,-0.978,-1.073,-1.061,-1.036,-1.032,-1.05,-0.941,-0.988,-1.038,-1.081,-1.014,-1.038,-1.022,-0.923,-0.982,-1.042,-1.099,-1.016,-1.034,-1,-0.919,0,0
"2019-04-16 09:46:20.0",788014,-9999,94.3,-12.7,-12.7,-0.22,-9999,-9999,12.0387,39.85,39.87,11.93,-0.994,-1.065,-1.115,-1.03,-1.046,-1.012,-0.943,-0.984,-1.034,-1.087,-1.022,-1.034,-1.026,-0.901,-0.98,-1.079,-1.081,-1.022,-1.036,-1.022,-0.937,-0.982,-1.061,-1.077,-1.02,-1.032,-1.024,-0.925,0,0
"2019-04-16 09:46:40.0",788015,-9999,94.3,-12.63,-12.63,-0.219,-9999,-9999,12.0443,39.85,39.87,11.93,-1,-1.054,-1.097,-1.048,-1.048,-1.02,-0.913,-0.988,-1.071,-1.103,-1.02,-1.034,-1.028,-0.947,-0.988,-1.059,-1.087,-1.022,-1.036,-1.03,-0.945,-0.986,-1.042,-1.087,-1.014,-1.038,-1.004,-0.937,0,0
"2019-04-16 09:47:00.0",788016,-9999,94.4,-12.56,-12.56,-0.218,-9999,-9999,12.0443,39.85,39.88,11.93,-0.998,-1.087,-1.091,-1.028,-1.048,-1.014,-0.905,-0.986,-1.065,-1.107,-1.02,-1.036,-1.028,-0.911,-0.986,-1.05,-1.091,-1.016,-1.038,-1.02,-0.931,-0.982,-1.034,-1.087,-1.022,-1.038,-1.008,-0.897,0,700
"2019-04-16 09:47:20.0",788017,-9999,94.4,-12.49,-12.49,-0.216,-9999,-9999,12.0443,39.85,39.91,11.93,-0.994,-1.046,-1.075,-1.03,-1.042,-1.018,-0.915,-0.986,-1.034,-1.061,-1.014,-1.034,-1.01,-0.949,-0.986,-1.077,-1.059,-1.024,-1.038,-1.012,-0.949,-0.986,-1.077,-1.059,-1.014,-1.034,-1.032,-0.925,0,0
"2019-04-16 09:47:40.0",788018,-9999,94.4,-12.42,-12.42,-0.215,-9999,-9999,12.0443,39.85,39.87,11.93,-0.996,-1.059,-1.097,-1.036,-1.05,-1.05,-0.929,-0.986,-1.069,-1.095,-1.03,-1.04,-1.034,-0.945,-0.99,-1.04,-1.113,-1.028,-1.04,-1.014,-0.921,-0.982,-1.075,-1.111,-1.02,-1.044,-1.04,-0.937,0,0
"2019-04-16 09:48:00.0",788019,-9999,94.5,-12.35,-12.35,-0.214,-9999,-9999,12.0443,39.85,39.89,11.91,-0.998,-1.093,-1.117,-1.036,-1.048,-1.038,-0.949,-0.988,-1.083,-1.093,-1.026,-1.063,-1.018,-0.925,-0.988,-1.038,-1.111,-1.026,-1.042,-1.028,-0.911,-0.988,-1.05,-1.107,-1.026,-1.038,-1.032,-0.931,0,0
"2019-04-16 09:48:20.0",788020,-9999,94.5,-12.28,-12.28,-0.213,-9999,-9999,12.0443,39.85,39.87,11.91,-0.996,-1.048,-1.079,-1.028,-1.048,-1.054,-0.947,-0.988,-1.048,-1.091,-1.022,-1.042,-1.05,-0.953,-0.988,-1.083,-1.075,-1.024,-1.046,-1.03,-0.947,-0.99,-1.081,-1.073,-1.028,-1.038,-1.03,-0.935,0,0
"2019-04-16 09:48:40.0",788021,-9999,94.6,-12.21,-12.21,-0.212,-9999,-9999,12.0443,39.85,39.89,11.91,-0.998,-1.083,-1.079,-1.014,-1.052,-1.032,-0.949,-0.986,-1.046,-1.083,-1.026,-1.042,-1.028,-0.917,-0.984,-1.087,-1.091,-1.026,-1.046,-1.026,-0.937,-0.988,-1.065,-1.095,-1.022,-1.04,-1.052,-0.919,0,700
"2019-04-16 09:49:00.0",788022,-9999,94.6,-12.14,-12.14,-0.21,-9999,-9999,12.0443,39.85,39.87,11.91,-0.996,-1.075,-1.115,-1.03,-1.067,-1.032,-0.909,-0.99,-1.042,-1.083,-1.02,-1.036,-1.02,-0.921,-0.99,-1.085,-1.067,-1.026,-1.038,-1.03,-0.909,-0.984,-1.085,-1.067,-1.024,-1.038,-1.046,-0.929,0,0
"2019-04-16 09:49:20.0",788023,-9999,94.7,-12.07,-12.07,-0.209,-9999,-9999,12.0443,39.85,39.87,11.91,-0.998,-1.057,-1.125,-1.042,-1.054,-1.044,-0.953,-0.988,-1.038,-1.069,-1.028,-1.036,-1.018,-0.915,-0.992,-1.026,-1.093,-1.024,-1.04,-1.05,-0.903,-0.988,-1.073,-1.081,-1.028,-1.036,-1.026,-0.899,0,0
"2019-04-16 09:49:40.0",788024,-9999,94.7,-12,-12,-0.208,-9999,-9999,12.0443,39.85,39.88,11.91,-1.006,-1.046,-1.099,-1.036,-1.05,-1.061,-0.949,-0.988,-1.048,-1.089,-1.024,-1.038,-1.016,-0.911,-0.988,-1.04,-1.073,-1.024,-1.038,-1.018,-0.909,-0.99,-1.042,-1.095,-1.022,-1.054,-1.012,-0.903,0,0
"2019-04-16 09:50:00.0",788025,-9999,94.7,-11.93,-11.93,-0.207,-9999,-9999,12.0443,39.85,39.87,11.91,-1,-1.081,-1.123,-1.04,-1.059,-1.038,-0.939,-0.988,-1.067,-1.091,-1.026,-1.038,-1.016,-0.953,-0.99,-1.059,-1.099,-1.024,-1.044,-1.05,-0.945,-0.99,-1.036,-1.081,-1.022,-1.034,-1.012,-0.933,0,0
"2019-04-16 09:50:20.0",788026,-9999,94.8,-11.86,-11.86,-0.206,-9999,-9999,12.0443,39.85,39.87,11.91,-1.002,-1.089,-1.117,-1.032,-1.042,-1.036,-0.949,-0.99,-1.04,-1.067,-1.022,-1.038,-1.026,-0.929,-0.988,-1.079,-1.067,-1.02,-1.036,-1.024,-0.931,-0.986,-1.079,-1.059,-1.02,-1.038,-1.008,-0.933,0,700
"2019-04-16 09:50:40.0",788027,-9999,94.8,-11.79,-11.79,-0.204,-9999,-9999,12.0443,39.85,39.87,11.91,-0.998,-1.065,-1.107,-1.038,-1.052,-1.038,-0.917,-0.99,-1.063,-1.065,-1.02,-1.042,-1.048,-0.927,-0.99,-1.044,-1.093,-1.024,-1.042,-1.008,-0.917,-0.99,-1.075,-1.087,-1.022,-1.04,-1.014,-0.939,0,0
"2019-04-16 09:51:00.0",788028,-9999,94.9,-11.72,-11.72,-0.203,-9999,-9999,12.0387,39.85,39.87,11.91,-0.998,-1.075,-1.095,-1.016,-1.05,-1.036,-0.915,-0.99,-1.077,-1.075,-1.03,-1.038,-1.032,-0.947,-0.988,-1.069,-1.069,-1.028,-1.046,-1.03,-0.945,-0.988,-1.04,-1.071,-1.022,-1.042,-1.034,-0.937,0,0
"2019-04-16 09:51:20.0",788029,-9999,94.9,-11.65,-11.65,-0.202,-9999,-9999,12.0387,39.85,39.87,11.91,-0.998,-1.071,-1.097,-1.034,-1.05,-1.04,-0.921,-0.982,-1.067,-1.089,-1.022,-1.036,-1.012,-0.933,-0.99,-1.054,-1.085,-1.022,-1.022,-1.038,-0.911,-0.986,-1.03,-1.081,-1.024,-1.038,-1.004,-0.917,0,0
"2019-04-16 09:51:40.0",788030,-9999,95,-11.58,-11.58,-0.201,-9999,-9999,12.0443,39.85,39.87,11.89,-1,-1.048,-1.069,-1.036,-1.046,-1.028,-0.913,-0.988,-1.061,-1.095,-1.022,-1.038,-1.032,-0.919,-0.986,-1.044,-1.095,-1.026,-1.042,-1.03,-0.909,-0.988,-1.048,-1.093,-1.026,-1.042,-1.048,-0.919,0,0
"2019-04-16 09:52:00.0",788031,-9999,95,-11.51,-11.51,-0.2,-9999,-9999,12.0443,39.85,39.87,11.89,-0.996,-1.091,-1.101,-1.038,-1.05,-1.036,-0.953,-0.986,-1.075,-1.085,-1.022,-1.018,-1.03,-0.919,-0.99,-1.057,-1.085,-1.024,-1.038,-1.024,-0.903,-0.988,-1.057,-1.087,-1.02,-1.036,-1.044,-0.897,0,700
"2019-04-16 09:52:20.0",788032,-9999,95,-11.44,-11.44,-0.198,-9999,-9999,12.0443,39.85,39.87,11.89,-0.998,-1.095,-1.117,-1.03,-1.054,-1.057,-0.931,-0.992,-1.04,-1.067,-1.022,-1.044,-1.014,-0.955,-0.992,-1.079,-1.095,-1.028,-1.042,-1.044,-0.949,-0.982,-1.057,-1.067,-1.026,-1.046,-1.012,-0.903,0,0
"2019-04-16 09:52:40.0",788033,-9999,95.1,-11.37,-11.37,-0.197,-9999,-9999,12.0443,39.85,39.87,11.89,-1,-1.048,-1.101,-1.032,-1.05,-1.034,-0.947,-0.988,-1.038,-1.085,-1.02,-1.059,-1.024,-0.947,-0.99,-1.032,-1.077,-1.022,-1.04,-1.042,-0.939,-0.992,-1.071,-1.079,-1.018,-1.028,-1.008,-0.895,0,0
"2019-04-16 09:53:00.0",788034,-9999,95.1,-11.3,-11.3,-0.196,-9999,-9999,12.0387,39.85,39.87,11.89,-1,-1.097,-1.083,-1.038,-1.034,-1.038,-0.931,-0.988,-1.083,-1.085,-1.026,-1.071,-1.018,-0.951,-0.984,-1.083,-1.097,-1.03,-1.044,-1.044,-0.947,-0.988,-1.061,-1.089,-1.026,-1.04,-1.024,-0.933,0,0
"2019-04-16 09:53:20.0",788035,-9999,95.2,-11.23,-11.23,-0.195,-9999,-9999,12.0443,39.85,39.89,11.89,-1,-1.048,-1.105,-1.03,-1.054,-1.059,-0.921,-0.988,-1.071,-1.113,-1.026,-1.063,-1.038,-0.957,-0.99,-1.05,-1.095,-1.028,-1.046,-1.02,-0.947,-0.99,-1.081,-1.093,-1.026,-1.048,-1.034,-0.931,0,0
"2019-04-16 09:53:40.0",788036,-9999,95.2,-11.16,-11.16,-0.194,-9999,-9999,12.0443,39.85,39.87,11.89,-1,-1.085,-1.083,-1.034,-1.048,-1.032,-0.907,-0.988,-1.052,-1.089,-1.026,-1.042,-1.03,-0.955,-0.99,-1.079,-1.099,-1.028,-1.048,-1.03,-0.955,-0.988,-1.073,-1.091,-1.028,-1.04,-1.028,-0.913,0,700
"2019-04-16 09:54:00.0",788037,-9999,95.3,-11.09,-11.09,-0.192,-9999,-9999,12.0443,39.86,39.89,11.89,-1.002,-1.075,-1.107,-1.038,-1.052,-1.032,-0.955,-0.99,-1.065,-1.095,-1.03,-1.05,-1.018,-0.915,-0.992,-1.085,-1.107,-1.048,-1.044,-1.052,-0.909,-0.986,-1.054,-1.089,-1.026,-1.042,-1.012,-0.903,0,0
"2019-04-16 09:54:20.0",788038,-9999,95.3,-11.02,-11.02,-0.191,-9999,-9999,12.0443,39.86,39.87,11.89,-1,-1.071,-1.073,-1.032,-1.052,-1.059,-0.949,-0.99,-1.089,-1.107,-1.026,-1.04,-1.038,-0.921,-0.99,-1.061,-1.111,-1.028,-1.046,-1.032,-0.913,-0.988,-1.069,-1.113,-1.026,-1.04,-1.05,-0.927,0,0
"2019-04-16 09:54:40.0",788039,-9999,95.3,-10.95,-10.95,-0.19,-9999,-9999,12.0499,39.86,39.87,11.89,-1,-1.067,-1.109,-1.042,-1.048,-1.03,-0.921,-0.984,-1.042,-1.087,-1.02,-1.038,-1.03,-0.945,-0.992,-1.073,-1.087,-1.02,-1.042,-1.024,-0.939,-0.988,-1.071,-1.089,-1.024,-1.042,-1.022,-0.915,0,0
"2019-04-16 09:55:00.0",788040,-9999,95.4,-10.88,-10.88,-0.189,-9999,-9999,12.0443,39.86,39.87,11.89,-1.006,-1.099,-1.099,-1.036,-1.052,-1.038,-0.945,-0.988,-1.028,-1.081,-1.022,-1.038,-1.044,-0.929,-0.992,-1.052,-1.083,-1.034,-1.018,-1.026,-0.923,-0.99,-1.077,-1.079,-1.026,-1.038,-1.026,-0.939,0,0
"2019-04-16 09:55:20.0",788041,-9999,95.4,-10.81,-10.81,-0.188,-9999,-9999,12.0443,39.86,39.87,11.89,-1.002,-1.089,-1.105,-1.038,-1.054,-1.04,-0.915,-0.988,-1.04,-1.091,-1.016,-1.034,-1.012,-0.943,-0.992,-1.075,-1.089,-1.02,-1.044,-1.04,-0.923,-0.988,-1.069,-1.085,-1.014,-1.036,-1.02,-0.907,0,700
"2019-04-16 09:55:40.0",788042,-9999,95.5,-10.74,-10.74,-0.186,-9999,-9999,12.0443,39.85,39.87,11.89,-0.998,-1.093,-1.105,-1.038,-1.059,-1.042,-0.953,-0.99,-1.03,-1.069,-0.998,-1.04,-1.032,-0.957,-0.99,-1.046,-1.069,-1.024,-1.04,-1.026,-0.939,-0.988,-1.089,-1.067,-1.022,-1.042,-1.022,-0.933,0,0
"2019-04-16 09:56:00.0",788043,-9999,95.5,-10.67,-10.67,-0.185,-9999,-9999,12.0443,39.84,39.87,11.86,-1,-1.054,-1.103,-1.038,-1.059,-1.059,-0.915,-0.988,-1.085,-1.093,-1.03,-1.046,-1.034,-0.957,-0.992,-1.073,-1.105,-1.028,-1.048,-1.032,-0.951,-0.99,-1.061,-1.089,-1.03,-1.046,-1.052,-0.913,0,0
"2019-04-16 09:56:20.0",788044,-9999,95.6,-10.6,-10.6,-0.184,-9999,-9999,12.0443,39.85,39.87,11.86,-1.002,-1.091,-1.103,-1.038,-1.048,-1.063,-0.921,-0.994,-1.063,-1.083,-1.024,-1.038,-1.026,-0.909,-0.992,-1.042,-1.085,-1.024,-1.026,-1.02,-0.901,-0.99,-1.044,-1.083,-1.024,-1.038,-1.01,-0.919,0,0
"2019-04-16 09:56:40.0",788045,-9999,95.6,-10.53,-10.53,-0.183,-9999,-9999,12.0387,39.85,39.87,11.86,-1.004,-1.075,-1.105,-1.042,-1.059,-1.026,-0.959,-0.992,-1.075,-1.093,-1.034,-1.05,-1.038,-0.955,-0.994,-1.063,-1.093,-1.03,-1.075,-1.054,-0.915,-0.992,-1.044,-1.095,-1.032,-1.044,-1.038,-0.913,0,0
"2019-04-16 09:57:00.0",788046,-9999,95.7,-10.46,-10.46,-0.181,-9999,-9999,12.0443,39.85,39.87,11.86,-1.002,-1.069,-1.087,-1.038,-1.054,-1.059,-0.921,-0.994,-1.042,-1.067,-1.024,-1.042,-1.032,-0.909,-0.994,-1.081,-1.071,-1.03,-1.042,-1.024,-0.927,-0.992,-1.071,-1.075,-1.026,-1.036,-1.014,-0.943,0,700
"2019-04-16 09:57:20.0",788047,-9999,95.7,-10.39,-10.39,-0.18,-9999,-9999,12.0387,39.84,39.87,11.86,-0.998,-1.054,-1.097,-1.04,-1.046,-1.036,-0.913,-0.992,-1.044,-1.093,-1.03,-1.028,-1.052,-0.915,-1,-1.081,-1.071,-1.026,-1.04,-1.01,-0.921,-0.99,-1.077,-1.091,-1.022,-1.046,-1.028,-0.925,0,0
"2019-04-16 09:57:40.0",788048,-9999,95.7,-10.32,-10.32,-0.179,-9999,-9999,12.0443,39.85,39.87,11.86,-1.006,-1.083,-1.123,-1.046,-1.063,-1.042,-0.925,-0.99,-1.046,-1.071,-1.028,-1.042,-1.036,-0.925,-0.994,-1.046,-1.069,-1.03,-1.046,-1.044,-0.933,-0.988,-1.087,-1.071,-1.024,-1.044,-1.024,-0.941,0,0
"2019-04-16 09:58:00.0",788049,-9999,95.8,-10.25,-10.25,-0.178,-9999,-9999,12.0443,39.84,39.88,11.86,-0.998,-1.093,-1.113,-1.044,-1.061,-1.028,-0.957,-0.996,-1.073,-1.073,-1.03,-1.044,-1.032,-0.953,-0.992,-1.048,-1.079,-1.034,-1.048,-1.032,-0.907,-0.994,-1.05,-1.089,-1.028,-1.046,-1.036,-0.929,0,0
"2019-04-16 09:58:20.0",788050,-9999,95.8,-10.18,-10.18,-0.177,-9999,-9999,12.0387,39.84,39.87,11.86,-1.004,-1.085,-1.103,-1.034,-1.057,-1.032,-0.917,-0.99,-1.071,-1.119,-1.03,-1.024,-1.036,-0.923,-0.992,-1.059,-1.119,-1.028,-1.05,-1.054,-0.935,-0.994,-1.052,-1.095,-1.008,-1.073,-1.03,-0.939,0,0
"2019-04-16 09:58:40.0",788051,-9999,95.9,-10.1,-10.1,-0.175,-9999,-9999,12.0443,39.84,39.88,11.86,-1.006,-1.077,-1.105,-1.036,-1.052,-1.03,-0.955,-0.992,-1.034,-1.087,-1.022,-1.04,-1.05,-0.957,-0.996,-1.042,-1.085,-1.03,-1.048,-1.01,-0.907,-0.992,-1.048,-1.071,-1.026,-1.038,-1.028,-0.919,0,700
"2019-04-16 09:59:00.0",788052,-9999,95.9,-10.03,-10.03,-0.174,-9999,-9999,12.0387,39.85,39.87,11.86,-1.004,-1.067,-1.093,-1.038,-1.046,-1.022,-0.933,-0.998,-1.044,-1.071,-1.032,-1.046,-1.034,-0.923,-0.99,-1.042,-1.077,-1.028,-1.042,-1.04,-0.941,-0.992,-1.034,-1.073,-1.026,-1.044,-1.018,-0.941,0,0
"2019-04-16 09:59:20.0",788053,-9999,96,-9.96,-9.96,-0.173,-9999,-9999,12.0499,39.84,39.87,11.86,-1.002,-1.081,-1.129,-1.042,-1.059,-1.048,-0.925,-0.992,-1.059,-1.091,-1.032,-1.034,-1.04,-0.941,-0.996,-1.093,-1.097,-1.03,-1.05,-1.032,-0.953,-0.994,-1.089,-1.075,-1.034,-1.042,-1.028,-0.913,0,0
"2019-04-16 09:59:40.0",788054,-9999,96,-9.89,-9.89,-0.172,-9999,-9999,12.0443,39.85,39.87,11.84,-0.998,-1.083,-1.087,-1.042,-1.054,-1.042,-0.941,-0.988,-1.042,-1.095,-1.03,-1.04,-1.032,-0.917,-1,-1.038,-1.093,-1.03,-1.048,-1.034,-0.909,-0.99,-1.085,-1.095,-1.028,-1.042,-1.03,-0.921,0,0
