"TOA5","","","1764","CR1000.Std.24","CPU:MFRSR_10012018V2.8.CR1","13574","TableHdr","PbCdlComm-1.6.0 (2016/01/26)"
"TIMESTAMP","RECORD","loggerID""headID""xpgmVerID""xlat""xlon""xSiteElev""xFULLREV""xCRXHSTEPS""xSCANseconds""xSCANnAvg""xSCANtrough""xHOMEoffset""xALLTIMEband"
"TS","RN","--""--""--""deg""deg""m""--""--""sec""--""--""--""--"
"","","Smp""Smp""Smp""Smp""Smp""Smp""Smp""Smp""Smp""Smp""Smp""Smp""Smp"
"2019-04-15 12:00:00.0",371,1764,180054423,2.8,-32.1259,-64.7287,1160,800,20,20,1,10,0,-1
"TOA5","","","1764","CR1000.Std.24","CPU:MFRSR_10012018V2.8.CR1","13574","Table155","PbCdlComm-1.6.0 (2016/01/26)"
"TIMESTAMP","RECORD","xoset""az""el""al""cosz""cosasz""pamass""vBat""Thead""THTC""Tlogger""Dnadir(1)""Dnadir(2)""Dnadir(3)""Dnadir(4)""Dnadir(5)""Dnadir(6)""Dnadir(7)""Deast(1)""Deast(2)""Deast(3)""Deast(4)""Deast(5)""Deast(6)""Deast(7)""Dsun(1)""Dsun(2)""Dsun(3)""Dsun(4)""Dsun(5)""Dsun(6)""Dsun(7)""Dwest(1)""Dwest(2)""Dwest(3)""Dwest(4)""Dwest(5)""Dwest(6)""Dwest(7)""kount""khome"
"TS","RN","sec""deg""deg""deg""--""--""--""Volt""degC""degC""degC""mV""mV""mV""mV""mV""mV""mV""mV""mV""mV""mV""mV""mV""mV""mV""mV""mV""mV""mV""mV""mV""mV""mV""mV""mV""mV""mV""mV""--""--"
"","","Smp""Smp""Smp""Smp""Smp""Smp""Smp""Smp""Smp""Smp""Smp""Smp""Smp""Smp""Smp""Smp""Smp""Smp""Smp""Smp""Smp""Smp""Smp""Smp""Smp""Smp""Smp""Smp""Smp""Smp""Smp""Smp""Smp""Smp""Smp""Smp""Smp""Smp""Smp""Smp""Smp"
"2019-04-15 15:00:00.0",784635,4010,151.9,43.63,43.65,0.69,0.69,1.447,12.0403,39.89,39.89,13.94,1.698,30.78,27.45,22.62,23.78,25.07,7.813,1.563,29.48,26.22,21.67,22.83,23.98,7.405,1.563,29.14,25.95,21.4,22.56,23.71,7.337,1.495,28.87,25.68,21.2,22.28,23.57,7.201,354,426
"2019-04-15 15:00:20.0",784636,4030,152,43.67,43.68,0.69,0.691,1.446,12.0514,39.89,39.91,13.94,1.63,31.18,27.72,22.89,24.12,25.27,7.745,1.495,29.89,26.56,21.94,23.1,24.25,7.337,1.495,29.62,26.36,21.74,22.89,24.12,7.337,1.495,29.28,26.02,21.47,22.62,23.78,7.201,355,425
"2019-04-15 15:00:40.0",784637,4030,152.1,43.7,43.72,0.691,0.691,1.445,12.0514,39.89,39.89,13.94,1.563,31.52,28.06,23.17,24.39,25.54,7.745,1.427,30.23,26.84,22.15,23.37,24.46,7.337,1.427,30.03,26.7,22.01,23.17,24.32,7.269,1.427,29.69,26.36,21.74,22.89,24.05,7.133,355,425
"2019-04-15 15:01:00.0",784638,4030,152.2,43.73,43.75,0.691,0.692,1.444,12.0514,39.89,39.91,13.94,1.495,31.79,28.33,23.37,24.59,25.68,7.609,1.427,30.5,27.04,22.35,23.51,24.53,7.201,1.359,30.23,26.9,22.15,23.37,24.39,7.201,1.359,30.03,26.63,21.94,23.1,24.25,7.133,355,425
"2019-04-15 15:01:20.0",784639,4030,152.3,43.77,43.78,0.692,0.692,1.444,12.0514,39.89,39.91,13.97,1.495,31.93,28.33,23.37,24.59,25.68,7.541,1.359,30.5,27.11,22.35,23.51,24.59,7.201,1.359,30.3,26.9,22.15,23.3,24.39,7.133,1.291,30.03,26.7,22.01,23.17,24.25,7.065,355,425
"2019-04-15 15:01:40.0",784640,4030,152.4,43.8,43.81,0.692,0.692,1.443,12.0514,39.89,39.89,13.97,1.427,31.79,28.26,23.3,24.53,25.54,7.405,1.291,30.44,26.97,22.22,23.44,24.46,7.065,1.291,30.1,26.7,22.01,23.17,24.19,6.998,1.291,29.96,26.56,21.88,23.03,24.12,6.93,355,425
"2019-04-15 15:02:00.0",784641,4030,152.5,43.83,43.85,0.693,0.693,1.442,12.0402,39.89,39.89,13.97,1.359,31.52,27.92,23.03,24.25,25.27,7.269,1.223,30.03,26.63,21.94,23.1,24.19,6.862,1.223,29.82,26.36,21.74,22.89,23.98,6.862,1.291,29.69,26.29,21.67,22.83,23.91,6.862,356,424
"2019-04-15 15:02:20.0",784642,4040,152.6,43.86,43.88,0.693,0.693,1.441,12.0402,39.89,39.91,13.97,1.427,31.05,27.51,22.69,23.85,25,7.201,1.291,29.55,26.16,21.6,22.69,23.85,6.794,1.291,29.28,25.95,21.4,22.56,23.64,6.726,1.291,29.14,25.82,21.26,22.35,23.51,6.658,356,424
"2019-04-15 15:02:40.0",784643,4040,152.7,43.9,43.91,0.693,0.694,1.44,12.0402,39.89,39.91,13.97,1.359,30.23,26.84,22.15,23.23,24.46,6.93,1.223,28.81,25.54,20.99,22.08,23.3,6.59,1.223,28.53,25.27,20.86,21.94,23.1,6.522,1.223,28.33,25.14,20.72,21.74,22.96,6.454,356,424
"2019-04-15 15:03:00.0",784644,4030,152.8,43.93,43.94,0.694,0.694,1.439,12.0402,39.89,39.91,13.99,1.223,29.35,26.02,21.4,22.56,23.78,6.658,1.155,27.85,24.66,20.31,21.4,22.62,6.318,1.155,27.65,24.53,20.18,21.2,22.49,6.25,1.087,27.45,24.25,20.04,21.06,22.35,6.25,356,424
"2019-04-15 15:03:20.0",784645,4040,152.9,43.96,43.98,0.694,0.694,1.438,12.0402,39.89,39.91,13.99,1.155,28.19,25,20.58,21.67,23.03,6.386,1.019,26.77,23.71,19.57,20.52,21.94,5.978,1.019,26.56,23.51,19.36,20.38,21.81,5.978,1.019,26.36,23.37,19.23,20.25,21.67,5.911,356,424
"2019-04-15 15:03:40.0",784646,4040,153,43.99,44.01,0.695,0.695,1.438,12.0514,39.89,39.91,13.99,1.019,27.04,23.98,19.77,20.79,22.28,6.046,0.951,25.68,22.69,18.75,19.7,21.2,5.775,0.883,25.41,22.56,18.61,19.57,21.06,5.707,0.883,25.27,22.42,18.48,19.43,20.99,5.639,357,423
"2019-04-15 15:04:00.0",784647,4040,153.1,44.02,44.04,0.695,0.695,1.437,12.0458,39.89,39.91,13.99,0.951,25.95,23.03,19.02,19.97,21.6,5.775,0.815,24.59,21.88,18,18.95,20.58,5.503,0.815,24.46,21.67,17.87,18.82,20.45,5.435,0.815,24.25,21.6,17.8,18.68,20.38,5.435,357,423
"2019-04-15 15:04:20.0",784648,4040,153.3,44.05,44.07,0.695,0.696,1.436,12.0514,39.89,39.91,13.99,0.747,24.86,22.22,18.34,19.23,20.99,5.571,0.679,23.71,21.06,17.39,18.28,20.04,5.231,0.679,23.51,20.86,17.26,18.14,19.91,5.163,0.679,23.37,20.79,17.19,18.07,19.84,5.163,357,423
"2019-04-15 15:04:40.0",784649,4040,153.4,44.09,44.1,0.696,0.696,1.435,12.0514,39.89,39.89,14.01,0.679,24.25,21.6,17.87,18.82,20.65,5.367,0.611,23.1,20.58,17.05,17.94,19.77,5.095,0.611,22.89,20.45,16.92,17.8,19.63,5.095,0.611,22.76,20.38,16.85,17.73,19.57,5.027,357,423
"2019-04-15 15:05:00.0",784650,4040,153.5,44.12,44.13,0.696,0.696,1.434,12.0514,39.89,39.89,14.01,0.679,23.91,21.4,17.8,18.68,20.58,5.367,0.611,22.83,20.45,16.98,17.8,19.77,5.163,0.611,22.62,20.31,16.85,17.73,19.63,5.095,0.611,22.56,20.25,16.78,17.66,19.57,5.095,357,423
"2019-04-15 15:05:20.0",784651,4040,153.6,44.15,44.17,0.697,0.697,1.434,12.0514,39.89,39.91,14.01,0.747,23.91,21.54,17.94,18.82,20.86,5.435,0.679,22.89,20.58,17.19,18.07,20.04,5.231,0.611,22.76,20.52,17.05,17.94,19.91,5.163,0.611,22.62,20.38,16.98,17.87,19.84,5.163,357,423
"2019-04-15 15:05:40.0",784652,4050,153.7,44.18,44.2,0.697,0.697,1.433,12.0402,39.89,39.91,14.01,0.747,24.25,21.88,18.28,19.23,21.33,5.639,0.679,23.23,21.06,17.6,18.48,20.52,5.367,0.679,23.1,20.92,17.46,18.41,20.38,5.367,0.679,23.03,20.86,17.39,18.34,20.31,5.367,358,422
"2019-04-15 15:06:00.0",784653,4040,153.8,44.21,44.23,0.697,0.698,1.432,12.0402,39.89,39.89,14.01,0.883,24.8,22.49,18.89,19.84,21.94,5.843,0.815,23.78,21.6,18.14,19.09,21.13,5.639,0.747,23.64,21.47,18,18.95,20.99,5.571,0.747,23.57,21.4,17.94,18.89,20.92,5.571,358,422
"2019-04-15 15:06:20.0",784654,4050,153.9,44.24,44.26,0.698,0.698,1.431,12.0402,39.89,39.91,14.04,1.019,25.54,23.3,19.57,20.65,22.69,6.182,0.951,24.53,22.42,18.82,19.84,21.88,5.978,0.951,24.39,22.22,18.68,19.7,21.81,5.911,0.951,24.25,22.22,18.61,19.63,21.67,5.843,358,422
"2019-04-15 15:06:40.0",784655,4050,154,44.27,44.29,0.698,0.698,1.43,12.0402,39.89,39.91,14.04,1.087,26.16,23.98,20.25,21.33,23.44,6.386,1.019,25.2,23.1,19.43,20.52,22.56,6.182,1.019,25,22.89,19.29,20.38,22.42,6.114,1.019,24.93,22.83,19.23,20.31,22.42,6.114,358,422
"2019-04-15 15:07:00.0",784656,4040,154.1,44.31,44.32,0.698,0.699,1.43,12.0402,39.89,39.91,14.04,1.155,26.84,24.66,20.79,21.94,24.12,6.59,1.087,25.75,23.71,19.97,21.13,23.17,6.318,1.087,25.54,23.51,19.84,20.92,23.03,6.25,1.087,25.48,23.44,19.77,20.92,22.96,6.25,358,422
"2019-04-15 15:07:20.0",784657,4050,154.2,44.34,44.35,0.699,0.699,1.429,12.0458,39.89,39.91,14.04,1.155,27.24,25.07,21.2,22.35,24.59,6.658,1.019,26.09,24.05,20.31,21.47,23.57,6.318,1.019,25.88,23.85,20.18,21.33,23.44,6.25,1.019,25.82,23.78,20.11,21.26,23.37,6.25,359,421
"2019-04-15 15:07:40.0",784658,4050,154.3,44.37,44.38,0.699,0.699,1.428,12.0513,39.89,39.91,14.04,1.155,27.51,25.41,21.54,22.76,24.93,6.658,1.087,26.36,24.32,20.65,21.74,23.91,6.318,1.019,26.16,24.19,20.45,21.6,23.78,6.318,1.019,26.09,24.05,20.38,21.54,23.71,6.318,359,421
"2019-04-15 15:08:00.0",784659,4050,154.4,44.4,44.41,0.7,0.7,1.427,12.0513,39.89,39.91,14.04,1.155,27.58,25.54,21.67,22.89,25.07,6.59,1.019,26.36,24.39,20.72,21.88,24.05,6.318,1.019,26.22,24.25,20.58,21.74,23.91,6.182,1.019,26.09,24.12,20.45,21.6,23.85,6.182,359,421
"2019-04-15 15:08:20.0",784660,4050,154.5,44.43,44.44,0.7,0.7,1.426,12.0513,39.89,39.91,14.04,1.087,27.45,25.41,21.6,22.83,25.07,6.454,0.951,26.22,24.32,20.65,21.81,24.05,6.182,0.951,26.09,24.19,20.52,21.67,23.91,6.114,0.951,25.88,24.05,20.38,21.54,23.78,6.046,359,421
"2019-04-15 15:08:40.0",784661,4050,154.6,44.46,44.47,0.7,0.701,1.426,12.0513,39.89,39.89,14.06,0.951,27.17,25.2,21.4,22.62,24.93,6.25,0.883,25.95,24.12,20.45,21.6,23.85,5.978,0.883,25.82,23.91,20.31,21.47,23.71,5.911,0.883,25.61,23.78,20.18,21.33,23.57,5.843,359,421
"2019-04-15 15:09:00.0",784662,4050,154.7,44.49,44.5,0.701,0.701,1.425,12.0513,39.89,39.9,14.06,0.883,26.77,24.86,21.13,22.35,24.73,6.114,0.815,25.54,23.78,20.18,21.33,23.57,5.707,0.747,25.41,23.57,20.04,21.2,23.51,5.707,0.747,25.27,23.44,19.91,21.06,23.37,5.639,359,421
"2019-04-15 15:09:20.0",784663,4070,154.8,44.52,44.53,0.701,0.701,1.424,12.0402,39.89,39.9,14.06,0.815,26.43,24.46,20.86,22.01,24.39,5.843,0.679,25.2,23.37,19.91,21.06,23.3,5.571,0.679,25.07,23.17,19.77,20.86,23.17,5.503,0.679,24.86,23.1,19.63,20.79,23.1,5.435,360,420
"2019-04-15 15:09:40.0",784664,4070,155,44.55,44.56,0.701,0.702,1.423,12.0402,39.89,39.88,14.06,0.679,25.95,24.12,20.52,21.67,24.12,5.707,0.611,24.73,23.03,19.57,20.72,23.03,5.367,0.611,24.59,22.83,19.43,20.58,22.83,5.299,0.543,24.46,22.76,19.36,20.45,22.76,5.299,360,420
"2019-04-15 15:10:00.0",784665,4070,155.1,44.58,44.59,0.702,0.702,1.423,12.0402,39.89,39.88,14.09,0.611,25.54,23.71,20.18,21.33,23.71,5.435,0.476,24.39,22.62,19.29,20.38,22.69,5.163,0.476,24.12,22.42,19.09,20.25,22.56,5.095,0.476,24.05,22.35,19.02,20.11,22.49,5.095,360,420
"2019-04-15 15:10:20.0",784666,4070,155.2,44.61,44.62,0.702,0.702,1.422,12.0402,39.89,39.9,14.09,0.476,25.07,23.3,19.77,20.92,23.37,5.231,0.408,23.98,22.22,18.89,19.97,22.35,4.959,0.408,23.71,22.01,18.75,19.84,22.15,4.891,0.408,23.57,21.88,18.68,19.77,22.08,4.891,360,420
"2019-04-15 15:10:40.0",784667,4070,155.3,44.64,44.65,0.703,0.703,1.421,12.0402,39.89,39.87,14.09,0.408,24.59,22.83,19.43,20.58,22.96,5.095,0.272,23.51,21.81,18.55,19.63,21.94,4.824,0.272,23.3,21.6,18.41,19.5,21.81,4.688,0.272,23.17,21.54,18.28,19.36,21.74,4.688,360,420
"2019-04-15 15:11:00.0",784668,4070,155.4,44.67,44.68,0.703,0.703,1.42,12.0513,39.89,39.91,14.09,0.272,24.19,22.42,19.09,20.18,22.56,4.891,0.204,23.1,21.4,18.21,19.29,21.6,4.62,0.204,22.89,21.26,18.07,19.09,21.4,4.552,0.204,22.76,21.13,18,19.02,21.33,4.552,361,419
"2019-04-15 15:11:20.0",784669,4070,155.5,44.69,44.71,0.703,0.704,1.42,12.0513,39.89,39.89,14.09,0.204,23.71,22.01,18.75,19.84,22.22,4.756,0.136,22.69,21.06,17.94,18.95,21.2,4.484,0.136,22.49,20.86,17.73,18.82,21.06,4.416,0.136,22.35,20.79,17.66,18.68,20.99,4.416,361,419
"2019-04-15 15:11:40.0",784670,4070,155.6,44.72,44.74,0.704,0.704,1.419,12.0513,39.89,39.91,14.09,0.136,23.37,21.6,18.41,19.43,21.81,4.552,0.068,22.28,20.65,17.6,18.61,20.86,4.348,0.068,22.15,20.52,17.46,18.48,20.72,4.348,0,21.94,20.38,17.32,18.34,20.58,4.348,361,419
"2019-04-15 15:12:00.0",784671,4070,155.7,44.75,44.77,0.704,0.704,1.418,12.0513,39.89,39.91,14.11,0,22.89,21.2,18.07,19.09,21.4,4.484,-0.068,21.88,20.31,17.26,18.28,20.45,4.212,-0.068,21.74,20.11,17.12,18.14,20.31,4.212,-0.068,21.54,19.97,16.98,18,20.25,4.212,361,419
"2019-04-15 15:12:20.0",784672,4070,155.8,44.78,44.8,0.704,0.705,1.418,12.0513,39.89,39.91,14.11,-0.068,22.49,20.79,17.73,18.75,20.99,4.348,-0.136,21.47,19.91,16.92,17.87,20.04,4.144,-0.136,21.33,19.77,16.78,17.8,19.97,4.144,-0.136,21.13,19.63,16.64,17.66,19.84,4.076,361,419
"2019-04-15 15:12:40.0",784673,4070,155.9,44.81,44.83,0.705,0.705,1.417,12.0513,39.89,39.89,14.11,-0.136,22.08,20.38,17.32,18.34,20.58,4.28,-0.204,21.06,19.5,16.51,17.53,19.63,4.076,-0.204,20.92,19.36,16.44,17.39,19.57,4.008,-0.204,20.72,19.23,16.3,17.32,19.43,4.008,362,418
"2019-04-15 15:13:00.0",784674,4070,156,44.84,44.86,0.705,0.705,1.416,12.0402,39.89,39.91,14.11,-0.204,21.6,19.97,16.98,17.94,20.11,4.076,-0.272,20.52,19.02,16.17,17.12,19.23,3.94,-0.272,20.45,18.89,16.1,16.98,19.09,3.94,-0.272,20.31,18.82,15.97,16.92,19.02,3.872,362,418
"2019-04-15 15:13:20.0",784675,4070,156.1,44.87,44.88,0.705,0.706,1.415,12.0402,39.89,39.89,14.11,-0.272,21.06,19.5,16.58,17.53,19.7,4.076,-0.34,20.11,18.61,15.83,16.71,18.82,3.872,-0.34,19.97,18.48,15.69,16.64,18.75,3.804,-0.34,19.91,18.41,15.63,16.51,18.61,3.804,362,418
"2019-04-15 15:13:40.0",784676,4070,156.2,44.9,44.91,0.706,0.706,1.415,12.0402,39.89,39.91,14.13,-0.34,20.58,19.09,16.17,17.12,19.23,3.94,-0.408,19.7,18.21,15.49,16.37,18.41,3.737,-0.408,19.57,18.07,15.35,16.24,18.34,3.669,-0.408,19.43,18,15.29,16.17,18.21,3.669,362,418
"2019-04-15 15:14:00.0",784677,4070,156.4,44.92,44.94,0.706,0.706,1.414,12.0402,39.89,39.91,14.13,-0.408,20.18,18.68,15.83,16.78,18.89,3.872,-0.408,19.29,17.87,15.15,16.03,18.07,3.669,-0.408,19.16,17.66,15.01,15.9,17.94,3.601,-0.408,19.02,17.6,14.95,15.83,17.87,3.601,362,418
"2019-04-15 15:14:20.0",784678,4070,156.5,44.95,44.97,0.707,0.707,1.413,12.0513,39.89,39.89,14.13,-0.408,19.84,18.34,15.49,16.44,18.55,3.804,-0.408,18.95,17.53,14.88,15.69,17.73,3.601,-0.408,18.75,17.39,14.74,15.63,17.6,3.601,-0.476,18.61,17.26,14.67,15.49,17.53,3.533,362,418
"2019-04-15 15:14:40.0",784679,4080,156.6,44.98,45,0.707,0.707,1.413,12.0513,39.89,39.89,14.13,-0.476,19.43,17.94,15.22,16.1,18.21,3.669,-0.476,18.55,17.19,14.61,15.42,17.39,3.601,-0.476,18.48,17.05,14.47,15.35,17.32,3.533,-0.476,18.41,16.98,14.4,15.22,17.26,3.533,363,417
"2019-04-15 15:15:00.0",784680,4080,156.7,45.01,45.02,0.707,0.707,1.412,12.0513,39.89,39.89,14.13,-0.476,19.16,17.73,15.01,15.9,17.94,3.669,-0.543,18.34,16.98,14.4,15.22,17.19,3.533,-0.543,18.28,16.92,14.27,15.15,17.05,3.533,-0.543,18.14,16.78,14.2,15.01,16.98,3.465,363,417
"2019-04-15 15:15:20.0",784681,4080,156.8,45.04,45.05,0.708,0.708,1.411,12.0513,39.89,39.87,14.13,-0.543,18.89,17.46,14.81,15.69,17.66,3.669,-0.543,18.14,16.71,14.2,15.01,16.98,3.533,-0.543,18,16.71,14.13,14.95,16.85,3.533,-0.543,17.94,16.58,14.06,14.88,16.85,3.533,363,417
"2019-04-15 15:15:40.0",784682,4080,156.9,45.06,45.08,0.708,0.708,1.411,12.0513,39.89,39.89,14.13,-0.543,18.68,17.32,14.67,15.49,17.46,3.669,-0.543,17.94,16.58,14.06,14.88,16.78,3.533,-0.611,17.87,16.51,14,14.81,16.71,3.465,-0.543,17.73,16.44,13.93,14.74,16.64,3.465,363,417
"2019-04-15 15:16:00.0",784683,4090,157,45.09,45.11,0.708,0.708,1.41,12.0513,39.89,39.89,14.13,-0.611,18.48,17.12,14.54,15.35,17.26,3.669,-0.611,17.73,16.37,13.86,14.67,16.58,3.533,-0.611,17.66,16.37,13.86,14.67,16.51,3.465,-0.611,17.6,16.24,13.79,14.61,16.44,3.465,363,417
"2019-04-15 15:16:20.0",784684,4080,157.1,45.12,45.13,0.709,0.709,1.409,12.0402,39.89,39.91,14.16,-0.611,18.28,16.92,14.33,15.15,17.05,3.669,-0.611,17.53,16.17,13.72,14.47,16.3,3.465,-0.611,17.46,16.1,13.66,14.47,16.3,3.465,-0.611,17.39,16.03,13.59,14.4,16.24,3.465,364,416
"2019-04-15 15:16:40.0",784685,4080,157.2,45.15,45.16,0.709,0.709,1.409,12.0402,39.89,39.91,14.16,-0.611,18,16.64,14.13,14.95,16.85,3.601,-0.611,17.26,15.9,13.45,14.27,16.03,3.465,-0.611,17.12,15.83,13.45,14.2,16.03,3.465,-0.611,17.12,15.76,13.38,14.2,15.97,3.465,364,416
"2019-04-15 15:17:00.0",784686,4090,157.3,45.17,45.19,0.709,0.709,1.408,12.0513,39.89,39.91,14.16,-0.679,17.66,16.3,13.86,14.67,16.51,3.533,-0.679,16.85,15.56,13.18,14,15.76,3.329,-0.679,16.78,15.49,13.18,13.93,15.69,3.329,-0.679,16.78,15.49,13.11,13.86,15.63,3.329,364,416
"2019-04-15 15:17:20.0",784687,4080,157.5,45.2,45.22,0.71,0.71,1.407,12.0402,39.89,39.9,14.16,-0.679,17.26,15.97,13.52,14.33,16.17,3.465,-0.679,16.51,15.22,12.91,13.66,15.42,3.261,-0.679,16.37,15.15,12.84,13.59,15.35,3.261,-0.679,16.37,15.15,12.77,13.59,15.29,3.261,364,416
"2019-04-15 15:17:40.0",784688,4080,157.6,45.23,45.24,0.71,0.71,1.407,12.0402,39.89,39.9,14.16,-0.679,16.85,15.56,13.18,13.93,15.76,3.261,-0.679,16.03,14.81,12.57,13.32,15.08,3.125,-0.679,15.97,14.74,12.5,13.18,14.95,3.125,-0.679,15.9,14.67,12.43,13.18,14.95,3.125,364,416
"2019-04-15 15:18:00.0",784689,4080,157.7,45.25,45.27,0.71,0.71,1.406,12.0402,39.89,39.88,14.16,-0.679,16.37,15.15,12.84,13.59,15.35,3.193,-0.679,15.63,14.4,12.23,12.91,14.67,2.989,-0.679,15.49,14.33,12.16,12.84,14.61,2.989,-0.679,15.42,14.27,12.09,12.77,14.54,2.921,364,416
"2019-04-15 15:18:20.0",784690,4090,157.8,45.28,45.3,0.711,0.711,1.405,12.0513,39.89,39.88,14.18,-0.679,15.9,14.67,12.43,13.18,14.95,2.989,-0.747,15.15,14,11.82,12.5,14.27,2.853,-0.747,15.08,13.93,11.75,12.5,14.2,2.785,-0.747,15.01,13.86,11.75,12.43,14.2,2.785,365,415
"2019-04-15 15:18:40.0",784691,4090,157.9,45.31,45.32,0.711,0.711,1.405,12.0513,39.89,39.88,14.18,-0.747,15.49,14.33,12.09,12.77,14.61,2.853,-0.747,14.74,13.59,11.55,12.16,13.93,2.717,-0.747,14.67,13.59,11.48,12.16,13.86,2.717,-0.747,14.67,13.52,11.41,12.09,13.86,2.65,365,415
"2019-04-15 15:19:00.0",784692,4090,158,45.33,45.35,0.711,0.711,1.404,12.0458,39.89,39.89,14.18,-0.747,15.15,13.93,11.82,12.5,14.33,2.785,-0.747,14.4,13.32,11.28,11.89,13.66,2.582,-0.747,14.33,13.25,11.21,11.89,13.59,2.582,-0.747,14.33,13.18,11.21,11.82,13.59,2.582,365,415
"2019-04-15 15:19:20.0",784693,4090,158.1,45.36,45.38,0.712,0.712,1.403,12.0513,39.89,39.89,14.18,-0.747,14.81,13.72,11.62,12.3,14.06,2.65,-0.747,14.13,13.04,11.01,11.69,13.38,2.514,-0.747,14.13,13.04,11.01,11.62,13.38,2.446,-0.747,14.06,12.98,11.01,11.62,13.38,2.446,365,415
"2019-04-15 15:19:40.0",784694,4090,158.2,45.39,45.4,0.712,0.712,1.403,12.0513,39.89,39.91,14.18,-0.747,14.61,13.52,11.41,12.09,13.86,2.582,-0.747,14,12.84,10.87,11.55,13.25,2.446,-0.747,14,12.84,10.87,11.55,13.25,2.446,-0.747,13.93,12.84,10.87,11.48,13.25,2.446,365,415
"2019-04-15 15:20:00.0",784695,4100,158.3,45.41,45.43,0.712,0.712,1.402,12.0402,39.89,39.89,14.18,-0.747,14.61,13.38,11.35,12.02,13.79,2.582,-0.747,13.86,12.77,10.8,11.48,13.18,2.378,-0.747,13.86,12.77,10.8,11.41,13.11,2.378,-0.747,13.86,12.77,10.8,11.41,13.11,2.378,366,414
"2019-04-15 15:20:20.0",784696,4100,158.4,45.44,45.45,0.712,0.713,1.402,12.0402,39.89,39.87,14.18,-0.747,14.54,13.45,11.35,12.02,13.72,2.514,-0.747,13.93,12.77,10.8,11.41,13.18,2.378,-0.747,13.86,12.77,10.8,11.41,13.18,2.378,-0.747,13.86,12.77,10.8,11.41,13.11,2.378,366,414
"2019-04-15 15:20:40.0",784697,4100,158.6,45.46,45.48,0.713,0.713,1.401,12.0402,39.89,39.87,14.18,-0.747,14.67,13.45,11.41,12.02,13.79,2.514,-0.747,14,12.91,10.87,11.55,13.25,2.446,-0.747,14,12.84,10.87,11.48,13.25,2.378,-0.747,14,12.84,10.87,11.55,13.25,2.378,366,414
"2019-04-15 15:21:00.0",784698,4100,158.7,45.49,45.51,0.713,0.713,1.4,12.0402,39.89,39.89,14.18,-0.747,14.81,13.66,11.55,12.23,13.93,2.514,-0.747,14.2,13.04,11.01,11.69,13.38,2.446,-0.747,14.13,12.98,11.01,11.69,13.38,2.446,-0.747,14.2,13.04,11.01,11.69,13.38,2.446,366,414
"2019-04-15 15:21:20.0",784699,4100,158.8,45.52,45.53,0.713,0.714,1.4,12.0402,39.89,39.87,14.21,-0.747,15.15,13.86,11.75,12.43,14.13,2.65,-0.747,14.54,13.32,11.21,11.89,13.59,2.514,-0.679,14.47,13.25,11.21,11.89,13.52,2.446,-0.747,14.47,13.25,11.21,11.89,13.52,2.446,366,414
"2019-04-15 15:21:40.0",784700,4100,158.9,45.54,45.56,0.714,0.714,1.399,12.0513,39.89,39.87,14.21,-0.679,15.42,14.2,12.02,12.7,14.4,2.65,-0.679,14.81,13.59,11.48,12.16,13.86,2.582,-0.679,14.81,13.59,11.48,12.16,13.79,2.514,-0.747,14.81,13.59,11.48,12.16,13.79,2.582,367,413
"2019-04-15 15:22:00.0",784701,4100,159,45.57,45.58,0.714,0.714,1.399,12.0513,39.89,39.89,14.21,-0.679,15.9,14.61,12.3,13.04,14.74,2.785,-0.679,15.29,14,11.82,12.5,14.13,2.65,-0.679,15.29,14,11.82,12.5,14.13,2.65,-0.679,15.29,14,11.82,12.5,14.13,2.65,367,413
"2019-04-15 15:22:20.0",784702,4100,159.1,45.59,45.61,0.714,0.715,1.398,12.0513,39.89,39.89,14.21,-0.679,16.44,15.08,12.7,13.45,15.08,2.853,-0.679,15.83,14.47,12.23,12.91,14.54,2.785,-0.679,15.76,14.47,12.23,12.91,14.54,2.717,-0.679,15.76,14.47,12.23,12.91,14.54,2.785,367,413
"2019-04-15 15:22:40.0",784703,4100,159.2,45.62,45.63,0.715,0.715,1.397,12.0513,39.89,39.89,14.21,-0.679,17.05,15.63,13.18,13.93,15.56,2.989,-0.679,16.37,15.01,12.64,13.38,14.95,2.853,-0.679,16.37,14.95,12.64,13.38,14.95,2.853,-0.679,16.37,15.01,12.64,13.38,14.95,2.853,367,413
"2019-04-15 15:23:00.0",784704,4100,159.3,45.64,45.66,0.715,0.715,1.397,12.0513,39.89,39.89,14.21,-0.611,17.73,16.24,13.66,14.47,16.03,3.125,-0.611,16.98,15.56,13.11,13.93,15.42,2.989,-0.611,16.98,15.49,13.04,13.86,15.35,2.989,-0.611,16.98,15.49,13.11,13.86,15.35,2.989,367,413
"2019-04-15 15:23:20.0",784705,4100,159.5,45.67,45.68,0.715,0.715,1.396,12.0513,39.89,39.89,14.21,-0.611,18.41,16.78,14.2,15.01,16.51,3.261,-0.611,17.6,16.1,13.59,14.4,15.83,3.125,-0.611,17.53,16.03,13.52,14.33,15.76,3.125,-0.611,17.53,16.03,13.52,14.33,15.76,3.125,367,413
"2019-04-15 15:23:40.0",784706,4110,159.6,45.69,45.71,0.716,0.716,1.396,12.0402,39.89,39.91,14.21,-0.611,18.95,17.32,14.61,15.49,16.92,3.329,-0.611,18.21,16.64,14.06,14.88,16.24,3.193,-0.611,18.14,16.51,13.93,14.81,16.17,3.193,-0.611,18.07,16.51,13.93,14.81,16.17,3.193,368,412
"2019-04-15 15:24:00.0",784707,4110,159.7,45.72,45.73,0.716,0.716,1.395,12.0402,39.89,39.89,14.23,-0.611,19.43,17.8,15.01,15.9,17.26,3.397,-0.543,18.68,17.05,14.4,15.22,16.58,3.261,-0.611,18.55,16.98,14.27,15.15,16.44,3.261,-0.611,18.48,16.92,14.27,15.08,16.44,3.193,368,412
"2019-04-15 15:24:20.0",784708,4110,159.8,45.74,45.76,0.716,0.716,1.394,12.0402,39.89,39.87,14.23,-0.543,19.77,18,15.22,16.1,17.46,3.465,-0.543,18.89,17.32,14.54,15.42,16.71,3.261,-0.543,18.89,17.19,14.47,15.35,16.64,3.261,-0.543,18.75,17.12,14.4,15.29,16.58,3.261,368,412
"2019-04-15 15:24:40.0",784709,4110,159.9,45.76,45.78,0.716,0.717,1.394,12.0402,39.89,39.89,14.23,-0.543,19.91,18.14,15.29,16.24,17.53,3.397,-0.543,19.02,17.39,14.61,15.49,16.78,3.193,-0.543,18.89,17.26,14.54,15.42,16.64,3.193,-0.543,18.82,17.12,14.47,15.29,16.58,3.125,368,412
"2019-04-15 15:25:00.0",784710,4110,160,45.79,45.8,0.717,0.717,1.393,12.0402,39.89,39.89,14.23,-0.543,19.77,18,15.22,16.1,17.39,3.261,-0.543,18.89,17.19,14.54,15.35,16.64,3.125,-0.543,18.82,17.12,14.4,15.29,16.51,3.057,-0.543,18.75,17.05,14.4,15.22,16.51,3.057,368,412
"2019-04-15 15:25:20.0",784711,4120,160.1,45.81,45.83,0.717,0.717,1.393,12.0513,39.89,39.91,14.23,-0.543,19.5,17.8,14.95,15.83,17.12,3.057,-0.543,18.61,16.98,14.27,15.08,16.37,2.921,-0.543,18.55,16.92,14.2,15.01,16.3,2.921,-0.543,18.48,16.78,14.13,14.95,16.24,2.921,369,411
"2019-04-15 15:25:40.0",784712,4120,160.2,45.83,45.85,0.717,0.718,1.392,12.0513,39.89,39.91,14.23,-0.543,19.16,17.39,14.61,15.49,16.78,2.853,-0.543,18.21,16.58,13.93,14.74,16.03,2.717,-0.543,18.14,16.51,13.86,14.67,15.97,2.717,-0.543,18.07,16.44,13.86,14.67,15.9,2.717,369,411
"2019-04-15 15:26:00.0",784713,4120,160.4,45.86,45.87,0.718,0.718,1.392,12.0513,39.89,39.87,14.23,-0.543,18.61,16.92,14.27,15.08,16.37,2.717,-0.611,17.8,16.1,13.52,14.27,15.63,2.582,-0.611,17.66,16.03,13.45,14.27,15.56,2.582,-0.611,17.66,16.03,13.45,14.27,15.56,2.582,369,411
"2019-04-15 15:26:20.0",784714,4120,160.5,45.88,45.9,0.718,0.718,1.391,12.0513,39.89,39.91,14.23,-0.611,18.14,16.44,13.79,14.61,15.9,2.582,-0.611,17.26,15.63,13.11,13.86,15.15,2.378,-0.611,17.19,15.49,13.04,13.79,15.15,2.378,-0.611,17.12,15.49,13.04,13.79,15.08,2.378,369,411
"2019-04-15 15:26:40.0",784715,4120,160.6,45.91,45.92,0.718,0.718,1.39,12.0513,39.89,39.89,14.23,-0.611,17.6,15.9,13.32,14.13,15.49,2.378,-0.611,16.78,15.15,12.7,13.45,14.81,2.242,-0.611,16.71,15.01,12.64,13.32,14.67,2.174,-0.611,16.64,15.01,12.57,13.32,14.61,2.242,369,411
"2019-04-15 15:27:00.0",784716,4120,160.7,45.93,45.94,0.718,0.719,1.39,12.0513,39.89,39.91,14.23,-0.611,17.05,15.35,12.91,13.66,15.01,2.174,-0.611,16.24,14.67,12.3,12.98,14.33,2.106,-0.611,16.17,14.54,12.16,12.91,14.27,2.106,-0.611,16.1,14.47,12.16,12.84,14.2,2.038,369,411
"2019-04-15 15:27:20.0",784717,4130,160.8,45.95,45.97,0.719,0.719,1.389,12.0402,39.89,39.89,14.23,-0.611,16.58,14.88,12.43,13.18,14.61,2.038,-0.611,15.76,14.2,11.89,12.57,13.93,1.97,-0.611,15.69,14.13,11.82,12.5,13.86,1.97,-0.611,15.63,14.06,11.75,12.43,13.79,1.97,370,410
"2019-04-15 15:27:40.0",784718,4130,160.9,45.98,45.99,0.719,0.719,1.389,12.0402,39.89,39.91,14.23,-0.611,16.03,14.4,12.09,12.7,14.2,1.97,-0.611,15.42,13.79,11.55,12.16,13.59,1.902,-0.611,15.29,13.66,11.48,12.09,13.52,1.834,-0.611,15.15,13.66,11.41,12.02,13.45,1.834,370,410
"2019-04-15 15:28:00.0",784719,4130,161,46,46.01,0.719,0.72,1.388,12.0402,39.89,39.89,14.23,-0.611,15.49,13.86,11.62,12.23,13.72,1.834,-0.611,14.88,13.25,11.14,11.75,13.18,1.766,-0.679,14.74,13.18,11.01,11.62,13.11,1.698,-0.611,14.67,13.11,11.01,11.62,13.04,1.698,370,410
"2019-04-15 15:28:20.0",784720,4130,161.1,46.02,46.04,0.72,0.72,1.388,12.0402,39.89,39.89,14.23,-0.679,15.15,13.52,11.28,11.96,13.45,1.766,-0.611,14.54,12.98,10.87,11.48,12.91,1.698,-0.679,14.47,12.91,10.8,11.41,12.84,1.63,-0.679,14.4,12.84,10.73,11.35,12.77,1.63,370,410
"2019-04-15 15:28:40.0",784721,4130,161.3,46.04,46.06,0.72,0.72,1.387,12.0402,39.89,39.91,14.23,-0.679,14.81,13.25,11.07,11.69,13.18,1.698,-0.679,14.27,12.77,10.67,11.21,12.64,1.563,-0.679,14.13,12.64,10.6,11.14,12.64,1.563,-0.679,14.13,12.64,10.53,11.14,12.57,1.563,370,410
"2019-04-15 15:29:00.0",784722,4130,161.4,46.07,46.08,0.72,0.72,1.387,12.0457,39.88,39.89,14.23,-0.679,14.61,13.04,10.87,11.48,13.04,1.63,-0.679,14.06,12.57,10.46,11.07,12.57,1.563,-0.679,13.93,12.5,10.46,11.01,12.5,1.563,-0.679,13.93,12.43,10.39,10.94,12.43,1.563,371,409
"2019-04-15 15:29:20.0",784723,4130,161.5,46.09,46.1,0.72,0.721,1.386,12.0513,39.88,39.91,14.23,-0.679,14.47,12.91,10.8,11.41,12.98,1.563,-0.679,13.93,12.43,10.39,10.94,12.5,1.563,-0.679,13.86,12.36,10.33,10.94,12.43,1.495,-0.679,13.79,12.36,10.33,10.87,12.36,1.563,371,409
"2019-04-15 15:29:40.0",784724,4130,161.6,46.11,46.13,0.721,0.721,1.386,12.0625,39.88,39.87,14.23,-0.679,14.47,12.91,10.8,11.41,12.98,1.63,-0.679,13.93,12.43,10.39,11.01,12.5,1.563,-0.679,13.86,12.43,10.39,10.94,12.43,1.495,-0.679,13.79,12.36,10.33,10.94,12.36,1.563,371,409
"2019-04-15 15:30:00.0",784725,4130,161.7,46.13,46.15,0.721,0.721,1.385,12.0513,39.88,39.89,14.25,-0.679,14.54,13.04,10.87,11.48,13.04,1.63,-0.679,14.06,12.64,10.53,11.14,12.64,1.563,-0.679,14,12.57,10.53,11.07,12.64,1.563,-0.679,14,12.5,10.46,11.07,12.57,1.563,371,409
"2019-04-15 15:30:20.0",784726,4130,161.8,46.16,46.17,0.721,0.721,1.385,12.0513,39.88,39.91,14.25,-0.679,14.74,13.25,11.07,11.69,13.25,1.63,-0.679,14.27,12.77,10.73,11.28,12.77,1.563,-0.679,14.2,12.7,10.67,11.28,12.77,1.563,-0.679,14.2,12.7,10.67,11.21,12.7,1.563,371,409
"2019-04-15 15:30:40.0",784727,4140,161.9,46.18,46.19,0.721,0.722,1.384,12.0402,39.89,39.87,14.25,-0.679,15.08,13.59,11.41,12.02,13.52,1.698,-0.679,14.61,13.11,11.01,11.62,13.04,1.63,-0.679,14.54,13.11,10.94,11.55,13.04,1.63,-0.679,14.54,13.04,10.94,11.55,13.04,1.63,372,408
"2019-04-15 15:31:00.0",784728,4140,162.1,46.2,46.21,0.722,0.722,1.384,12.0402,39.89,39.87,14.25,-0.679,15.42,13.93,11.62,12.3,13.79,1.766,-0.679,14.95,13.45,11.28,11.89,13.32,1.698,-0.679,14.95,13.45,11.21,11.89,13.32,1.698,-0.679,14.95,13.38,11.21,11.82,13.32,1.698,372,408
"2019-04-15 15:31:20.0",784729,4140,162.2,46.22,46.24,0.722,0.722,1.383,12.0402,39.89,39.87,14.25,-0.679,16.03,14.4,12.09,12.7,14.27,1.834,-0.679,15.56,13.93,11.69,12.36,13.79,1.766,-0.679,15.49,13.93,11.69,12.3,13.72,1.766,-0.679,15.49,13.93,11.62,12.3,13.72,1.834,372,408
"2019-04-15 15:31:40.0",784730,4140,162.3,46.24,46.26,0.722,0.722,1.383,12.0402,39.89,39.87,14.25,-0.679,16.71,15.01,12.57,13.25,14.74,2.038,-0.679,16.17,14.54,12.16,12.84,14.27,1.97,-0.611,16.1,14.47,12.16,12.84,14.27,1.97,-0.611,16.1,14.47,12.09,12.77,14.2,1.97,372,408
"2019-04-15 15:32:00.0",784731,4140,162.4,46.26,46.28,0.723,0.723,1.382,12.0402,39.89,39.87,14.25,-0.611,17.32,15.63,13.11,13.86,15.29,2.174,-0.611,16.71,15.08,12.64,13.38,14.81,2.038,-0.611,16.71,15.08,12.64,13.32,14.74,2.038,-0.611,16.71,15.08,12.64,13.32,14.74,2.038,372,408
"2019-04-15 15:32:20.0",784732,4140,162.5,46.28,46.3,0.723,0.723,1.382,12.0402,39.89,39.87,14.25,-0.611,18,16.24,13.59,14.4,15.83,2.31,-0.611,17.32,15.63,13.11,13.86,15.29,2.174,-0.611,17.32,15.63,13.11,13.86,15.22,2.174,-0.611,17.26,15.56,13.04,13.79,15.22,2.174,372,408
"2019-04-15 15:32:40.0",784733,4150,162.6,46.31,46.32,0.723,0.723,1.381,12.0569,39.89,39.87,14.25,-0.611,18.55,16.71,14,14.81,16.24,2.446,-0.611,17.87,16.1,13.52,14.27,15.63,2.378,-0.611,17.87,16.1,13.52,14.27,15.63,2.31,-0.611,17.8,16.03,13.45,14.27,15.63,2.31,373,407
"2019-04-15 15:33:00.0",784734,4150,162.7,46.33,46.34,0.723,0.723,1.381,12.0513,39.89,39.87,14.25,-0.611,18.95,17.12,14.33,15.15,16.58,2.514,-0.611,18.21,16.44,13.79,14.61,15.9,2.446,-0.611,18.21,16.44,13.79,14.54,15.9,2.446,-0.611,18.14,16.37,13.72,14.54,15.9,2.378,373,407
"2019-04-15 15:33:20.0",784735,4150,162.9,46.35,46.36,0.724,0.724,1.38,12.0569,39.89,39.87,14.25,-0.611,19.16,17.26,14.47,15.29,16.78,2.582,-0.611,18.34,16.51,13.86,14.67,16.1,2.446,-0.611,18.34,16.51,13.86,14.61,16.1,2.446,-0.611,18.34,16.51,13.86,14.67,16.1,2.446,373,407
"2019-04-15 15:33:40.0",784736,4150,163,46.37,46.38,0.724,0.724,1.38,12.0513,39.89,39.87,14.25,-0.611,19.02,17.26,14.47,15.29,16.78,2.582,-0.611,18.21,16.44,13.79,14.54,16.03,2.446,-0.611,18.21,16.44,13.79,14.61,16.03,2.446,-0.611,18.21,16.44,13.79,14.61,16.03,2.446,373,407
"2019-04-15 15:34:00.0",784737,4150,163.1,46.39,46.4,0.724,0.724,1.379,12.0513,39.89,39.9,14.25,-0.611,18.75,16.92,14.2,15.01,16.58,2.582,-0.611,17.87,16.1,13.52,14.27,15.83,2.446,-0.611,17.87,16.1,13.52,14.33,15.9,2.446,-0.611,17.87,16.1,13.52,14.33,15.83,2.446,373,407
"2019-04-15 15:34:20.0",784738,4150,163.2,46.41,46.42,0.724,0.724,1.379,12.0402,39.89,39.88,14.23,-0.611,18.34,16.58,13.93,14.74,16.44,2.514,-0.611,17.39,15.69,13.25,14,15.63,2.446,-0.611,17.39,15.76,13.25,14,15.63,2.378,-0.611,17.46,15.76,13.25,14.06,15.69,2.378,374,406
"2019-04-15 15:34:40.0",784739,4150,163.3,46.43,46.44,0.725,0.725,1.378,12.0402,39.89,39.88,14.23,-0.611,18,16.24,13.66,14.47,16.24,2.446,-0.611,17.12,15.49,12.98,13.72,15.49,2.378,-0.611,17.12,15.42,12.98,13.72,15.49,2.378,-0.611,17.12,15.49,13.04,13.79,15.49,2.378,374,406
"2019-04-15 15:35:00.0",784740,4150,163.4,46.45,46.47,0.725,0.725,1.378,12.0402,39.89,39.88,14.23,-0.611,17.66,15.97,13.45,14.2,16.1,2.446,-0.611,16.85,15.22,12.77,13.52,15.35,2.31,-0.611,16.78,15.22,12.77,13.52,15.35,2.31,-0.611,16.78,15.22,12.77,13.52,15.35,2.31,374,406
"2019-04-15 15:35:20.0",784741,4150,163.5,46.47,46.49,0.725,0.725,1.377,12.0402,39.89,39.88,14.23,-0.611,17.46,15.83,13.25,14.06,15.97,2.446,-0.611,16.64,15.08,12.7,13.38,15.29,2.31,-0.611,16.58,15.01,12.64,13.32,15.22,2.31,-0.611,16.58,15.01,12.64,13.32,15.22,2.31,374,406
"2019-04-15 15:35:40.0",784742,4150,163.7,46.49,46.5,0.725,0.725,1.377,12.0402,39.89,39.88,14.23,-0.611,17.32,15.69,13.18,13.93,15.97,2.446,-0.611,16.58,15.01,12.64,13.32,15.29,2.31,-0.611,16.58,14.95,12.64,13.32,15.29,2.31,-0.611,16.51,14.95,12.57,13.32,15.22,2.31,374,406
"2019-04-15 15:36:00.0",784743,4150,163.8,46.51,46.52,0.725,0.726,1.377,12.0402,39.89,39.88,14.23,-0.611,17.32,15.69,13.25,14,16.03,2.378,-0.611,16.58,15.01,12.64,13.38,15.35,2.31,-0.611,16.58,15.08,12.7,13.38,15.35,2.31,-0.611,16.58,15.01,12.64,13.38,15.35,2.31,374,406
"2019-04-15 15:36:20.0",784744,4160,163.9,46.53,46.54,0.726,0.726,1.376,12.0513,39.89,39.88,14.23,-0.611,17.53,15.97,13.45,14.2,16.3,2.446,-0.611,16.85,15.29,12.84,13.59,15.63,2.378,-0.611,16.85,15.29,12.91,13.59,15.63,2.378,-0.611,16.85,15.29,12.84,13.59,15.63,2.378,375,405
"2019-04-15 15:36:40.0",784745,4160,164,46.55,46.56,0.726,0.726,1.376,12.0513,39.89,39.88,14.23,-0.611,17.94,16.3,13.72,14.54,16.64,2.514,-0.543,17.19,15.56,13.11,13.86,15.97,2.446,-0.543,17.32,15.76,13.32,14.06,16.1,2.514,-0.543,17.39,15.83,13.32,14.06,16.1,2.446,375,405
"2019-04-15 15:37:00.0",784746,4160,164.1,46.57,46.58,0.726,0.726,1.375,12.0513,39.89,39.88,14.23,-0.543,18.68,17.05,14.33,15.15,17.26,2.717,-0.543,17.87,16.24,13.72,14.47,16.51,2.582,-0.543,17.87,16.3,13.72,14.47,16.58,2.582,-0.543,17.94,16.37,13.79,14.54,16.58,2.582,375,405
"2019-04-15 15:37:20.0",784747,4160,164.2,46.59,46.6,0.726,0.727,1.375,12.0513,39.89,39.9,14.23,-0.543,19.43,17.66,14.95,15.76,17.94,2.853,-0.476,18.61,16.98,14.27,15.08,17.19,2.717,-0.476,18.61,16.92,14.27,15.08,17.12,2.717,-0.476,18.75,17.05,14.4,15.15,17.26,2.717,375,405
"2019-04-15 15:37:40.0",784748,4160,164.4,46.61,46.62,0.727,0.727,1.374,12.0513,39.89,39.88,14.23,-0.476,20.31,18.55,15.69,16.58,18.68,3.057,-0.476,19.43,17.66,14.95,15.83,17.94,2.921,-0.476,19.36,17.66,14.95,15.83,17.87,2.921,-0.476,19.43,17.73,15.01,15.9,17.94,2.921,375,405
"2019-04-15 15:38:00.0",784749,4170,164.5,46.62,46.64,0.727,0.727,1.374,12.0402,39.89,39.88,14.23,-0.408,21.06,19.29,16.3,17.26,19.43,3.261,-0.476,20.25,18.48,15.63,16.58,18.61,3.057,-0.476,20.18,18.41,15.56,16.51,18.55,3.057,-0.476,20.25,18.48,15.63,16.58,18.61,3.057,376,404
"2019-04-15 15:38:20.0",784750,4170,164.6,46.64,46.66,0.727,0.727,1.374,12.0402,39.89,39.9,14.23,-0.408,21.94,20.11,17.05,18,20.18,3.465,-0.408,21.06,19.23,16.3,17.26,19.29,3.329,-0.408,20.99,19.16,16.24,17.19,19.23,3.329,-0.408,20.99,19.23,16.24,17.26,19.23,3.261,376,404
"2019-04-15 15:38:40.0",784751,4170,164.7,46.66,46.68,0.727,0.727,1.373,12.0402,39.88,39.88,14.21,-0.408,22.83,20.86,17.66,18.75,20.86,3.669,-0.408,21.81,19.97,16.92,17.94,19.97,3.465,-0.408,21.74,19.91,16.85,17.87,19.91,3.465,-0.408,21.74,19.91,16.85,17.87,19.91,3.465,376,404
"2019-04-15 15:39:00.0",784752,4170,164.8,46.68,46.7,0.728,0.728,1.373,12.0402,39.89,39.9,14.21,-0.408,23.51,21.47,18.21,19.29,21.4,3.872,-0.408,22.49,20.58,17.46,18.48,20.52,3.669,-0.408,22.42,20.52,17.39,18.41,20.45,3.669,-0.408,22.35,20.52,17.39,18.41,20.45,3.669,376,404
"2019-04-15 15:39:20.0",784753,4170,164.9,46.7,46.71,0.728,0.728,1.372,12.0402,39.89,39.88,14.21,-0.408,24.05,22.08,18.68,19.77,21.94,4.008,-0.408,23.1,21.13,17.94,18.95,20.99,3.872,-0.408,23.1,21.06,17.87,18.95,20.99,3.872,-0.408,22.96,21.06,17.8,18.89,20.92,3.872,376,404
"2019-04-15 15:39:40.0",784754,4170,165.1,46.72,46.73,0.728,0.728,1.372,12.0513,39.89,39.88,14.21,-0.408,24.59,22.56,19.09,20.25,22.35,4.212,-0.408,23.57,21.6,18.34,19.43,21.47,4.008,-0.408,23.57,21.54,18.28,19.36,21.4,4.008,-0.408,23.57,21.54,18.28,19.36,21.4,4.008,377,403
"2019-04-15 15:40:00.0",784755,4170,165.2,46.73,46.75,0.728,0.728,1.371,12.0513,39.89,39.88,14.21,-0.408,25.2,23.1,19.57,20.72,22.83,4.416,-0.408,24.12,22.15,18.75,19.84,21.88,4.28,-0.408,24.12,22.15,18.75,19.84,21.88,4.28,-0.408,24.12,22.08,18.68,19.84,21.88,4.28,377,403
"2019-04-15 15:40:20.0",784756,4170,165.3,46.75,46.77,0.728,0.729,1.371,12.0513,39.89,39.88,14.21,-0.408,25.75,23.57,19.97,21.2,23.3,4.688,-0.408,24.66,22.62,19.16,20.31,22.35,4.484,-0.408,24.66,22.62,19.16,20.31,22.35,4.484,-0.408,24.66,22.62,19.16,20.31,22.35,4.552,377,403
"2019-04-15 15:40:40.0",784757,4170,165.4,46.77,46.79,0.729,0.729,1.371,12.0457,39.89,39.88,14.21,-0.408,26.09,23.98,20.31,21.54,23.71,4.959,-0.408,25.07,22.96,19.5,20.65,22.69,4.756,-0.408,25.07,22.96,19.5,20.65,22.76,4.756,-0.408,25.07,23.03,19.5,20.65,22.76,4.756,377,403
"2019-04-15 15:41:00.0",784758,4170,165.5,46.79,46.8,0.729,0.729,1.37,12.0513,39.89,39.88,14.21,-0.408,26.63,24.53,20.79,22.01,24.19,5.163,-0.408,25.61,23.44,19.91,21.13,23.17,5.027,-0.408,25.54,23.51,19.91,21.13,23.23,5.027,-0.408,25.54,23.51,19.97,21.13,23.23,4.959,377,403
"2019-04-15 15:41:20.0",784759,4170,165.6,46.81,46.82,0.729,0.729,1.37,12.0513,39.89,39.88,14.18,-0.34,27.24,25.07,21.26,22.56,24.73,5.503,-0.408,26.16,24.05,20.38,21.6,23.71,5.299,-0.408,26.16,24.05,20.38,21.6,23.71,5.299,-0.408,26.22,24.05,20.45,21.67,23.78,5.299,377,403
"2019-04-15 15:41:40.0",784760,4180,165.8,46.82,46.84,0.729,0.729,1.37,12.0402,39.89,39.88,14.18,-0.34,28.06,25.82,21.94,23.23,25.41,5.843,-0.34,26.84,24.73,20.99,22.28,24.39,5.571,-0.34,26.84,24.73,20.99,22.22,24.32,5.571,-0.34,27.17,25,21.2,22.42,24.53,5.707,378,402
"2019-04-15 15:42:00.0",784761,4180,165.9,46.84,46.86,0.729,0.73,1.369,12.0513,39.89,39.9,14.18,-0.34,29.14,26.9,22.83,24.12,26.36,6.25,-0.34,27.99,25.75,21.88,23.17,25.2,5.978,-0.34,27.85,25.68,21.74,23.03,25.2,5.978,-0.34,27.85,25.68,21.81,23.1,25.2,6.046,378,402
"2019-04-15 15:42:20.0",784762,4180,166,46.86,46.87,0.73,0.73,1.369,12.0402,39.89,39.87,14.18,-0.272,30.3,27.92,23.71,25.07,27.24,6.726,-0.272,29.01,26.77,22.69,24.05,26.16,6.454,-0.272,28.94,26.7,22.69,24.05,26.09,6.386,-0.272,29.01,26.77,22.69,24.05,26.16,6.386,378,402
"2019-04-15 15:42:40.0",784763,4180,166.1,46.87,46.89,0.73,0.73,1.368,12.0402,39.89,39.87,14.18,-0.204,31.39,29.01,24.59,26.09,28.19,7.133,-0.272,30.1,27.79,23.57,25,27.04,6.862,-0.272,30.03,27.72,23.51,24.93,27.04,6.862,-0.272,30.03,27.72,23.51,24.93,27.04,6.862,378,402
"2019-04-15 15:43:00.0",784764,4180,166.2,46.89,46.91,0.73,0.73,1.368,12.0402,39.88,39.87,14.18,-0.204,32.61,30.1,25.61,27.17,29.28,7.677,-0.204,31.18,28.87,24.53,26.02,28.06,7.405,-0.204,31.12,28.74,24.46,25.95,27.99,7.337,-0.204,31.12,28.81,24.46,25.95,27.99,7.337,378,402
"2019-04-15 15:43:20.0",784765,4200,166.4,46.91,46.92,0.73,0.73,1.368,12.0513,39.89,39.87,14.18,-0.136,33.76,31.25,26.63,28.26,30.3,8.15,-0.136,32.34,29.96,25.48,27.04,29.01,7.881,-0.204,32.13,29.82,25.34,26.9,28.94,7.813,-0.204,32.13,29.76,25.34,26.9,28.94,7.745,379,401
"2019-04-15 15:43:40.0",784766,4200,166.5,46.92,46.94,0.73,0.731,1.367,12.0513,39.89,39.91,14.18,-0.136,34.85,32.34,27.51,29.21,31.25,8.63,-0.136,33.36,30.91,26.29,27.92,29.96,8.29,-0.136,33.15,30.78,26.22,27.85,29.76,8.22,-0.136,33.09,30.71,26.16,27.85,29.82,8.15,379,401
"2019-04-15 15:44:00.0",784767,4200,166.6,46.94,46.96,0.731,0.731,1.367,12.0513,39.89,39.87,14.18,-0.068,35.87,33.29,28.4,30.16,32.2,9.1,-0.068,34.24,31.86,27.17,28.81,30.78,8.63,-0.068,34.17,31.73,27.04,28.74,30.64,8.63,-0.068,34.04,31.66,26.97,28.67,30.64,8.63,379,401
"2019-04-15 15:44:20.0",784768,4200,166.7,46.96,46.97,0.731,0.731,1.367,12.0513,39.89,39.87,14.18,0,36.69,34.17,29.14,30.91,32.95,9.44,-0.068,34.99,32.61,27.79,29.48,31.39,8.97,-0.068,34.92,32.47,27.72,29.42,31.32,8.9,-0.068,34.85,32.41,27.65,29.35,31.32,8.9,379,401
"2019-04-15 15:44:40.0",784769,4200,166.8,46.97,46.99,0.731,0.731,1.366,12.0457,39.89,39.87,14.18,0,37.57,34.99,29.89,31.73,33.7,9.78,0,35.8,33.36,28.47,30.23,32.13,9.31,0,35.67,33.22,28.4,30.1,32,9.24,-0.068,35.6,33.15,28.33,30.1,32,9.24,379,401
"2019-04-15 15:45:00.0",784770,4200,166.9,46.99,47,0.731,0.731,1.366,12.0513,39.89,39.87,14.18,0.068,38.25,35.73,30.5,32.41,34.31,10.12,0.136,36.89,34.38,29.35,31.18,33.09,9.78,0.068,36.75,34.31,29.28,31.12,33.02,9.71,0.068,36.69,34.24,29.21,31.05,32.95,9.65,379,401
"2019-04-15 15:45:20.0",784771,4200,167.1,47,47.02,0.731,0.732,1.365,12.0402,39.89,39.87,14.16,0.204,39.4,36.69,31.39,33.29,35.19,10.46,0.136,37.43,34.92,29.76,31.59,33.49,9.92,0.136,37.3,34.78,29.69,31.52,33.36,9.85,0.068,37.23,34.72,29.62,31.45,33.36,9.78,380,400
"2019-04-15 15:45:40.0",784772,4200,167.2,47.02,47.04,0.732,0.732,1.365,12.0402,39.88,39.87,14.16,0.272,39.61,36.96,31.59,33.49,35.4,10.53,0.204,37.64,35.12,29.96,31.73,33.7,9.99,0.136,37.43,34.92,29.82,31.66,33.56,9.85,0.136,37.37,34.85,29.76,31.59,33.49,9.85,380,400
"2019-04-15 15:46:00.0",784773,4200,167.3,47.04,47.05,0.732,0.732,1.365,12.0402,39.88,39.87,14.16,0.272,39.4,36.89,31.45,33.36,35.33,10.53,0.204,37.43,34.92,29.82,31.59,33.49,9.92,0.136,37.3,34.72,29.62,31.45,33.43,9.85,0.136,37.16,34.65,29.62,31.39,33.36,9.78,380,400
"2019-04-15 15:46:20.0",784774,4200,167.4,47.05,47.07,0.732,0.732,1.364,12.0402,39.88,39.87,14.16,0.204,38.72,36.21,30.98,32.81,34.85,10.33,0.136,36.69,34.31,29.28,31.05,33.02,9.71,0.068,36.48,34.17,29.14,30.91,32.95,9.65,0.068,36.41,34.1,29.14,30.91,32.88,9.58,380,400
"2019-04-15 15:46:40.0",784775,4200,167.5,47.07,47.08,0.732,0.732,1.364,12.0402,39.88,39.89,14.16,0.204,38.04,35.6,30.44,32.2,34.44,10.12,0.068,36.01,33.63,28.74,30.44,32.54,9.44,0.068,35.8,33.49,28.6,30.3,32.47,9.38,0.068,35.8,33.49,28.6,30.37,32.47,9.38,380,400
"2019-04-15 15:47:00.0",784776,4210,167.6,47.08,47.1,0.732,0.733,1.364,12.0513,39.88,39.89,14.16,0.204,37.09,34.78,29.76,31.45,33.83,9.85,0.068,34.92,32.75,27.92,29.55,31.79,9.17,0.068,34.78,32.61,27.85,29.48,31.79,9.1,0.068,34.85,32.61,27.85,29.55,31.79,9.17,381,399
"2019-04-15 15:47:20.0",784777,4210,167.8,47.1,47.11,0.733,0.733,1.363,12.0457,39.89,39.87,14.16,0.136,35.87,33.63,28.81,30.44,32.95,9.44,0.068,33.56,31.45,26.9,28.47,30.91,8.76,0,33.49,31.32,26.84,28.4,30.84,8.76,0.068,33.56,31.39,26.84,28.47,30.91,8.76,381,399
"2019-04-15 15:47:40.0",784778,4210,167.9,47.11,47.13,0.733,0.733,1.363,12.0513,39.89,39.89,14.16,0.068,34.24,32.2,27.51,29.08,31.79,9.04,0,31.93,29.89,25.61,27.04,29.69,8.29,0,31.86,29.89,25.54,27.04,29.62,8.29,0,31.93,30.03,25.68,27.17,29.76,8.36,381,399
"2019-04-15 15:48:00.0",784779,4210,168,47.13,47.14,0.733,0.733,1.363,12.0513,39.89,39.89,14.16,0,32.47,30.5,26.16,27.65,30.44,8.49,-0.068,30.16,28.33,24.19,25.61,28.33,7.813,-0.068,30.1,28.19,24.19,25.54,28.33,7.813,-0.068,30.16,28.33,24.25,25.68,28.4,7.813,381,399
"2019-04-15 15:48:20.0",784780,4210,168.1,47.14,47.15,0.733,0.733,1.362,12.0513,39.89,39.89,14.16,-0.068,30.84,28.94,24.8,26.22,29.14,8.02,-0.136,28.6,26.84,22.89,24.25,27.11,7.337,-0.136,28.53,26.77,22.89,24.19,27.11,7.337,-0.136,28.67,26.84,22.96,24.32,27.11,7.337,381,399
"2019-04-15 15:48:40.0",784781,4220,168.2,47.15,47.17,0.733,0.733,1.362,12.0402,39.89,39.87,14.16,-0.136,28.94,27.11,23.23,24.53,27.58,7.405,-0.204,26.84,25.14,21.47,22.69,25.68,6.794,-0.204,26.84,25.07,21.47,22.69,25.68,6.862,-0.204,26.84,25.14,21.47,22.69,25.68,6.794,382,398
"2019-04-15 15:49:00.0",784782,4220,168.4,47.17,47.18,0.733,0.734,1.362,12.0402,39.89,39.89,14.16,-0.204,27.31,25.54,21.88,23.1,26.22,6.93,-0.272,25.34,23.64,20.18,21.33,24.39,6.318,-0.272,25.27,23.64,20.25,21.33,24.46,6.318,-0.272,25.34,23.64,20.25,21.33,24.39,6.318,382,398
"2019-04-15 15:49:20.0",784783,4220,168.5,47.18,47.2,0.734,0.734,1.362,12.0402,39.89,39.87,14.16,-0.272,25.54,23.85,20.38,21.47,24.73,6.318,-0.34,23.57,22.08,18.82,19.84,22.96,5.707,-0.34,23.64,22.08,18.82,19.91,23.03,5.775,-0.34,23.71,22.15,18.89,19.91,23.03,5.775,382,398
"2019-04-15 15:49:40.0",784784,4220,168.6,47.2,47.21,0.734,0.734,1.361,12.0402,39.89,39.87,14.16,-0.34,23.78,22.22,18.95,19.97,23.23,5.707,-0.34,22.08,20.58,17.53,18.48,21.67,5.231,-0.34,22.08,20.58,17.6,18.55,21.67,5.231,-0.34,22.15,20.65,17.66,18.61,21.67,5.231,382,398
"2019-04-15 15:50:00.0",784785,4220,168.7,47.21,47.23,0.734,0.734,1.361,12.0402,39.89,39.87,14.16,-0.34,22.49,20.99,17.87,18.82,22.08,5.231,-0.408,20.92,19.5,16.58,17.53,20.72,4.824,-0.408,20.99,19.57,16.64,17.53,20.72,4.824,-0.408,21.06,19.63,16.71,17.6,20.79,4.824,382,398
"2019-04-15 15:50:20.0",784786,4220,168.8,47.22,47.24,0.734,0.734,1.361,12.0402,39.89,39.87,14.16,-0.408,21.6,20.11,17.12,18.07,21.33,4.891,-0.408,20.25,18.82,16.03,16.85,20.04,4.484,-0.408,20.31,18.82,16.03,16.92,20.11,4.484,-0.408,20.31,18.95,16.1,16.98,20.11,4.552,382,398
"2019-04-15 15:50:40.0",784787,4220,169,47.24,47.25,0.734,0.734,1.36,12.0513,39.89,39.87,14.16,-0.408,21.2,19.7,16.78,17.66,20.92,4.688,-0.408,20.04,18.61,15.83,16.71,19.77,4.416,-0.408,20.11,18.61,15.9,16.71,19.84,4.416,-0.408,20.25,18.75,15.97,16.78,19.91,4.416,383,397
"2019-04-15 15:51:00.0",784788,4220,169.1,47.25,47.27,0.734,0.735,1.36,12.0513,39.89,39.89,14.16,-0.408,21.47,19.97,16.98,17.94,21.06,4.688,-0.408,20.45,18.95,16.17,16.98,20.04,4.416,-0.408,20.52,19.02,16.17,16.98,20.04,4.484,-0.408,20.58,19.09,16.24,17.12,20.11,4.484,383,397
"2019-04-15 15:51:20.0",784789,4220,169.2,47.26,47.28,0.734,0.735,1.36,12.0513,39.89,39.87,14.16,-0.408,22.35,20.79,17.66,18.61,21.6,4.891,-0.408,21.4,19.91,16.92,17.8,20.65,4.688,-0.408,21.47,19.91,16.92,17.8,20.72,4.688,-0.408,21.6,20.04,17.05,17.94,20.79,4.688,383,397
"2019-04-15 15:51:40.0",784790,4220,169.3,47.28,47.29,0.735,0.735,1.359,12.0513,39.89,39.87,14.16,-0.34,23.98,22.22,18.89,19.91,22.76,5.299,-0.34,23.1,21.4,18.21,19.16,21.88,5.095,-0.408,23.1,21.47,18.21,19.23,21.94,5.163,-0.34,23.23,21.54,18.28,19.29,22.01,5.163,383,397
"2019-04-15 15:52:00.0",784791,4220,169.4,47.29,47.31,0.735,0.735,1.359,12.0513,39.89,39.87,14.16,-0.34,26.16,24.32,20.65,21.81,24.39,5.978,-0.34,25.34,23.51,19.97,21.06,23.57,5.775,-0.34,25.34,23.51,19.97,21.13,23.57,5.775,-0.34,25.48,23.64,20.11,21.2,23.64,5.775,383,397
"2019-04-15 15:52:20.0",784792,4230,169.6,47.3,47.32,0.735,0.735,1.359,12.0402,39.89,39.87,14.16,-0.272,28.94,26.9,22.89,24.12,26.49,6.793,-0.272,27.99,25.95,22.08,23.3,25.54,6.522,-0.272,27.99,26.02,22.08,23.3,25.54,6.59,-0.272,28.06,26.09,22.21,23.44,25.68,6.59,384,396
"2019-04-15 15:52:40.0",784793,4230,169.7,47.32,47.33,0.735,0.735,1.359,12.0402,39.89,39.91,14.16,-0.204,31.79,29.62,25.2,26.63,28.74,7.677,-0.272,30.57,28.4,24.18,25.61,27.51,7.337,-0.272,30.57,28.46,24.25,25.68,27.58,7.337,-0.204,30.71,28.6,24.32,25.75,27.65,7.405,384,396
"2019-04-15 15:53:00.0",784794,4230,169.8,47.33,47.34,0.735,0.735,1.358,12.0402,39.89,39.87,14.16,-0.204,34.1,31.79,27.11,28.67,30.43,8.42,-0.204,32.54,30.3,25.82,27.31,29.01,8.02,-0.204,32.68,30.37,25.88,27.45,29.08,8.02,-0.204,32.81,30.5,26.02,27.58,29.21,8.08,384,396
"2019-04-15 15:53:20.0",784795,4230,169.9,47.34,47.36,0.735,0.736,1.358,12.0402,39.89,39.89,14.16,-0.204,35.67,33.22,28.33,30.03,31.52,8.97,-0.204,33.9,31.52,26.83,28.46,29.96,8.42,-0.204,33.97,31.59,26.97,28.6,30.03,8.49,-0.204,34.1,31.73,27.11,28.74,30.16,8.56,384,396
"2019-04-15 15:53:40.0",784796,4230,170,47.35,47.37,0.736,0.736,1.358,12.0402,39.89,39.89,14.16,-0.204,36.48,34.04,29.01,30.77,32.2,9.31,-0.204,34.65,32.27,27.51,29.14,30.5,8.7,-0.204,34.71,32.27,27.58,29.21,30.57,8.76,-0.204,34.85,32.47,27.72,29.35,30.71,8.83,384,396
"2019-04-15 15:54:00.0",784797,4230,170.2,47.36,47.38,0.736,0.736,1.358,12.0402,39.89,39.87,14.16,-0.204,36.89,34.38,29.35,31.11,32.41,9.44,-0.204,34.92,32.54,27.72,29.42,30.71,8.83,-0.204,35.05,32.61,27.85,29.55,30.77,8.9,-0.204,35.19,32.74,27.92,29.62,30.84,8.9,384,396
"2019-04-15 15:54:20.0",784798,4230,170.3,47.38,47.39,0.736,0.736,1.357,12.0569,39.89,39.87,14.16,-0.204,36.89,34.38,29.35,31.11,32.41,9.38,-0.204,34.99,32.54,27.72,29.42,30.57,8.83,-0.204,35.05,32.54,27.79,29.48,30.71,8.83,-0.204,35.12,32.68,27.85,29.55,30.77,8.9,385,395
"2019-04-15 15:54:40.0",784799,4230,170.4,47.39,47.4,0.736,0.736,1.357,12.0457,39.89,39.91,14.16,-0.204,36.62,34.04,29.08,30.84,32.07,9.24,-0.204,34.71,32.2,27.45,29.14,30.37,8.7,-0.204,34.71,32.27,27.51,29.14,30.37,8.7,-0.204,34.78,32.27,27.51,29.21,30.43,8.76,385,395
"2019-04-15 15:55:00.0",784800,4230,170.5,47.4,47.41,0.736,0.736,1.357,12.0625,39.89,39.91,14.16,-0.204,36.07,33.49,28.53,30.3,31.59,9.04,-0.204,34.24,31.73,27.04,28.67,29.89,8.49,-0.204,34.17,31.73,26.97,28.67,29.82,8.49,-0.204,34.17,31.73,27.04,28.67,29.82,8.49,385,395
"2019-04-15 15:55:20.0",784801,4230,170.6,47.41,47.43,0.736,0.736,1.357,12.0569,39.89,39.87,14.16,-0.204,35.39,32.74,27.85,29.62,30.84,8.7,-0.204,33.49,30.98,26.36,27.99,29.21,8.22,-0.204,33.42,30.98,26.29,27.92,29.21,8.15,-0.204,33.42,30.91,26.29,27.85,29.14,8.15,385,395
"2019-04-15 15:55:40.0",784802,4230,170.8,47.42,47.44,0.736,0.737,1.356,12.0513,39.89,39.91,14.16,-0.204,34.1,31.52,26.83,28.53,29.82,8.29,-0.204,32.27,29.82,25.34,26.9,28.19,7.813,-0.204,32.2,29.76,25.27,26.83,28.13,7.745,-0.204,32.2,29.69,25.27,26.77,28.13,7.677,385,395
"2019-04-15 15:56:00.0",784803,4240,170.9,47.43,47.45,0.737,0.737,1.356,12.0402,39.89,39.87,14.16,-0.204,32.81,30.3,25.75,27.31,28.67,7.813,-0.272,31.05,28.6,24.25,25.68,27.11,7.337,-0.272,30.91,28.46,24.12,25.61,26.97,7.269,-0.272,30.91,28.4,24.12,25.54,26.97,7.201,386,394
"2019-04-15 15:56:20.0",784804,4240,171,47.45,47.46,0.737,0.737,1.356,12.0402,39.89,39.87,14.16,-0.204,31.52,29.01,24.59,26.09,27.58,7.337,-0.272,29.76,27.31,23.1,24.52,26.02,6.861,-0.272,29.62,27.17,23.03,24.39,25.88,6.794,-0.272,29.62,27.17,22.96,24.39,25.88,6.794,386,394
"2019-04-15 15:56:40.0",784805,4240,171.1,47.46,47.47,0.737,0.737,1.356,12.0346,39.89,39.89,14.16,-0.272,30.23,27.72,23.44,24.86,26.43,6.861,-0.272,28.33,25.95,21.94,23.23,24.8,6.386,-0.272,28.26,25.82,21.88,23.17,24.73,6.386,-0.272,28.26,25.88,21.88,23.17,24.73,6.386,386,394
"2019-04-15 15:57:00.0",784806,4240,171.2,47.47,47.48,0.737,0.737,1.355,12.0402,39.89,39.89,14.16,-0.272,28.94,26.49,22.42,23.71,25.34,6.522,-0.272,27.45,25,21.06,22.28,23.91,6.114,-0.34,27.24,24.93,20.99,22.21,23.78,6.114,-0.272,27.31,24.93,21.06,22.28,23.85,6.114,386,394
"2019-04-15 15:57:20.0",784807,4240,171.4,47.48,47.49,0.737,0.737,1.355,12.0402,39.89,39.87,14.16,-0.272,28.19,25.68,21.67,22.89,24.59,6.318,-0.34,26.7,24.25,20.45,21.6,23.23,5.91,-0.34,26.56,24.19,20.38,21.54,23.17,5.91,-0.34,26.63,24.25,20.38,21.6,23.17,5.91,386,394
"2019-04-15 15:57:40.0",784808,4240,171.5,47.49,47.5,0.737,0.737,1.355,12.0513,39.89,39.87,14.16,-0.272,27.99,25.48,21.4,22.69,24.39,6.25,-0.272,26.63,24.12,20.31,21.54,23.1,5.978,-0.272,26.56,24.05,20.24,21.4,23.03,5.978,-0.272,26.56,24.05,20.24,21.47,23.1,5.978,387,393
"2019-04-15 15:58:00.0",784809,4240,171.6,47.5,47.51,0.737,0.737,1.355,12.0513,39.89,39.89,14.16,-0.204,27.72,25.07,21.13,22.28,23.98,6.318,-0.204,26.43,23.85,20.04,21.2,22.76,5.978,-0.204,26.29,23.78,19.97,21.13,22.76,5.978,-0.204,26.22,23.64,19.91,21.06,22.69,5.91,387,393
"2019-04-15 15:58:20.0",784810,4240,171.7,47.51,47.52,0.737,0.738,1.354,12.0513,39.89,39.89,14.16,-0.204,27.31,24.66,20.72,21.94,23.64,6.25,-0.204,26.09,23.51,19.7,20.86,22.49,5.978,-0.204,26.02,23.44,19.7,20.86,22.42,5.978,-0.204,26.02,23.51,19.7,20.86,22.49,6.046,387,393
"2019-04-15 15:58:40.0",784811,4240,171.8,47.52,47.53,0.738,0.738,1.354,12.0513,39.89,39.89,14.16,-0.136,27.65,24.93,20.86,22.08,23.71,6.454,-0.136,26.49,23.78,19.91,21.06,22.62,6.182,-0.068,26.49,23.78,19.91,21.06,22.62,6.182,-0.068,26.49,23.85,19.97,21.06,22.62,6.182,387,393
"2019-04-15 15:59:00.0",784812,4240,172,47.53,47.54,0.738,0.738,1.354,12.0513,39.89,39.89,14.16,-0.068,27.72,24.86,20.86,22.01,23.64,6.59,-0.068,26.43,23.71,19.84,20.99,22.55,6.25,-0.068,26.43,23.71,19.84,20.99,22.55,6.25,-0.068,26.56,23.85,19.97,21.06,22.62,6.318,387,393
"2019-04-15 15:59:20.0",784813,4240,172.1,47.54,47.55,0.738,0.738,1.354,12.0513,39.89,39.89,14.16,0,27.85,25,20.92,22.08,23.71,6.726,0,26.77,23.98,20.04,21.13,22.76,6.454,0,26.77,24.05,20.04,21.2,22.83,6.522,0.068,26.83,24.12,20.18,21.26,22.89,6.59,387,393
"2019-04-15 15:59:40.0",784814,4260,172.2,47.55,47.56,0.738,0.738,1.354,12.0402,39.89,39.89,14.16,0.136,28.19,25.27,21.13,22.35,23.98,6.997,0.136,27.04,24.25,20.31,21.47,23.03,6.726,0.136,27.11,24.32,20.31,21.47,23.03,6.726,0.136,27.17,24.39,20.38,21.54,23.17,6.794,388,392
