"TOA5","","","1764","CR1000.Std.24","CPU:MFRSR_10012018V2.8.CR1","13574","TableHdr","PbCdlComm-1.6.0 (2016/01/26)"
"TIMESTAMP","RECORD","loggerID""headID""xpgmVerID""xlat""xlon""xSiteElev""xFULLREV""xCRXHSTEPS""xSCANseconds""xSCANnAvg""xSCANtrough""xHOMEoffset""xALLTIMEband"
"TS","RN","--""--""--""deg""deg""m""--""--""sec""--""--""--""--"
"","","Smp""Smp""Smp""Smp""Smp""Smp""Smp""Smp""Smp""Smp""Smp""Smp""Smp"
"2019-04-16 00:00:00.0",372,1764,180054423,2.8,-32.1259,-64.7287,1160,800,20,20,1,10,0,-1
"TOA5","","","1764","CR1000.Std.24","CPU:MFRSR_10012018V2.8.CR1","13574","Table155","PbCdlComm-1.6.0 (2016/01/26)"
"TIMESTAMP","RECORD","xoset""az""el""al""cosz""cosasz""pamass""vBat""Thead""THTC""Tlogger""Dnadir(1)""Dnadir(2)""Dnadir(3)""Dnadir(4)""Dnadir(5)""Dnadir(6)""Dnadir(7)""Deast(1)""Deast(2)""Deast(3)""Deast(4)""Deast(5)""Deast(6)""Deast(7)""Dsun(1)""Dsun(2)""Dsun(3)""Dsun(4)""Dsun(5)""Dsun(6)""Dsun(7)""Dwest(1)""Dwest(2)""Dwest(3)""Dwest(4)""Dwest(5)""Dwest(6)""Dwest(7)""kount""khome"
"TS","RN","sec""deg""deg""deg""--""--""--""Volt""degC""degC""degC""mV""mV""mV""mV""mV""mV""mV""mV""mV""mV""mV""mV""mV""mV""mV""mV""mV""mV""mV""mV""mV""mV""mV""mV""mV""mV""mV""mV""--""--"
"","","Smp""Smp""Smp""Smp""Smp""Smp""Smp""Smp""Smp""Smp""Smp""Smp""Smp""Smp""Smp""Smp""Smp""Smp""Smp""Smp""Smp""Smp""Smp""Smp""Smp""Smp""Smp""Smp""Smp""Smp""Smp""Smp""Smp""Smp""Smp""Smp""Smp""Smp""Smp""Smp""Smp"
"2019-04-16 02:00:00.0",786615,-9999,-63.91,-50.78,-50.78,-0.775,-9999,-9999,12.0401,39.93,39.88,15.14,-0.925,-0.985,-1.042,-0.957,-0.965,-0.957,-0.858,-0.91,-0.971,-1.006,-0.939,-0.959,-0.951,-0.87,-0.91,-0.957,-1.004,-0.943,-0.959,-0.929,-0.858,-0.906,-0.963,-1.006,-0.939,-0.955,-0.943,-0.817,0,0
"2019-04-16 02:00:20.0",786616,-9999,-63.82,-50.85,-50.85,-0.775,-9999,-9999,12.0457,39.93,39.88,15.14,-0.923,-1.006,-1.024,-0.949,-0.967,-0.979,-0.854,-0.908,-0.951,-1.008,-0.941,-0.965,-0.941,-0.834,-0.91,-0.997,-1.02,-0.941,-0.959,-0.925,-0.842,-0.908,-0.981,-1.024,-0.937,-0.959,-0.941,-0.821,0,700
"2019-04-16 02:00:40.0",786617,-9999,-63.74,-50.91,-50.91,-0.776,-9999,-9999,12.0457,39.92,39.9,15.14,-0.915,-0.993,-1.02,-0.953,-0.969,-0.981,-0.862,-0.912,-1.012,-1.022,-0.941,-0.967,-0.955,-0.884,-0.908,-0.969,-1.012,-0.947,-0.963,-0.937,-0.872,-0.91,-0.971,-1.01,-0.945,-0.961,-0.949,-0.838,0,0
"2019-04-16 02:01:00.0",786618,-9999,-63.66,-50.97,-50.97,-0.777,-9999,-9999,12.0401,39.92,39.9,15.12,-0.921,-0.987,-1.028,-0.961,-0.979,-0.989,-0.848,-0.908,-0.967,-1.006,-0.939,-0.941,-0.951,-0.854,-0.91,-1.004,-1.026,-0.937,-0.965,-0.929,-0.848,-0.906,-0.975,-1.002,-0.921,-0.955,-0.961,-0.856,0,0
"2019-04-16 02:01:20.0",786619,-9999,-63.58,-51.04,-51.04,-0.778,-9999,-9999,12.0401,39.92,39.9,15.12,-0.917,-0.969,-1.02,-0.947,-0.979,-0.941,-0.876,-0.898,-0.959,-1.016,-0.945,-0.967,-0.973,-0.84,-0.906,-1.014,-1.014,-0.947,-0.969,-0.953,-0.834,-0.908,-0.983,-1.012,-0.949,-0.963,-0.933,-0.842,0,0
"2019-04-16 02:01:40.0",786620,-9999,-63.49,-51.1,-51.1,-0.778,-9999,-9999,12.0401,39.92,39.88,15.12,-0.919,-0.987,-1.028,-0.957,-0.977,-0.975,-0.85,-0.908,-1.006,-1.002,-0.939,-0.963,-0.947,-0.864,-0.904,-0.983,-1.008,-0.937,-0.955,-0.965,-0.85,-0.908,-0.981,-1.006,-0.941,-0.957,-0.925,-0.864,0,0
"2019-04-16 02:02:00.0",786621,-9999,-63.41,-51.16,-51.16,-0.779,-9999,-9999,12.0457,39.92,39.9,15.12,-0.925,-1.004,-1.022,-0.953,-0.971,-0.941,-0.858,-0.817,-0.878,-0.921,-0.854,-0.872,-0.862,-0.781,-0.819,-0.868,-0.921,-0.854,-0.872,-0.844,-0.779,-0.811,-0.874,-0.917,-0.854,-0.868,-0.852,-0.734,0,700
"2019-04-16 02:02:20.0",786622,-9999,-63.33,-51.23,-51.23,-0.78,-9999,-9999,12.0402,39.93,39.9,15.12,-0.825,-0.902,-0.929,-0.864,-0.872,-0.896,-0.757,-0.811,-0.906,-0.904,-0.842,-0.87,-0.878,-0.736,-0.815,-0.878,-0.894,-0.84,-0.866,-0.864,-0.741,-0.815,-0.868,-0.886,-0.846,-0.86,-0.834,-0.765,0,0
"2019-04-16 02:02:40.0",786623,-9999,-63.24,-51.29,-51.29,-0.78,-9999,-9999,12.0402,39.93,39.9,15.12,-0.823,-0.886,-0.941,-0.866,-0.882,-0.888,-0.791,-0.819,-0.892,-0.896,-0.86,-0.882,-0.87,-0.783,-0.821,-0.87,-0.919,-0.854,-0.892,-0.856,-0.783,-0.811,-0.91,-0.915,-0.854,-0.872,-0.862,-0.783,0,0
"2019-04-16 02:03:00.0",786624,-9999,-63.16,-51.35,-51.35,-0.781,-9999,-9999,12.0402,39.93,39.9,15.12,-0.825,-0.927,-0.943,-0.868,-0.888,-0.852,-0.787,-0.819,-0.886,-0.929,-0.85,-0.866,-0.86,-0.741,-0.834,-0.868,-0.921,-0.848,-0.868,-0.85,-0.743,-0.813,-0.91,-0.912,-0.844,-0.866,-0.834,-0.747,0,0
"2019-04-16 02:03:20.0",786625,-9999,-63.08,-51.42,-51.42,-0.782,-9999,-9999,12.0402,39.93,39.9,15.12,-0.828,-0.884,-0.921,-0.862,-0.896,-0.858,-0.785,-0.815,-0.882,-0.921,-0.854,-0.866,-0.844,-0.743,-0.815,-0.902,-0.925,-0.85,-0.864,-0.85,-0.763,-0.811,-0.884,-0.91,-0.846,-0.85,-0.85,-0.759,0,0
"2019-04-16 02:03:40.0",786626,-9999,-62.99,-51.48,-51.48,-0.782,-9999,-9999,12.0402,39.93,39.9,15.12,-0.828,-0.927,-0.937,-0.866,-0.884,-0.852,-0.783,-0.823,-0.925,-0.943,-0.866,-0.886,-0.874,-0.771,-0.828,-0.904,-0.931,-0.864,-0.88,-0.854,-0.759,-0.83,-0.888,-0.929,-0.858,-0.878,-0.862,-0.745,0,700
"2019-04-16 02:04:00.0",786627,-9999,-62.91,-51.54,-51.54,-0.783,-9999,-9999,12.0402,39.93,39.9,15.12,-0.84,-0.947,-0.947,-0.882,-0.9,-0.884,-0.771,-0.83,-0.912,-0.931,-0.86,-0.888,-0.88,-0.785,-0.828,-0.9,-0.923,-0.862,-0.88,-0.862,-0.779,-0.83,-0.878,-0.925,-0.862,-0.882,-0.86,-0.763,0,0
"2019-04-16 02:04:20.0",786628,-9999,-62.82,-51.6,-51.6,-0.784,-9999,-9999,12.0402,39.93,39.9,15.12,-0.925,-1.02,-1.026,-0.955,-0.959,-0.963,-0.882,-0.904,-0.969,-0.997,-0.933,-0.957,-0.927,-0.872,-0.908,-0.973,-0.985,-0.921,-0.959,-0.963,-0.866,-0.904,-0.953,-0.981,-0.937,-0.953,-0.935,-0.817,0,0
"2019-04-16 02:04:40.0",786629,-9999,-62.74,-51.67,-51.67,-0.784,-9999,-9999,12.0402,39.93,39.88,15.12,-0.927,-1.006,-1.016,-0.949,-0.967,-0.969,-0.868,-0.91,-0.989,-1.018,-0.951,-0.961,-0.943,-0.874,-0.906,-0.965,-1.016,-0.951,-0.969,-0.975,-0.874,-0.908,-0.979,-1.018,-0.949,-0.963,-0.955,-0.864,0,0
"2019-04-16 02:05:00.0",786630,-9999,-62.65,-51.73,-51.73,-0.785,-9999,-9999,12.0457,39.93,39.88,15.12,-0.921,-1.002,-1.026,-0.959,-0.977,-0.989,-0.862,-0.908,-0.967,-0.999,-0.937,-0.959,-0.947,-0.874,-0.91,-0.987,-1.004,-0.943,-0.961,-0.923,-0.868,-0.902,-0.985,-1.002,-0.941,-0.983,-0.959,-0.862,0,0
"2019-04-16 02:05:20.0",786631,-9999,-62.57,-51.79,-51.79,-0.786,-9999,-9999,12.0569,39.93,39.9,15.12,-0.921,-0.989,-1.024,-0.955,-0.977,-0.951,-0.882,-0.908,-0.957,-1.012,-0.949,-0.953,-0.951,-0.88,-0.908,-1.002,-1.012,-0.943,-0.965,-0.949,-0.866,-0.917,-0.977,-1.004,-0.945,-0.959,-0.969,-0.828,0,700
"2019-04-16 02:05:40.0",786632,-9999,-62.48,-51.85,-51.85,-0.786,-9999,-9999,12.0402,39.93,39.88,15.12,-0.923,-0.983,-1.038,-0.955,-0.953,-0.953,-0.866,-0.91,-0.983,-1.018,-0.953,-0.965,-0.981,-0.862,-0.908,-1.008,-1.012,-0.953,-0.959,-0.953,-0.876,-0.91,-1.01,-1.012,-0.949,-0.965,-0.937,-0.872,0,0
"2019-04-16 02:06:00.0",786633,-9999,-62.39,-51.92,-51.92,-0.787,-9999,-9999,12.0402,39.93,39.87,15.12,-0.925,-0.981,-1.038,-0.961,-0.985,-0.953,-0.872,-0.908,-0.973,-0.981,-0.939,-0.963,-0.949,-0.88,-0.91,-0.955,-1.016,-0.941,-0.961,-0.929,-0.866,-0.912,-1.002,-1.006,-0.943,-0.961,-0.963,-0.856,0,0
"2019-04-16 02:06:20.0",786634,-9999,-62.31,-51.98,-51.98,-0.788,-9999,-9999,12.0402,39.93,39.9,15.12,-0.852,-0.937,-0.943,-0.878,-0.876,-0.88,-0.803,-0.834,-0.894,-0.935,-0.868,-0.884,-0.864,-0.789,-0.836,-0.921,-0.941,-0.868,-0.89,-0.894,-0.779,-0.832,-0.927,-0.937,-0.874,-0.888,-0.86,-0.789,0,0
"2019-04-16 02:06:40.0",786635,-9999,-62.22,-52.04,-52.04,-0.788,-9999,-9999,12.0402,39.93,39.9,15.12,-0.848,-0.937,-0.933,-0.884,-0.902,-0.91,-0.809,-0.84,-0.933,-0.935,-0.866,-0.894,-0.902,-0.801,-0.836,-0.933,-0.935,-0.868,-0.886,-0.874,-0.795,-0.836,-0.906,-0.929,-0.866,-0.876,-0.858,-0.761,0,0
"2019-04-16 02:07:00.0",786636,-9999,-62.14,-52.11,-52.11,-0.789,-9999,-9999,12.0402,39.93,39.9,15.12,-0.844,-0.935,-0.945,-0.882,-0.886,-0.896,-0.801,-0.836,-0.886,-0.927,-0.866,-0.882,-0.89,-0.781,-0.836,-0.923,-0.939,-0.87,-0.874,-0.876,-0.773,-0.836,-0.921,-0.931,-0.87,-0.88,-0.868,-0.787,0,700
"2019-04-16 02:07:20.0",786637,-9999,-62.05,-52.17,-52.17,-0.79,-9999,-9999,12.0402,39.93,39.88,15.12,-0.923,-1.026,-1.05,-0.963,-0.985,-0.967,-0.886,-0.912,-0.963,-1.012,-0.945,-0.985,-0.973,-0.864,-0.921,-0.957,-1.006,-0.947,-0.965,-0.947,-0.878,-0.915,-1.008,-1.001,-0.951,-0.965,-0.971,-0.872,0,0
"2019-04-16 02:07:40.0",786638,-9999,-61.96,-52.23,-52.23,-0.79,-9999,-9999,12.0402,39.93,39.88,15.12,-0.925,-0.987,-1.054,-0.965,-0.983,-0.993,-0.874,-0.919,-1.004,-1.026,-0.955,-0.973,-0.989,-0.854,-0.919,-0.979,-1.026,-0.957,-0.999,-0.961,-0.854,-0.915,-0.997,-1.018,-0.957,-0.975,-0.963,-0.864,0,0
"2019-04-16 02:08:00.0",786639,-9999,-61.87,-52.29,-52.29,-0.791,-9999,-9999,12.0457,39.93,39.88,15.12,-0.923,-0.999,-1.024,-0.957,-0.979,-0.961,-0.848,-0.915,-0.995,-1.01,-0.951,-0.965,-0.949,-0.89,-0.919,-0.985,-1.02,-0.943,-0.969,-0.965,-0.874,-0.912,-0.981,-1.01,-0.947,-0.965,-0.933,-0.836,0,0
"2019-04-16 02:08:20.0",786640,-9999,-61.79,-52.36,-52.36,-0.792,-9999,-9999,12.0402,39.93,39.9,15.12,-0.921,-1.028,-1.016,-0.963,-0.987,-0.989,-0.894,-0.917,-0.983,-1.018,-0.953,-0.975,-0.949,-0.892,-0.921,-0.971,-1.028,-0.959,-0.977,-0.957,-0.884,-0.908,-1.018,-1.022,-0.955,-0.969,-0.959,-0.836,0,0
"2019-04-16 02:08:40.0",786641,-9999,-61.7,-52.42,-52.42,-0.792,-9999,-9999,12.0402,39.93,39.88,15.12,-0.931,-1.004,-1.028,-0.963,-0.979,-0.951,-0.86,-0.919,-0.969,-1.01,-0.949,-0.967,-0.973,-0.846,-0.917,-0.995,-1.018,-0.953,-0.973,-0.953,-0.84,-0.917,-1.014,-1.014,-0.949,-0.969,-0.937,-0.862,0,700
"2019-04-16 02:09:00.0",786642,-9999,-61.61,-52.48,-52.48,-0.793,-9999,-9999,12.0402,39.93,39.9,15.12,-0.927,-1.016,-1.006,-0.953,-0.975,-0.981,-0.876,-0.915,-0.981,-1.012,-0.947,-0.969,-0.941,-0.878,-0.915,-0.967,-1.022,-0.949,-0.989,-0.967,-0.88,-0.915,-0.967,-1.018,-0.951,-0.971,-0.949,-0.825,0,0
"2019-04-16 02:09:20.0",786643,-9999,-61.52,-52.54,-52.54,-0.794,-9999,-9999,12.0402,39.93,39.9,15.12,-0.923,-0.993,-1.056,-0.965,-0.983,-0.957,-0.854,-0.915,-1.008,-1.026,-0.955,-0.993,-0.985,-0.85,-0.919,-0.995,-1.026,-0.959,-0.981,-0.959,-0.87,-0.915,-0.993,-1.024,-0.955,-0.979,-0.981,-0.882,0,0
"2019-04-16 02:09:40.0",786644,-9999,-61.44,-52.6,-52.6,-0.794,-9999,-9999,12.0402,39.93,39.88,15.12,-0.927,-1.008,-1.036,-0.957,-0.983,-0.957,-0.864,-0.915,-0.977,-1.016,-0.949,-0.965,-0.983,-0.888,-0.915,-1.014,-1.036,-0.945,-0.971,-0.955,-0.866,-0.919,-1.006,-1.018,-0.945,-0.967,-0.969,-0.836,0,0
"2019-04-16 02:10:00.0",786645,-9999,-61.35,-52.67,-52.67,-0.795,-9999,-9999,12.0402,39.93,39.88,15.12,-0.931,-0.969,-0.999,-0.953,-0.965,-0.943,-0.864,-0.915,-1.004,-1.046,-0.939,-0.991,-0.961,-0.864,-0.921,-0.985,-1.016,-0.955,-0.953,-0.947,-0.886,-0.917,-0.987,-1.028,-0.957,-0.973,-0.955,-0.874,0,0
"2019-04-16 02:10:20.0",786646,-9999,-61.26,-52.73,-52.73,-0.796,-9999,-9999,12.0402,39.93,39.88,15.12,-0.927,-1.034,-1.052,-0.967,-0.981,-0.963,-0.888,-0.921,-0.999,-1.012,-0.943,-0.967,-0.973,-0.844,-0.917,-1.006,-1.016,-0.949,-0.993,-0.937,-0.846,-0.919,-1.004,-1.01,-0.949,-0.965,-0.949,-0.854,0,700
"2019-04-16 02:10:40.0",786647,-9999,-61.17,-52.79,-52.79,-0.796,-9999,-9999,12.0402,39.93,39.9,15.12,-0.929,-0.987,-1.014,-0.969,-0.983,-0.977,-0.856,-0.927,-0.977,-1.038,-0.955,-0.959,-0.961,-0.858,-0.921,-1.01,-1.038,-0.953,-0.973,-0.945,-0.864,-0.921,-1.012,-1.042,-0.953,-0.975,-0.955,-0.876,0,0
"2019-04-16 02:11:00.0",786648,-9999,-61.08,-52.85,-52.85,-0.797,-9999,-9999,12.0402,39.93,39.87,15.12,-0.931,-0.977,-1.001,-0.957,-0.975,-0.959,-0.836,-0.917,-0.973,-1.014,-0.951,-0.969,-0.957,-0.876,-0.917,-1.008,-1.026,-0.949,-0.967,-0.941,-0.878,-0.914,-1.006,-1.012,-0.953,-0.973,-0.955,-0.832,0,0
"2019-04-16 02:11:20.0",786649,-9999,-60.99,-52.91,-52.91,-0.798,-9999,-9999,12.0457,39.93,39.88,15.12,-0.931,-1.004,-1.024,-0.971,-1.012,-0.971,-0.846,-0.921,-1.022,-1.02,-0.955,-0.977,-0.983,-0.85,-0.921,-0.995,-1.038,-0.967,-0.981,-0.965,-0.868,-0.921,-0.999,-1.032,-0.957,-0.975,-0.957,-0.88,0,0
"2019-04-16 02:11:40.0",786650,-9999,-60.9,-52.97,-52.97,-0.798,-9999,-9999,12.0402,39.93,39.88,15.12,-0.931,-0.975,-1.048,-0.959,-0.977,-0.993,-0.856,-0.921,-0.989,-0.995,-0.955,-0.971,-0.987,-0.884,-0.921,-0.971,-1.006,-0.953,-0.971,-0.961,-0.88,-0.917,-0.971,-1.014,-0.959,-0.957,-0.951,-0.832,0,0
"2019-04-16 02:12:00.0",786651,-9999,-60.81,-53.04,-53.04,-0.799,-9999,-9999,12.0402,39.93,39.88,15.12,-0.931,-0.997,-1.032,-0.965,-0.985,-0.955,-0.856,-0.921,-1.018,-1.014,-0.951,-0.967,-0.949,-0.888,-0.921,-0.987,-1.022,-0.953,-0.969,-0.955,-0.842,-0.923,-0.989,-1.018,-0.953,-0.965,-0.973,-0.864,0,700
"2019-04-16 02:12:20.0",786652,-9999,-60.72,-53.1,-53.1,-0.8,-9999,-9999,12.0402,39.93,39.9,15.12,-0.937,-1.014,-1.008,-0.975,-0.979,-0.963,-0.878,-0.921,-0.969,-1.016,-0.955,-0.975,-0.945,-0.886,-0.923,-1.014,-1.02,-0.953,-0.973,-0.959,-0.874,-0.917,-1.01,-1.022,-0.955,-0.973,-0.977,-0.836,0,0
"2019-04-16 02:12:40.0",786653,-9999,-60.63,-53.16,-53.16,-0.8,-9999,-9999,12.0402,39.93,39.9,15.09,-0.931,-0.995,-1.06,-0.961,-0.989,-0.995,-0.886,-0.915,-0.993,-1.05,-0.951,-0.993,-0.951,-0.868,-0.919,-0.997,-1.046,-0.957,-0.973,-0.979,-0.876,-0.921,-0.989,-1.018,-0.959,-0.971,-0.959,-0.842,0,0
"2019-04-16 02:13:00.0",786654,-9999,-60.54,-53.22,-53.22,-0.801,-9999,-9999,12.0402,39.93,39.9,15.09,-0.929,-1.006,-1.01,-0.963,-0.983,-0.989,-0.884,-0.923,-0.971,-1.034,-0.947,-0.953,-0.941,-0.844,-0.921,-0.967,-1.036,-0.951,-0.973,-0.975,-0.858,-0.917,-0.971,-1.014,-0.947,-0.969,-0.951,-0.878,0,0
"2019-04-16 02:13:20.0",786655,-9999,-60.45,-53.28,-53.28,-0.802,-9999,-9999,12.0402,39.93,39.88,15.09,-0.931,-1.001,-1.014,-0.959,-0.985,-0.963,-0.854,-0.921,-0.969,-1.01,-0.931,-0.967,-0.959,-0.89,-0.919,-1.01,-1.014,-0.949,-0.973,-0.975,-0.884,-0.921,-1.006,-1.016,-0.947,-0.969,-0.935,-0.832,0,0
"2019-04-16 02:13:40.0",786656,-9999,-60.36,-53.34,-53.34,-0.802,-9999,-9999,12.0402,39.93,39.88,15.09,-0.933,-1.001,-1.024,-0.961,-0.981,-0.959,-0.87,-0.921,-0.997,-1.018,-0.949,-0.971,-0.979,-0.89,-0.921,-1.012,-1.016,-0.951,-0.975,-0.939,-0.844,-0.917,-1.012,-1.001,-0.949,-0.971,-0.959,-0.866,0,700
"2019-04-16 02:14:00.0",786657,-9999,-60.27,-53.41,-53.41,-0.803,-9999,-9999,12.0402,39.91,39.91,15.09,-0.929,-0.985,-1.036,-0.973,-1.004,-0.983,-0.874,-0.919,-1.008,-0.995,-0.951,-0.971,-0.947,-0.85,-0.919,-0.989,-0.993,-0.953,-0.967,-0.951,-0.858,-0.917,-0.981,-0.991,-0.945,-0.965,-0.973,-0.819,0,0
"2019-04-16 02:14:20.0",786658,-9999,-60.18,-53.47,-53.47,-0.804,-9999,-9999,12.0402,39.92,39.89,15.07,-0.937,-1.02,-1.028,-0.963,-0.977,-0.963,-0.874,-0.921,-0.979,-1.028,-0.951,-0.977,-0.985,-0.862,-0.927,-0.981,-1.028,-0.963,-0.975,-0.949,-0.85,-0.921,-0.983,-1.02,-0.961,-0.979,-0.959,-0.88,0,0
"2019-04-16 02:14:40.0",786659,-9999,-60.08,-53.53,-53.53,-0.804,-9999,-9999,12.0402,39.92,39.87,15.07,-0.931,-1.018,-1.034,-0.969,-0.987,-0.985,-0.85,-0.923,-0.975,-1.018,-0.943,-0.967,-0.945,-0.89,-0.923,-0.977,-1.022,-0.951,-0.971,-0.971,-0.846,-0.919,-0.969,-1.024,-0.951,-0.971,-0.951,-0.852,0,0
"2019-04-16 02:15:00.0",786660,-9999,-59.99,-53.59,-53.59,-0.805,-9999,-9999,12.0402,39.92,39.89,15.07,-0.933,-1.018,-1.022,-0.973,-0.971,-0.959,-0.858,-0.917,-1.006,-1.022,-0.953,-0.975,-0.963,-0.852,-0.921,-1.001,-1.028,-0.955,-0.961,-0.957,-0.864,-0.925,-0.989,-1.04,-0.955,-0.955,-0.945,-0.87,0,0
"2019-04-16 02:15:20.0",786661,-9999,-59.9,-53.65,-53.65,-0.805,-9999,-9999,12.0402,39.91,39.89,15.07,-0.933,-0.977,-1.022,-0.965,-0.983,-0.983,-0.87,-0.927,-0.985,-1.032,-0.951,-0.967,-0.949,-0.848,-0.921,-0.993,-1.01,-0.953,-0.977,-0.973,-0.858,-0.921,-0.991,-0.999,-0.951,-0.973,-0.955,-0.88,0,700
"2019-04-16 02:15:40.0",786662,-9999,-59.81,-53.71,-53.71,-0.806,-9999,-9999,12.0402,39.93,39.91,15.07,-0.933,-1.022,-1.032,-0.981,-0.991,-0.995,-0.886,-0.921,-0.989,-1.016,-0.955,-0.973,-0.947,-0.846,-0.927,-0.997,-1.016,-0.953,-0.975,-0.957,-0.842,-0.917,-0.987,-1.02,-0.955,-0.971,-0.973,-0.868,0,0
"2019-04-16 02:16:00.0",786663,-9999,-59.71,-53.77,-53.77,-0.807,-9999,-9999,12.0402,39.9,39.89,15.07,-0.931,-0.979,-1.028,-0.959,-0.981,-0.969,-0.878,-0.921,-1.01,-1.022,-0.951,-0.969,-0.981,-0.85,-0.919,-1.01,-1.022,-0.953,-0.975,-0.943,-0.86,-0.919,-0.975,-1.01,-0.953,-0.971,-0.953,-0.834,0,0
"2019-04-16 02:16:20.0",786664,-9999,-59.62,-53.83,-53.83,-0.807,-9999,-9999,12.0402,39.91,39.87,15.07,-0.935,-1.014,-1.038,-0.971,-1.014,-0.951,-0.894,-0.921,-1.014,-1.034,-0.959,-0.969,-0.945,-0.898,-0.923,-1.014,-1.02,-0.959,-0.975,-0.947,-0.892,-0.921,-1.01,-1.002,-0.953,-0.977,-0.979,-0.84,0,0
"2019-04-16 02:16:40.0",786665,-9999,-59.53,-53.89,-53.89,-0.808,-9999,-9999,12.0569,39.93,39.87,15.07,-0.929,-1.032,-1.004,-0.967,-0.991,-0.957,-0.874,-0.921,-1.018,-1.022,-0.953,-0.953,-0.965,-0.864,-0.931,-1.02,-1.026,-0.957,-0.973,-0.977,-0.884,-0.923,-0.997,-1.034,-0.953,-0.977,-0.957,-0.838,0,0
"2019-04-16 02:17:00.0",786666,-9999,-59.43,-53.96,-53.96,-0.809,-9999,-9999,12.0402,39.9,39.87,15.07,-0.935,-1.012,-1.032,-0.961,-0.981,-0.961,-0.866,-0.921,-1.002,-0.995,-0.955,-0.971,-0.941,-0.878,-0.917,-1.002,-1.024,-0.957,-0.975,-0.959,-0.846,-0.917,-1.008,-1.02,-0.957,-0.971,-0.977,-0.854,0,700
"2019-04-16 02:17:20.0",786667,-9999,-59.34,-54.02,-54.02,-0.809,-9999,-9999,12.0569,39.93,39.87,15.04,-0.929,-0.983,-1.04,-0.981,-0.987,-0.961,-0.882,-0.919,-1.018,-1.002,-0.953,-0.993,-0.965,-0.888,-0.923,-1.008,-1.022,-0.955,-0.971,-0.959,-0.844,-0.919,-0.961,-1.022,-0.953,-0.971,-0.979,-0.86,0,0
"2019-04-16 02:17:40.0",786668,-9999,-59.25,-54.08,-54.08,-0.81,-9999,-9999,12.0402,39.91,39.87,15.04,-0.933,-0.969,-1.028,-0.965,-0.979,-0.985,-0.884,-0.921,-0.969,-1.014,-0.975,-0.991,-0.949,-0.882,-0.923,-0.985,-1.024,-0.951,-0.973,-0.959,-0.834,-0.923,-0.967,-1.022,-0.957,-0.969,-0.975,-0.866,0,0
"2019-04-16 02:18:00.0",786669,-9999,-59.15,-54.14,-54.14,-0.81,-9999,-9999,12.0513,39.9,39.89,15.04,-0.935,-1.012,-1.028,-0.967,-0.985,-0.973,-0.886,-0.921,-0.973,-1.008,-0.965,-0.983,-0.989,-0.848,-0.923,-0.981,-1.028,-0.965,-0.983,-0.955,-0.838,-0.925,-0.981,-1.03,-0.961,-0.979,-0.965,-0.876,0,0
"2019-04-16 02:18:20.0",786670,-9999,-59.06,-54.2,-54.2,-0.811,-9999,-9999,12.0402,39.91,39.89,15.04,-0.933,-1.016,-1.042,-0.975,-0.991,-0.961,-0.86,-0.921,-1.004,-1.03,-0.957,-0.979,-0.971,-0.852,-0.925,-1.002,-1.024,-0.961,-0.973,-0.983,-0.864,-0.925,-0.991,-1.026,-0.953,-0.979,-0.945,-0.884,0,0
"2019-04-16 02:18:40.0",786671,-9999,-58.97,-54.26,-54.26,-0.812,-9999,-9999,12.0513,39.9,39.89,15.04,-0.939,-1.014,-1.022,-0.965,-0.987,-0.951,-0.852,-0.923,-0.991,-1.034,-0.959,-0.975,-0.965,-0.888,-0.927,-0.995,-1.026,-0.963,-0.979,-0.951,-0.88,-0.917,-1.016,-1.022,-0.957,-0.975,-0.961,-0.864,0,700
"2019-04-16 02:19:00.0",786672,-9999,-58.87,-54.32,-54.32,-0.812,-9999,-9999,12.0457,39.9,39.89,15.02,-0.935,-0.991,-1.038,-0.993,-0.991,-0.973,-0.888,-0.923,-0.973,-1.022,-0.955,-0.973,-0.961,-0.848,-0.923,-0.979,-1.046,-0.957,-0.967,-0.959,-0.866,-0.921,-0.981,-1.022,-0.953,-0.969,-0.975,-0.838,0,0
"2019-04-16 02:19:20.0",786673,-9999,-58.77,-54.38,-54.38,-0.813,-9999,-9999,12.0402,39.91,39.89,15.02,-0.931,-0.993,-1.03,-0.965,-0.983,-0.985,-0.89,-0.921,-0.989,-1.026,-0.951,-0.969,-0.943,-0.846,-0.923,-0.997,-1.018,-0.943,-0.973,-0.975,-0.87,-0.921,-1.014,-1.016,-0.957,-0.973,-0.959,-0.88,0,0
"2019-04-16 02:19:40.0",786674,-9999,-58.68,-54.44,-54.44,-0.814,-9999,-9999,12.0402,39.9,39.91,15.02,-0.935,-0.997,-1.022,-0.977,-0.983,-0.995,-0.892,-0.927,-0.981,-1.028,-0.959,-1.008,-0.957,-0.856,-0.921,-0.991,-1.022,-0.963,-0.975,-0.965,-0.878,-0.925,-0.971,-1.024,-0.961,-0.975,-0.955,-0.876,0,0
"2019-04-16 02:20:00.0",786675,-9999,-58.58,-54.5,-54.5,-0.814,-9999,-9999,12.0402,39.9,39.89,15.02,-0.933,-1.028,-1.046,-0.973,-0.991,-0.971,-0.894,-0.925,-1.018,-1.004,-0.961,-0.973,-0.965,-0.876,-0.925,-1.03,-1.016,-0.959,-0.957,-0.979,-0.88,-0.929,-0.979,-1.02,-0.949,-0.977,-0.959,-0.844,0,0
"2019-04-16 02:20:20.0",786676,-9999,-58.49,-54.56,-54.56,-0.815,-9999,-9999,12.0402,39.9,39.89,15.02,-0.937,-1.034,-1.024,-0.975,-0.995,-0.977,-0.856,-0.925,-1.026,-1.042,-0.965,-0.985,-0.985,-0.886,-0.923,-1.016,-1.002,-0.967,-0.979,-0.973,-0.854,-0.929,-1.022,-1.034,-0.961,-0.983,-0.955,-0.872,0,700
"2019-04-16 02:20:40.0",786677,-9999,-58.39,-54.62,-54.62,-0.815,-9999,-9999,12.0402,39.9,39.87,15.02,-0.933,-0.997,-1.016,-0.969,-0.991,-0.975,-0.874,-0.925,-0.987,-1.022,-0.957,-0.975,-0.979,-0.858,-0.923,-0.975,-1.016,-0.957,-0.975,-0.945,-0.872,-0.923,-0.973,-1.036,-0.955,-0.957,-0.957,-0.878,0,0
"2019-04-16 02:21:00.0",786678,-9999,-58.29,-54.68,-54.68,-0.816,-9999,-9999,12.0457,39.9,39.91,15.02,-0.943,-1.036,-1.042,-0.973,-0.991,-0.963,-0.884,-0.925,-1.018,-1.036,-0.961,-0.981,-0.967,-0.848,-0.925,-1.012,-1.032,-0.967,-0.987,-0.967,-0.85,-0.921,-1.024,-1.024,-0.965,-0.983,-0.973,-0.874,0,0
"2019-04-16 02:21:20.0",786679,-9999,-58.2,-54.74,-54.74,-0.817,-9999,-9999,12.0402,39.9,39.89,15.02,-0.937,-1.04,-1.026,-0.981,-0.979,-0.961,-0.9,-0.921,-0.985,-1.034,-0.967,-0.983,-1.004,-0.86,-0.923,-0.985,-1.02,-0.961,-0.983,-0.953,-0.87,-0.925,-0.991,-1.028,-0.959,-0.987,-0.963,-0.854,0,0
"2019-04-16 02:21:40.0",786680,-9999,-58.1,-54.8,-54.8,-0.817,-9999,-9999,12.0457,39.9,39.89,15,-0.937,-1.004,-1.066,-0.975,-1.004,-0.999,-0.852,-0.925,-1.006,-1.05,-0.965,-0.981,-0.975,-0.898,-0.923,-1.008,-1.042,-0.947,-0.985,-0.989,-0.846,-0.925,-0.999,-1.032,-0.963,-0.985,-0.955,-0.868,0,0
"2019-04-16 02:22:00.0",786681,-9999,-58,-54.86,-54.86,-0.818,-9999,-9999,12.0402,39.9,39.87,15,-0.939,-1.012,-1.044,-0.971,-0.989,-0.975,-0.896,-0.925,-1.016,-1.02,-0.959,-0.975,-0.985,-0.846,-0.927,-1.012,-1.026,-0.957,-0.981,-0.945,-0.876,-0.925,-1.022,-1.022,-0.957,-0.979,-0.963,-0.852,0,700
"2019-04-16 02:22:20.0",786682,-9999,-57.91,-54.92,-54.92,-0.818,-9999,-9999,12.0402,39.9,39.89,15,-0.937,-1.03,-1.03,-0.965,-0.983,-0.967,-0.856,-0.931,-0.967,-1.018,-0.959,-0.993,-0.945,-0.892,-0.925,-0.969,-0.997,-0.957,-0.975,-0.959,-0.846,-0.931,-0.993,-1.014,-0.949,-0.971,-0.977,-0.866,0,0
"2019-04-16 02:22:40.0",786683,-9999,-57.81,-54.98,-54.98,-0.819,-9999,-9999,12.0402,39.9,39.87,15,-0.935,-1.024,-1.042,-0.965,-0.991,-0.991,-0.85,-0.923,-0.973,-1.022,-0.955,-0.977,-0.961,-0.89,-0.927,-0.975,-1.044,-0.959,-0.977,-0.959,-0.85,-0.927,-0.979,-1.002,-0.959,-0.979,-0.943,-0.866,0,0
"2019-04-16 02:23:00.0",786684,-9999,-57.71,-55.04,-55.04,-0.82,-9999,-9999,12.0402,39.9,39.89,15,-0.937,-0.991,-1.018,-0.973,-0.989,-0.999,-0.876,-0.923,-0.999,-1.034,-0.965,-0.979,-0.987,-0.888,-0.925,-1.022,-1.012,-0.965,-0.977,-0.953,-0.844,-0.923,-1.016,-1.024,-0.965,-1.002,-0.947,-0.88,0,0
"2019-04-16 02:23:20.0",786685,-9999,-57.61,-55.1,-55.1,-0.82,-9999,-9999,12.0402,39.9,39.89,14.97,-0.941,-0.993,-1.044,-0.973,-0.979,-0.995,-0.894,-0.929,-1.008,-1.01,-0.969,-0.983,-0.973,-0.884,-0.927,-1.016,-1.04,-0.965,-0.987,-0.979,-0.888,-0.927,-1.02,-1.028,-0.961,-0.979,-0.989,-0.86,0,0
"2019-04-16 02:23:40.0",786686,-9999,-57.51,-55.16,-55.16,-0.821,-9999,-9999,12.0402,39.9,39.89,14.97,-0.935,-0.993,-1.038,-0.963,-1.01,-0.967,-0.892,-0.925,-1.014,-1.022,-0.959,-0.999,-0.947,-0.884,-0.927,-1.008,-1.012,-0.959,-0.973,-0.959,-0.868,-0.927,-0.993,-1.016,-0.961,-0.977,-0.959,-0.854,0,700
"2019-04-16 02:24:00.0",786687,-9999,-57.42,-55.22,-55.22,-0.821,-9999,-9999,12.0402,39.9,39.89,14.97,-0.941,-1.016,-1.05,-0.979,-0.993,-0.985,-0.896,-0.929,-0.977,-1.052,-0.957,-0.975,-0.959,-0.882,-0.927,-0.981,-1.024,-0.963,-0.977,-0.961,-0.888,-0.925,-0.981,-1.026,-0.961,-0.977,-0.959,-0.846,0,0
"2019-04-16 02:24:20.0",786688,-9999,-57.32,-55.28,-55.28,-0.822,-9999,-9999,12.0402,39.9,39.89,14.97,-0.939,-1.028,-1.042,-0.967,-0.987,-0.999,-0.896,-0.925,-0.991,-1.022,-0.957,-0.971,-0.965,-0.872,-0.925,-0.979,-1.004,-0.957,-0.979,-0.975,-0.888,-0.923,-0.997,-1.03,-0.955,-0.971,-0.979,-0.86,0,0
"2019-04-16 02:24:40.0",786689,-9999,-57.22,-55.34,-55.34,-0.823,-9999,-9999,12.0402,39.9,39.89,14.95,-0.939,-1.024,-1.042,-0.969,-0.995,-0.971,-0.88,-0.923,-0.977,-1.048,-0.959,-0.979,-0.955,-0.87,-0.929,-1.008,-1.036,-0.967,-0.979,-0.969,-0.89,-0.925,-1.002,-1.032,-0.969,-0.979,-0.983,-0.866,0,0
"2019-04-16 02:25:00.0",786690,-9999,-57.12,-55.4,-55.4,-0.823,-9999,-9999,12.0402,39.9,39.89,14.95,-0.939,-0.993,-1.036,-0.973,-0.975,-0.977,-0.866,-0.927,-0.981,-1.024,-0.955,-0.971,-0.961,-0.886,-0.927,-0.995,-1.04,-0.957,-0.981,-0.973,-0.86,-0.927,-1.014,-0.997,-0.957,-0.973,-0.979,-0.842,0,0
"2019-04-16 02:25:20.0",786691,-9999,-57.02,-55.46,-55.46,-0.824,-9999,-9999,12.0402,39.9,39.91,14.95,-0.935,-0.993,-1.018,-0.975,-0.981,-0.977,-0.872,-0.929,-1.026,-1.012,-0.963,-0.979,-0.971,-0.86,-0.927,-1.022,-1.036,-0.967,-0.983,-0.971,-0.872,-0.925,-0.989,-1.03,-0.967,-1.012,-0.967,-0.856,0,700
"2019-04-16 02:25:40.0",786692,-9999,-56.92,-55.52,-55.52,-0.824,-9999,-9999,12.0402,39.89,39.89,14.95,-0.935,-1.012,-1.058,-0.971,-0.985,-0.971,-0.894,-0.931,-0.985,-1.046,-0.951,-0.975,-0.965,-0.874,-0.927,-0.979,-1.022,-0.959,-0.981,-0.981,-0.88,-0.927,-1.004,-1.02,-0.957,-0.977,-0.983,-0.864,0,0
"2019-04-16 02:26:00.0",786693,-9999,-56.82,-55.58,-55.58,-0.825,-9999,-9999,12.0402,39.89,39.91,14.95,-0.931,-1.014,-1.052,-0.971,-0.987,-0.969,-0.856,-0.925,-0.969,-1.022,-0.957,-0.975,-0.985,-0.856,-0.925,-0.991,-0.999,-0.959,-0.969,-0.955,-0.86,-0.927,-0.977,-1.022,-0.955,-0.979,-0.971,-0.84,0,0
"2019-04-16 02:26:20.0",786694,-9999,-56.71,-55.64,-55.64,-0.825,-9999,-9999,12.0513,39.89,39.89,14.92,-0.943,-1.026,-1.024,-0.973,-0.993,-0.971,-0.866,-0.923,-0.999,-1.04,-0.961,-0.965,-0.963,-0.874,-0.931,-0.993,-1.024,-0.959,-0.971,-0.957,-0.882,-0.921,-1.01,-1.024,-0.953,-0.977,-0.979,-0.862,0,0
"2019-04-16 02:26:40.0",786695,-9999,-56.61,-55.69,-55.69,-0.826,-9999,-9999,12.0402,39.89,39.89,14.92,-0.931,-0.987,-1.06,-0.975,-0.997,-0.961,-0.856,-0.931,-0.987,-1.028,-0.963,-0.987,-0.975,-0.864,-0.927,-0.987,-1.036,-0.967,-0.987,-0.987,-0.87,-0.925,-0.985,-1.03,-0.971,-0.967,-0.971,-0.856,0,0
"2019-04-16 02:27:00.0",786696,-9999,-56.51,-55.75,-55.75,-0.827,-9999,-9999,12.0513,39.89,39.89,14.92,-0.941,-1.038,-1.044,-0.975,-0.997,-0.977,-0.862,-0.929,-0.999,-1.032,-0.963,-0.975,-0.985,-0.872,-0.929,-1.024,-1.03,-0.957,-0.975,-0.953,-0.888,-0.929,-1.024,-1.026,-0.959,-0.975,-0.945,-0.864,0,700
"2019-04-16 02:27:20.0",786697,-9999,-56.41,-55.81,-55.81,-0.827,-9999,-9999,12.0402,39.89,39.91,14.92,-0.935,-1.014,-1.04,-0.967,-0.981,-0.975,-0.868,-0.927,-1.028,-1.038,-0.965,-0.989,-0.975,-0.9,-0.929,-1.026,-1.036,-0.967,-0.985,-0.965,-0.858,-0.927,-0.991,-1.028,-0.967,-0.987,-0.969,-0.89,0,0
"2019-04-16 02:27:40.0",786698,-9999,-56.31,-55.87,-55.87,-0.828,-9999,-9999,12.0402,39.89,39.91,14.92,-0.941,-1.02,-1.02,-0.979,-0.995,-0.979,-0.896,-0.931,-1.026,-1.036,-0.967,-0.985,-0.971,-0.878,-0.929,-1.03,-1.036,-0.969,-0.987,-0.967,-0.892,-0.929,-0.997,-1.03,-0.967,-0.987,-0.991,-0.864,0,0
"2019-04-16 02:28:00.0",786699,-9999,-56.21,-55.93,-55.93,-0.828,-9999,-9999,12.0457,39.89,39.91,14.92,-0.937,-1.012,-1.03,-0.979,-0.999,-0.997,-0.886,-0.933,-0.997,-1.04,-0.959,-0.985,-0.969,-0.888,-0.927,-0.991,-1.054,-0.969,-0.985,-0.955,-0.894,-0.927,-1.008,-1.016,-0.965,-0.987,-0.975,-0.872,0,0
"2019-04-16 02:28:20.0",786700,-9999,-56.1,-55.99,-55.99,-0.829,-9999,-9999,12.0402,39.89,39.91,14.92,-0.943,-1.034,-1.046,-0.979,-0.995,-0.981,-0.864,-0.929,-0.997,-1.044,-0.969,-0.989,-0.989,-0.86,-0.929,-1.002,-1.03,-0.965,-0.991,-0.955,-0.888,-0.927,-1.022,-1.036,-0.963,-0.983,-0.973,-0.852,0,0
"2019-04-16 02:28:40.0",786701,-9999,-56,-56.05,-56.05,-0.829,-9999,-9999,12.0402,39.89,39.87,14.9,-0.943,-0.997,-1.048,-0.975,-0.991,-0.997,-0.856,-0.927,-1.026,-1.04,-0.967,-0.983,-0.979,-0.864,-0.925,-1.006,-1.014,-0.969,-0.981,-0.993,-0.872,-0.929,-0.987,-1.036,-0.969,-0.981,-0.993,-0.85,0,700
"2019-04-16 02:29:00.0",786702,-9999,-55.9,-56.1,-56.1,-0.83,-9999,-9999,12.0402,39.89,39.89,14.9,-0.935,-1.036,-1.038,-0.979,-1.018,-0.981,-0.9,-0.921,-0.991,-1.042,-0.961,-0.977,-0.971,-0.894,-0.927,-0.981,-1.032,-0.969,-0.987,-0.991,-0.856,-0.925,-1.004,-1.056,-0.965,-0.977,-0.985,-0.884,0,0
"2019-04-16 02:29:20.0",786703,-9999,-55.8,-56.16,-56.16,-0.831,-9999,-9999,12.0402,39.89,39.89,14.9,-0.937,-1.026,-1.018,-0.971,-0.993,-0.957,-0.854,-0.931,-0.973,-1.022,-0.969,-0.973,-0.961,-0.864,-0.925,-1.004,-1.02,-0.961,-0.981,-0.977,-0.87,-0.927,-0.989,-1.044,-0.957,-0.973,-0.959,-0.844,0,0
"2019-04-16 02:29:40.0",786704,-9999,-55.69,-56.22,-56.22,-0.831,-9999,-9999,12.0402,39.89,39.89,14.9,-0.939,-1.03,-1.014,-0.971,-0.987,-0.975,-0.86,-0.925,-0.991,-1.03,-0.959,-0.987,-0.973,-0.848,-0.927,-1.01,-1.036,-0.969,-0.981,-0.991,-0.878,-0.927,-1.004,-1.05,-0.963,-0.985,-0.989,-0.884,0,0
"2019-04-16 02:30:00.0",786705,-9999,-55.59,-56.28,-56.28,-0.832,-9999,-9999,12.0402,39.89,39.87,14.9,-0.933,-1.03,-1.012,-0.965,-0.987,-0.977,-0.872,-0.925,-0.967,-1.018,-0.953,-0.973,-0.961,-0.854,-0.925,-0.969,-1.022,-0.955,-0.975,-0.977,-0.862,-0.921,-0.991,-1.038,-0.953,-0.973,-0.957,-0.836,0,0
"2019-04-16 02:30:20.0",786706,-9999,-55.49,-56.34,-56.34,-0.832,-9999,-9999,12.0402,39.89,39.91,14.9,-0.937,-1.026,-1.03,-0.969,-0.987,-0.969,-0.86,-0.921,-0.967,-1.012,-0.953,-0.975,-0.949,-0.884,-0.921,-0.971,-1.018,-0.957,-0.957,-0.961,-0.842,-0.921,-0.975,-1.02,-0.957,-0.979,-0.957,-0.874,0,700
"2019-04-16 02:30:40.0",786707,-9999,-55.38,-56.4,-56.4,-0.833,-9999,-9999,12.0402,39.89,39.91,14.88,-0.937,-1.002,-1.038,-0.971,-0.987,-0.999,-0.858,-0.923,-0.993,-1.014,-0.955,-0.975,-0.949,-0.846,-0.925,-1.002,-1.016,-0.949,-0.975,-0.953,-0.86,-0.923,-0.979,-1.012,-0.955,-0.967,-0.975,-0.84,0,0
"2019-04-16 02:31:00.0",786708,-9999,-55.28,-56.45,-56.45,-0.833,-9999,-9999,12.0402,39.89,39.89,14.88,-0.935,-0.995,-1.036,-0.969,-0.989,-0.979,-0.902,-0.917,-0.989,-0.995,-0.953,-0.971,-0.947,-0.862,-0.923,-0.993,-0.999,-0.955,-0.967,-0.959,-0.88,-0.923,-1.01,-1.02,-0.951,-0.987,-0.955,-0.86,0,0
"2019-04-16 02:31:20.0",786709,-9999,-55.17,-56.51,-56.51,-0.834,-9999,-9999,12.0402,39.89,39.91,14.88,-0.935,-1.032,-1.022,-0.977,-0.991,-0.993,-0.852,-0.921,-1.014,-1.002,-0.959,-0.971,-0.989,-0.882,-0.923,-1.018,-1.014,-0.963,-0.963,-0.947,-0.888,-0.919,-1.028,-1.026,-0.955,-0.977,-0.959,-0.842,0,0
"2019-04-16 02:31:40.0",786710,-9999,-55.07,-56.57,-56.57,-0.835,-9999,-9999,12.0402,39.89,39.89,14.88,-0.933,-1.004,-1.03,-0.961,-0.981,-0.969,-0.856,-0.923,-1.01,-1.02,-0.949,-0.977,-0.975,-0.85,-0.923,-1.008,-1.008,-0.947,-0.973,-0.939,-0.876,-0.921,-1.002,-1.01,-0.949,-0.969,-0.953,-0.846,0,0
"2019-04-16 02:32:00.0",786711,-9999,-54.96,-56.63,-56.63,-0.835,-9999,-9999,12.0402,39.91,39.89,14.88,-0.927,-0.979,-1.032,-0.967,-0.979,-0.969,-0.888,-0.917,-0.973,-1.026,-0.955,-0.973,-0.961,-0.884,-0.917,-0.979,-1.026,-0.957,-0.971,-0.979,-0.848,-0.919,-0.975,-1.038,-0.955,-0.971,-0.939,-0.876,0,700
"2019-04-16 02:32:20.0",786712,-9999,-54.85,-56.69,-56.69,-0.836,-9999,-9999,12.0402,39.92,39.89,14.88,-0.925,-0.995,-1.004,-0.961,-0.981,-0.963,-0.86,-0.915,-0.985,-1.02,-0.951,-0.969,-0.943,-0.878,-0.917,-0.959,-0.999,-0.951,-0.955,-0.955,-0.838,-0.915,-0.991,-1.014,-0.951,-0.953,-0.975,-0.868,0,0
"2019-04-16 02:32:40.0",786713,-9999,-54.75,-56.74,-56.74,-0.836,-9999,-9999,12.0457,39.92,39.91,14.88,-0.931,-1.008,-0.999,-0.959,-0.993,-0.985,-0.846,-0.921,-0.985,-1.032,-0.959,-0.975,-0.985,-0.87,-0.921,-0.971,-1.004,-0.957,-0.977,-0.947,-0.88,-0.917,-0.975,-1.018,-0.959,-0.969,-0.965,-0.844,0,0
"2019-04-16 02:33:00.0",786714,-9999,-54.64,-56.8,-56.8,-0.837,-9999,-9999,12.0402,39.92,39.89,14.88,-0.935,-0.995,-1.054,-0.971,-0.983,-0.973,-0.854,-0.917,-0.971,-1.02,-0.949,-0.965,-0.953,-0.884,-0.921,-0.981,-1.008,-0.953,-0.987,-0.975,-0.842,-0.919,-0.967,-1.012,-0.949,-0.963,-0.933,-0.872,0,0
"2019-04-16 02:33:20.0",786715,-9999,-54.53,-56.86,-56.86,-0.837,-9999,-9999,12.0457,39.92,39.89,14.85,-0.929,-1.022,-1.028,-0.953,-0.991,-0.963,-0.86,-0.919,-0.993,-1.04,-0.957,-0.957,-0.987,-0.874,-0.919,-1.002,-1.022,-0.959,-0.975,-0.949,-0.882,-0.917,-0.985,-1.006,-0.957,-0.955,-0.961,-0.836,0,0
"2019-04-16 02:33:40.0",786716,-9999,-54.43,-56.92,-56.92,-0.838,-9999,-9999,12.0402,39.92,39.89,14.88,-0.929,-0.979,-1.054,-0.963,-0.981,-0.989,-0.85,-0.917,-1.01,-1.012,-0.957,-0.973,-0.987,-0.886,-0.917,-1.01,-1.02,-0.953,-0.993,-0.937,-0.846,-0.915,-1.004,-1.02,-0.947,-0.985,-0.955,-0.848,0,700
"2019-04-16 02:34:00.0",786717,-9999,-54.32,-56.97,-56.97,-0.838,-9999,-9999,12.0402,39.92,39.91,14.85,-0.927,-1.006,-1.016,-0.969,-0.987,-0.953,-0.87,-0.912,-0.999,-1.022,-0.947,-0.989,-0.957,-0.862,-0.919,-1.014,-1.012,-0.949,-0.967,-0.951,-0.872,-0.917,-1.008,-1.03,-0.945,-0.965,-0.947,-0.844,0,0
"2019-04-16 02:34:20.0",786718,-9999,-54.21,-57.03,-57.03,-0.839,-9999,-9999,12.0402,39.92,39.91,14.88,-0.929,-0.997,-1.022,-0.953,-0.977,-0.949,-0.85,-0.917,-0.969,-1.026,-0.957,-0.975,-0.947,-0.844,-0.919,-1.018,-1.022,-0.955,-0.955,-0.961,-0.84,-0.915,-0.989,-1.02,-0.949,-0.953,-0.969,-0.866,0,0
"2019-04-16 02:34:40.0",786719,-9999,-54.1,-57.09,-57.09,-0.84,-9999,-9999,12.0402,39.92,39.89,14.85,-0.923,-1.01,-1.034,-0.967,-0.981,-0.957,-0.864,-0.915,-1.016,-1.038,-0.951,-0.975,-0.963,-0.874,-0.921,-0.993,-1.044,-0.957,-0.995,-0.957,-0.866,-0.912,-0.989,-1.024,-0.959,-0.977,-0.943,-0.838,0,0
"2019-04-16 02:35:00.0",786720,-9999,-54,-57.15,-57.15,-0.84,-9999,-9999,12.0457,39.92,39.91,14.85,-0.927,-1.038,-1.038,-0.967,-0.989,-0.971,-0.888,-0.912,-1.004,-1.022,-0.941,-0.949,-0.977,-0.864,-0.921,-1.006,-1.036,-0.947,-0.965,-0.949,-0.856,-0.915,-1.008,-1.014,-0.945,-0.963,-0.945,-0.86,0,0
"2019-04-16 02:35:20.0",786721,-9999,-53.89,-57.2,-57.2,-0.841,-9999,-9999,12.0402,39.92,39.91,14.85,-0.929,-1.018,-1.032,-0.965,-1.004,-0.969,-0.866,-0.915,-0.965,-1.01,-0.951,-0.961,-0.933,-0.84,-0.912,-1.014,-1.01,-0.945,-0.963,-0.953,-0.84,-0.923,-1.004,-1.034,-0.959,-0.967,-0.973,-0.854,0,700
"2019-04-16 02:35:40.0",786722,-9999,-53.78,-57.26,-57.26,-0.841,-9999,-9999,12.0402,39.92,39.91,14.85,-0.925,-0.977,-1.01,-0.963,-0.981,-0.961,-0.89,-0.917,-0.965,-1.028,-0.947,-0.961,-0.957,-0.884,-0.917,-0.973,-1.034,-0.945,-0.961,-0.971,-0.884,-0.915,-0.979,-1.012,-0.949,-0.969,-0.939,-0.832,0,0
"2019-04-16 02:36:00.0",786723,-9999,-53.67,-57.32,-57.32,-0.842,-9999,-9999,12.0402,39.92,39.89,14.85,-0.925,-0.985,-1.014,-0.965,-0.985,-0.975,-0.868,-0.915,-0.965,-1.014,-0.969,-0.963,-0.973,-0.876,-0.915,-1.006,-1.01,-0.945,-0.967,-0.937,-0.825,-0.915,-1.006,-0.985,-0.945,-0.943,-0.951,-0.83,0,0
"2019-04-16 02:36:20.0",786724,-9999,-53.56,-57.37,-57.37,-0.842,-9999,-9999,12.0402,39.92,39.91,14.85,-0.925,-1.004,-1.046,-0.965,-0.977,-0.983,-0.862,-0.917,-1.014,-1.028,-0.949,-0.971,-0.965,-0.886,-0.915,-0.993,-1.016,-0.955,-0.969,-0.981,-0.852,-0.919,-0.995,-1.024,-0.955,-0.989,-0.941,-0.852,0,0
"2019-04-16 02:36:40.0",786725,-9999,-53.45,-57.43,-57.43,-0.843,-9999,-9999,12.0402,39.92,39.91,14.85,-0.933,-0.997,-1.024,-0.963,-0.979,-0.965,-0.878,-0.915,-0.993,-1.004,-0.951,-0.975,-0.961,-0.85,-0.917,-0.987,-1.002,-0.957,-0.973,-0.955,-0.864,-0.906,-0.997,-1.022,-0.949,-0.965,-0.937,-0.868,0,0
"2019-04-16 02:37:00.0",786726,-9999,-53.34,-57.49,-57.49,-0.843,-9999,-9999,12.0457,39.92,39.89,14.85,-0.929,-0.995,-1.018,-0.969,-0.999,-0.969,-0.872,-0.915,-0.995,-1.022,-0.957,-0.971,-0.959,-0.848,-0.915,-0.967,-1.02,-0.951,-0.967,-0.975,-0.832,-0.917,-0.973,-0.995,-0.947,-0.963,-0.931,-0.862,0,700
"2019-04-16 02:37:20.0",786727,-9999,-53.23,-57.54,-57.54,-0.844,-9999,-9999,12.0402,39.92,39.89,14.85,-0.937,-0.985,-1.032,-0.959,-0.977,-0.965,-0.89,-0.919,-0.975,-0.997,-0.953,-0.975,-0.965,-0.876,-0.915,-1.024,-1.03,-0.961,-0.973,-0.981,-0.888,-0.915,-1.02,-0.999,-0.957,-0.973,-0.949,-0.84,0,0
"2019-04-16 02:37:40.0",786728,-9999,-53.12,-57.6,-57.6,-0.844,-9999,-9999,12.0457,39.92,39.91,14.85,-0.929,-1.012,-1.024,-0.969,-0.977,-0.961,-0.844,-0.919,-0.981,-1.024,-0.953,-0.971,-0.943,-0.856,-0.921,-1.018,-1.022,-0.975,-0.975,-0.961,-0.866,-0.917,-1.018,-1.042,-0.951,-0.969,-0.983,-0.88,0,0
"2019-04-16 02:38:00.0",786729,-9999,-53.01,-57.66,-57.66,-0.845,-9999,-9999,12.0402,39.92,39.89,14.85,-0.927,-1.018,-1.002,-0.965,-0.977,-0.985,-0.88,-0.912,-0.989,-1.026,-0.983,-0.977,-0.989,-0.884,-0.921,-0.975,-1.026,-0.965,-0.979,-0.951,-0.862,-0.919,-0.977,-1.006,-0.957,-0.973,-0.965,-0.874,0,0
"2019-04-16 02:38:20.0",786730,-9999,-52.9,-57.71,-57.71,-0.845,-9999,-9999,12.0402,39.91,39.89,14.85,-0.927,-0.979,-1.022,-0.961,-0.961,-0.949,-0.88,-0.923,-0.999,-1.018,-0.951,-0.973,-0.949,-0.87,-0.919,-0.983,-1.03,-0.961,-0.977,-0.965,-0.89,-0.921,-1.004,-1.028,-0.957,-0.973,-0.981,-0.862,0,0
"2019-04-16 02:38:40.0",786731,-9999,-52.78,-57.77,-57.77,-0.846,-9999,-9999,12.0513,39.92,39.89,14.83,-0.931,-1.026,-1.032,-0.973,-1.01,-0.967,-0.882,-0.917,-0.967,-1.02,-0.951,-0.971,-0.961,-0.846,-0.921,-0.975,-1.024,-0.955,-0.989,-0.977,-0.858,-0.921,-0.967,-1.036,-0.951,-0.991,-0.939,-0.874,0,700
"2019-04-16 02:39:00.0",786732,-9999,-52.67,-57.83,-57.83,-0.846,-9999,-9999,12.0457,39.92,39.91,14.83,-0.931,-1.022,-1.042,-0.971,-0.995,-0.957,-0.884,-0.925,-0.975,-1.022,-0.959,-0.973,-0.973,-0.868,-0.923,-1.01,-1.024,-0.957,-0.967,-0.941,-0.884,-0.91,-1.008,-1.002,-0.955,-0.973,-0.953,-0.848,0,0
"2019-04-16 02:39:20.0",786733,-9999,-52.56,-57.88,-57.88,-0.847,-9999,-9999,12.0457,39.91,39.91,14.83,-0.939,-0.999,-1.028,-0.963,-0.989,-0.951,-0.888,-0.923,-0.979,-1.032,-0.951,-0.981,-0.967,-0.894,-0.927,-0.985,-1.026,-0.959,-0.967,-0.985,-0.858,-0.919,-0.977,-1.05,-0.959,-0.961,-0.965,-0.874,0,0
"2019-04-16 02:39:40.0",786734,-9999,-52.45,-57.94,-57.94,-0.847,-9999,-9999,12.0402,39.91,39.87,14.83,-0.931,-0.983,-1.036,-0.961,-0.985,-0.965,-0.866,-0.923,-0.995,-1.018,-0.957,-0.973,-0.989,-0.85,-0.925,-1.014,-1.022,-0.965,-0.981,-0.945,-0.872,-0.921,-0.993,-1.026,-0.957,-0.983,-0.967,-0.884,0,0
"2019-04-16 02:40:00.0",786735,-9999,-52.33,-57.99,-57.99,-0.848,-9999,-9999,12.0402,39.91,39.89,14.83,-0.931,-0.993,-1.024,-0.961,-0.981,-0.985,-0.85,-0.921,-0.977,-1.042,-0.951,-0.977,-0.961,-0.858,-0.923,-0.977,-1.04,-0.957,-0.975,-0.973,-0.878,-0.925,-0.991,-1.02,-0.961,-0.979,-0.963,-0.874,0,0
"2019-04-16 02:40:20.0",786736,-9999,-52.22,-58.05,-58.05,-0.849,-9999,-9999,12.0402,39.91,39.91,14.83,-0.937,-0.995,-1.036,-0.973,-0.987,-0.979,-0.886,-0.925,-1.018,-1.02,-0.957,-0.977,-0.985,-0.892,-0.931,-1.018,-1.024,-0.955,-0.957,-0.949,-0.846,-0.921,-1.016,-1.018,-0.957,-0.979,-0.957,-0.868,0,700
"2019-04-16 02:40:40.0",786737,-9999,-52.11,-58.11,-58.11,-0.849,-9999,-9999,12.0457,39.91,39.89,14.83,-0.929,-1.012,-1.006,-0.963,-0.979,-0.947,-0.85,-0.923,-0.993,-1.036,-0.949,-0.967,-0.959,-0.848,-0.921,-0.967,-1.046,-0.953,-0.997,-0.959,-0.856,-0.925,-0.983,-1.018,-0.949,-0.999,-0.933,-0.832,0,0
"2019-04-16 02:41:00.0",786738,-9999,-51.99,-58.16,-58.16,-0.85,-9999,-9999,12.0402,39.91,39.89,14.83,-0.933,-0.997,-1.006,-0.965,-0.991,-0.981,-0.886,-0.921,-0.987,-1.038,-0.953,-0.973,-0.955,-0.874,-0.923,-0.989,-1.022,-0.961,-0.971,-0.953,-0.872,-0.917,-0.983,-0.997,-0.953,-0.973,-0.939,-0.868,0,0
"2019-04-16 02:41:20.0",786739,-9999,-51.88,-58.22,-58.22,-0.85,-9999,-9999,12.0402,39.89,39.91,14.83,-0.933,-0.987,-1.042,-0.973,-0.989,-0.979,-0.86,-0.931,-1.032,-1.012,-0.961,-0.979,-0.989,-0.898,-0.923,-1.026,-1.01,-0.963,-0.987,-0.947,-0.852,-0.925,-0.979,-1.03,-0.963,-0.983,-0.969,-0.886,0,0
"2019-04-16 02:41:40.0",786740,-9999,-51.76,-58.27,-58.27,-0.851,-9999,-9999,12.0402,39.89,39.89,14.83,-0.935,-1.012,-1.018,-0.971,-0.993,-0.973,-0.876,-0.923,-0.987,-1.038,-0.949,-0.973,-0.965,-0.846,-0.925,-0.995,-1.012,-0.953,-0.977,-0.959,-0.86,-0.921,-0.985,-0.995,-0.953,-0.995,-0.937,-0.87,0,0
"2019-04-16 02:42:00.0",786741,-9999,-51.65,-58.33,-58.33,-0.851,-9999,-9999,12.0402,39.89,39.87,14.83,-0.935,-0.987,-1.042,-0.977,-0.995,-0.985,-0.856,-0.925,-0.985,-1.046,-0.959,-0.975,-0.981,-0.854,-0.923,-0.991,-1.02,-0.961,-0.979,-0.947,-0.876,-0.921,-0.995,-1.028,-0.951,-0.975,-0.953,-0.878,0,700
"2019-04-16 02:42:20.0",786742,-9999,-51.53,-58.38,-58.38,-0.852,-9999,-9999,12.0402,39.89,39.87,14.83,-0.935,-0.983,-1.014,-0.965,-0.985,-0.963,-0.87,-0.925,-0.975,-1.038,-0.945,-0.971,-0.981,-0.854,-0.925,-0.981,-1.02,-0.953,-0.975,-0.943,-0.844,-0.923,-0.967,-1.002,-0.955,-0.975,-0.955,-0.878,0,0
"2019-04-16 02:42:40.0",786743,-9999,-51.42,-58.44,-58.44,-0.852,-9999,-9999,12.0402,39.89,39.89,14.83,-0.937,-0.987,-1.032,-0.967,-0.985,-0.967,-0.89,-0.927,-0.969,-1.026,-0.953,-0.975,-0.963,-0.888,-0.925,-0.969,-1.026,-0.957,-0.975,-0.979,-0.846,-0.923,-0.997,-1.04,-0.959,-0.969,-0.959,-0.852,0,0
"2019-04-16 02:43:00.0",786744,-9999,-51.3,-58.49,-58.49,-0.853,-9999,-9999,12.0402,39.89,39.87,14.83,-0.935,-0.983,-1.034,-0.965,-0.989,-0.971,-0.886,-0.921,-1.018,-1.038,-0.955,-0.973,-0.965,-0.846,-0.933,-1.012,-1.016,-0.955,-0.981,-0.977,-0.862,-0.919,-1.006,-0.997,-0.957,-0.971,-0.941,-0.834,0,0
"2019-04-16 02:43:20.0",786745,-9999,-51.18,-58.55,-58.55,-0.853,-9999,-9999,12.0402,39.89,39.87,14.8,-0.933,-0.989,-1.03,-0.967,-0.973,-0.955,-0.888,-0.927,-0.971,-1.018,-0.973,-0.975,-0.951,-0.85,-0.927,-0.973,-1.03,-0.951,-0.979,-0.957,-0.868,-0.927,-0.991,-1.042,-0.957,-0.973,-0.969,-0.84,0,0
"2019-04-16 02:43:40.0",786746,-9999,-51.07,-58.6,-58.6,-0.854,-9999,-9999,12.0402,39.89,39.89,14.8,-0.935,-1.012,-1.042,-0.975,-0.985,-1.002,-0.886,-0.927,-1.028,-1.016,-0.969,-0.979,-0.963,-0.86,-0.927,-0.991,-1.032,-0.965,-0.991,-0.973,-0.874,-0.929,-0.995,-1.044,-0.973,-0.983,-0.991,-0.882,0,700
"2019-04-16 02:44:00.0",786747,-9999,-50.95,-58.66,-58.66,-0.854,-9999,-9999,12.0402,39.89,39.87,14.8,-0.937,-1.01,-1.04,-0.979,-1.026,-1.01,-0.896,-0.927,-0.987,-1.038,-0.969,-0.981,-0.971,-0.894,-0.929,-0.985,-1.034,-0.963,-0.989,-0.969,-0.852,-0.929,-0.977,-1.056,-0.973,-0.981,-0.953,-0.868,0,0
"2019-04-16 02:44:20.0",786748,-9999,-50.83,-58.71,-58.71,-0.855,-9999,-9999,12.0402,39.89,39.89,14.8,-0.941,-1.02,-1.042,-0.975,-0.993,-0.981,-0.86,-0.929,-0.985,-1.038,-0.969,-0.983,-0.973,-0.858,-0.929,-0.985,-1.034,-0.969,-1.002,-0.989,-0.872,-0.927,-0.975,-1.052,-0.965,-0.979,-0.967,-0.848,0,0
"2019-04-16 02:44:40.0",786749,-9999,-50.72,-58.77,-58.77,-0.855,-9999,-9999,12.0457,39.89,39.87,14.8,-0.943,-1.03,-1.062,-0.973,-0.993,-0.977,-0.854,-0.927,-0.975,-1.01,-0.959,-0.977,-0.963,-0.86,-0.931,-0.977,-1.022,-0.959,-0.975,-0.983,-0.89,-0.925,-0.987,-1.042,-0.959,-0.975,-0.977,-0.84,0,0
"2019-04-16 02:45:00.0",786750,-9999,-50.6,-58.82,-58.82,-0.856,-9999,-9999,12.0402,39.89,39.87,14.8,-0.941,-1.026,-1.04,-0.971,-0.987,-0.973,-0.862,-0.933,-0.977,-1.018,-0.957,-0.989,-0.969,-0.85,-0.927,-0.971,-1.006,-0.959,-0.983,-0.953,-0.872,-0.931,-0.993,-1.026,-0.961,-1.008,-0.963,-0.878,0,0
"2019-04-16 02:45:20.0",786751,-9999,-50.48,-58.88,-58.88,-0.856,-9999,-9999,12.0457,39.89,39.89,14.8,-0.943,-1.034,-1.038,-0.973,-0.993,-0.969,-0.878,-0.931,-1.002,-1.018,-0.963,-0.981,-0.971,-0.892,-0.931,-1.008,-1.01,-0.967,-0.991,-0.967,-0.866,-0.929,-1.02,-1.034,-0.967,-0.985,-0.953,-0.888,0,700
"2019-04-16 02:45:40.0",786752,-9999,-50.36,-58.93,-58.93,-0.857,-9999,-9999,12.0402,39.89,39.89,14.8,-0.943,-1.014,-1.048,-0.973,-0.995,-0.999,-0.882,-0.929,-0.977,-1.024,-0.961,-0.979,-0.967,-0.882,-0.931,-0.987,-1.034,-0.959,-0.983,-0.961,-0.856,-0.931,-0.995,-1.02,-0.963,-0.961,-0.939,-0.884,0,0
"2019-04-16 02:46:00.0",786753,-9999,-50.24,-58.99,-58.99,-0.857,-9999,-9999,12.0402,39.89,39.89,14.78,-0.941,-1.006,-1.06,-0.995,-1.002,-1.004,-0.886,-0.929,-1.018,-1.022,-0.965,-0.975,-0.985,-0.872,-0.929,-0.981,-1.022,-0.959,-0.977,-0.963,-0.86,-0.929,-0.979,-1.028,-0.947,-0.975,-0.961,-0.882,0,0
"2019-04-16 02:46:20.0",786754,-9999,-50.12,-59.04,-59.04,-0.858,-9999,-9999,12.0513,39.89,39.87,14.78,-0.943,-1.044,-1.042,-0.987,-1.002,-1.006,-0.852,-0.933,-1.014,-1.044,-0.961,-0.975,-0.965,-0.892,-0.931,-1.016,-1.022,-0.963,-0.981,-0.959,-0.854,-0.931,-0.977,-1.026,-0.961,-0.977,-0.985,-0.884,0,0
"2019-04-16 02:46:40.0",786755,-9999,-50,-59.1,-59.1,-0.858,-9999,-9999,12.0402,39.89,39.87,14.78,-0.939,-1.036,-1.056,-0.985,-0.989,-0.967,-0.904,-0.931,-1.006,-1.004,-0.955,-0.981,-0.973,-0.866,-0.927,-1.018,-1.018,-0.959,-0.983,-0.961,-0.89,-0.927,-0.983,-1.026,-0.961,-0.979,-0.965,-0.85,0,0
"2019-04-16 02:47:00.0",786756,-9999,-49.88,-59.15,-59.15,-0.859,-9999,-9999,12.0402,39.89,39.89,14.78,-0.941,-1.01,-1.064,-0.981,-0.997,-0.983,-0.898,-0.933,-0.979,-1.05,-0.959,-0.977,-0.969,-0.856,-0.939,-0.987,-1.03,-0.965,-0.983,-0.959,-0.892,-0.927,-1.002,-1.024,-0.983,-0.983,-0.987,-0.866,0,700
"2019-04-16 02:47:20.0",786757,-9999,-49.76,-59.2,-59.2,-0.859,-9999,-9999,12.0402,39.89,39.89,14.75,-0.937,-1.026,-1.038,-0.971,-0.995,-0.973,-0.854,-0.933,-1.036,-1.056,-0.971,-0.987,-0.997,-0.9,-0.933,-1.032,-1.04,-0.973,-0.989,-0.973,-0.86,-0.931,-0.991,-1.04,-0.969,-0.985,-0.963,-0.886,0,0
"2019-04-16 02:47:40.0",786758,-9999,-49.64,-59.26,-59.26,-0.859,-9999,-9999,12.0402,39.89,39.87,14.75,-0.941,-1.03,-1.03,-0.999,-1.002,-0.989,-0.866,-0.931,-1.018,-1.022,-0.957,-0.975,-0.973,-0.898,-0.933,-0.985,-1.05,-0.959,-0.977,-0.981,-0.858,-0.933,-0.985,-1.034,-0.967,-0.965,-0.987,-0.89,0,0
"2019-04-16 02:48:00.0",786759,-9999,-49.52,-59.31,-59.31,-0.86,-9999,-9999,12.0402,39.89,39.89,14.75,-0.943,-1.038,-1.034,-0.981,-0.997,-0.963,-0.9,-0.931,-1.026,-1.016,-0.963,-0.967,-0.961,-0.866,-0.931,-1.014,-1.032,-0.969,-0.971,-0.965,-0.886,-0.931,-0.987,-1.024,-0.961,-0.977,-0.967,-0.842,0,0
"2019-04-16 02:48:20.0",786760,-9999,-49.4,-59.37,-59.37,-0.86,-9999,-9999,12.0402,39.89,39.87,14.73,-0.943,-1.018,-1.05,-0.977,-0.995,-1.002,-0.894,-0.931,-1.006,-1.034,-0.957,-0.977,-0.989,-0.86,-0.933,-0.999,-1.05,-0.969,-0.983,-0.963,-0.894,-0.937,-1.026,-1.032,-0.967,-0.981,-0.971,-0.882,0,0
"2019-04-16 02:48:40.0",786761,-9999,-49.28,-59.42,-59.42,-0.861,-9999,-9999,12.0402,39.89,39.87,14.73,-0.943,-0.997,-1.04,-0.971,-0.995,-0.999,-0.854,-0.935,-0.989,-1.028,-0.967,-0.989,-0.977,-0.89,-0.935,-1.016,-1.04,-0.967,-0.991,-0.989,-0.864,-0.933,-1.036,-1.06,-0.971,-0.985,-0.995,-0.892,0,700
"2019-04-16 02:49:00.0",786762,-9999,-49.15,-59.47,-59.47,-0.861,-9999,-9999,12.0402,39.89,39.89,14.75,-0.937,-0.993,-1.03,-0.973,-0.989,-0.973,-0.858,-0.931,-0.991,-1.038,-0.971,-0.973,-0.967,-0.902,-0.933,-1.008,-1.014,-0.975,-0.969,-0.957,-0.856,-0.931,-1.02,-1.032,-0.985,-0.981,-0.957,-0.884,0,0
"2019-04-16 02:49:20.0",786763,-9999,-49.03,-59.53,-59.53,-0.862,-9999,-9999,12.0402,39.89,39.87,14.75,-0.941,-1.014,-1.026,-0.979,-1.004,-0.995,-0.87,-0.935,-0.987,-1.028,-0.961,-0.981,-0.971,-0.89,-0.939,-0.985,-1.05,-0.963,-0.979,-0.965,-0.852,-0.933,-1.006,-1.028,-0.967,-0.979,-0.971,-0.846,0,0
"2019-04-16 02:49:40.0",786764,-9999,-48.91,-59.58,-59.58,-0.862,-9999,-9999,12.0457,39.89,39.89,14.75,-0.943,-1.03,-1.062,-0.973,-0.989,-0.971,-0.858,-0.933,-1.002,-1.042,-0.971,-0.991,-0.967,-0.896,-0.931,-0.997,-1.052,-0.979,-0.971,-0.979,-0.89,-0.931,-1.002,-1.052,-0.981,-1.012,-0.973,-0.856,0,0
"2019-04-16 02:50:00.0",786765,-9999,-48.78,-59.63,-59.63,-0.863,-9999,-9999,12.0457,39.89,39.89,14.71,-0.937,-0.997,-1.048,-0.975,-0.995,-0.977,-0.882,-0.927,-0.981,-1.03,-0.963,-0.979,-0.973,-0.862,-0.939,-1.006,-1.028,-0.969,-0.965,-0.955,-0.884,-0.929,-1.006,-1.03,-0.961,-0.977,-0.951,-0.866,0,0
"2019-04-16 02:50:20.0",786766,-9999,-48.66,-59.68,-59.68,-0.863,-9999,-9999,12.0402,39.89,39.89,14.71,-0.947,-1.012,-1.036,-0.973,-1.012,-0.975,-0.88,-0.929,-1.022,-1.01,-0.965,-0.983,-0.971,-0.874,-0.935,-1.024,-1.032,-0.967,-0.989,-0.957,-0.894,-0.937,-0.991,-1.028,-0.965,-0.985,-0.955,-0.87,0,700
"2019-04-16 02:50:40.0",786767,-9999,-48.54,-59.74,-59.74,-0.864,-9999,-9999,12.0402,39.89,39.89,14.71,-0.945,-1.048,-1.05,-0.981,-1.002,-0.989,-0.868,-0.931,-0.991,-1.034,-0.975,-0.989,-0.981,-0.87,-0.933,-0.979,-1.042,-0.971,-0.991,-0.973,-0.892,-0.933,-0.991,-1.06,-0.965,-0.989,-0.973,-0.868,0,0
"2019-04-16 02:51:00.0",786768,-9999,-48.41,-59.79,-59.79,-0.864,-9999,-9999,12.0402,39.89,39.89,14.71,-0.951,-1.022,-1.04,-0.987,-0.995,-0.977,-0.878,-0.933,-1.018,-1.062,-0.969,-0.987,-0.981,-0.88,-0.935,-1.038,-1.024,-0.977,-0.975,-0.999,-0.9,-0.935,-0.995,-1.034,-0.973,-1.012,-0.991,-0.878,0,0
"2019-04-16 02:51:20.0",786769,-9999,-48.29,-59.84,-59.84,-0.865,-9999,-9999,12.0402,39.89,39.87,14.71,-0.943,-0.993,-1.046,-0.979,-0.993,-1.004,-0.896,-0.931,-1.016,-1.048,-0.961,-0.979,-0.975,-0.872,-0.933,-1.022,-1.01,-0.963,-0.979,-0.963,-0.856,-0.935,-0.973,-1.03,-0.963,-0.983,-0.957,-0.888,0,0
"2019-04-16 02:51:40.0",786770,-9999,-48.16,-59.9,-59.9,-0.865,-9999,-9999,12.0402,39.89,39.87,14.71,-0.945,-1.016,-1.058,-0.969,-0.997,-0.973,-0.898,-0.935,-0.987,-1.002,-0.961,-0.981,-0.959,-0.882,-0.935,-0.985,-1.028,-0.967,-0.987,-0.971,-0.862,-0.935,-1.026,-1.028,-0.963,-0.969,-0.967,-0.888,0,0
"2019-04-16 02:52:00.0",786771,-9999,-48.04,-59.95,-59.95,-0.866,-9999,-9999,12.0402,39.89,39.89,14.71,-0.947,-1.006,-1.056,-0.987,-1.004,-0.991,-0.874,-0.935,-1.034,-1.036,-0.975,-1.018,-0.985,-0.888,-0.935,-1.004,-1.05,-0.979,-0.991,-0.981,-0.866,-0.935,-1.02,-1.048,-0.973,-0.991,-0.973,-0.89,0,700
"2019-04-16 02:52:20.0",786772,-9999,-47.91,-60,-60,-0.866,-9999,-9999,12.0402,39.89,39.89,14.71,-0.941,-1.032,-1.026,-0.979,-0.997,-0.979,-0.856,-0.931,-0.997,-1.024,-0.965,-0.985,-0.991,-0.86,-0.935,-1.016,-1.042,-0.969,-0.985,-0.967,-0.894,-0.931,-1.03,-1.036,-0.971,-0.987,-0.961,-0.874,0,0
"2019-04-16 02:52:40.0",786773,-9999,-47.78,-60.05,-60.05,-0.867,-9999,-9999,12.0457,39.89,39.89,14.68,-0.943,-1.034,-1.052,-0.987,-1.002,-0.987,-0.872,-0.933,-0.981,-1.048,-0.965,-0.983,-0.965,-0.878,-0.935,-0.981,-1.02,-0.963,-0.977,-0.985,-0.888,-0.933,-1.024,-1.05,-0.963,-0.977,-0.981,-0.886,0,0
"2019-04-16 02:53:00.0",786774,-9999,-47.66,-60.11,-60.11,-0.867,-9999,-9999,12.0402,39.89,39.87,14.68,-0.943,-1.03,-1.066,-0.983,-1.002,-0.985,-0.908,-0.933,-1.042,-1.04,-0.975,-0.993,-0.985,-0.91,-0.941,-0.993,-1.062,-0.975,-0.991,-0.981,-0.866,-0.933,-1.026,-1.036,-0.973,-0.979,-0.983,-0.896,0,0
"2019-04-16 02:53:20.0",786775,-9999,-47.53,-60.16,-60.16,-0.867,-9999,-9999,12.0402,39.89,39.87,14.68,-0.947,-1.016,-1.06,-0.985,-0.999,-0.977,-0.888,-0.933,-0.989,-1.042,-0.977,-0.993,-1.002,-0.888,-0.933,-0.983,-1.048,-0.977,-0.993,-0.977,-0.866,-0.935,-1.034,-1.03,-0.973,-0.989,-0.975,-0.894,0,0
"2019-04-16 02:53:40.0",786776,-9999,-47.4,-60.21,-60.21,-0.868,-9999,-9999,12.0457,39.89,39.87,14.68,-0.943,-1.022,-1.046,-0.977,-0.995,-0.979,-0.896,-0.933,-0.979,-1.018,-0.965,-0.983,-0.969,-0.86,-0.937,-1.01,-1.024,-0.953,-1.006,-0.951,-0.896,-0.929,-1.016,-1.03,-0.963,-0.977,-0.965,-0.86,0,700
"2019-04-16 02:54:00.0",786777,-9999,-47.27,-60.26,-60.26,-0.868,-9999,-9999,12.0402,39.89,39.87,14.68,-0.945,-1.026,-1.052,-0.985,-1.002,-0.971,-0.902,-0.941,-0.989,-1.044,-0.973,-0.985,-0.987,-0.904,-0.933,-0.997,-1.046,-0.975,-0.993,-0.967,-0.856,-0.933,-1.026,-1.038,-0.973,-0.987,-0.961,-0.868,0,0
"2019-04-16 02:54:20.0",786778,-9999,-47.15,-60.31,-60.31,-0.869,-9999,-9999,12.0402,39.89,39.89,14.66,-0.949,-0.991,-1.034,-0.975,-0.993,-0.963,-0.862,-0.935,-1.016,-1.026,-0.965,-0.971,-0.959,-0.902,-0.935,-0.993,-1.038,-0.969,-0.987,-0.953,-0.88,-0.935,-1.016,-1.03,-0.969,-1.014,-0.957,-0.856,0,0
"2019-04-16 02:54:40.0",786779,-9999,-47.02,-60.37,-60.37,-0.869,-9999,-9999,12.0402,39.89,39.87,14.66,-0.943,-1.028,-1.05,-0.971,-0.999,-0.993,-0.892,-0.935,-1.004,-1.042,-0.967,-0.983,-0.959,-0.894,-0.933,-1.028,-1.028,-0.969,-0.989,-0.969,-0.852,-0.929,-0.987,-1.006,-0.963,-0.981,-0.963,-0.85,0,0
"2019-04-16 02:55:00.0",786780,-9999,-46.89,-60.42,-60.42,-0.87,-9999,-9999,12.0402,39.89,39.89,14.66,-0.945,-1.022,-1.058,-0.977,-0.997,-0.995,-0.86,-0.937,-0.999,-1.016,-0.967,-0.979,-0.953,-0.862,-0.935,-1.018,-1.046,-0.963,-0.985,-0.965,-0.894,-0.935,-0.977,-1.02,-0.961,-0.983,-0.951,-0.88,0,0
"2019-04-16 02:55:20.0",786781,-9999,-46.76,-60.47,-60.47,-0.87,-9999,-9999,12.0402,39.89,39.89,14.66,-0.945,-0.995,-1.02,-0.975,-0.997,-0.977,-0.856,-0.937,-0.973,-1.05,-0.961,-0.979,-0.989,-0.864,-0.929,-1.01,-1.01,-0.965,-0.985,-0.981,-0.902,-0.933,-1.016,-1.022,-0.973,-0.981,-0.981,-0.866,0,700
"2019-04-16 02:55:40.0",786782,-9999,-46.63,-60.52,-60.52,-0.871,-9999,-9999,12.0402,39.89,39.89,14.66,-0.943,-1.026,-1.036,-0.979,-0.991,-0.977,-0.876,-0.937,-1.012,-1.04,-0.973,-0.993,-0.983,-0.888,-0.935,-1.024,-1.048,-0.969,-1.012,-0.975,-0.856,-0.933,-0.987,-1.034,-0.971,-0.993,-0.977,-0.89,0,0
"2019-04-16 02:56:00.0",786783,-9999,-46.5,-60.57,-60.57,-0.871,-9999,-9999,12.0402,39.89,39.87,14.66,-0.955,-1.046,-1.052,-0.989,-1.006,-1.012,-0.906,-0.935,-1.04,-1.044,-0.973,-0.995,-0.991,-0.892,-0.935,-1.002,-1.046,-0.975,-0.993,-0.977,-0.872,-0.941,-1.042,-1.044,-0.971,-0.995,-0.981,-0.898,0,0
"2019-04-16 02:56:20.0",786784,-9999,-46.37,-60.62,-60.62,-0.871,-9999,-9999,12.0402,39.89,39.87,14.64,-0.943,-1.002,-1.058,-0.977,-0.995,-0.973,-0.874,-0.935,-1.01,-1.03,-0.971,-0.985,-0.963,-0.86,-0.933,-1.026,-1.062,-0.977,-0.991,-0.977,-0.896,-0.931,-0.995,-1.044,-0.973,-0.991,-0.979,-0.864,0,0
"2019-04-16 02:56:40.0",786785,-9999,-46.24,-60.67,-60.67,-0.872,-9999,-9999,12.0402,39.89,39.87,14.64,-0.943,-1.016,-1.04,-0.973,-0.985,-0.997,-0.86,-0.937,-0.987,-1.04,-0.965,-0.985,-0.973,-0.866,-0.937,-1.004,-1.032,-0.971,-0.985,-0.971,-0.89,-0.935,-0.975,-1.042,-0.973,-0.987,-0.971,-0.882,0,0
"2019-04-16 02:57:00.0",786786,-9999,-46.1,-60.73,-60.73,-0.872,-9999,-9999,12.0402,39.89,39.87,14.64,-0.947,-1.04,-1.03,-0.987,-1.01,-0.989,-0.876,-0.937,-1.024,-1.052,-0.961,-0.987,-0.975,-0.874,-0.939,-1.03,-1.008,-0.967,-0.987,-0.993,-0.858,-0.931,-0.985,-1.048,-0.963,-0.979,-0.959,-0.886,0,700
"2019-04-16 02:57:20.0",786787,-9999,-45.97,-60.78,-60.78,-0.873,-9999,-9999,12.0402,39.89,39.89,14.64,-0.943,-1.008,-1.054,-0.999,-1.004,-0.987,-0.87,-0.937,-1.028,-1.048,-0.981,-0.995,-0.971,-0.872,-0.941,-0.999,-1.04,-0.977,-0.997,-0.983,-0.904,-0.939,-1.04,-1.042,-0.975,-0.997,-0.965,-0.894,0,0
"2019-04-16 02:57:40.0",786788,-9999,-45.84,-60.83,-60.83,-0.873,-9999,-9999,12.0402,39.89,39.89,14.61,-0.943,-1.012,-1.062,-0.977,-0.997,-0.963,-0.894,-0.935,-0.973,-1.026,-0.967,-0.983,-0.973,-0.858,-0.937,-1.004,-1.042,-0.969,-0.985,-0.967,-0.872,-0.935,-1.018,-1.022,-0.969,-0.989,-0.971,-0.87,0,0
"2019-04-16 02:58:00.0",786789,-9999,-45.71,-60.88,-60.88,-0.874,-9999,-9999,12.0402,39.89,39.87,14.61,-0.945,-1.05,-1.058,-0.989,-1.008,-0.989,-0.91,-0.941,-1.036,-1.038,-0.973,-1.014,-0.985,-0.868,-0.939,-1.044,-1.04,-0.973,-0.993,-1.002,-0.908,-0.935,-0.993,-1.04,-0.975,-0.975,-0.995,-0.896,0,0
"2019-04-16 02:58:20.0",786790,-9999,-45.58,-60.93,-60.93,-0.874,-9999,-9999,12.0402,39.89,39.89,14.61,-0.945,-1.032,-1.038,-0.977,-0.993,-0.999,-0.904,-0.935,-1.006,-1.036,-0.963,-0.981,-0.997,-0.852,-0.937,-1.026,-1.032,-0.969,-0.987,-0.977,-0.888,-0.933,-0.993,-1.04,-0.967,-0.989,-0.993,-0.874,0,0
"2019-04-16 02:58:40.0",786791,-9999,-45.44,-60.98,-60.98,-0.874,-9999,-9999,12.0402,39.89,39.89,14.61,-0.947,-1.046,-1.05,-0.987,-1.008,-0.975,-0.866,-0.937,-1.006,-1.026,-0.961,-0.989,-0.973,-0.904,-0.937,-1.028,-1.022,-0.969,-0.987,-0.963,-0.882,-0.937,-0.991,-1.026,-0.967,-0.987,-0.969,-0.846,0,700
"2019-04-16 02:59:00.0",786792,-9999,-45.31,-61.03,-61.03,-0.875,-9999,-9999,12.0402,39.89,39.87,14.61,-0.945,-0.997,-1.06,-0.979,-0.997,-0.999,-0.892,-0.935,-0.979,-1.032,-0.965,-0.983,-0.967,-0.858,-0.939,-0.981,-1.024,-0.967,-0.985,-0.963,-0.864,-0.937,-1.026,-1.03,-0.963,-0.985,-0.951,-0.886,0,0
"2019-04-16 02:59:20.0",786793,-9999,-45.18,-61.08,-61.08,-0.875,-9999,-9999,12.0402,39.89,39.87,14.61,-0.949,-1.02,-1.038,-0.977,-0.993,-0.977,-0.862,-0.929,-0.985,-1.026,-0.961,-0.981,-0.987,-0.874,-0.935,-0.991,-1.052,-0.963,-0.985,-0.983,-0.86,-0.933,-1.024,-1.03,-0.965,-0.983,-0.965,-0.832,0,0
"2019-04-16 02:59:40.0",786794,-9999,-45.04,-61.13,-61.13,-0.876,-9999,-9999,12.0402,39.89,39.89,14.59,-0.947,-0.999,-1.078,-0.985,-1.002,-0.991,-0.88,-0.937,-1.034,-1.044,-0.981,-0.991,-0.969,-0.874,-0.939,-1.008,-1.04,-0.977,-0.993,-0.973,-0.9,-0.937,-1.012,-1.048,-0.977,-0.993,-0.975,-0.9,0,0
