"TOA5","","","1764","CR1000.Std.24","CPU:MFRSR_10012018V2.8.CR1","13574","TableHdr","PbCdlComm-1.6.0 (2016/01/26)"
"TIMESTAMP","RECORD","loggerID""headID""xpgmVerID""xlat""xlon""xSiteElev""xFULLREV""xCRXHSTEPS""xSCANseconds""xSCANnAvg""xSCANtrough""xHOMEoffset""xALLTIMEband"
"TS","RN","--""--""--""deg""deg""m""--""--""sec""--""--""--""--"
"","","Smp""Smp""Smp""Smp""Smp""Smp""Smp""Smp""Smp""Smp""Smp""Smp""Smp"
"2019-04-16 00:00:00.0",372,1764,180054423,2.8,-32.1259,-64.7287,1160,800,20,20,1,10,0,-1
"TOA5","","","1764","CR1000.Std.24","CPU:MFRSR_10012018V2.8.CR1","13574","Table155","PbCdlComm-1.6.0 (2016/01/26)"
"TIMESTAMP","RECORD","xoset""az""el""al""cosz""cosasz""pamass""vBat""Thead""THTC""Tlogger""Dnadir(1)""Dnadir(2)""Dnadir(3)""Dnadir(4)""Dnadir(5)""Dnadir(6)""Dnadir(7)""Deast(1)""Deast(2)""Deast(3)""Deast(4)""Deast(5)""Deast(6)""Deast(7)""Dsun(1)""Dsun(2)""Dsun(3)""Dsun(4)""Dsun(5)""Dsun(6)""Dsun(7)""Dwest(1)""Dwest(2)""Dwest(3)""Dwest(4)""Dwest(5)""Dwest(6)""Dwest(7)""kount""khome"
"TS","RN","sec""deg""deg""deg""--""--""--""Volt""degC""degC""degC""mV""mV""mV""mV""mV""mV""mV""mV""mV""mV""mV""mV""mV""mV""mV""mV""mV""mV""mV""mV""mV""mV""mV""mV""mV""mV""mV""mV""--""--"
"","","Smp""Smp""Smp""Smp""Smp""Smp""Smp""Smp""Smp""Smp""Smp""Smp""Smp""Smp""Smp""Smp""Smp""Smp""Smp""Smp""Smp""Smp""Smp""Smp""Smp""Smp""Smp""Smp""Smp""Smp""Smp""Smp""Smp""Smp""Smp""Smp""Smp""Smp""Smp""Smp""Smp"
"2019-04-16 03:00:00.0",786795,-9999,-44.91,-61.18,-61.18,-0.876,-9999,-9999,12.0402,39.89,39.87,14.59,-0.949,-1.002,-1.058,-0.971,-0.989,-0.999,-0.888,-0.935,-0.995,-1.042,-0.977,-0.993,-0.977,-0.87,-0.931,-0.981,-1.042,-0.973,-0.989,-0.977,-0.89,-0.933,-1.026,-1.044,-0.975,-0.993,-0.979,-0.868,0,0
"2019-04-16 03:00:20.0",786796,-9999,-44.77,-61.23,-61.23,-0.877,-9999,-9999,12.0402,39.89,39.87,14.59,-0.949,-0.997,-1.036,-0.975,-0.981,-0.977,-0.862,-0.937,-0.985,-1.034,-0.969,-0.983,-0.971,-0.898,-0.941,-1.006,-1.052,-0.963,-0.983,-0.967,-0.85,-0.935,-1.024,-1.024,-0.967,-0.963,-0.965,-0.848,0,700
"2019-04-16 03:00:40.0",786797,-9999,-44.64,-61.28,-61.28,-0.877,-9999,-9999,12.0402,39.89,39.91,14.59,-0.953,-1.042,-1.056,-0.987,-1.028,-0.977,-0.908,-0.935,-1.012,-1.042,-0.969,-0.969,-0.979,-0.874,-0.937,-1.028,-1.036,-0.971,-0.989,-0.965,-0.902,-0.935,-0.989,-1.032,-0.971,-0.989,-0.989,-0.892,0,0
"2019-04-16 03:01:00.0",786798,-9999,-44.5,-61.33,-61.33,-0.877,-9999,-9999,12.0402,39.89,39.87,14.56,-0.945,-1.038,-1.036,-0.973,-0.975,-0.963,-0.896,-0.937,-1.028,-1.058,-0.971,-0.983,-0.979,-0.86,-0.933,-1.032,-1.016,-0.973,-0.987,-0.973,-0.896,-0.933,-1.002,-1.058,-0.971,-0.987,-0.975,-0.856,0,0
"2019-04-16 03:01:20.0",786799,-9999,-44.36,-61.38,-61.38,-0.878,-9999,-9999,12.0457,39.89,39.89,14.56,-0.949,-1.008,-1.052,-0.989,-1.008,-0.977,-0.906,-0.935,-1.03,-1.018,-0.971,-0.993,-0.979,-0.866,-0.937,-0.987,-1.032,-0.973,-0.969,-0.973,-0.9,-0.937,-1.006,-1.036,-0.967,-1.01,-0.971,-0.886,0,0
"2019-04-16 03:01:40.0",786800,-9999,-44.23,-61.43,-61.43,-0.878,-9999,-9999,12.0402,39.89,39.87,14.56,-0.941,-1.002,-1.044,-0.977,-1.022,-0.979,-0.894,-0.931,-0.991,-1.036,-0.967,-0.985,-0.977,-0.874,-0.931,-0.993,-1.052,-0.977,-0.969,-0.977,-0.864,-0.933,-1.026,-1.04,-0.977,-1.004,-0.981,-0.85,0,0
"2019-04-16 03:02:00.0",786801,-9999,-44.09,-61.48,-61.48,-0.879,-9999,-9999,12.0402,39.89,39.91,14.56,-0.945,-1.034,-1.068,-0.995,-1.008,-1.006,-0.864,-0.84,-0.937,-0.951,-0.884,-0.9,-0.896,-0.819,-0.848,-0.953,-0.973,-0.888,-0.904,-0.886,-0.775,-0.852,-0.91,-0.953,-0.896,-0.908,-0.886,-0.775,0,700
"2019-04-16 03:02:20.0",786802,-9999,-43.95,-61.53,-61.53,-0.879,-9999,-9999,12.0402,39.89,39.91,14.56,-0.856,-0.943,-0.945,-0.886,-0.908,-0.908,-0.771,-0.842,-0.9,-0.949,-0.884,-0.892,-0.9,-0.793,-0.848,-0.919,-0.953,-0.886,-0.9,-0.894,-0.783,-0.842,-0.894,-0.933,-0.872,-0.894,-0.864,-0.777,0,0
"2019-04-16 03:02:40.0",786803,-9999,-43.81,-61.57,-61.57,-0.879,-9999,-9999,12.0402,39.89,39.91,14.54,-0.856,-0.949,-0.965,-0.88,-0.902,-0.884,-0.787,-0.86,-0.919,-0.947,-0.888,-0.904,-0.886,-0.797,-0.842,-0.91,-0.973,-0.888,-0.902,-0.894,-0.785,-0.842,-0.945,-0.953,-0.884,-0.894,-0.87,-0.805,0,0
"2019-04-16 03:03:00.0",786804,-9999,-43.67,-61.62,-61.62,-0.88,-9999,-9999,12.0402,39.89,39.91,14.54,-0.854,-0.912,-0.945,-0.898,-0.908,-0.89,-0.777,-0.848,-0.91,-0.935,-0.884,-0.908,-0.878,-0.817,-0.84,-0.925,-0.955,-0.89,-0.902,-0.876,-0.773,-0.846,-0.904,-0.929,-0.88,-0.921,-0.884,-0.771,0,0
"2019-04-16 03:03:20.0",786805,-9999,-43.54,-61.67,-61.67,-0.88,-9999,-9999,12.0402,39.89,39.89,14.54,-0.852,-0.945,-0.949,-0.886,-0.906,-0.868,-0.785,-0.842,-0.939,-0.925,-0.882,-0.902,-0.902,-0.787,-0.846,-0.917,-0.955,-0.888,-0.904,-0.888,-0.819,-0.848,-0.949,-0.955,-0.884,-0.894,-0.884,-0.783,0,0
"2019-04-16 03:03:40.0",786806,-9999,-43.4,-61.72,-61.72,-0.881,-9999,-9999,12.0402,39.89,39.89,14.54,-0.852,-0.896,-0.951,-0.89,-0.886,-0.902,-0.761,-0.852,-0.931,-0.953,-0.888,-0.908,-0.9,-0.819,-0.856,-0.953,-0.981,-0.89,-0.915,-0.88,-0.773,-0.858,-0.915,-0.955,-0.888,-0.933,-0.898,-0.777,0,700
"2019-04-16 03:04:00.0",786807,-9999,-43.26,-61.77,-61.77,-0.881,-9999,-9999,12.0402,39.89,39.91,14.54,-0.864,-0.935,-0.989,-0.915,-0.908,-0.915,-0.817,-0.858,-0.925,-0.993,-0.898,-0.919,-0.91,-0.832,-0.858,-0.939,-0.947,-0.906,-0.915,-0.908,-0.807,-0.858,-0.921,-0.985,-0.902,-0.917,-0.904,-0.799,0,0
"2019-04-16 03:04:20.0",786808,-9999,-43.12,-61.82,-61.82,-0.881,-9999,-9999,12.0402,39.89,39.89,14.52,-0.941,-1.008,-1.032,-0.989,-1.002,-0.975,-0.884,-0.937,-1.018,-1.042,-0.965,-0.997,-0.965,-0.908,-0.937,-1.034,-1.038,-0.969,-1.018,-0.963,-0.878,-0.943,-0.997,-1.042,-0.971,-0.985,-0.963,-0.86,0,0
"2019-04-16 03:04:40.0",786809,-9999,-42.98,-61.87,-61.87,-0.882,-9999,-9999,12.0402,39.89,39.87,14.52,-0.951,-1.004,-1.04,-0.981,-0.995,-0.991,-0.89,-0.941,-0.997,-1.004,-0.967,-0.987,-0.971,-0.904,-0.935,-1.032,-1.032,-0.961,-0.987,-0.953,-0.86,-0.935,-0.985,-1.012,-0.963,-0.977,-0.963,-0.846,0,0
"2019-04-16 03:05:00.0",786810,-9999,-42.83,-61.91,-61.91,-0.882,-9999,-9999,12.0402,39.89,39.87,14.52,-0.947,-1.016,-1.044,-0.973,-0.993,-0.973,-0.862,-0.933,-1.016,-1.008,-0.963,-0.985,-0.955,-0.874,-0.937,-1.022,-1.036,-0.959,-0.987,-0.967,-0.85,-0.929,-0.997,-1.008,-0.963,-0.983,-0.945,-0.888,0,0
"2019-04-16 03:05:20.0",786811,-9999,-42.69,-61.96,-61.96,-0.883,-9999,-9999,12.0402,39.89,39.89,14.52,-0.949,-1.038,-1.038,-0.973,-0.993,-0.979,-0.858,-0.937,-1.026,-1.034,-0.965,-1.004,-0.965,-0.894,-0.935,-0.981,-1.028,-0.967,-0.985,-0.955,-0.894,-0.933,-1.004,-1.006,-0.963,-0.979,-0.969,-0.874,0,700
"2019-04-16 03:05:40.0",786812,-9999,-42.55,-62.01,-62.01,-0.883,-9999,-9999,12.0457,39.89,39.87,14.52,-0.945,-1.038,-1.042,-0.977,-0.995,-1.004,-0.866,-0.937,-1.03,-1.03,-0.963,-0.987,-0.973,-0.866,-0.935,-1.03,-1.038,-0.969,-0.987,-0.957,-0.896,-0.935,-1.01,-1.016,-0.965,-0.989,-0.971,-0.894,0,0
"2019-04-16 03:06:00.0",786813,-9999,-42.41,-62.06,-62.06,-0.883,-9999,-9999,12.0402,39.89,39.89,14.52,-0.947,-1.026,-1.046,-0.979,-0.999,-1.004,-0.91,-0.935,-1.008,-1.036,-0.971,-0.987,-0.977,-0.9,-0.935,-1.028,-1.056,-0.969,-0.987,-0.995,-0.86,-0.931,-0.991,-1.03,-0.967,-0.987,-0.971,-0.864,0,0
"2019-04-16 03:06:20.0",786814,-9999,-42.27,-62.11,-62.11,-0.884,-9999,-9999,12.0346,39.89,39.91,14.52,-0.87,-0.915,-0.967,-0.898,-0.923,-0.9,-0.821,-0.856,-0.935,-0.949,-0.886,-0.906,-0.917,-0.789,-0.86,-0.949,-0.977,-0.886,-0.904,-0.892,-0.819,-0.86,-0.902,-0.955,-0.882,-0.906,-0.908,-0.811,0,0
"2019-04-16 03:06:40.0",786815,-9999,-42.12,-62.15,-62.15,-0.884,-9999,-9999,12.0402,39.89,39.89,14.49,-0.87,-0.947,-0.947,-0.9,-0.923,-0.89,-0.83,-0.856,-0.931,-0.961,-0.896,-0.941,-0.906,-0.801,-0.858,-0.957,-0.985,-0.896,-0.912,-0.904,-0.828,-0.858,-0.929,-0.967,-0.892,-0.923,-0.902,-0.817,0,0
"2019-04-16 03:07:00.0",786816,-9999,-41.98,-62.2,-62.2,-0.885,-9999,-9999,12.0513,39.89,39.91,14.49,-0.868,-0.959,-0.981,-0.91,-0.931,-0.896,-0.828,-0.933,-1.016,-1.042,-0.977,-0.987,-0.969,-0.886,-0.933,-1.034,-1.034,-0.979,-0.999,-0.973,-0.862,-0.935,-0.997,-1.062,-0.979,-0.993,-0.971,-0.896,0,700
"2019-04-16 03:07:20.0",786817,-9999,-41.83,-62.25,-62.25,-0.885,-9999,-9999,12.0513,39.89,39.88,14.49,-0.945,-0.999,-1.058,-0.983,-0.999,-0.971,-0.882,-0.935,-0.995,-1.036,-0.973,-0.985,-0.997,-0.896,-0.933,-1.006,-1.032,-0.967,-0.987,-0.971,-0.876,-0.933,-1.02,-1.026,-0.967,-0.987,-0.969,-0.846,0,0
"2019-04-16 03:07:40.0",786818,-9999,-41.69,-62.29,-62.29,-0.885,-9999,-9999,12.0402,39.89,39.88,14.49,-0.941,-0.995,-1.038,-0.975,-1.006,-0.975,-0.87,-0.937,-1.008,-1.008,-0.963,-0.981,-0.955,-0.892,-0.935,-1.026,-1.026,-0.959,-0.977,-0.949,-0.886,-0.933,-0.983,-1.008,-0.965,-0.983,-0.955,-0.852,0,0
"2019-04-16 03:08:00.0",786819,-9999,-41.55,-62.34,-62.34,-0.886,-9999,-9999,12.0402,39.89,39.88,14.49,-0.949,-1.01,-1.064,-0.987,-0.999,-0.997,-0.89,-0.931,-1.024,-1.028,-0.963,-0.983,-0.969,-0.892,-0.947,-1.022,-1.008,-0.961,-1.01,-0.965,-0.86,-0.939,-1.014,-1.022,-0.963,-0.985,-0.969,-0.856,0,0
"2019-04-16 03:08:20.0",786820,-9999,-41.4,-62.39,-62.39,-0.886,-9999,-9999,12.0402,39.89,39.88,14.49,-0.947,-1.02,-1.038,-0.975,-0.993,-0.979,-0.896,-0.935,-1.008,-1.034,-0.965,-1.004,-0.985,-0.864,-0.935,-1.01,-1.022,-0.965,-0.985,-0.969,-0.892,-0.935,-0.975,-1.028,-0.961,-0.965,-0.983,-0.87,0,0
"2019-04-16 03:08:40.0",786821,-9999,-41.26,-62.44,-62.44,-0.886,-9999,-9999,12.0402,39.89,39.9,14.47,-0.947,-0.995,-1.046,-0.973,-1.02,-0.981,-0.906,-0.935,-1.028,-1.048,-0.983,-0.997,-1.006,-0.874,-0.935,-1.048,-1.04,-0.977,-0.993,-1.004,-0.902,-0.935,-1.002,-1.046,-0.977,-1.016,-1.002,-0.902,0,700
"2019-04-16 03:09:00.0",786822,-9999,-41.11,-62.48,-62.48,-0.887,-9999,-9999,12.0402,39.89,39.87,14.47,-0.945,-1.004,-1.06,-0.977,-0.993,-0.995,-0.868,-0.937,-0.989,-1.042,-0.975,-0.993,-0.971,-0.896,-0.935,-1.02,-1.022,-0.981,-0.999,-0.983,-0.872,-0.933,-1.002,-1.06,-0.979,-0.993,-0.965,-0.856,0,0
"2019-04-16 03:09:20.0",786823,-9999,-40.96,-62.53,-62.53,-0.887,-9999,-9999,12.0402,39.89,39.89,14.47,-0.949,-0.993,-1.024,-0.973,-0.993,-0.961,-0.86,-0.939,-0.985,-1.046,-0.965,-0.987,-0.973,-0.898,-0.937,-1.01,-1.056,-0.967,-0.973,-0.975,-0.854,-0.935,-0.993,-1.04,-0.969,-1.012,-0.957,-0.858,0,0
"2019-04-16 03:09:40.0",786824,-9999,-40.82,-62.57,-62.57,-0.888,-9999,-9999,12.0402,39.89,39.87,14.47,-0.943,-1.02,-1.054,-0.993,-1.004,-0.993,-0.872,-0.935,-1.004,-1.018,-0.973,-0.993,-0.995,-0.9,-0.935,-1.026,-1.036,-0.973,-0.991,-0.999,-0.85,-0.935,-0.987,-1.042,-0.967,-0.967,-0.969,-0.846,0,0
"2019-04-16 03:10:00.0",786825,-9999,-40.67,-62.62,-62.62,-0.888,-9999,-9999,12.0402,39.89,39.89,14.47,-0.949,-0.999,-1.04,-0.977,-0.995,-0.965,-0.856,-0.937,-1.022,-1.024,-0.977,-0.999,-1.012,-0.89,-0.935,-1.032,-1.048,-0.979,-0.993,-0.985,-0.866,-0.935,-0.999,-1.012,-0.969,-0.989,-1.004,-0.894,0,0
"2019-04-16 03:10:20.0",786826,-9999,-40.52,-62.67,-62.67,-0.888,-9999,-9999,12.0402,39.89,39.87,14.47,-0.943,-0.987,-1.04,-0.973,-1.004,-0.959,-0.888,-0.935,-0.985,-1.032,-0.967,-0.989,-0.975,-0.892,-0.939,-1.006,-1.03,-0.963,-0.987,-0.973,-0.866,-0.939,-0.993,-1.05,-0.965,-0.989,-0.997,-0.858,0,700
"2019-04-16 03:10:40.0",786827,-9999,-40.37,-62.71,-62.71,-0.889,-9999,-9999,12.0402,39.89,39.87,14.47,-0.949,-1.002,-1.036,-0.985,-0.983,-0.993,-0.89,-0.933,-0.999,-1.018,-0.967,-0.985,-0.971,-0.894,-0.939,-1.024,-1.032,-0.959,-0.985,-0.967,-0.868,-0.935,-0.981,-1.03,-0.967,-0.983,-0.947,-0.848,0,0
"2019-04-16 03:11:00.0",786828,-9999,-40.23,-62.76,-62.76,-0.889,-9999,-9999,12.0402,39.89,39.87,14.47,-0.947,-1.036,-1.03,-0.989,-1.01,-0.989,-0.904,-0.941,-0.975,-1.026,-0.961,-0.981,-0.989,-0.842,-0.937,-0.981,-1.032,-0.965,-0.981,-0.985,-0.89,-0.933,-1.018,-1.004,-0.965,-0.993,-0.965,-0.868,0,0
"2019-04-16 03:11:20.0",786829,-9999,-40.08,-62.8,-62.8,-0.889,-9999,-9999,12.0402,39.89,39.89,14.44,-0.945,-1.034,-1.058,-0.991,-1.018,-0.977,-0.908,-0.939,-1.002,-1.046,-0.989,-0.993,-0.973,-0.868,-0.937,-0.997,-1.05,-0.983,-0.991,-0.969,-0.904,-0.933,-1.034,-1.044,-0.979,-0.997,-0.979,-0.898,0,0
"2019-04-16 03:11:40.0",786830,-9999,-39.93,-62.85,-62.85,-0.89,-9999,-9999,12.0402,39.89,39.89,14.44,-0.951,-1.006,-1.03,-0.989,-1.002,-1.008,-0.87,-0.935,-0.997,-1.018,-0.969,-0.989,-0.977,-0.902,-0.937,-1.03,-1.038,-0.969,-0.989,-0.971,-0.848,-0.933,-0.987,-1.038,-0.971,-0.985,-0.989,-0.848,0,0
"2019-04-16 03:12:00.0",786831,-9999,-39.78,-62.89,-62.89,-0.89,-9999,-9999,12.0402,39.89,39.87,14.44,-0.945,-1.022,-1.042,-0.979,-1.006,-0.983,-0.886,-0.931,-1.018,-1.042,-0.979,-0.993,-0.973,-0.866,-0.939,-1.034,-1.046,-0.977,-0.981,-0.981,-0.862,-0.937,-1.022,-1.056,-0.977,-0.997,-1.004,-0.9,0,700
"2019-04-16 03:12:20.0",786832,-9999,-39.63,-62.94,-62.94,-0.891,-9999,-9999,12.0402,39.89,39.91,14.44,-0.947,-1.014,-1.062,-0.979,-0.995,-0.997,-0.88,-0.937,-1.04,-1.046,-0.979,-0.997,-0.991,-0.868,-0.937,-1.044,-1.046,-0.985,-0.997,-0.985,-0.906,-0.937,-1.018,-1.026,-0.979,-0.991,-0.965,-0.87,0,0
"2019-04-16 03:12:40.0",786833,-9999,-39.47,-62.98,-62.98,-0.891,-9999,-9999,12.0402,39.89,39.87,14.42,-0.949,-1.022,-1.056,-0.975,-0.995,-1.002,-0.864,-0.937,-1.014,-1.038,-0.987,-0.989,-0.981,-0.912,-0.937,-1.034,-1.044,-0.975,-0.995,-0.977,-0.896,-0.939,-1.002,-1.038,-0.975,-0.979,-0.981,-0.864,0,0
"2019-04-16 03:13:00.0",786834,-9999,-39.32,-63.03,-63.03,-0.891,-9999,-9999,12.0402,39.89,39.87,14.42,-0.947,-1.01,-1.032,-0.979,-0.983,-0.983,-0.904,-0.935,-1.018,-1.034,-0.965,-0.987,-0.971,-0.878,-0.943,-0.983,-1.046,-0.967,-1.008,-0.971,-0.86,-0.937,-1.002,-1.038,-0.965,-0.985,-0.967,-0.846,0,0
"2019-04-16 03:13:20.0",786835,-9999,-39.17,-63.07,-63.07,-0.892,-9999,-9999,12.0402,39.89,39.89,14.42,-0.949,-0.997,-1.05,-0.981,-1.002,-0.977,-0.892,-0.937,-1.006,-1.06,-0.973,-0.989,-0.983,-0.898,-0.939,-1.02,-1.024,-0.973,-0.985,-0.975,-0.872,-0.935,-0.985,-1.056,-0.967,-0.987,-0.955,-0.858,0,0
"2019-04-16 03:13:40.0",786836,-9999,-39.02,-63.12,-63.12,-0.892,-9999,-9999,12.0402,39.89,39.87,14.42,-0.955,-1.028,-1.062,-0.979,-0.999,-0.997,-0.862,-0.933,-0.995,-1.042,-0.973,-0.993,-0.983,-0.902,-0.933,-1.012,-1.046,-0.977,-0.993,-0.977,-0.872,-0.935,-1.03,-1.048,-0.975,-0.993,-0.963,-0.88,0,700
"2019-04-16 03:14:00.0",786837,-9999,-38.87,-63.16,-63.16,-0.892,-9999,-9999,12.0402,39.89,39.87,14.42,-0.943,-1.026,-1.064,-0.979,-0.997,-1.008,-0.896,-0.937,-0.981,-1.012,-0.965,-0.967,-0.953,-0.898,-0.943,-1.002,-1.032,-0.971,-0.983,-0.949,-0.858,-0.935,-0.979,-1.036,-0.965,-0.983,-0.965,-0.846,0,0
"2019-04-16 03:14:20.0",786838,-9999,-38.71,-63.21,-63.21,-0.893,-9999,-9999,12.0402,39.89,39.87,14.42,-0.957,-1.05,-1.03,-0.983,-0.995,-0.987,-0.874,-0.939,-1.02,-1.046,-0.987,-0.991,-0.981,-0.888,-0.939,-1.042,-1.05,-0.979,-0.977,-0.985,-0.87,-0.939,-1.002,-1.044,-0.981,-1.01,-1.004,-0.866,0,0
"2019-04-16 03:14:40.0",786839,-9999,-38.56,-63.25,-63.25,-0.893,-9999,-9999,12.0402,39.89,39.87,14.42,-0.947,-1.002,-1.04,-0.979,-1.018,-0.981,-0.862,-0.931,-1.022,-1.03,-0.963,-0.969,-0.977,-0.896,-0.935,-0.989,-1.034,-0.965,-0.981,-0.987,-0.868,-0.945,-1.028,-1.032,-0.965,-0.989,-0.983,-0.88,0,0
"2019-04-16 03:15:00.0",786840,-9999,-38.41,-63.3,-63.3,-0.893,-9999,-9999,12.0513,39.89,39.87,14.42,-0.945,-1.012,-1.046,-0.981,-0.999,-0.971,-0.858,-0.935,-1.002,-1.032,-0.983,-0.985,-0.979,-0.908,-0.941,-1.01,-1.04,-0.975,-0.995,-0.981,-0.87,-0.941,-0.999,-1.04,-0.975,-0.991,-0.979,-0.868,0,0
"2019-04-16 03:15:20.0",786841,-9999,-38.25,-63.34,-63.34,-0.894,-9999,-9999,12.0402,39.89,39.87,14.42,-0.949,-1.05,-1.058,-0.989,-1.022,-0.987,-0.904,-0.935,-1.008,-1.01,-0.963,-0.981,-0.953,-0.896,-0.939,-1.034,-1.032,-0.969,-0.981,-0.953,-0.88,-0.935,-0.991,-1.036,-0.971,-0.985,-0.953,-0.858,0,700
"2019-04-16 03:15:40.0",786842,-9999,-38.1,-63.38,-63.38,-0.894,-9999,-9999,12.0402,39.89,39.87,14.4,-0.949,-1.008,-1.058,-0.987,-1.004,-0.985,-0.894,-0.937,-1.024,-1.038,-0.973,-0.987,-0.997,-0.856,-0.935,-0.979,-1.038,-0.971,-1.006,-0.987,-0.894,-0.933,-0.999,-1.032,-0.969,-0.985,-0.987,-0.858,0,0
"2019-04-16 03:16:00.0",786843,-9999,-37.94,-63.43,-63.43,-0.894,-9999,-9999,12.0402,39.89,39.87,14.4,-0.947,-1.018,-1.05,-0.987,-0.999,-0.983,-0.87,-0.939,-1.006,-1.048,-0.973,-0.995,-0.971,-0.908,-0.935,-1.028,-1.03,-0.981,-0.999,-0.969,-0.88,-0.931,-1.04,-1.062,-0.985,-0.989,-0.965,-0.854,0,0
"2019-04-16 03:16:20.0",786844,-9999,-37.79,-63.47,-63.47,-0.895,-9999,-9999,12.0402,39.89,39.89,14.4,-0.949,-1.032,-1.062,-0.977,-0.995,-0.999,-0.86,-0.935,-0.987,-1.04,-0.965,-0.991,-0.999,-0.876,-0.937,-0.991,-1.034,-0.963,-0.993,-0.975,-0.898,-0.937,-1.03,-1.012,-0.965,-0.991,-0.971,-0.87,0,0
"2019-04-16 03:16:40.0",786845,-9999,-37.63,-63.51,-63.51,-0.895,-9999,-9999,12.0402,39.89,39.89,14.4,-0.947,-1.038,-1.058,-0.987,-1.008,-1.02,-0.89,-0.935,-1.042,-1.046,-0.981,-0.995,-0.983,-0.908,-0.937,-1.008,-1.024,-0.981,-0.973,-0.985,-0.882,-0.931,-1.042,-1.064,-0.979,-1.008,-0.983,-0.856,0,0
"2019-04-16 03:17:00.0",786846,-9999,-37.47,-63.56,-63.56,-0.895,-9999,-9999,12.0402,39.89,39.87,14.4,-0.945,-0.999,-1.05,-0.985,-1.018,-1.008,-0.898,-0.935,-1.018,-1.028,-0.965,-0.987,-0.969,-0.88,-0.935,-1.022,-1.052,-0.969,-0.985,-0.969,-0.86,-0.931,-1.004,-1.034,-0.967,-0.985,-0.971,-0.878,0,700
"2019-04-16 03:17:20.0",786847,-9999,-37.32,-63.6,-63.6,-0.896,-9999,-9999,12.0402,39.89,39.9,14.4,-0.945,-0.995,-1.036,-0.977,-0.999,-0.997,-0.874,-0.937,-1.024,-1.03,-0.967,-0.989,-0.997,-0.874,-0.937,-0.997,-1.024,-0.969,-0.969,-0.993,-0.902,-0.935,-1.012,-1.06,-0.969,-0.987,-0.975,-0.874,0,0
"2019-04-16 03:17:40.0",786848,-9999,-37.16,-63.64,-63.64,-0.896,-9999,-9999,12.0402,39.89,39.9,14.37,-0.947,-1.016,-1.06,-0.989,-1.006,-0.989,-0.908,-0.941,-1.014,-1.048,-0.981,-0.995,-0.983,-0.878,-0.931,-1.038,-1.07,-0.977,-0.991,-0.979,-0.862,-0.935,-1.024,-1.042,-0.977,-0.993,-0.977,-0.854,0,0
"2019-04-16 03:18:00.0",786849,-9999,-37,-63.68,-63.68,-0.896,-9999,-9999,12.0402,39.89,39.91,14.37,-0.943,-1.032,-1.032,-0.981,-0.997,-0.999,-0.88,-0.935,-0.983,-1.032,-0.965,-0.965,-0.991,-0.878,-0.947,-1.006,-1.032,-0.967,-0.985,-0.985,-0.856,-0.935,-1.018,-1.026,-0.959,-0.989,-0.963,-0.888,0,0
"2019-04-16 03:18:20.0",786850,-9999,-36.84,-63.73,-63.73,-0.897,-9999,-9999,12.0402,39.89,39.9,14.37,-0.949,-1.042,-1.056,-0.985,-1.012,-1.006,-0.904,-0.937,-1.03,-1.07,-0.975,-0.999,-0.985,-0.89,-0.943,-0.997,-1.048,-0.979,-0.991,-0.975,-0.846,-0.937,-1.026,-1.036,-0.975,-0.971,-0.971,-0.862,0,0
"2019-04-16 03:18:40.0",786851,-9999,-36.68,-63.77,-63.77,-0.897,-9999,-9999,12.0402,39.89,39.88,14.37,-0.949,-1.024,-1.058,-0.991,-1.036,-0.981,-0.912,-0.933,-0.979,-1.028,-0.967,-0.981,-0.985,-0.872,-0.937,-1.028,-1.03,-0.971,-0.983,-0.969,-0.856,-0.931,-0.981,-1.028,-0.963,-0.979,-0.985,-0.852,0,700
"2019-04-16 03:19:00.0",786852,-9999,-36.52,-63.81,-63.81,-0.897,-9999,-9999,12.0402,39.89,39.91,14.37,-0.947,-1.02,-1.066,-0.979,-1.002,-0.987,-0.915,-0.931,-1.02,-1.008,-0.965,-0.987,-0.957,-0.89,-0.935,-0.977,-1.026,-0.969,-0.983,-0.949,-0.872,-0.933,-1.02,-1.024,-0.967,-0.985,-0.969,-0.874,0,0
"2019-04-16 03:19:20.0",786853,-9999,-36.36,-63.85,-63.85,-0.898,-9999,-9999,12.0402,39.89,39.89,14.37,-0.947,-1.02,-1.038,-0.981,-0.997,-0.979,-0.886,-0.935,-1.024,-1.034,-0.975,-0.995,-0.979,-0.862,-0.937,-1.022,-1.03,-0.971,-0.993,-0.967,-0.886,-0.935,-1.002,-1.028,-0.967,-1.008,-0.965,-0.866,0,0
"2019-04-16 03:19:40.0",786854,-9999,-36.2,-63.89,-63.89,-0.898,-9999,-9999,12.0402,39.89,39.87,14.37,-0.945,-1.032,-1.056,-0.975,-1.004,-0.995,-0.886,-0.937,-1.038,-1.046,-0.977,-1,-0.987,-0.923,-0.941,-1.012,-1.04,-0.981,-1,-0.985,-0.882,-0.933,-1.04,-1.05,-0.979,-0.989,-0.983,-0.89,0,0
"2019-04-16 03:20:00.0",786855,-9999,-36.04,-63.94,-63.94,-0.898,-9999,-9999,12.0402,39.89,39.89,14.35,-0.949,-1.056,-1.076,-0.991,-1.01,-1.014,-0.906,-0.935,-0.979,-1.012,-0.969,-0.991,-0.961,-0.864,-0.933,-1.002,-1.032,-0.965,-1.002,-0.955,-0.872,-0.935,-1.018,-1.014,-0.961,-0.985,-0.985,-0.876,0,0
"2019-04-16 03:20:20.0",786856,-9999,-35.88,-63.98,-63.98,-0.899,-9999,-9999,12.0402,39.89,39.89,14.35,-0.949,-1.008,-1.034,-0.987,-1.004,-0.985,-0.868,-0.939,-0.985,-1.038,-0.967,-0.983,-0.975,-0.89,-0.935,-1.012,-1.064,-0.975,-0.993,-0.963,-0.864,-0.935,-0.995,-1.036,-0.975,-1,-0.979,-0.904,0,700
"2019-04-16 03:20:40.0",786857,-9999,-35.72,-64.02,-64.02,-0.899,-9999,-9999,12.0402,39.89,39.89,14.35,-0.945,-1.014,-1.06,-0.975,-0.995,-0.965,-0.868,-0.935,-1.036,-1.022,-0.973,-0.991,-0.983,-0.9,-0.939,-0.997,-1.05,-0.981,-0.983,-0.981,-0.866,-0.935,-1.016,-1.026,-0.979,-0.995,-0.967,-0.898,0,0
"2019-04-16 03:21:00.0",786858,-9999,-35.56,-64.06,-64.06,-0.899,-9999,-9999,12.0402,39.89,39.89,14.35,-0.949,-1.038,-1.044,-0.975,-0.991,-0.981,-0.878,-0.937,-0.993,-1.034,-0.961,-0.969,-0.977,-0.862,-0.939,-0.997,-1.05,-0.971,-1.018,-0.975,-0.904,-0.939,-0.991,-1.034,-0.967,-0.987,-0.967,-0.878,0,0
"2019-04-16 03:21:20.0",786859,-9999,-35.4,-64.1,-64.1,-0.9,-9999,-9999,12.0402,39.89,39.89,14.35,-0.951,-1.028,-1.064,-0.993,-0.993,-1.016,-0.913,-0.937,-1.038,-1.05,-0.975,-0.997,-0.989,-0.876,-0.937,-1.002,-1.05,-0.979,-1,-0.977,-0.898,-0.935,-1.034,-1.064,-0.979,-0.995,-0.985,-0.898,0,0
"2019-04-16 03:21:40.0",786860,-9999,-35.23,-64.14,-64.14,-0.9,-9999,-9999,12.0457,39.89,39.87,14.35,-0.945,-0.997,-1.078,-0.993,-1.008,-0.979,-0.906,-0.937,-1.01,-1.054,-0.977,-0.993,-0.971,-0.898,-0.937,-1.044,-1.048,-0.987,-0.997,-0.963,-0.882,-0.937,-1.026,-1.026,-0.987,-0.995,-0.965,-0.878,0,0
"2019-04-16 03:22:00.0",786861,-9999,-35.07,-64.18,-64.18,-0.9,-9999,-9999,12.0457,39.89,39.87,14.32,-0.947,-1.04,-1.058,-0.991,-1.01,-1.014,-0.9,-0.935,-1,-1.036,-0.977,-0.995,-0.967,-0.862,-0.939,-1.034,-1.028,-0.971,-0.991,-0.963,-0.898,-0.933,-1.01,-1.032,-0.969,-0.989,-0.975,-0.874,0,700
"2019-04-16 03:22:20.0",786862,-9999,-34.91,-64.22,-64.22,-0.901,-9999,-9999,12.0402,39.89,39.87,14.32,-0.943,-1.03,-1.036,-0.977,-0.995,-0.995,-0.87,-0.935,-1,-1.03,-0.967,-0.981,-0.969,-0.888,-0.937,-1.014,-1.03,-0.965,-0.971,-0.965,-0.878,-0.929,-0.985,-1.022,-0.969,-0.973,-0.963,-0.882,0,0
"2019-04-16 03:22:40.0",786863,-9999,-34.74,-64.26,-64.26,-0.901,-9999,-9999,12.0402,39.89,39.87,14.32,-0.947,-1.01,-1.058,-0.977,-0.997,-0.995,-0.864,-0.939,-0.987,-1.01,-0.967,-0.981,-0.955,-0.898,-0.937,-1,-1.032,-0.967,-0.985,-0.951,-0.88,-0.937,-0.977,-1.034,-0.967,-0.983,-0.965,-0.854,0,0
"2019-04-16 03:23:00.0",786864,-9999,-34.58,-64.3,-64.3,-0.901,-9999,-9999,12.0402,39.89,39.89,14.32,-0.947,-1.004,-1.038,-0.979,-0.995,-0.981,-0.882,-0.937,-1.034,-1.03,-0.965,-0.987,-0.965,-0.904,-0.935,-0.987,-1.014,-0.973,-0.993,-0.959,-0.882,-0.939,-1.03,-1.054,-0.977,-1.008,-0.977,-0.854,0,0
"2019-04-16 03:23:20.0",786865,-9999,-34.41,-64.34,-64.34,-0.901,-9999,-9999,12.0402,39.89,39.89,14.32,-0.949,-1.014,-1.038,-1.002,-1.01,-0.995,-0.923,-0.937,-1.044,-1.05,-0.977,-1.012,-1.006,-0.896,-0.939,-1.002,-1.052,-0.981,-1,-1.004,-0.864,-0.939,-1.04,-1.044,-0.983,-0.985,-1.006,-0.866,0,0
"2019-04-16 03:23:40.0",786866,-9999,-34.25,-64.38,-64.38,-0.902,-9999,-9999,12.0402,39.89,39.89,14.32,-0.957,-1.016,-1.062,-0.989,-1.008,-1.016,-0.91,-0.939,-1.042,-1.05,-0.981,-1,-0.975,-0.884,-0.941,-1.008,-1.05,-0.983,-0.997,-0.975,-0.9,-0.941,-1.036,-1.042,-0.983,-0.995,-0.983,-0.88,0,700
"2019-04-16 03:24:00.0",786867,-9999,-34.08,-64.42,-64.42,-0.902,-9999,-9999,12.0402,39.89,39.89,14.32,-0.951,-1.004,-1.087,-0.989,-1.002,-0.995,-0.904,-0.935,-1.028,-1.038,-0.975,-0.989,-0.967,-0.864,-0.941,-0.993,-1.056,-0.977,-0.995,-0.953,-0.896,-0.935,-1.022,-1.034,-0.965,-0.985,-0.967,-0.878,0,0
"2019-04-16 03:24:20.0",786868,-9999,-33.91,-64.46,-64.46,-0.902,-9999,-9999,12.0402,39.89,39.87,14.3,-0.957,-1,-1.048,-0.973,-0.995,-0.977,-0.898,-0.935,-1.018,-1.038,-0.967,-0.981,-0.971,-0.876,-0.939,-0.985,-1.038,-0.959,-0.987,-0.965,-0.856,-0.937,-1.02,-1.03,-0.969,-0.985,-0.973,-0.85,0,0
"2019-04-16 03:24:40.0",786869,-9999,-33.75,-64.5,-64.5,-0.903,-9999,-9999,12.0402,39.89,39.91,14.32,-0.949,-1.048,-1.056,-0.997,-1.014,-0.981,-0.872,-0.939,-1.048,-1.044,-0.977,-1,-0.989,-0.888,-0.939,-1.004,-1.05,-0.979,-1.02,-0.989,-0.866,-0.941,-1.038,-1.026,-0.979,-0.995,-0.967,-0.894,0,0
"2019-04-16 03:25:00.0",786870,-9999,-33.58,-64.54,-64.54,-0.903,-9999,-9999,12.0402,39.89,39.89,14.3,-0.951,-1.034,-1.068,-0.977,-0.997,-0.979,-0.88,-0.937,-1.036,-1.02,-0.975,-1.01,-0.981,-0.874,-0.943,-0.989,-1.038,-0.977,-1.002,-0.965,-0.896,-0.933,-1.012,-1.042,-0.975,-0.995,-0.985,-0.896,0,0
"2019-04-16 03:25:20.0",786871,-9999,-33.41,-64.58,-64.58,-0.903,-9999,-9999,12.0402,39.89,39.91,14.3,-0.957,-1.038,-1.052,-0.985,-1.002,-0.987,-0.908,-0.939,-1.002,-1.034,-0.963,-0.981,-0.989,-0.868,-0.945,-1.03,-1.036,-0.971,-0.981,-0.985,-0.892,-0.935,-0.995,-1.014,-0.965,-0.985,-0.965,-0.866,0,700
"2019-04-16 03:25:40.0",786872,-9999,-33.24,-64.62,-64.62,-0.903,-9999,-9999,12.0402,39.89,39.87,14.3,-0.951,-1.038,-1.062,-0.977,-0.995,-0.967,-0.898,-0.935,-1.026,-1.03,-0.963,-0.987,-0.973,-0.868,-0.941,-0.989,-1.052,-0.973,-0.985,-0.969,-0.9,-0.939,-1.004,-1.036,-0.967,-0.985,-0.985,-0.894,0,0
"2019-04-16 03:26:00.0",786873,-9999,-33.07,-64.66,-64.66,-0.904,-9999,-9999,12.0402,39.89,39.89,14.3,-0.949,-1.05,-1.034,-0.991,-1.006,-0.973,-0.908,-0.943,-0.993,-1.038,-0.975,-0.987,-1.002,-0.866,-0.943,-1.028,-1.05,-0.975,-0.993,-1.002,-0.913,-0.939,-1.034,-1.07,-0.973,-0.989,-0.977,-0.892,0,0
"2019-04-16 03:26:20.0",786874,-9999,-32.9,-64.7,-64.7,-0.904,-9999,-9999,12.0402,39.89,39.87,14.28,-0.949,-1.018,-1.04,-0.995,-1.006,-1.002,-0.876,-0.943,-1.03,-1.046,-0.977,-0.993,-0.971,-0.902,-0.939,-1.002,-1.052,-0.977,-1,-0.969,-0.908,-0.939,-1.02,-1.066,-0.977,-0.995,-1.01,-0.88,0,0
"2019-04-16 03:26:40.0",786875,-9999,-32.73,-64.74,-64.74,-0.904,-9999,-9999,12.0402,39.89,39.89,14.28,-0.951,-1.02,-1.054,-0.993,-1.008,-1.012,-0.9,-0.939,-1.018,-1.022,-0.981,-0.995,-0.997,-0.913,-0.939,-1.04,-1.066,-0.977,-1,-1.004,-0.89,-0.941,-0.997,-1.04,-0.975,-1,-0.981,-0.86,0,0
"2019-04-16 03:27:00.0",786876,-9999,-32.56,-64.77,-64.77,-0.905,-9999,-9999,12.0402,39.89,39.89,14.28,-0.953,-1.05,-1.062,-0.993,-1.014,-1.014,-0.913,-0.937,-1,-1.024,-0.977,-0.993,-0.983,-0.876,-0.941,-1.022,-1.046,-0.985,-0.993,-0.985,-0.908,-0.939,-1.008,-1.052,-0.975,-0.995,-0.967,-0.9,0,700
"2019-04-16 03:27:20.0",786877,-9999,-32.39,-64.81,-64.81,-0.905,-9999,-9999,12.0402,39.89,39.87,14.28,-0.947,-1.054,-1.054,-0.989,-1.01,-0.977,-0.872,-0.937,-1.012,-1.022,-0.975,-0.998,-1.008,-0.898,-0.937,-1.036,-1.054,-0.981,-0.998,-1.006,-0.874,-0.943,-0.993,-1.03,-0.979,-1,-0.985,-0.904,0,0
"2019-04-16 03:27:40.0",786878,-9999,-32.22,-64.85,-64.85,-0.905,-9999,-9999,12.0402,39.89,39.89,14.28,-0.949,-1.018,-1.08,-0.991,-1.014,-0.998,-0.872,-0.939,-1.032,-1.04,-0.989,-0.993,-0.985,-0.894,-0.941,-1,-1.048,-0.975,-0.993,-0.983,-0.854,-0.931,-1.03,-1.042,-0.971,-0.991,-0.961,-0.886,0,0
"2019-04-16 03:28:00.0",786879,-9999,-32.05,-64.89,-64.89,-0.905,-9999,-9999,12.0402,39.89,39.91,14.28,-0.951,-1.016,-1.052,-0.983,-1,-0.969,-0.86,-0.939,-1.03,-1.042,-0.967,-0.981,-0.998,-0.904,-0.937,-0.989,-1.012,-0.967,-0.987,-0.989,-0.88,-0.935,-1.024,-1.052,-0.967,-1.002,-0.965,-0.874,0,0
"2019-04-16 03:28:20.0",786880,-9999,-31.88,-64.92,-64.92,-0.906,-9999,-9999,12.0402,39.89,39.89,14.25,-0.951,-1.006,-1.042,-0.985,-1.032,-0.991,-0.868,-0.935,-1.014,-1.058,-0.979,-0.991,-0.969,-0.917,-0.941,-1.038,-1.032,-0.983,-0.983,-0.971,-0.872,-0.943,-1.004,-1.046,-0.985,-0.993,-0.983,-0.862,0,0
"2019-04-16 03:28:40.0",786881,-9999,-31.7,-64.96,-64.96,-0.906,-9999,-9999,12.0402,39.89,39.89,14.25,-0.953,-1.032,-1.04,-0.975,-0.993,-0.981,-0.862,-0.937,-1.042,-1.054,-0.983,-0.998,-0.977,-0.913,-0.941,-1.004,-1.044,-0.983,-1,-0.973,-0.874,-0.939,-1.034,-1.052,-0.985,-1.016,-0.987,-0.866,0,700
"2019-04-16 03:29:00.0",786882,-9999,-31.53,-65,-65,-0.906,-9999,-9999,12.0402,39.89,39.87,14.25,-0.945,-1.018,-1.064,-0.993,-1.008,-1,-0.913,-0.945,-1.01,-1.034,-0.969,-0.983,-0.991,-0.904,-0.937,-1.028,-1.032,-0.971,-0.985,-0.967,-0.886,-0.939,-0.989,-1.01,-0.965,-0.989,-0.971,-0.862,0,0
"2019-04-16 03:29:20.0",786883,-9999,-31.36,-65.04,-65.04,-0.907,-9999,-9999,12.0402,39.89,39.87,14.25,-0.955,-1.046,-1.074,-0.989,-1.008,-0.989,-0.88,-0.937,-1.004,-1.028,-0.971,-0.985,-0.993,-0.898,-0.941,-1.026,-1.006,-0.971,-0.991,-0.993,-0.886,-0.943,-0.995,-1.04,-0.967,-0.991,-0.973,-0.856,0,0
"2019-04-16 03:29:40.0",786884,-9999,-31.18,-65.07,-65.07,-0.907,-9999,-9999,12.0513,39.89,39.89,14.25,-0.953,-1.012,-1.06,-0.989,-1.01,-0.998,-0.868,-0.945,-0.979,-1.034,-0.967,-0.987,-0.998,-0.9,-0.937,-1.028,-1.032,-0.973,-0.983,-0.989,-0.86,-0.937,-0.991,-1.016,-0.967,-0.991,-0.979,-0.864,0,0
"2019-04-16 03:30:00.0",786885,-9999,-31.01,-65.11,-65.11,-0.907,-9999,-9999,12.0402,39.89,39.87,14.23,-0.957,-1.014,-1.064,-0.991,-1.014,-0.983,-0.921,-0.939,-0.998,-1.034,-0.965,-0.989,-0.973,-0.88,-0.933,-1.026,-1.01,-0.965,-0.987,-0.951,-0.864,-0.935,-1.016,-1.03,-0.969,-0.987,-0.979,-0.896,0,0
"2019-04-16 03:30:20.0",786886,-9999,-30.84,-65.15,-65.15,-0.907,-9999,-9999,12.0402,39.89,39.89,14.23,-0.957,-1.01,-1.056,-0.991,-1.012,-1.012,-0.908,-0.939,-1.042,-1.046,-0.985,-0.993,-1.008,-0.902,-0.945,-1.006,-1.056,-0.975,-1.016,-1.008,-0.87,-0.939,-1.036,-1.066,-0.981,-0.975,-0.975,-0.852,0,700
"2019-04-16 03:30:40.0",786887,-9999,-30.66,-65.18,-65.18,-0.908,-9999,-9999,12.0402,39.89,39.89,14.23,-0.955,-1.026,-1.052,-0.985,-1.008,-0.993,-0.906,-0.941,-1.008,-1.026,-0.977,-0.993,-0.969,-0.896,-0.943,-1.018,-1.064,-0.983,-1,-0.977,-0.882,-0.941,-1,-1.044,-0.981,-0.987,-0.989,-0.894,0,0
"2019-04-16 03:31:00.0",786888,-9999,-30.48,-65.22,-65.22,-0.908,-9999,-9999,12.0402,39.89,39.89,14.23,-0.949,-1.038,-1.026,-0.979,-0.993,-0.991,-0.902,-0.939,-1.026,-1.07,-0.981,-1,-0.993,-0.892,-0.939,-1.038,-1.052,-0.985,-1.002,-0.981,-0.858,-0.937,-1.012,-1.048,-0.979,-1,-0.963,-0.89,0,0
"2019-04-16 03:31:20.0",786889,-9999,-30.31,-65.25,-65.25,-0.908,-9999,-9999,12.0402,39.89,39.87,14.23,-0.955,-1.024,-1.082,-0.991,-1.008,-0.983,-0.894,-0.939,-1.042,-1.05,-0.981,-0.993,-0.989,-0.87,-0.941,-0.991,-1.022,-0.975,-0.993,-1,-0.896,-0.935,-1.026,-1.06,-0.973,-0.993,-0.975,-0.862,0,0
"2019-04-16 03:31:40.0",786890,-9999,-30.13,-65.29,-65.29,-0.908,-9999,-9999,12.0402,39.89,39.89,14.23,-0.951,-1.03,-1.066,-0.993,-1.012,-1.02,-0.884,-0.937,-1.022,-1.05,-0.965,-0.985,-0.977,-0.898,-0.949,-0.989,-1.032,-0.971,-0.987,-0.971,-0.88,-0.943,-1.028,-1.014,-0.967,-0.991,-0.955,-0.858,0,0
"2019-04-16 03:32:00.0",786891,-9999,-29.95,-65.33,-65.33,-0.909,-9999,-9999,12.0402,39.89,39.89,14.23,-0.949,-1,-1.032,-0.985,-1.002,-1.004,-0.856,-0.941,-1.052,-1.028,-0.991,-0.981,-0.989,-0.894,-0.935,-1.006,-1.074,-0.989,-1.02,-0.973,-0.87,-0.941,-1.042,-1.054,-0.979,-0.981,-1.004,-0.864,0,700
"2019-04-16 03:32:20.0",786892,-9999,-29.78,-65.36,-65.36,-0.909,-9999,-9999,12.0402,39.89,39.89,14.23,-0.959,-1.03,-1.06,-0.996,-1.012,-0.996,-0.906,-0.939,-0.981,-1.026,-0.965,-0.981,-0.961,-0.898,-0.943,-1.038,-1.06,-0.971,-0.983,-0.998,-0.892,-0.941,-0.998,-1.048,-0.977,-0.993,-0.985,-0.868,0,0
"2019-04-16 03:32:40.0",786893,-9999,-29.6,-65.4,-65.4,-0.909,-9999,-9999,12.0402,39.89,39.89,14.21,-0.951,-1.038,-1.08,-0.998,-1.014,-1.02,-0.892,-0.937,-1.004,-1.034,-0.971,-0.985,-0.981,-0.86,-0.939,-1.024,-1.012,-0.969,-0.985,-0.971,-0.89,-0.943,-1.004,-1.028,-0.969,-0.993,-0.967,-0.89,0,0
"2019-04-16 03:33:00.0",786894,-9999,-29.42,-65.43,-65.43,-0.909,-9999,-9999,12.0402,39.89,39.89,14.21,-0.953,-1.036,-1.04,-0.977,-1.026,-0.971,-0.906,-0.939,-1.04,-1.05,-0.981,-1.004,-0.979,-0.894,-0.939,-1.006,-1.056,-0.985,-1.006,-0.983,-0.868,-0.937,-1.03,-1.054,-0.979,-0.993,-0.981,-0.892,0,0
"2019-04-16 03:33:20.0",786895,-9999,-29.24,-65.46,-65.46,-0.91,-9999,-9999,12.0402,39.89,39.89,14.21,-0.951,-1.016,-1.087,-0.998,-1.018,-0.998,-0.88,-0.941,-0.996,-1.06,-0.975,-0.993,-0.987,-0.906,-0.945,-1.048,-1.048,-0.985,-1.002,-0.987,-0.888,-0.945,-1,-1.058,-0.991,-1,-0.975,-0.882,0,0
"2019-04-16 03:33:40.0",786896,-9999,-29.06,-65.5,-65.5,-0.91,-9999,-9999,12.0402,39.89,39.89,14.21,-0.957,-1.012,-1.03,-0.989,-1,-0.975,-0.9,-0.939,-1.012,-1.058,-0.987,-1.004,-1.014,-0.911,-0.943,-1.046,-1.05,-0.985,-1.006,-1.01,-0.89,-0.941,-1.006,-1.056,-0.985,-1.02,-0.991,-0.854,0,700
"2019-04-16 03:34:00.0",786897,-9999,-28.88,-65.53,-65.53,-0.91,-9999,-9999,12.0402,39.89,39.89,14.18,-0.955,-1.004,-1.044,-0.983,-1.004,-0.989,-0.915,-0.943,-1.034,-1.058,-0.981,-1.008,-0.979,-0.874,-0.943,-1.04,-1.058,-0.987,-0.998,-0.969,-0.909,-0.939,-1.018,-1.07,-0.983,-0.981,-1.008,-0.9,0,0
"2019-04-16 03:34:20.0",786898,-9999,-28.7,-65.57,-65.57,-0.91,-9999,-9999,12.0402,39.89,39.91,14.18,-0.951,-1.018,-1.042,-0.983,-0.998,-0.981,-0.896,-0.939,-1.018,-1.036,-0.973,-0.987,-0.963,-0.89,-0.943,-1.036,-1.04,-0.973,-0.998,-0.975,-0.87,-0.943,-1.02,-1.02,-0.971,-0.993,-0.969,-0.862,0,0
"2019-04-16 03:34:40.0",786899,-9999,-28.52,-65.6,-65.6,-0.911,-9999,-9999,12.0402,39.89,39.87,14.18,-0.957,-1.038,-1.066,-0.998,-1.018,-1.002,-0.9,-0.937,-1.046,-1.072,-0.985,-1.004,-0.991,-0.898,-0.943,-1.008,-1.044,-0.987,-0.983,-0.967,-0.87,-0.941,-1.03,-1.03,-0.981,-0.996,-1.002,-0.858,0,0
"2019-04-16 03:35:00.0",786900,-9999,-28.34,-65.63,-65.63,-0.911,-9999,-9999,12.0513,39.89,39.87,14.18,-0.951,-1.038,-1.056,-0.985,-1,-1.01,-0.864,-0.939,-0.989,-1.046,-0.977,-0.993,-0.963,-0.858,-0.939,-1.006,-1.038,-0.975,-0.991,-0.961,-0.896,-0.939,-0.998,-1.034,-0.973,-0.993,-0.996,-0.872,0,0
"2019-04-16 03:35:20.0",786901,-9999,-28.16,-65.67,-65.67,-0.911,-9999,-9999,12.0513,39.89,39.87,14.18,-0.951,-0.996,-1.042,-0.979,-1,-1,-0.911,-0.943,-1.012,-1.036,-0.975,-0.989,-0.977,-0.886,-0.943,-1.03,-1.014,-0.971,-0.998,-0.961,-0.866,-0.943,-1.016,-1.032,-0.967,-1.018,-1.002,-0.862,0,700
"2019-04-16 03:35:40.0",786902,-9999,-27.97,-65.7,-65.7,-0.911,-9999,-9999,12.0402,39.89,39.89,14.16,-0.955,-1.044,-1.06,-0.989,-1.012,-0.996,-0.876,-0.939,-1.02,-1.044,-0.981,-0.991,-0.973,-0.864,-0.941,-1.036,-1.044,-0.981,-1.002,-0.967,-0.898,-0.947,-1.004,-1.018,-0.971,-0.985,-0.996,-0.88,0,0
"2019-04-16 03:36:00.0",786903,-9999,-27.79,-65.73,-65.73,-0.912,-9999,-9999,12.0402,39.89,39.87,14.16,-0.953,-1.05,-1.062,-0.993,-1.014,-0.983,-0.904,-0.943,-1.042,-1.058,-0.985,-1.004,-1.014,-0.88,-0.951,-1.01,-1.072,-0.989,-1.002,-1.008,-0.913,-0.941,-1.042,-1.052,-0.981,-1.004,-0.975,-0.894,0,0
"2019-04-16 03:36:20.0",786904,-9999,-27.61,-65.77,-65.77,-0.912,-9999,-9999,12.0402,39.89,39.87,14.16,-0.949,-1.042,-1.024,-0.983,-1.004,-0.983,-0.88,-0.943,-1.026,-1.034,-0.965,-0.987,-0.969,-0.874,-0.941,-1.004,-1.03,-0.975,-0.987,-0.975,-0.902,-0.941,-1.028,-1.054,-0.977,-0.989,-0.957,-0.898,0,0
"2019-04-16 03:36:40.0",786905,-9999,-27.43,-65.8,-65.8,-0.912,-9999,-9999,12.0457,39.89,39.89,14.16,-0.951,-1.024,-1.081,-0.991,-1.012,-1.016,-0.919,-0.945,-1.002,-1.048,-0.981,-0.998,-0.989,-0.909,-0.943,-1.04,-1.06,-0.985,-1,-0.975,-0.88,-0.937,-1.014,-1.058,-0.983,-1.004,-1.012,-0.9,0,0
"2019-04-16 03:37:00.0",786906,-9999,-27.24,-65.83,-65.83,-0.912,-9999,-9999,12.0402,39.89,39.89,14.16,-0.953,-1.012,-1.038,-0.991,-1.014,-1.014,-0.913,-0.939,-1.008,-1.028,-0.973,-0.991,-0.981,-0.884,-0.941,-1.022,-1.036,-0.969,-0.987,-0.951,-0.856,-0.943,-1.016,-1.054,-0.965,-0.975,-0.967,-0.864,0,700
"2019-04-16 03:37:20.0",786907,-9999,-27.06,-65.87,-65.87,-0.913,-9999,-9999,12.0402,39.89,39.87,14.16,-0.949,-1.018,-1.068,-0.985,-1.004,-0.985,-0.862,-0.945,-1.014,-1.034,-0.971,-0.991,-0.985,-0.876,-0.941,-1.044,-1.02,-0.979,-0.998,-0.965,-0.904,-0.945,-1.018,-1.04,-0.981,-0.994,-0.985,-0.902,0,0
"2019-04-16 03:37:40.0",786908,-9999,-26.87,-65.9,-65.9,-0.913,-9999,-9999,12.0402,39.89,39.89,14.13,-0.953,-1.014,-1.026,-0.981,-1.004,-0.981,-0.9,-0.941,-1.028,-1.034,-0.969,-1.01,-0.973,-0.904,-0.943,-1,-1.034,-0.969,-0.994,-0.975,-0.88,-0.945,-1.036,-1.042,-0.971,-0.991,-0.961,-0.854,0,0
"2019-04-16 03:38:00.0",786909,-9999,-26.69,-65.93,-65.93,-0.913,-9999,-9999,12.0457,39.89,39.87,14.13,-0.949,-1.026,-1.06,-0.994,-1.004,-0.991,-0.868,-0.945,-1.002,-1.034,-0.973,-0.987,-0.977,-0.902,-0.939,-0.989,-1.034,-0.969,-0.989,-0.975,-0.872,-0.941,-1.03,-1.03,-0.967,-0.985,-0.953,-0.854,0,0
"2019-04-16 03:38:20.0",786910,-9999,-26.5,-65.96,-65.96,-0.913,-9999,-9999,12.0402,39.89,39.87,14.13,-0.953,-1.028,-1.054,-0.987,-0.989,-0.975,-0.9,-0.945,-1.03,-1.054,-0.969,-0.996,-0.981,-0.906,-0.943,-0.996,-1.034,-0.975,-0.983,-0.996,-0.896,-0.941,-1.042,-1.042,-0.975,-0.998,-0.981,-0.856,0,0
"2019-04-16 03:38:40.0",786911,-9999,-26.32,-65.99,-65.99,-0.913,-9999,-9999,12.0402,39.89,39.87,14.13,-0.957,-1.056,-1.054,-0.994,-1.014,-1.002,-0.876,-0.939,-1.018,-1.036,-0.971,-0.996,-0.969,-0.906,-0.939,-0.987,-1.044,-0.975,-0.991,-0.975,-0.858,-0.939,-1.022,-1.016,-0.971,-0.987,-0.985,-0.852,0,700
"2019-04-16 03:39:00.0",786912,-9999,-26.13,-66.02,-66.02,-0.914,-9999,-9999,12.0513,39.89,39.87,14.13,-0.957,-1.01,-1.048,-0.985,-1.002,-0.971,-0.862,-0.943,-1.004,-1.05,-0.979,-0.998,-0.991,-0.925,-0.947,-1.044,-1.054,-0.985,-1.002,-1.014,-0.896,-0.951,-1.012,-1.066,-0.983,-1.022,-0.985,-0.888,0,0
"2019-04-16 03:39:20.0",786913,-9999,-25.94,-66.05,-66.05,-0.914,-9999,-9999,12.0402,39.89,39.87,14.13,-0.951,-1.012,-1.085,-0.994,-1.016,-0.998,-0.904,-0.941,-1.016,-1.048,-0.983,-0.998,-0.989,-0.904,-0.949,-1.05,-1.03,-0.977,-0.998,-0.989,-0.892,-0.945,-1.014,-1.04,-0.981,-0.998,-0.967,-0.856,0,0
"2019-04-16 03:39:40.0",786914,-9999,-25.76,-66.09,-66.09,-0.914,-9999,-9999,12.0457,39.89,39.87,14.13,-0.951,-1.016,-1.032,-0.985,-1,-0.985,-0.896,-0.941,-1.006,-1.03,-0.971,-0.983,-0.975,-0.884,-0.941,-0.975,-1.038,-0.969,-0.987,-0.971,-0.85,-0.939,-1,-1.054,-0.967,-1.012,-0.951,-0.852,0,0
"2019-04-16 03:40:00.0",786915,-9999,-25.57,-66.12,-66.12,-0.914,-9999,-9999,12.0402,39.89,39.89,14.13,-0.961,-1.036,-1.062,-0.991,-1.012,-0.996,-0.913,-0.943,-1.018,-1.054,-0.985,-1.006,-0.991,-0.898,-0.943,-1.002,-1.046,-0.983,-1.006,-0.987,-0.864,-0.941,-1.034,-1.066,-0.979,-0.985,-1.006,-0.858,0,0
"2019-04-16 03:40:20.0",786916,-9999,-25.38,-66.15,-66.15,-0.915,-9999,-9999,12.0402,39.89,39.89,14.11,-0.953,-1.004,-1.044,-0.983,-0.996,-0.983,-0.9,-0.941,-1.032,-1.038,-0.969,-0.989,-0.961,-0.909,-0.943,-0.994,-1.038,-0.971,-0.987,-0.957,-0.862,-0.943,-1.028,-1.028,-0.971,-0.994,-0.991,-0.858,0,700
"2019-04-16 03:40:40.0",786917,-9999,-25.19,-66.18,-66.18,-0.915,-9999,-9999,12.0346,39.89,39.89,14.11,-0.953,-1.054,-1.072,-0.989,-1.004,-1.012,-0.915,-0.941,-1.038,-1.048,-0.977,-1,-0.973,-0.919,-0.945,-1.002,-1.044,-0.981,-1,-0.967,-0.896,-0.943,-1.046,-1.048,-0.981,-1,-1.008,-0.886,0,0
"2019-04-16 03:41:00.0",786918,-9999,-25,-66.21,-66.21,-0.915,-9999,-9999,12.0402,39.89,39.89,14.11,-0.955,-1.004,-1.026,-0.979,-1.01,-0.989,-0.87,-0.941,-1.002,-1.038,-0.969,-0.987,-0.961,-0.872,-0.951,-1.01,-1.016,-0.967,-0.989,-0.961,-0.898,-0.943,-1,-1.036,-0.973,-0.998,-0.975,-0.896,0,0
"2019-04-16 03:41:20.0",786919,-9999,-24.81,-66.24,-66.24,-0.915,-9999,-9999,12.0402,39.89,39.89,14.11,-0.953,-1.004,-1.052,-0.981,-1.002,-0.965,-0.902,-0.943,-1.006,-1.062,-0.977,-0.996,-1.006,-0.917,-0.943,-1.038,-1.038,-0.977,-0.996,-1,-0.894,-0.943,-0.996,-1.02,-0.979,-0.994,-0.983,-0.864,0,0
"2019-04-16 03:41:40.0",786920,-9999,-24.62,-66.27,-66.27,-0.915,-9999,-9999,12.0402,39.89,39.91,14.11,-0.953,-1.008,-1.072,-0.989,-1.006,-0.985,-0.886,-0.943,-1.01,-1.018,-0.969,-0.987,-0.975,-0.89,-0.943,-1.028,-1.028,-0.973,-0.991,-0.967,-0.868,-0.937,-1.014,-1.058,-0.971,-0.996,-0.971,-0.864,0,0
"2019-04-16 03:42:00.0",786921,-9999,-24.43,-66.29,-66.29,-0.916,-9999,-9999,12.0402,39.89,39.89,14.11,-0.953,-1.03,-1.064,-0.994,-1.016,-0.987,-0.904,-0.937,-1.036,-1.07,-0.983,-0.996,-0.971,-0.896,-0.949,-0.994,-1.046,-0.981,-0.991,-0.965,-0.864,-0.941,-1.04,-1.046,-0.969,-0.975,-1,-0.85,0,700
"2019-04-16 03:42:20.0",786922,-9999,-24.24,-66.33,-66.33,-0.916,-9999,-9999,12.0402,39.89,39.89,14.11,-0.953,-1.032,-1.06,-0.979,-0.996,-0.971,-0.876,-0.939,-1.002,-1.05,-0.981,-0.998,-1.008,-0.878,-0.941,-1.046,-1.028,-0.979,-1.02,-0.987,-0.872,-0.939,-1.008,-1.066,-0.983,-1.002,-0.973,-0.904,0,0
"2019-04-16 03:42:40.0",786923,-9999,-24.05,-66.35,-66.35,-0.916,-9999,-9999,12.0402,39.89,39.89,14.09,-0.957,-1.056,-1.064,-0.996,-1.012,-0.985,-0.896,-0.945,-1.018,-1.032,-0.975,-0.996,-1.01,-0.898,-0.943,-1.042,-1.042,-0.977,-1.018,-0.998,-0.88,-0.941,-1.02,-1.02,-0.977,-0.998,-0.981,-0.86,0,0
"2019-04-16 03:43:00.0",786924,-9999,-23.86,-66.38,-66.38,-0.916,-9999,-9999,12.0402,39.89,39.89,14.09,-0.945,-1.04,-1.056,-0.996,-1,-0.998,-0.876,-0.943,-1.032,-1.048,-0.979,-0.992,-0.967,-0.868,-0.941,-0.996,-1.06,-0.979,-0.998,-0.965,-0.898,-0.935,-1.006,-1.038,-0.973,-0.989,-0.996,-0.866,0,0
"2019-04-16 03:43:20.0",786925,-9999,-23.67,-66.41,-66.41,-0.916,-9999,-9999,12.0402,39.89,39.87,14.09,-0.951,-1.01,-1.06,-0.987,-1.012,-0.985,-0.894,-0.937,-1.026,-1.042,-0.979,-1.002,-0.989,-0.911,-0.939,-1.006,-1.05,-0.981,-1.02,-0.985,-0.892,-0.937,-1.038,-1.064,-0.981,-0.992,-0.969,-0.856,0,0
"2019-04-16 03:43:40.0",786926,-9999,-23.47,-66.44,-66.44,-0.917,-9999,-9999,12.0402,39.89,39.89,14.09,-0.949,-1,-1.046,-0.981,-0.996,-0.981,-0.904,-0.945,-1.046,-1.068,-0.977,-1.002,-1.012,-0.913,-0.939,-1,-1.052,-0.983,-1,-0.994,-0.888,-0.937,-1.008,-1.032,-0.979,-0.998,-0.989,-0.854,0,700
"2019-04-16 03:44:00.0",786927,-9999,-23.28,-66.47,-66.47,-0.917,-9999,-9999,12.0402,39.89,39.89,14.09,-0.955,-1.038,-1.066,-0.981,-0.985,-1.002,-0.866,-0.935,-1,-1.05,-0.981,-1.014,-0.987,-0.909,-0.943,-1.036,-1.042,-0.977,-1,-0.985,-0.878,-0.933,-0.985,-1.04,-0.975,-0.989,-0.965,-0.858,0,0
"2019-04-16 03:44:20.0",786928,-9999,-23.09,-66.49,-66.49,-0.917,-9999,-9999,12.0402,39.89,39.89,14.09,-0.949,-1.01,-1.042,-0.981,-0.994,-0.961,-0.888,-0.937,-0.977,-1.028,-0.965,-0.983,-0.998,-0.884,-0.939,-0.989,-1.014,-0.971,-0.971,-0.992,-0.872,-0.937,-1.028,-1.06,-0.969,-0.992,-0.973,-0.858,0,0
"2019-04-16 03:44:40.0",786929,-9999,-22.89,-66.52,-66.52,-0.917,-9999,-9999,12.0402,39.89,39.89,14.09,-0.943,-1.044,-1.06,-0.996,-1.006,-0.994,-0.9,-0.933,-0.979,-1.056,-0.963,-0.981,-0.971,-0.882,-0.933,-1.022,-1.034,-0.965,-0.983,-0.955,-0.858,-0.935,-0.985,-1.026,-0.965,-0.985,-0.965,-0.882,0,0
"2019-04-16 03:45:00.0",786930,-9999,-22.7,-66.55,-66.55,-0.917,-9999,-9999,12.0457,39.89,39.91,14.09,-0.949,-1.038,-1.058,-0.992,-1.008,-0.996,-0.905,-0.931,-1,-1.036,-0.967,-0.985,-0.975,-0.88,-0.937,-1.02,-1.032,-0.963,-0.985,-0.967,-0.85,-0.935,-0.987,-1.008,-0.967,-0.979,-0.947,-0.88,0,0
"2019-04-16 03:45:20.0",786931,-9999,-22.51,-66.58,-66.58,-0.918,-9999,-9999,12.0402,39.89,39.89,14.09,-0.947,-1.048,-1.066,-0.992,-1.002,-0.977,-0.894,-0.933,-0.989,-1.036,-0.969,-0.985,-0.977,-0.858,-0.937,-0.998,-1.008,-0.971,-0.969,-0.969,-0.886,-0.931,-0.979,-1.032,-0.965,-0.998,-0.949,-0.876,0,700
"2019-04-16 03:45:40.0",786932,-9999,-22.31,-66.6,-66.6,-0.918,-9999,-9999,12.0402,39.9,39.91,14.09,-0.945,-1.054,-1.056,-0.985,-0.998,-0.992,-0.872,-0.931,-1.036,-1.03,-0.979,-0.987,-1.006,-0.89,-0.933,-0.992,-1.04,-0.977,-0.994,-1.002,-0.854,-0.933,-1.022,-1.036,-0.973,-0.969,-0.977,-0.888,0,0
"2019-04-16 03:46:00.0",786933,-9999,-22.11,-66.63,-66.63,-0.918,-9999,-9999,12.0402,39.9,39.89,14.09,-0.947,-0.996,-1.066,-0.969,-0.989,-0.973,-0.864,-0.937,-1.03,-1.032,-0.957,-0.983,-0.971,-0.886,-0.935,-0.981,-1.052,-0.963,-0.992,-1,-0.86,-0.935,-1.01,-1.028,-0.965,-0.965,-0.983,-0.892,0,0
"2019-04-16 03:46:20.0",786934,-9999,-21.92,-66.66,-66.66,-0.918,-9999,-9999,12.0402,39.9,39.91,14.09,-0.939,-1.012,-1.05,-0.994,-1,-1.01,-0.905,-0.933,-0.977,-1.028,-0.961,-1,-0.994,-0.888,-0.939,-1,-1.048,-0.965,-0.985,-0.985,-0.878,-0.933,-0.981,-1.024,-0.957,-0.963,-0.963,-0.838,0,0
"2019-04-16 03:46:40.0",786935,-9999,-21.72,-66.68,-66.68,-0.918,-9999,-9999,12.0402,39.9,39.89,14.09,-0.945,-1.05,-1.054,-0.989,-1.026,-1.018,-0.866,-0.931,-0.985,-1.038,-0.973,-0.992,-1,-0.882,-0.935,-0.989,-1.022,-0.971,-1.006,-0.994,-0.864,-0.931,-1.022,-1.05,-0.967,-0.985,-0.969,-0.89,0,0
"2019-04-16 03:47:00.0",786936,-9999,-21.53,-66.71,-66.71,-0.919,-9999,-9999,12.0402,39.9,39.87,14.09,-0.945,-0.998,-1.034,-0.973,-0.977,-0.973,-0.868,-0.937,-1.016,-1.056,-0.965,-0.985,-0.975,-0.882,-0.939,-1.034,-1.022,-0.965,-0.973,-0.975,-0.866,-0.931,-0.998,-1.056,-0.969,-0.996,-0.973,-0.858,0,700
"2019-04-16 03:47:20.0",786937,-9999,-21.33,-66.74,-66.74,-0.919,-9999,-9999,12.0402,39.89,39.88,14.09,-0.943,-1.018,-1.03,-0.987,-1.002,-0.99,-0.868,-0.941,-1.02,-1.04,-0.975,-0.994,-0.981,-0.894,-0.935,-1.038,-1.062,-0.983,-0.996,-1.006,-0.86,-0.931,-1.002,-1.05,-0.969,-0.992,-0.983,-0.89,0,0
"2019-04-16 03:47:40.0",786938,-9999,-21.13,-66.76,-66.76,-0.919,-9999,-9999,12.0402,39.89,39.9,14.06,-0.943,-0.99,-1.05,-0.977,-1.002,-1.004,-0.89,-0.933,-0.992,-1.048,-0.967,-0.987,-0.994,-0.852,-0.933,-1.016,-1.028,-0.963,-0.979,-0.983,-0.888,-0.931,-0.977,-1.03,-0.963,-0.981,-0.971,-0.872,0,0
"2019-04-16 03:48:00.0",786939,-9999,-20.94,-66.79,-66.79,-0.919,-9999,-9999,12.0402,39.89,39.9,14.06,-0.953,-1.02,-1.072,-0.981,-1.002,-1.008,-0.911,-0.933,-1.03,-1.04,-0.975,-0.994,-0.985,-0.878,-0.937,-0.992,-1.038,-0.977,-0.977,-0.979,-0.909,-0.935,-1.014,-1.042,-0.975,-1.018,-0.996,-0.878,0,0
"2019-04-16 03:48:20.0",786940,-9999,-20.74,-66.81,-66.81,-0.919,-9999,-9999,12.0402,39.89,39.9,14.06,-0.947,-1.012,-1.05,-0.983,-1.004,-1.014,-0.874,-0.939,-0.992,-1.04,-0.977,-1.002,-0.967,-0.87,-0.937,-1.022,-1.066,-0.977,-0.998,-0.969,-0.907,-0.937,-0.996,-1.05,-0.981,-0.99,-0.983,-0.907,0,0
"2019-04-16 03:48:40.0",786941,-9999,-20.54,-66.84,-66.84,-0.919,-9999,-9999,12.0402,39.89,39.9,14.06,-0.945,-1.034,-1.081,-0.987,-1.006,-0.99,-0.909,-0.933,-1.04,-1.052,-0.979,-0.994,-1.004,-0.87,-0.937,-1,-1.042,-0.981,-1.016,-1.002,-0.88,-0.935,-1.014,-1.044,-0.979,-0.994,-0.983,-0.884,0,700
"2019-04-16 03:49:00.0",786942,-9999,-20.34,-66.86,-66.86,-0.92,-9999,-9999,12.0402,39.89,39.9,14.06,-0.949,-1.03,-1.024,-0.992,-0.973,-0.983,-0.894,-0.933,-1.012,-1.03,-0.959,-0.979,-0.992,-0.892,-0.937,-0.985,-1.052,-0.965,-0.977,-0.957,-0.884,-0.941,-1.004,-1.018,-0.965,-0.981,-0.963,-0.856,0,0
"2019-04-16 03:49:20.0",786943,-9999,-20.14,-66.89,-66.89,-0.92,-9999,-9999,12.0402,39.89,39.9,14.06,-0.947,-1.03,-1.018,-0.971,-0.992,-0.973,-0.864,-0.937,-0.985,-1.022,-0.959,-0.981,-0.994,-0.874,-0.935,-1.008,-1.03,-0.963,-0.979,-0.985,-0.86,-0.933,-1.022,-1.034,-0.965,-1.012,-0.967,-0.894,0,0
"2019-04-16 03:49:40.0",786944,-9999,-19.94,-66.91,-66.91,-0.92,-9999,-9999,12.0402,39.89,39.9,14.06,-0.949,-1.006,-1.052,-0.985,-1.008,-0.977,-0.909,-0.941,-1.006,-1.05,-0.975,-0.977,-0.983,-0.907,-0.935,-1.014,-1.048,-0.977,-1.002,-0.983,-0.896,-0.935,-1.032,-1.05,-0.975,-0.992,-0.969,-0.858,0,0
"2019-04-16 03:50:00.0",786945,-9999,-19.74,-66.93,-66.93,-0.92,-9999,-9999,12.0402,39.89,39.9,14.06,-0.947,-1.034,-1.024,-0.983,-0.994,-0.985,-0.88,-0.935,-1.022,-1.01,-0.963,-0.975,-0.959,-0.876,-0.935,-0.981,-1.026,-0.965,-0.981,-0.955,-0.854,-0.933,-0.994,-1.026,-0.961,-0.983,-0.969,-0.88,0,0
"2019-04-16 03:50:20.0",786946,-9999,-19.54,-66.96,-66.96,-0.92,-9999,-9999,12.0402,39.89,39.9,14.06,-0.943,-1.02,-1.038,-0.973,-0.994,-0.961,-0.88,-0.939,-1.002,-1.01,-0.965,-0.979,-0.969,-0.856,-0.935,-1.028,-1.032,-0.961,-0.981,-0.969,-0.88,-0.933,-0.987,-1.006,-0.961,-0.985,-0.953,-0.87,0,700
"2019-04-16 03:50:40.0",786947,-9999,-19.34,-66.98,-66.98,-0.92,-9999,-9999,12.0402,39.89,39.89,14.06,-0.949,-0.998,-1.06,-0.975,-0.996,-0.961,-0.862,-0.937,-0.987,-1.05,-0.967,-0.992,-0.977,-0.888,-0.937,-1.014,-1.034,-0.971,-0.992,-0.979,-0.86,-0.937,-1.026,-1.034,-0.965,-0.987,-0.957,-0.884,0,0
"2019-04-16 03:51:00.0",786948,-9999,-19.14,-67,-67,-0.921,-9999,-9999,12.0402,39.89,39.87,14.06,-0.951,-1.01,-1.054,-0.99,-1.012,-0.981,-0.896,-0.937,-0.994,-1.038,-0.979,-0.99,-0.987,-0.888,-0.935,-1.012,-1.05,-0.979,-0.977,-0.981,-0.866,-0.933,-0.994,-1.05,-0.973,-1.012,-0.963,-0.884,0,0
"2019-04-16 03:51:20.0",786949,-9999,-18.94,-67.03,-67.03,-0.921,-9999,-9999,12.0402,39.89,39.89,14.06,-0.945,-0.996,-1.042,-0.971,-0.99,-0.979,-0.898,-0.937,-1,-1.054,-0.965,-0.987,-0.959,-0.88,-0.937,-1.02,-1.018,-0.967,-0.996,-0.973,-0.9,-0.937,-1.04,-1.06,-0.975,-0.994,-0.961,-0.876,0,0
"2019-04-16 03:51:40.0",786950,-9999,-18.73,-67.05,-67.05,-0.921,-9999,-9999,12.0402,39.89,39.91,14.06,-0.947,-0.998,-1.058,-0.975,-0.998,-1.002,-0.874,-0.935,-0.992,-1.03,-0.965,-0.971,-0.957,-0.905,-0.939,-1.014,-1.036,-0.971,-0.987,-0.961,-0.862,-0.935,-0.996,-1.018,-0.975,-0.996,-0.973,-0.866,0,0
"2019-04-16 03:52:00.0",786951,-9999,-18.53,-67.07,-67.07,-0.921,-9999,-9999,12.0402,39.89,39.89,14.06,-0.947,-1,-1.028,-0.985,-1.006,-0.983,-0.86,-0.933,-0.981,-1.01,-0.967,-0.985,-0.955,-0.89,-0.937,-1.01,-1.026,-0.969,-0.981,-0.955,-0.872,-0.939,-0.977,-1.022,-0.965,-1,-0.965,-0.846,0,700
"2019-04-16 03:52:20.0",786952,-9999,-18.33,-67.1,-67.1,-0.921,-9999,-9999,12.0402,39.89,39.89,14.06,-0.949,-1.02,-1.05,-0.998,-1.03,-0.992,-0.896,-0.933,-1.036,-1.04,-0.977,-0.99,-0.983,-0.896,-0.935,-1.028,-1.06,-0.973,-0.985,-0.971,-0.872,-0.931,-1.004,-1.034,-0.967,-0.985,-0.969,-0.872,0,0
"2019-04-16 03:52:40.0",786953,-9999,-18.13,-67.12,-67.12,-0.921,-9999,-9999,12.0402,39.89,39.87,14.06,-0.943,-1.038,-1.056,-0.992,-1.022,-0.994,-0.909,-0.929,-1.024,-1.004,-0.965,-0.981,-0.953,-0.856,-0.939,-0.996,-1.028,-0.969,-0.987,-0.955,-0.9,-0.935,-1.034,-1.016,-0.965,-0.979,-0.998,-0.894,0,0
"2019-04-16 03:53:00.0",786954,-9999,-17.92,-67.14,-67.14,-0.921,-9999,-9999,12.0402,39.89,39.89,14.06,-0.945,-1.042,-1.046,-0.979,-1.002,-0.971,-0.872,-0.929,-0.996,-1.066,-0.981,-0.998,-0.99,-0.882,-0.937,-0.994,-1.048,-0.981,-0.996,-0.983,-0.86,-0.931,-1.026,-1.036,-0.977,-0.996,-0.979,-0.888,0,0
"2019-04-16 03:53:20.0",786955,-9999,-17.72,-67.16,-67.16,-0.922,-9999,-9999,12.0402,39.89,39.87,14.06,-0.945,-0.985,-1.046,-0.975,-0.992,-0.975,-0.894,-0.937,-0.992,-1.048,-0.963,-0.987,-0.973,-0.864,-0.935,-1.006,-1.014,-0.967,-0.99,-0.969,-0.898,-0.939,-0.992,-1.048,-0.969,-0.985,-0.985,-0.89,0,0
"2019-04-16 03:53:40.0",786956,-9999,-17.51,-67.18,-67.18,-0.922,-9999,-9999,12.0402,39.89,39.89,14.06,-0.947,-1.002,-1.06,-0.99,-1.008,-0.994,-0.907,-0.933,-1.01,-1.04,-0.979,-0.985,-0.979,-0.87,-0.935,-1.026,-1.036,-0.967,-1.018,-0.969,-0.886,-0.933,-0.981,-1.038,-0.963,-0.983,-0.994,-0.864,0,700
"2019-04-16 03:54:00.0",786957,-9999,-17.31,-67.21,-67.21,-0.922,-9999,-9999,12.0402,39.89,39.87,14.06,-0.949,-1.04,-1.05,-0.987,-1,-0.987,-0.905,-0.935,-1.034,-1.046,-0.973,-0.992,-1.008,-0.872,-0.937,-0.998,-1.052,-0.979,-0.998,-0.998,-0.9,-0.935,-1.034,-1.04,-0.979,-1.018,-0.985,-0.876,0,0
"2019-04-16 03:54:20.0",786958,-9999,-17.11,-67.23,-67.23,-0.922,-9999,-9999,12.0402,39.89,39.91,14.04,-0.947,-1.008,-1.048,-0.967,-1,-0.998,-0.9,-0.933,-1.022,-1.002,-0.969,-1.004,-0.994,-0.858,-0.939,-0.99,-1.03,-0.967,-0.987,-0.965,-0.9,-0.937,-1.016,-1.006,-0.967,-0.977,-0.987,-0.88,0,0
"2019-04-16 03:54:40.0",786959,-9999,-16.9,-67.25,-67.25,-0.922,-9999,-9999,12.0402,39.89,39.87,14.04,-0.955,-1.006,-1.036,-0.979,-1.002,-0.983,-0.909,-0.933,-1.02,-1.056,-0.975,-0.996,-0.971,-0.917,-0.933,-1.03,-1.054,-0.977,-0.992,-0.965,-0.88,-0.933,-0.99,-1.052,-0.973,-0.99,-0.963,-0.854,0,0
"2019-04-16 03:55:00.0",786960,-9999,-16.69,-67.27,-67.27,-0.922,-9999,-9999,12.0402,39.89,39.91,14.04,-0.943,-1.036,-1.06,-0.975,-0.998,-0.973,-0.886,-0.933,-1.028,-1.024,-0.965,-0.987,-0.981,-0.894,-0.935,-1,-1.028,-0.967,-1.012,-0.971,-0.89,-0.935,-1.01,-1.034,-0.977,-0.99,-0.975,-0.866,0,0
"2019-04-16 03:55:20.0",786961,-9999,-16.49,-67.29,-67.29,-0.922,-9999,-9999,12.0402,39.89,39.89,14.04,-0.949,-1.044,-1.054,-0.987,-1.006,-0.994,-0.89,-0.939,-0.987,-1.032,-0.967,-0.967,-0.969,-0.896,-0.937,-1.006,-1.03,-0.967,-0.983,-0.965,-0.848,-0.933,-1.022,-1.008,-0.965,-0.981,-0.951,-0.852,0,700
"2019-04-16 03:55:40.0",786962,-9999,-16.28,-67.31,-67.31,-0.923,-9999,-9999,12.0402,39.89,39.89,14.04,-0.947,-1.034,-1.054,-0.99,-1.008,-0.99,-0.868,-0.937,-1.034,-1.056,-0.981,-0.996,-1.006,-0.917,-0.941,-0.998,-1.068,-0.981,-1.016,-1.004,-0.858,-0.935,-1.034,-1.042,-0.981,-0.99,-0.969,-0.862,0,0
"2019-04-16 03:56:00.0",786963,-9999,-16.08,-67.33,-67.33,-0.923,-9999,-9999,12.0402,39.89,39.89,14.04,-0.947,-1.026,-1.046,-0.975,-0.992,-0.985,-0.862,-0.939,-1.044,-1.044,-0.981,-0.994,-0.979,-0.898,-0.931,-1.002,-1.052,-0.983,-0.998,-0.965,-0.874,-0.931,-1.038,-1.05,-0.981,-1.028,-0.985,-0.86,0,0
"2019-04-16 03:56:20.0",786964,-9999,-15.87,-67.35,-67.35,-0.923,-9999,-9999,12.0402,39.89,39.89,14.04,-0.949,-1.036,-1.034,-0.99,-1.012,-1.012,-0.88,-0.941,-1.034,-1.022,-0.973,-0.994,-0.967,-0.913,-0.941,-1.008,-1.042,-0.973,-0.996,-0.965,-0.86,-0.937,-1.036,-1.04,-0.967,-0.99,-0.975,-0.862,0,0
"2019-04-16 03:56:40.0",786965,-9999,-15.66,-67.37,-67.37,-0.923,-9999,-9999,12.0402,39.89,39.89,14.04,-0.951,-1.006,-1.05,-0.981,-0.99,-0.981,-0.868,-0.939,-1.022,-1.042,-0.977,-0.994,-1.01,-0.905,-0.943,-1.04,-1.032,-0.979,-1,-1.006,-0.866,-0.937,-0.994,-1.042,-0.979,-0.994,-0.975,-0.858,0,0
"2019-04-16 03:57:00.0",786966,-9999,-15.45,-67.38,-67.38,-0.923,-9999,-9999,12.0402,39.89,39.89,14.04,-0.945,-1.054,-1.03,-0.981,-1.004,-0.992,-0.89,-0.939,-1.032,-1.068,-0.985,-1,-0.994,-0.911,-0.939,-1.048,-1.056,-0.983,-1.002,-1.014,-0.907,-0.939,-1.006,-1.058,-0.985,-1.002,-1.002,-0.886,0,700
"2019-04-16 03:57:20.0",786967,-9999,-15.25,-67.4,-67.4,-0.923,-9999,-9999,12.0402,39.89,39.91,14.04,-0.949,-1.03,-1.036,-0.977,-1.002,-0.996,-0.89,-0.939,-0.988,-1.01,-0.967,-0.988,-0.963,-0.866,-0.941,-1.01,-1.056,-0.973,-0.992,-0.961,-0.905,-0.937,-0.992,-1.034,-0.965,-0.992,-1,-0.896,0,0
"2019-04-16 03:57:40.0",786968,-9999,-15.04,-67.42,-67.42,-0.923,-9999,-9999,12.0457,39.89,39.89,14.04,-0.949,-1.06,-1.058,-0.998,-1.014,-0.996,-0.89,-0.939,-0.992,-1.042,-0.973,-0.994,-1,-0.856,-0.939,-1.006,-1.066,-0.977,-0.994,-0.998,-0.898,-0.941,-1.034,-1.04,-0.975,-0.992,-0.975,-0.874,0,0
"2019-04-16 03:58:00.0",786969,-9999,-14.83,-67.44,-67.44,-0.923,-9999,-9999,12.0402,39.89,39.87,14.04,-0.949,-1.038,-1.06,-0.985,-0.998,-0.979,-0.894,-0.939,-0.981,-1.032,-0.977,-0.99,-0.971,-0.866,-0.941,-1.014,-1.036,-0.967,-0.99,-0.971,-0.848,-0.943,-1.028,-1.008,-0.963,-0.983,-0.953,-0.886,0,0
"2019-04-16 03:58:20.0",786970,-9999,-14.62,-67.46,-67.46,-0.924,-9999,-9999,12.0402,39.89,39.89,14.04,-0.949,-1.044,-1.052,-0.977,-0.992,-0.969,-0.862,-0.941,-0.99,-1.054,-0.973,-0.994,-0.983,-0.907,-0.943,-1.036,-1.026,-0.973,-0.988,-0.981,-0.886,-0.939,-0.998,-1.034,-0.969,-0.975,-0.961,-0.854,0,0
"2019-04-16 03:58:40.0",786971,-9999,-14.41,-67.48,-67.48,-0.924,-9999,-9999,12.0402,39.89,39.89,14.04,-0.957,-1.014,-1.058,-0.998,-0.994,-0.996,-0.884,-0.939,-1.052,-1.044,-0.981,-1,-0.992,-0.917,-0.943,-1.004,-1.05,-0.996,-0.979,-0.985,-0.872,-0.937,-1.036,-1.026,-0.985,-0.998,-0.965,-0.868,0,700
"2019-04-16 03:59:00.0",786972,-9999,-14.2,-67.49,-67.49,-0.924,-9999,-9999,12.0402,39.89,39.89,14.04,-0.947,-1.056,-1.06,-0.994,-1.014,-1.02,-0.874,-0.939,-1.008,-1.042,-0.973,-0.994,-0.994,-0.874,-0.939,-1.03,-1.022,-0.973,-1.008,-0.973,-0.894,-0.939,-1.01,-1.03,-0.973,-0.985,-0.973,-0.882,0,0
"2019-04-16 03:59:20.0",786973,-9999,-13.99,-67.51,-67.51,-0.924,-9999,-9999,12.0402,39.89,39.87,14.04,-0.953,-1.052,-1.058,-0.996,-1.014,-0.998,-0.874,-0.941,-1.006,-1.066,-0.977,-0.996,-0.971,-0.86,-0.945,-1.018,-1.036,-0.973,-0.99,-0.961,-0.856,-0.937,-0.985,-1.01,-0.971,-0.967,-0.992,-0.89,0,0
"2019-04-16 03:59:40.0",786974,-9999,-13.78,-67.53,-67.53,-0.924,-9999,-9999,12.0402,39.89,39.89,14.04,-0.951,-1.04,-1.046,-0.981,-1.004,-0.981,-0.86,-0.937,-1.008,-1.038,-0.971,-0.99,-0.983,-0.909,-0.945,-1.034,-1.014,-0.973,-0.973,-0.973,-0.888,-0.941,-1.006,-1.038,-0.971,-0.994,-0.975,-0.872,0,0
