"TOA5","","","1764","CR1000.Std.24","CPU:MFRSR_10012018V2.8.CR1","13574","TableHdr","PbCdlComm-1.6.0 (2016/01/26)"
"TIMESTAMP","RECORD","loggerID""headID""xpgmVerID""xlat""xlon""xSiteElev""xFULLREV""xCRXHSTEPS""xSCANseconds""xSCANnAvg""xSCANtrough""xHOMEoffset""xALLTIMEband"
"TS","RN","--""--""--""deg""deg""m""--""--""sec""--""--""--""--"
"","","Smp""Smp""Smp""Smp""Smp""Smp""Smp""Smp""Smp""Smp""Smp""Smp""Smp"
"2019-04-14 12:00:00.0",369,1764,180054423,2.8,-32.1259,-64.7287,1160,800,20,20,1,10,0,-1
"TOA5","","","1764","CR1000.Std.24","CPU:MFRSR_10012018V2.8.CR1","13574","Table155","PbCdlComm-1.6.0 (2016/01/26)"
"TIMESTAMP","RECORD","xoset""az""el""al""cosz""cosasz""pamass""vBat""Thead""THTC""Tlogger""Dnadir(1)""Dnadir(2)""Dnadir(3)""Dnadir(4)""Dnadir(5)""Dnadir(6)""Dnadir(7)""Deast(1)""Deast(2)""Deast(3)""Deast(4)""Deast(5)""Deast(6)""Deast(7)""Dsun(1)""Dsun(2)""Dsun(3)""Dsun(4)""Dsun(5)""Dsun(6)""Dsun(7)""Dwest(1)""Dwest(2)""Dwest(3)""Dwest(4)""Dwest(5)""Dwest(6)""Dwest(7)""kount""khome"
"TS","RN","sec""deg""deg""deg""--""--""--""Volt""degC""degC""degC""mV""mV""mV""mV""mV""mV""mV""mV""mV""mV""mV""mV""mV""mV""mV""mV""mV""mV""mV""mV""mV""mV""mV""mV""mV""mV""mV""mV""--""--"
"","","Smp""Smp""Smp""Smp""Smp""Smp""Smp""Smp""Smp""Smp""Smp""Smp""Smp""Smp""Smp""Smp""Smp""Smp""Smp""Smp""Smp""Smp""Smp""Smp""Smp""Smp""Smp""Smp""Smp""Smp""Smp""Smp""Smp""Smp""Smp""Smp""Smp""Smp""Smp""Smp""Smp"
"2019-04-14 23:00:00.0",781755,-9999,-93.3,-13.35,-13.35,-0.231,-9999,-9999,12.0431,40.05,39.92,21.51,-0.77,-0.861,-0.869,-0.805,-0.851,-0.813,-0.74,-0.76,-0.833,-0.857,-0.796,-0.823,-0.819,-0.738,-0.756,-0.847,-0.871,-0.794,-0.815,-0.78,-0.722,-0.754,-0.833,-0.857,-0.79,-0.792,-0.78,-0.714,0,700
"2019-04-14 23:00:20.0",781756,-9999,-93.2,-13.42,-13.42,-0.232,-9999,-9999,12.0431,40.05,39.92,21.51,-0.768,-0.865,-0.861,-0.803,-0.825,-0.809,-0.724,-0.756,-0.829,-0.861,-0.786,-0.811,-0.825,-0.722,-0.758,-0.851,-0.851,-0.788,-0.815,-0.78,-0.697,-0.754,-0.805,-0.859,-0.792,-0.813,-0.79,-0.683,0,0
"2019-04-14 23:00:40.0",781757,-9999,-93.2,-13.49,-13.49,-0.233,-9999,-9999,12.0431,40.05,39.92,21.51,-0.77,-0.845,-0.889,-0.801,-0.819,-0.792,-0.699,-0.752,-0.855,-0.835,-0.784,-0.801,-0.803,-0.704,-0.756,-0.817,-0.855,-0.776,-0.837,-0.813,-0.697,-0.764,-0.845,-0.861,-0.796,-0.817,-0.78,-0.679,0,0
"2019-04-14 23:01:00.0",781758,-9999,-93.1,-13.56,-13.56,-0.234,-9999,-9999,12.0375,40.05,39.92,21.51,-0.768,-0.829,-0.869,-0.809,-0.831,-0.815,-0.722,-0.764,-0.837,-0.843,-0.79,-0.803,-0.786,-0.736,-0.752,-0.853,-0.861,-0.792,-0.823,-0.819,-0.708,-0.756,-0.833,-0.859,-0.79,-0.813,-0.821,-0.71,0,0
"2019-04-14 23:01:20.0",781759,-9999,-93.1,-13.63,-13.63,-0.236,-9999,-9999,12.0431,40.05,39.92,21.48,-0.768,-0.839,-0.881,-0.801,-0.849,-0.833,-0.722,-0.756,-0.837,-0.835,-0.778,-0.815,-0.786,-0.722,-0.76,-0.829,-0.859,-0.79,-0.815,-0.819,-0.691,-0.756,-0.831,-0.865,-0.792,-0.817,-0.819,-0.695,0,0
"2019-04-14 23:01:40.0",781760,-9999,-93,-13.7,-13.7,-0.237,-9999,-9999,12.0431,40.05,39.92,21.48,-0.766,-0.851,-0.865,-0.803,-0.825,-0.792,-0.732,-0.752,-0.859,-0.863,-0.774,-0.819,-0.829,-0.73,-0.758,-0.819,-0.841,-0.79,-0.819,-0.782,-0.712,-0.754,-0.851,-0.867,-0.79,-0.809,-0.803,-0.708,0,700
"2019-04-14 23:02:00.0",781761,-9999,-93,-13.77,-13.77,-0.238,-9999,-9999,12.0375,40.05,39.92,21.48,-0.766,-0.829,-0.875,-0.809,-0.825,-0.831,-0.734,-0.663,-0.744,-0.77,-0.704,-0.718,-0.691,-0.625,-0.663,-0.756,-0.762,-0.704,-0.701,-0.708,-0.598,-0.663,-0.74,-0.766,-0.701,-0.716,-0.701,-0.592,0,0
"2019-04-14 23:02:20.0",781762,-9999,-93,-13.84,-13.84,-0.239,-9999,-9999,12.0431,40.06,39.92,21.48,-0.675,-0.758,-0.805,-0.732,-0.73,-0.718,-0.629,-0.663,-0.736,-0.768,-0.695,-0.73,-0.697,-0.639,-0.659,-0.75,-0.776,-0.706,-0.716,-0.712,-0.643,-0.665,-0.736,-0.764,-0.699,-0.722,-0.72,-0.639,0,0
"2019-04-14 23:02:40.0",781763,-9999,-92.9,-13.91,-13.91,-0.24,-9999,-9999,12.0431,40.06,39.92,21.48,-0.673,-0.74,-0.78,-0.734,-0.728,-0.742,-0.641,-0.663,-0.742,-0.768,-0.708,-0.718,-0.718,-0.641,-0.667,-0.744,-0.772,-0.701,-0.706,-0.687,-0.629,-0.665,-0.74,-0.77,-0.701,-0.714,-0.687,-0.613,0,0
"2019-04-14 23:03:00.0",781764,-9999,-92.9,-13.98,-13.98,-0.242,-9999,-9999,12.0431,40.06,39.92,21.48,-0.671,-0.772,-0.782,-0.712,-0.734,-0.699,-0.643,-0.667,-0.746,-0.764,-0.701,-0.72,-0.716,-0.641,-0.655,-0.756,-0.772,-0.699,-0.716,-0.73,-0.621,-0.661,-0.722,-0.788,-0.701,-0.726,-0.689,-0.592,0,0
"2019-04-14 23:03:20.0",781765,-9999,-92.8,-14.05,-14.05,-0.243,-9999,-9999,12.0431,40.06,39.92,21.48,-0.675,-0.74,-0.782,-0.71,-0.732,-0.714,-0.608,-0.659,-0.756,-0.77,-0.697,-0.714,-0.734,-0.625,-0.663,-0.722,-0.766,-0.697,-0.748,-0.693,-0.602,-0.653,-0.762,-0.78,-0.697,-0.722,-0.706,-0.621,0,700
"2019-04-14 23:03:40.0",781766,-9999,-92.8,-14.12,-14.12,-0.244,-9999,-9999,12.0486,40.06,39.92,21.48,-0.685,-0.764,-0.784,-0.72,-0.75,-0.752,-0.631,-0.673,-0.774,-0.78,-0.697,-0.726,-0.708,-0.627,-0.675,-0.738,-0.807,-0.71,-0.732,-0.732,-0.645,-0.677,-0.774,-0.774,-0.716,-0.73,-0.738,-0.651,0,0
"2019-04-14 23:04:00.0",781767,-9999,-92.7,-14.19,-14.19,-0.245,-9999,-9999,12.0375,40.05,39.92,21.45,-0.691,-0.74,-0.786,-0.722,-0.764,-0.728,-0.657,-0.671,-0.754,-0.79,-0.706,-0.734,-0.744,-0.613,-0.679,-0.774,-0.78,-0.691,-0.732,-0.697,-0.645,-0.677,-0.752,-0.784,-0.701,-0.73,-0.716,-0.641,0,0
"2019-04-14 23:04:20.0",781768,-9999,-92.7,-14.26,-14.26,-0.246,-9999,-9999,12.0431,40.05,39.92,21.45,-0.766,-0.835,-0.873,-0.796,-0.843,-0.801,-0.732,-0.754,-0.857,-0.851,-0.786,-0.799,-0.805,-0.691,-0.76,-0.823,-0.855,-0.79,-0.807,-0.792,-0.704,-0.758,-0.845,-0.857,-0.786,-0.813,-0.784,-0.724,0,0
"2019-04-14 23:04:40.0",781769,-9999,-92.7,-14.33,-14.33,-0.248,-9999,-9999,12.0431,40.05,39.92,21.45,-0.764,-0.863,-0.873,-0.805,-0.827,-0.827,-0.73,-0.752,-0.845,-0.855,-0.79,-0.805,-0.794,-0.691,-0.75,-0.803,-0.855,-0.79,-0.811,-0.776,-0.714,-0.754,-0.849,-0.857,-0.79,-0.809,-0.774,-0.706,0,0
"2019-04-14 23:05:00.0",781770,-9999,-92.6,-14.41,-14.41,-0.249,-9999,-9999,12.0431,40.05,39.92,21.45,-0.77,-0.839,-0.869,-0.794,-0.841,-0.79,-0.736,-0.756,-0.851,-0.857,-0.794,-0.815,-0.786,-0.704,-0.752,-0.821,-0.863,-0.786,-0.811,-0.803,-0.73,-0.752,-0.861,-0.849,-0.809,-0.792,-0.792,-0.724,0,700
"2019-04-14 23:05:20.0",781771,-9999,-92.6,-14.48,-14.48,-0.25,-9999,-9999,12.0431,40.05,39.92,21.45,-0.764,-0.857,-0.869,-0.796,-0.823,-0.801,-0.73,-0.756,-0.817,-0.853,-0.815,-0.805,-0.794,-0.714,-0.752,-0.821,-0.873,-0.768,-0.809,-0.811,-0.681,-0.75,-0.847,-0.851,-0.786,-0.811,-0.813,-0.681,0,0
"2019-04-14 23:05:40.0",781772,-9999,-92.5,-14.55,-14.55,-0.251,-9999,-9999,12.0431,40.06,39.91,21.45,-0.766,-0.855,-0.857,-0.801,-0.823,-0.782,-0.716,-0.75,-0.809,-0.849,-0.784,-0.803,-0.821,-0.714,-0.754,-0.825,-0.857,-0.784,-0.79,-0.776,-0.724,-0.752,-0.853,-0.855,-0.78,-0.827,-0.774,-0.718,0,0
"2019-04-14 23:06:00.0",781773,-9999,-92.5,-14.62,-14.62,-0.252,-9999,-9999,12.0375,40.06,39.91,21.45,-0.77,-0.859,-0.871,-0.794,-0.825,-0.803,-0.716,-0.752,-0.813,-0.831,-0.788,-0.813,-0.801,-0.691,-0.754,-0.825,-0.857,-0.788,-0.792,-0.809,-0.697,-0.675,-0.76,-0.774,-0.708,-0.726,-0.699,-0.629,0,0
"2019-04-14 23:06:20.0",781774,-9999,-92.4,-14.69,-14.69,-0.254,-9999,-9999,12.0431,40.06,39.91,21.45,-0.691,-0.79,-0.794,-0.746,-0.746,-0.72,-0.639,-0.675,-0.734,-0.784,-0.738,-0.734,-0.724,-0.649,-0.673,-0.758,-0.772,-0.693,-0.72,-0.736,-0.625,-0.671,-0.76,-0.782,-0.718,-0.736,-0.706,-0.629,0,0
"2019-04-14 23:06:40.0",781775,-9999,-92.4,-14.76,-14.76,-0.255,-9999,-9999,12.0431,40.06,39.91,21.45,-0.683,-0.774,-0.79,-0.722,-0.77,-0.75,-0.631,-0.677,-0.772,-0.766,-0.714,-0.716,-0.72,-0.635,-0.675,-0.726,-0.776,-0.718,-0.73,-0.716,-0.647,-0.673,-0.768,-0.782,-0.701,-0.726,-0.726,-0.623,0,700
"2019-04-14 23:07:00.0",781776,-9999,-92.3,-14.83,-14.83,-0.256,-9999,-9999,12.0431,40.06,39.91,21.45,-0.687,-0.758,-0.78,-0.72,-0.742,-0.724,-0.635,-0.681,-0.746,-0.772,-0.706,-0.734,-0.718,-0.608,-0.671,-0.766,-0.796,-0.704,-0.73,-0.718,-0.637,-0.675,-0.748,-0.774,-0.724,-0.728,-0.73,-0.613,0,0
"2019-04-14 23:07:20.0",781777,-9999,-92.3,-14.9,-14.9,-0.257,-9999,-9999,12.0431,40.05,39.92,21.45,-0.766,-0.859,-0.871,-0.796,-0.827,-0.794,-0.722,-0.756,-0.853,-0.833,-0.78,-0.803,-0.796,-0.704,-0.748,-0.807,-0.851,-0.778,-0.805,-0.801,-0.73,-0.752,-0.827,-0.857,-0.782,-0.799,-0.774,-0.724,0,0
"2019-04-14 23:07:40.0",781778,-9999,-92.3,-14.97,-14.97,-0.258,-9999,-9999,12.0375,40.05,39.92,21.45,-0.768,-0.855,-0.867,-0.821,-0.817,-0.801,-0.73,-0.75,-0.849,-0.857,-0.811,-0.817,-0.819,-0.714,-0.75,-0.807,-0.835,-0.774,-0.805,-0.772,-0.681,-0.752,-0.825,-0.857,-0.792,-0.815,-0.778,-0.71,0,0
"2019-04-14 23:08:00.0",781779,-9999,-92.2,-15.04,-15.04,-0.26,-9999,-9999,12.0431,40.05,39.92,21.45,-0.764,-0.863,-0.865,-0.794,-0.823,-0.794,-0.728,-0.75,-0.847,-0.849,-0.782,-0.803,-0.778,-0.714,-0.748,-0.823,-0.847,-0.782,-0.809,-0.809,-0.72,-0.754,-0.821,-0.833,-0.778,-0.805,-0.792,-0.701,0,0
"2019-04-14 23:08:20.0",781780,-9999,-92.2,-15.11,-15.11,-0.261,-9999,-9999,12.0431,40.05,39.92,21.45,-0.762,-0.813,-0.863,-0.794,-0.821,-0.782,-0.716,-0.752,-0.847,-0.849,-0.811,-0.825,-0.796,-0.726,-0.756,-0.803,-0.847,-0.766,-0.805,-0.813,-0.704,-0.748,-0.845,-0.827,-0.788,-0.801,-0.77,-0.701,0,700
"2019-04-14 23:08:40.0",781781,-9999,-92.1,-15.18,-15.18,-0.262,-9999,-9999,12.0431,40.05,39.92,21.45,-0.764,-0.819,-0.877,-0.803,-0.805,-0.79,-0.722,-0.754,-0.815,-0.855,-0.801,-0.817,-0.799,-0.73,-0.75,-0.837,-0.857,-0.772,-0.809,-0.782,-0.695,-0.754,-0.849,-0.875,-0.79,-0.813,-0.794,-0.683,0,0
"2019-04-14 23:09:00.0",781782,-9999,-92.1,-15.25,-15.25,-0.263,-9999,-9999,12.0431,40.05,39.91,21.45,-0.764,-0.839,-0.863,-0.796,-0.825,-0.792,-0.732,-0.748,-0.825,-0.857,-0.792,-0.811,-0.819,-0.697,-0.748,-0.851,-0.835,-0.79,-0.792,-0.778,-0.724,-0.752,-0.813,-0.859,-0.776,-0.831,-0.792,-0.718,0,0
"2019-04-14 23:09:20.0",781783,-9999,-92,-15.32,-15.32,-0.264,-9999,-9999,12.0431,40.05,39.91,21.45,-0.768,-0.843,-0.837,-0.796,-0.843,-0.788,-0.697,-0.75,-0.829,-0.855,-0.79,-0.807,-0.796,-0.716,-0.752,-0.845,-0.845,-0.784,-0.803,-0.815,-0.689,-0.75,-0.803,-0.855,-0.809,-0.809,-0.774,-0.722,0,0
"2019-04-14 23:09:40.0",781784,-9999,-92,-15.39,-15.39,-0.265,-9999,-9999,12.0431,40.05,39.91,21.42,-0.764,-0.867,-0.857,-0.796,-0.799,-0.821,-0.732,-0.75,-0.829,-0.851,-0.78,-0.817,-0.813,-0.699,-0.75,-0.847,-0.853,-0.786,-0.807,-0.78,-0.714,-0.746,-0.815,-0.845,-0.78,-0.788,-0.786,-0.716,0,0
"2019-04-14 23:10:00.0",781785,-9999,-92,-15.46,-15.46,-0.267,-9999,-9999,12.0431,40.05,39.91,21.42,-0.762,-0.831,-0.863,-0.796,-0.813,-0.823,-0.722,-0.754,-0.813,-0.847,-0.78,-0.807,-0.813,-0.712,-0.754,-0.823,-0.877,-0.784,-0.809,-0.774,-0.677,-0.75,-0.827,-0.847,-0.784,-0.805,-0.788,-0.716,0,700
"2019-04-14 23:10:20.0",781786,-9999,-91.9,-15.53,-15.53,-0.268,-9999,-9999,12.0431,40.05,39.91,21.42,-0.76,-0.827,-0.889,-0.801,-0.841,-0.79,-0.689,-0.75,-0.835,-0.859,-0.79,-0.811,-0.821,-0.699,-0.746,-0.809,-0.849,-0.786,-0.833,-0.776,-0.722,-0.752,-0.851,-0.853,-0.784,-0.809,-0.79,-0.718,0,0
"2019-04-14 23:10:40.0",781787,-9999,-91.9,-15.6,-15.6,-0.269,-9999,-9999,12.0431,40.05,39.92,21.42,-0.768,-0.843,-0.867,-0.801,-0.823,-0.79,-0.724,-0.746,-0.841,-0.873,-0.77,-0.835,-0.819,-0.716,-0.752,-0.815,-0.855,-0.788,-0.811,-0.774,-0.691,-0.752,-0.827,-0.853,-0.809,-0.79,-0.792,-0.681,0,0
"2019-04-14 23:11:00.0",781788,-9999,-91.8,-15.68,-15.68,-0.27,-9999,-9999,12.0375,40.05,39.92,21.42,-0.764,-0.843,-0.867,-0.805,-0.803,-0.792,-0.714,-0.752,-0.831,-0.835,-0.784,-0.807,-0.786,-0.718,-0.744,-0.847,-0.851,-0.786,-0.786,-0.811,-0.691,-0.752,-0.813,-0.859,-0.786,-0.831,-0.776,-0.687,0,0
"2019-04-14 23:11:20.0",781789,-9999,-91.8,-15.75,-15.75,-0.271,-9999,-9999,12.0431,40.05,39.92,21.42,-0.77,-0.835,-0.896,-0.823,-0.819,-0.807,-0.734,-0.75,-0.817,-0.859,-0.78,-0.809,-0.801,-0.714,-0.752,-0.835,-0.857,-0.782,-0.794,-0.817,-0.689,-0.754,-0.839,-0.883,-0.815,-0.835,-0.78,-0.685,0,0
"2019-04-14 23:11:40.0",781790,-9999,-91.7,-15.82,-15.82,-0.273,-9999,-9999,12.0431,40.05,39.92,21.42,-0.762,-0.819,-0.857,-0.801,-0.821,-0.805,-0.726,-0.754,-0.853,-0.831,-0.788,-0.813,-0.819,-0.73,-0.756,-0.813,-0.859,-0.776,-0.792,-0.796,-0.704,-0.742,-0.833,-0.857,-0.786,-0.833,-0.811,-0.704,0,700
"2019-04-14 23:12:00.0",781791,-9999,-91.7,-15.89,-15.89,-0.274,-9999,-9999,12.0431,40.05,39.92,21.42,-0.764,-0.867,-0.845,-0.788,-0.835,-0.819,-0.714,-0.76,-0.827,-0.871,-0.778,-0.807,-0.772,-0.724,-0.746,-0.841,-0.821,-0.784,-0.821,-0.805,-0.695,-0.75,-0.823,-0.849,-0.764,-0.801,-0.772,-0.673,0,0
"2019-04-14 23:12:20.0",781792,-9999,-91.7,-15.96,-15.96,-0.275,-9999,-9999,12.0431,40.05,39.92,21.42,-0.758,-0.835,-0.859,-0.803,-0.837,-0.815,-0.73,-0.75,-0.807,-0.853,-0.786,-0.803,-0.776,-0.714,-0.744,-0.821,-0.871,-0.778,-0.807,-0.788,-0.697,-0.75,-0.805,-0.853,-0.766,-0.788,-0.809,-0.693,0,0
"2019-04-14 23:12:40.0",781793,-9999,-91.6,-16.03,-16.03,-0.276,-9999,-9999,12.0486,40.05,39.92,21.42,-0.76,-0.819,-0.845,-0.803,-0.815,-0.79,-0.712,-0.756,-0.851,-0.867,-0.813,-0.807,-0.799,-0.699,-0.746,-0.821,-0.837,-0.77,-0.813,-0.774,-0.722,-0.75,-0.853,-0.857,-0.778,-0.811,-0.778,-0.695,0,0
"2019-04-14 23:13:00.0",781794,-9999,-91.6,-16.1,-16.1,-0.277,-9999,-9999,12.0431,40.05,39.92,21.42,-0.76,-0.849,-0.865,-0.79,-0.815,-0.807,-0.73,-0.754,-0.823,-0.851,-0.778,-0.801,-0.792,-0.724,-0.746,-0.837,-0.855,-0.782,-0.801,-0.768,-0.701,-0.748,-0.805,-0.849,-0.78,-0.807,-0.79,-0.671,0,0
"2019-04-14 23:13:20.0",781795,-9999,-91.5,-16.17,-16.17,-0.278,-9999,-9999,12.0431,40.05,39.92,21.42,-0.762,-0.821,-0.863,-0.799,-0.813,-0.805,-0.712,-0.746,-0.855,-0.859,-0.813,-0.794,-0.823,-0.716,-0.748,-0.815,-0.883,-0.784,-0.809,-0.794,-0.685,-0.75,-0.823,-0.859,-0.784,-0.803,-0.811,-0.685,0,700
"2019-04-14 23:13:40.0",781796,-9999,-91.5,-16.24,-16.24,-0.28,-9999,-9999,12.0431,40.05,39.92,21.42,-0.762,-0.833,-0.859,-0.792,-0.819,-0.796,-0.712,-0.748,-0.821,-0.847,-0.782,-0.807,-0.813,-0.742,-0.752,-0.803,-0.849,-0.78,-0.78,-0.774,-0.683,-0.748,-0.845,-0.845,-0.782,-0.835,-0.794,-0.683,0,0
"2019-04-14 23:14:00.0",781797,-9999,-91.4,-16.31,-16.31,-0.281,-9999,-9999,12.0431,40.05,39.92,21.42,-0.762,-0.821,-0.867,-0.799,-0.819,-0.829,-0.691,-0.758,-0.845,-0.859,-0.786,-0.813,-0.78,-0.697,-0.75,-0.831,-0.861,-0.784,-0.813,-0.813,-0.726,-0.75,-0.831,-0.853,-0.786,-0.807,-0.78,-0.722,0,0
"2019-04-14 23:14:20.0",781798,-9999,-91.4,-16.38,-16.38,-0.282,-9999,-9999,12.0375,40.05,39.92,21.42,-0.762,-0.817,-0.867,-0.776,-0.833,-0.782,-0.73,-0.754,-0.831,-0.855,-0.805,-0.803,-0.774,-0.708,-0.744,-0.843,-0.853,-0.766,-0.803,-0.809,-0.677,-0.75,-0.805,-0.851,-0.78,-0.805,-0.772,-0.675,0,0
"2019-04-14 23:14:40.0",781799,-9999,-91.3,-16.45,-16.45,-0.283,-9999,-9999,12.0431,40.05,39.92,21.42,-0.762,-0.823,-0.871,-0.799,-0.817,-0.827,-0.697,-0.746,-0.823,-0.847,-0.788,-0.807,-0.792,-0.718,-0.748,-0.843,-0.843,-0.782,-0.809,-0.786,-0.689,-0.758,-0.809,-0.851,-0.78,-0.807,-0.805,-0.701,0,0
"2019-04-14 23:15:00.0",781800,-9999,-91.3,-16.52,-16.52,-0.284,-9999,-9999,12.0431,40.05,39.92,21.42,-0.756,-0.849,-0.849,-0.79,-0.813,-0.796,-0.718,-0.748,-0.809,-0.847,-0.78,-0.799,-0.813,-0.712,-0.75,-0.817,-0.847,-0.78,-0.807,-0.786,-0.681,-0.742,-0.843,-0.873,-0.784,-0.805,-0.807,-0.679,0,700
"2019-04-14 23:15:20.0",781801,-9999,-91.3,-16.59,-16.59,-0.286,-9999,-9999,12.0431,40.05,39.92,21.42,-0.758,-0.833,-0.861,-0.796,-0.815,-0.803,-0.712,-0.752,-0.801,-0.853,-0.788,-0.792,-0.794,-0.736,-0.754,-0.809,-0.855,-0.784,-0.805,-0.774,-0.697,-0.742,-0.847,-0.859,-0.784,-0.801,-0.794,-0.701,0,0
"2019-04-14 23:15:40.0",781802,-9999,-91.2,-16.66,-16.66,-0.287,-9999,-9999,12.0431,40.05,39.91,21.42,-0.768,-0.841,-0.863,-0.774,-0.821,-0.79,-0.695,-0.752,-0.843,-0.859,-0.78,-0.833,-0.815,-0.718,-0.75,-0.811,-0.847,-0.784,-0.799,-0.788,-0.71,-0.754,-0.823,-0.873,-0.786,-0.792,-0.807,-0.712,0,0
"2019-04-14 23:16:00.0",781803,-9999,-91.2,-16.73,-16.73,-0.288,-9999,-9999,12.0431,40.05,39.91,21.42,-0.76,-0.817,-0.863,-0.796,-0.817,-0.805,-0.683,-0.748,-0.823,-0.845,-0.784,-0.799,-0.79,-0.685,-0.744,-0.833,-0.851,-0.782,-0.805,-0.788,-0.716,-0.75,-0.799,-0.849,-0.778,-0.784,-0.799,-0.714,0,0
"2019-04-14 23:16:20.0",781804,-9999,-91.1,-16.8,-16.8,-0.289,-9999,-9999,12.0431,40.05,39.91,21.42,-0.76,-0.851,-0.869,-0.79,-0.819,-0.823,-0.728,-0.744,-0.805,-0.853,-0.786,-0.807,-0.778,-0.722,-0.746,-0.825,-0.875,-0.78,-0.823,-0.811,-0.708,-0.75,-0.835,-0.855,-0.811,-0.807,-0.778,-0.685,0,0
"2019-04-14 23:16:40.0",781805,-9999,-91.1,-16.88,-16.88,-0.29,-9999,-9999,12.0431,40.05,39.91,21.42,-0.758,-0.845,-0.871,-0.794,-0.821,-0.825,-0.716,-0.754,-0.809,-0.845,-0.778,-0.803,-0.813,-0.706,-0.748,-0.803,-0.853,-0.801,-0.803,-0.776,-0.683,-0.752,-0.839,-0.845,-0.782,-0.796,-0.805,-0.695,0,700
"2019-04-14 23:17:00.0",781806,-9999,-91,-16.95,-16.95,-0.291,-9999,-9999,12.0431,40.05,39.91,21.42,-0.762,-0.819,-0.863,-0.794,-0.813,-0.782,-0.718,-0.754,-0.843,-0.845,-0.784,-0.805,-0.794,-0.716,-0.746,-0.827,-0.865,-0.778,-0.833,-0.811,-0.675,-0.756,-0.817,-0.831,-0.774,-0.803,-0.774,-0.675,0,0
"2019-04-14 23:17:20.0",781807,-9999,-91,-17.02,-17.02,-0.293,-9999,-9999,12.0431,40.06,39.92,21.42,-0.76,-0.855,-0.861,-0.776,-0.819,-0.78,-0.691,-0.748,-0.827,-0.847,-0.778,-0.79,-0.796,-0.691,-0.746,-0.827,-0.851,-0.786,-0.803,-0.819,-0.724,-0.748,-0.833,-0.861,-0.786,-0.811,-0.77,-0.704,0,0
"2019-04-14 23:17:40.0",781808,-9999,-91,-17.09,-17.09,-0.294,-9999,-9999,12.0431,40.06,39.92,21.42,-0.758,-0.837,-0.857,-0.794,-0.815,-0.799,-0.691,-0.75,-0.803,-0.823,-0.784,-0.801,-0.796,-0.691,-0.742,-0.807,-0.843,-0.78,-0.805,-0.799,-0.718,-0.746,-0.841,-0.843,-0.784,-0.805,-0.768,-0.712,0,0
"2019-04-14 23:18:00.0",781809,-9999,-90.9,-17.16,-17.16,-0.295,-9999,-9999,12.0375,40.06,39.92,21.42,-0.76,-0.821,-0.853,-0.792,-0.811,-0.796,-0.714,-0.75,-0.829,-0.853,-0.78,-0.825,-0.782,-0.726,-0.746,-0.847,-0.855,-0.77,-0.803,-0.809,-0.706,-0.75,-0.815,-0.857,-0.782,-0.79,-0.807,-0.681,0,0
"2019-04-14 23:18:20.0",781810,-9999,-90.9,-17.23,-17.23,-0.296,-9999,-9999,12.0375,40.06,39.92,21.42,-0.764,-0.841,-0.867,-0.78,-0.843,-0.825,-0.708,-0.748,-0.847,-0.835,-0.788,-0.809,-0.78,-0.712,-0.746,-0.805,-0.847,-0.782,-0.825,-0.79,-0.724,-0.748,-0.827,-0.851,-0.778,-0.813,-0.807,-0.718,0,700
"2019-04-14 23:18:40.0",781811,-9999,-90.8,-17.3,-17.3,-0.297,-9999,-9999,12.0431,40.07,39.92,21.42,-0.756,-0.853,-0.857,-0.78,-0.821,-0.803,-0.71,-0.748,-0.799,-0.853,-0.786,-0.827,-0.786,-0.691,-0.748,-0.807,-0.847,-0.784,-0.807,-0.813,-0.701,-0.754,-0.847,-0.877,-0.786,-0.786,-0.776,-0.704,0,0
"2019-04-14 23:19:00.0",781812,-9999,-90.8,-17.37,-17.37,-0.299,-9999,-9999,12.0431,40.07,39.92,21.42,-0.762,-0.845,-0.863,-0.794,-0.817,-0.825,-0.722,-0.746,-0.799,-0.873,-0.78,-0.805,-0.813,-0.71,-0.746,-0.803,-0.849,-0.78,-0.823,-0.786,-0.687,-0.754,-0.825,-0.851,-0.782,-0.809,-0.799,-0.681,0,0
"2019-04-14 23:19:20.0",781813,-9999,-90.7,-17.44,-17.44,-0.3,-9999,-9999,12.0375,40.05,39.92,21.42,-0.754,-0.863,-0.875,-0.799,-0.823,-0.823,-0.71,-0.75,-0.807,-0.851,-0.784,-0.807,-0.788,-0.724,-0.744,-0.823,-0.851,-0.782,-0.799,-0.809,-0.704,-0.748,-0.841,-0.873,-0.778,-0.827,-0.77,-0.675,0,0
"2019-04-14 23:19:40.0",781814,-9999,-90.7,-17.51,-17.51,-0.301,-9999,-9999,12.0431,40.05,39.92,21.42,-0.77,-0.837,-0.861,-0.79,-0.815,-0.784,-0.687,-0.75,-0.843,-0.851,-0.778,-0.809,-0.799,-0.732,-0.754,-0.815,-0.853,-0.764,-0.809,-0.817,-0.699,-0.75,-0.837,-0.849,-0.786,-0.799,-0.774,-0.683,0,0
"2019-04-14 23:20:00.0",781815,-9999,-90.6,-17.58,-17.58,-0.302,-9999,-9999,12.0375,40.05,39.92,21.42,-0.758,-0.855,-0.855,-0.794,-0.815,-0.786,-0.685,-0.746,-0.801,-0.849,-0.784,-0.799,-0.792,-0.72,-0.746,-0.827,-0.845,-0.766,-0.801,-0.768,-0.706,-0.748,-0.841,-0.847,-0.782,-0.786,-0.788,-0.681,0,700
"2019-04-14 23:20:20.0",781816,-9999,-90.6,-17.65,-17.65,-0.303,-9999,-9999,12.0431,40.05,39.92,21.42,-0.76,-0.827,-0.861,-0.792,-0.817,-0.788,-0.699,-0.75,-0.829,-0.851,-0.788,-0.813,-0.815,-0.716,-0.752,-0.831,-0.835,-0.78,-0.803,-0.774,-0.708,-0.746,-0.831,-0.855,-0.805,-0.821,-0.792,-0.693,0,0
"2019-04-14 23:20:40.0",781817,-9999,-90.6,-17.72,-17.72,-0.304,-9999,-9999,12.0431,40.05,39.92,21.42,-0.758,-0.833,-0.857,-0.796,-0.821,-0.799,-0.704,-0.752,-0.827,-0.845,-0.764,-0.803,-0.811,-0.712,-0.742,-0.803,-0.843,-0.776,-0.782,-0.766,-0.681,-0.748,-0.829,-0.849,-0.778,-0.825,-0.807,-0.687,0,0
"2019-04-14 23:21:00.0",781818,-9999,-90.5,-17.79,-17.79,-0.306,-9999,-9999,12.0431,40.05,39.92,21.42,-0.758,-0.813,-0.857,-0.79,-0.809,-0.803,-0.706,-0.75,-0.823,-0.873,-0.762,-0.805,-0.815,-0.697,-0.748,-0.839,-0.859,-0.782,-0.827,-0.774,-0.726,-0.75,-0.809,-0.861,-0.778,-0.807,-0.782,-0.718,0,0
"2019-04-14 23:21:20.0",781819,-9999,-90.5,-17.86,-17.86,-0.307,-9999,-9999,12.0431,40.05,39.92,21.42,-0.758,-0.861,-0.845,-0.799,-0.819,-0.79,-0.728,-0.748,-0.807,-0.859,-0.786,-0.811,-0.796,-0.716,-0.748,-0.811,-0.873,-0.782,-0.803,-0.774,-0.718,-0.752,-0.837,-0.857,-0.79,-0.813,-0.788,-0.716,0,0
"2019-04-14 23:21:40.0",781820,-9999,-90.4,-17.94,-17.94,-0.308,-9999,-9999,12.0431,40.05,39.92,21.42,-0.76,-0.821,-0.865,-0.786,-0.813,-0.794,-0.687,-0.746,-0.819,-0.845,-0.803,-0.803,-0.79,-0.689,-0.754,-0.837,-0.851,-0.782,-0.782,-0.784,-0.677,-0.754,-0.801,-0.851,-0.784,-0.821,-0.803,-0.675,0,700
"2019-04-14 23:22:00.0",781821,-9999,-90.4,-18.01,-18.01,-0.309,-9999,-9999,12.0375,40.05,39.92,21.42,-0.758,-0.843,-0.861,-0.815,-0.821,-0.821,-0.693,-0.754,-0.843,-0.849,-0.782,-0.807,-0.774,-0.714,-0.75,-0.825,-0.879,-0.78,-0.809,-0.803,-0.685,-0.754,-0.825,-0.857,-0.784,-0.805,-0.778,-0.681,0,0
"2019-04-14 23:22:20.0",781822,-9999,-90.3,-18.08,-18.08,-0.31,-9999,-9999,12.0431,40.05,39.92,21.42,-0.76,-0.861,-0.9,-0.799,-0.817,-0.807,-0.697,-0.752,-0.825,-0.851,-0.78,-0.796,-0.817,-0.699,-0.75,-0.823,-0.829,-0.782,-0.805,-0.782,-0.689,-0.746,-0.803,-0.845,-0.805,-0.786,-0.807,-0.679,0,0
"2019-04-14 23:22:40.0",781823,-9999,-90.3,-18.15,-18.15,-0.311,-9999,-9999,12.0431,40.05,39.92,21.42,-0.76,-0.837,-0.863,-0.796,-0.815,-0.823,-0.687,-0.742,-0.847,-0.855,-0.811,-0.805,-0.799,-0.693,-0.748,-0.841,-0.859,-0.784,-0.825,-0.792,-0.706,-0.746,-0.833,-0.853,-0.784,-0.809,-0.794,-0.695,0,0
"2019-04-14 23:23:00.0",781824,-9999,-90.2,-18.22,-18.22,-0.313,-9999,-9999,12.0375,40.05,39.92,21.42,-0.758,-0.851,-0.861,-0.78,-0.811,-0.829,-0.693,-0.746,-0.845,-0.851,-0.786,-0.786,-0.79,-0.691,-0.746,-0.805,-0.855,-0.803,-0.803,-0.811,-0.683,-0.748,-0.819,-0.851,-0.77,-0.811,-0.772,-0.697,0,0
"2019-04-14 23:23:20.0",781825,-9999,-90.2,-18.29,-18.29,-0.314,-9999,-9999,12.0375,40.05,39.92,21.42,-0.764,-0.843,-0.861,-0.794,-0.813,-0.786,-0.691,-0.75,-0.851,-0.847,-0.784,-0.803,-0.776,-0.687,-0.746,-0.803,-0.823,-0.776,-0.788,-0.807,-0.71,-0.748,-0.821,-0.851,-0.78,-0.825,-0.774,-0.71,0,700
"2019-04-14 23:23:40.0",781826,-9999,-90.2,-18.36,-18.36,-0.315,-9999,-9999,12.0431,40.05,39.92,21.42,-0.762,-0.857,-0.871,-0.796,-0.799,-0.786,-0.734,-0.748,-0.827,-0.849,-0.79,-0.823,-0.809,-0.734,-0.748,-0.811,-0.827,-0.79,-0.809,-0.786,-0.72,-0.752,-0.821,-0.855,-0.809,-0.794,-0.813,-0.708,0,0
"2019-04-14 23:24:00.0",781827,-9999,-90.1,-18.43,-18.43,-0.316,-9999,-9999,12.0375,40.05,39.92,21.42,-0.762,-0.819,-0.871,-0.776,-0.819,-0.807,-0.712,-0.746,-0.809,-0.855,-0.782,-0.831,-0.796,-0.695,-0.748,-0.829,-0.855,-0.782,-0.803,-0.794,-0.704,-0.746,-0.855,-0.845,-0.786,-0.809,-0.794,-0.728,0,0
"2019-04-14 23:24:20.0",781828,-9999,-90.1,-18.5,-18.5,-0.317,-9999,-9999,12.0431,40.05,39.92,21.42,-0.764,-0.837,-0.853,-0.788,-0.796,-0.786,-0.706,-0.748,-0.841,-0.849,-0.784,-0.821,-0.776,-0.701,-0.742,-0.811,-0.851,-0.778,-0.796,-0.807,-0.704,-0.746,-0.825,-0.865,-0.78,-0.803,-0.768,-0.701,0,0
"2019-04-14 23:24:40.0",781829,-9999,-90,-18.57,-18.57,-0.318,-9999,-9999,12.0375,40.05,39.92,21.42,-0.758,-0.815,-0.865,-0.794,-0.813,-0.811,-0.71,-0.744,-0.819,-0.851,-0.782,-0.782,-0.788,-0.708,-0.746,-0.843,-0.871,-0.766,-0.807,-0.768,-0.699,-0.748,-0.805,-0.853,-0.78,-0.805,-0.79,-0.677,0,0
"2019-04-14 23:25:00.0",781830,-9999,-90,-18.64,-18.64,-0.32,-9999,-9999,12.0375,40.05,39.92,21.42,-0.76,-0.853,-0.863,-0.799,-0.819,-0.79,-0.689,-0.746,-0.807,-0.851,-0.784,-0.827,-0.79,-0.693,-0.744,-0.831,-0.825,-0.78,-0.803,-0.774,-0.714,-0.75,-0.845,-0.863,-0.784,-0.805,-0.811,-0.71,0,700
"2019-04-14 23:25:20.0",781831,-9999,-89.9,-18.71,-18.71,-0.321,-9999,-9999,12.0375,40.05,39.92,21.42,-0.76,-0.823,-0.867,-0.796,-0.817,-0.799,-0.712,-0.75,-0.833,-0.849,-0.788,-0.803,-0.811,-0.689,-0.742,-0.827,-0.851,-0.77,-0.784,-0.786,-0.683,-0.75,-0.823,-0.871,-0.784,-0.805,-0.794,-0.716,0,0
"2019-04-14 23:25:40.0",781832,-9999,-89.9,-18.78,-18.78,-0.322,-9999,-9999,12.0431,40.05,39.91,21.42,-0.756,-0.835,-0.839,-0.776,-0.827,-0.796,-0.73,-0.746,-0.835,-0.859,-0.784,-0.786,-0.792,-0.732,-0.746,-0.835,-0.875,-0.811,-0.803,-0.768,-0.697,-0.752,-0.813,-0.859,-0.782,-0.805,-0.792,-0.695,0,0
"2019-04-14 23:26:00.0",781833,-9999,-89.8,-18.85,-18.85,-0.323,-9999,-9999,12.0431,40.05,39.91,21.42,-0.766,-0.831,-0.861,-0.796,-0.821,-0.782,-0.726,-0.746,-0.839,-0.849,-0.809,-0.801,-0.774,-0.724,-0.75,-0.821,-0.849,-0.776,-0.805,-0.788,-0.699,-0.748,-0.825,-0.851,-0.803,-0.807,-0.811,-0.693,0,0
"2019-04-14 23:26:20.0",781834,-9999,-89.8,-18.92,-18.92,-0.324,-9999,-9999,12.0431,40.07,39.91,21.42,-0.758,-0.833,-0.855,-0.786,-0.811,-0.796,-0.685,-0.746,-0.841,-0.847,-0.778,-0.796,-0.77,-0.701,-0.748,-0.807,-0.821,-0.758,-0.821,-0.805,-0.708,-0.748,-0.815,-0.849,-0.782,-0.803,-0.774,-0.714,0,0
"2019-04-14 23:26:40.0",781835,-9999,-89.8,-18.99,-18.99,-0.325,-9999,-9999,12.0431,40.05,39.91,21.42,-0.764,-0.855,-0.857,-0.792,-0.792,-0.819,-0.701,-0.748,-0.839,-0.847,-0.776,-0.799,-0.809,-0.712,-0.742,-0.805,-0.827,-0.774,-0.799,-0.79,-0.685,-0.748,-0.819,-0.847,-0.776,-0.782,-0.805,-0.675,0,700
"2019-04-14 23:27:00.0",781836,-9999,-89.7,-19.07,-19.07,-0.327,-9999,-9999,12.0431,40.05,39.91,21.42,-0.762,-0.833,-0.875,-0.79,-0.817,-0.794,-0.722,-0.75,-0.825,-0.843,-0.776,-0.803,-0.792,-0.701,-0.744,-0.839,-0.827,-0.782,-0.799,-0.764,-0.697,-0.748,-0.807,-0.855,-0.784,-0.807,-0.788,-0.669,0,0
"2019-04-14 23:27:20.0",781837,-9999,-89.7,-19.14,-19.14,-0.328,-9999,-9999,12.0542,40.05,39.92,21.42,-0.756,-0.811,-0.857,-0.79,-0.813,-0.811,-0.722,-0.742,-0.821,-0.839,-0.778,-0.796,-0.794,-0.704,-0.75,-0.823,-0.843,-0.774,-0.823,-0.803,-0.712,-0.744,-0.825,-0.849,-0.78,-0.799,-0.766,-0.71,0,0
"2019-04-14 23:27:40.0",781838,-9999,-89.6,-19.21,-19.21,-0.329,-9999,-9999,12.0431,40.05,39.92,21.42,-0.754,-0.817,-0.865,-0.776,-0.817,-0.819,-0.712,-0.746,-0.827,-0.847,-0.78,-0.809,-0.817,-0.701,-0.744,-0.817,-0.819,-0.807,-0.803,-0.788,-0.714,-0.748,-0.851,-0.851,-0.774,-0.799,-0.805,-0.708,0,0
"2019-04-14 23:28:00.0",781839,-9999,-89.6,-19.28,-19.28,-0.33,-9999,-9999,12.0431,40.05,39.92,21.42,-0.758,-0.813,-0.883,-0.813,-0.819,-0.803,-0.699,-0.744,-0.827,-0.849,-0.768,-0.809,-0.799,-0.697,-0.746,-0.815,-0.829,-0.805,-0.801,-0.768,-0.726,-0.748,-0.827,-0.849,-0.766,-0.796,-0.794,-0.722,0,0
"2019-04-14 23:28:20.0",781840,-9999,-89.5,-19.35,-19.35,-0.331,-9999,-9999,12.0431,40.05,39.92,21.42,-0.766,-0.815,-0.861,-0.792,-0.815,-0.796,-0.693,-0.744,-0.809,-0.857,-0.782,-0.809,-0.794,-0.704,-0.742,-0.825,-0.855,-0.782,-0.796,-0.786,-0.679,-0.744,-0.847,-0.853,-0.788,-0.827,-0.79,-0.679,0,700
"2019-04-14 23:28:40.0",781841,-9999,-89.5,-19.42,-19.42,-0.332,-9999,-9999,12.0431,40.07,39.92,21.42,-0.756,-0.845,-0.859,-0.811,-0.813,-0.813,-0.706,-0.746,-0.837,-0.823,-0.774,-0.786,-0.788,-0.71,-0.744,-0.813,-0.849,-0.805,-0.809,-0.77,-0.685,-0.746,-0.827,-0.877,-0.764,-0.801,-0.79,-0.71,0,0
"2019-04-14 23:29:00.0",781842,-9999,-89.4,-19.49,-19.49,-0.334,-9999,-9999,12.0431,40.05,39.92,21.42,-0.756,-0.827,-0.853,-0.794,-0.815,-0.782,-0.712,-0.75,-0.805,-0.843,-0.772,-0.78,-0.77,-0.72,-0.748,-0.799,-0.823,-0.78,-0.799,-0.807,-0.697,-0.756,-0.821,-0.843,-0.805,-0.805,-0.762,-0.667,0,0
"2019-04-14 23:29:20.0",781843,-9999,-89.4,-19.56,-19.56,-0.335,-9999,-9999,12.0431,40.05,39.92,21.42,-0.756,-0.837,-0.869,-0.796,-0.815,-0.786,-0.685,-0.748,-0.821,-0.857,-0.778,-0.786,-0.78,-0.732,-0.744,-0.837,-0.851,-0.782,-0.801,-0.811,-0.701,-0.746,-0.815,-0.849,-0.782,-0.809,-0.768,-0.677,0,0
"2019-04-14 23:29:40.0",781844,-9999,-89.4,-19.63,-19.63,-0.336,-9999,-9999,12.0431,40.05,39.92,21.42,-0.756,-0.847,-0.851,-0.792,-0.813,-0.776,-0.687,-0.754,-0.835,-0.869,-0.778,-0.823,-0.77,-0.718,-0.742,-0.823,-0.853,-0.78,-0.796,-0.807,-0.697,-0.75,-0.815,-0.855,-0.782,-0.803,-0.766,-0.697,0,0
"2019-04-14 23:30:00.0",781845,-9999,-89.3,-19.7,-19.7,-0.337,-9999,-9999,12.0431,40.05,39.92,21.42,-0.762,-0.811,-0.855,-0.788,-0.809,-0.811,-0.677,-0.748,-0.815,-0.843,-0.782,-0.807,-0.788,-0.722,-0.746,-0.821,-0.841,-0.782,-0.801,-0.782,-0.697,-0.75,-0.839,-0.845,-0.774,-0.799,-0.766,-0.681,0,700
"2019-04-14 23:30:20.0",781846,-9999,-89.3,-19.77,-19.77,-0.338,-9999,-9999,12.0431,40.05,39.92,21.42,-0.758,-0.853,-0.857,-0.786,-0.796,-0.78,-0.685,-0.752,-0.829,-0.839,-0.782,-0.803,-0.776,-0.722,-0.742,-0.799,-0.849,-0.801,-0.796,-0.801,-0.699,-0.752,-0.815,-0.843,-0.758,-0.786,-0.764,-0.695,0,0
"2019-04-14 23:30:40.0",781847,-9999,-89.2,-19.84,-19.84,-0.339,-9999,-9999,12.0431,40.06,39.92,21.42,-0.76,-0.819,-0.879,-0.788,-0.835,-0.805,-0.708,-0.752,-0.829,-0.845,-0.78,-0.803,-0.79,-0.73,-0.742,-0.823,-0.869,-0.774,-0.803,-0.764,-0.712,-0.754,-0.843,-0.819,-0.78,-0.807,-0.786,-0.685,0,0
"2019-04-14 23:31:00.0",781848,-9999,-89.2,-19.91,-19.91,-0.341,-9999,-9999,12.0431,40.07,39.92,21.42,-0.758,-0.849,-0.857,-0.79,-0.811,-0.817,-0.708,-0.744,-0.823,-0.831,-0.786,-0.807,-0.786,-0.708,-0.744,-0.839,-0.855,-0.778,-0.786,-0.77,-0.677,-0.742,-0.809,-0.843,-0.782,-0.825,-0.79,-0.675,0,0
"2019-04-14 23:31:20.0",781849,-9999,-89.1,-19.98,-19.98,-0.342,-9999,-9999,12.0431,40.06,39.92,21.42,-0.756,-0.833,-0.857,-0.794,-0.796,-0.778,-0.691,-0.746,-0.835,-0.839,-0.778,-0.784,-0.784,-0.72,-0.744,-0.799,-0.847,-0.776,-0.786,-0.807,-0.695,-0.744,-0.815,-0.839,-0.778,-0.825,-0.786,-0.673,0,0
"2019-04-14 23:31:40.0",781850,-9999,-89.1,-20.05,-20.05,-0.343,-9999,-9999,12.0431,40.06,39.92,21.42,-0.754,-0.813,-0.841,-0.79,-0.809,-0.782,-0.722,-0.742,-0.796,-0.851,-0.782,-0.807,-0.817,-0.695,-0.742,-0.805,-0.847,-0.78,-0.807,-0.776,-0.699,-0.742,-0.823,-0.853,-0.782,-0.786,-0.766,-0.712,0,700
"2019-04-14 23:32:00.0",781851,-9999,-89,-20.12,-20.12,-0.344,-9999,-9999,12.0431,40.06,39.92,21.42,-0.756,-0.853,-0.851,-0.774,-0.835,-0.776,-0.706,-0.742,-0.841,-0.841,-0.78,-0.821,-0.807,-0.716,-0.744,-0.835,-0.839,-0.772,-0.796,-0.762,-0.695,-0.748,-0.803,-0.837,-0.774,-0.801,-0.799,-0.675,0,0
"2019-04-14 23:32:20.0",781852,-9999,-89,-20.2,-20.2,-0.345,-9999,-9999,12.0375,40.06,39.91,21.45,-0.756,-0.849,-0.855,-0.79,-0.829,-0.782,-0.722,-0.742,-0.825,-0.847,-0.782,-0.803,-0.792,-0.687,-0.748,-0.831,-0.849,-0.776,-0.825,-0.766,-0.718,-0.744,-0.807,-0.845,-0.78,-0.805,-0.784,-0.71,0,0
"2019-04-14 23:32:40.0",781853,-9999,-89,-20.27,-20.27,-0.346,-9999,-9999,12.0375,40.06,39.91,21.45,-0.756,-0.839,-0.831,-0.79,-0.79,-0.815,-0.693,-0.744,-0.825,-0.865,-0.809,-0.803,-0.794,-0.714,-0.746,-0.801,-0.855,-0.772,-0.778,-0.77,-0.673,-0.748,-0.819,-0.851,-0.805,-0.801,-0.786,-0.722,0,0
"2019-04-14 23:33:00.0",781854,-9999,-88.9,-20.34,-20.34,-0.348,-9999,-9999,12.0431,40.06,39.91,21.45,-0.754,-0.851,-0.859,-0.788,-0.811,-0.79,-0.724,-0.742,-0.815,-0.841,-0.76,-0.796,-0.809,-0.687,-0.744,-0.833,-0.849,-0.788,-0.799,-0.78,-0.706,-0.744,-0.807,-0.841,-0.756,-0.799,-0.764,-0.691,0,0
"2019-04-14 23:33:20.0",781855,-9999,-88.9,-20.41,-20.41,-0.349,-9999,-9999,12.0431,40.06,39.91,21.45,-0.754,-0.835,-0.855,-0.786,-0.807,-0.819,-0.681,-0.744,-0.815,-0.839,-0.799,-0.803,-0.811,-0.699,-0.744,-0.79,-0.843,-0.776,-0.78,-0.778,-0.681,-0.742,-0.821,-0.839,-0.796,-0.796,-0.762,-0.669,0,700
"2019-04-14 23:33:40.0",781856,-9999,-88.8,-20.48,-20.48,-0.35,-9999,-9999,12.0431,40.06,39.91,21.45,-0.752,-0.829,-0.875,-0.792,-0.835,-0.813,-0.71,-0.744,-0.839,-0.841,-0.778,-0.784,-0.776,-0.704,-0.738,-0.792,-0.859,-0.778,-0.801,-0.811,-0.689,-0.744,-0.815,-0.821,-0.78,-0.817,-0.782,-0.673,0,0
"2019-04-14 23:34:00.0",781857,-9999,-88.8,-20.55,-20.55,-0.351,-9999,-9999,12.0375,40.07,39.92,21.45,-0.754,-0.827,-0.883,-0.786,-0.831,-0.782,-0.726,-0.744,-0.811,-0.849,-0.78,-0.803,-0.813,-0.689,-0.744,-0.805,-0.843,-0.782,-0.786,-0.782,-0.718,-0.744,-0.819,-0.849,-0.782,-0.801,-0.772,-0.718,0,0
"2019-04-14 23:34:20.0",781858,-9999,-88.7,-20.62,-20.62,-0.352,-9999,-9999,12.0375,40.06,39.92,21.45,-0.752,-0.827,-0.861,-0.786,-0.815,-0.817,-0.708,-0.748,-0.841,-0.855,-0.776,-0.786,-0.786,-0.697,-0.744,-0.799,-0.823,-0.788,-0.796,-0.809,-0.681,-0.746,-0.819,-0.853,-0.78,-0.803,-0.768,-0.712,0,0
"2019-04-14 23:34:40.0",781859,-9999,-88.7,-20.69,-20.69,-0.353,-9999,-9999,12.0431,40.06,39.92,21.45,-0.75,-0.851,-0.857,-0.788,-0.817,-0.774,-0.714,-0.748,-0.837,-0.839,-0.78,-0.796,-0.809,-0.701,-0.742,-0.839,-0.863,-0.756,-0.799,-0.774,-0.712,-0.744,-0.803,-0.847,-0.77,-0.803,-0.764,-0.695,0,0
"2019-04-14 23:35:00.0",781860,-9999,-88.6,-20.76,-20.76,-0.354,-9999,-9999,12.0431,40.06,39.92,21.45,-0.752,-0.829,-0.853,-0.79,-0.817,-0.805,-0.695,-0.742,-0.805,-0.845,-0.776,-0.782,-0.782,-0.71,-0.742,-0.799,-0.837,-0.758,-0.78,-0.768,-0.691,-0.748,-0.813,-0.839,-0.776,-0.819,-0.803,-0.712,0,700
"2019-04-14 23:35:20.0",781861,-9999,-88.6,-20.83,-20.83,-0.356,-9999,-9999,12.0431,40.06,39.92,21.45,-0.756,-0.827,-0.859,-0.786,-0.837,-0.811,-0.724,-0.746,-0.843,-0.859,-0.772,-0.796,-0.786,-0.683,-0.738,-0.839,-0.843,-0.774,-0.799,-0.76,-0.712,-0.744,-0.805,-0.843,-0.801,-0.799,-0.782,-0.71,0,0
"2019-04-14 23:35:40.0",781862,-9999,-88.6,-20.9,-20.9,-0.357,-9999,-9999,12.0486,40.06,39.91,21.45,-0.75,-0.829,-0.855,-0.788,-0.815,-0.776,-0.683,-0.746,-0.803,-0.849,-0.774,-0.796,-0.778,-0.701,-0.738,-0.815,-0.841,-0.774,-0.794,-0.805,-0.679,-0.748,-0.827,-0.851,-0.805,-0.801,-0.782,-0.663,0,0
"2019-04-14 23:36:00.0",781863,-9999,-88.5,-20.97,-20.97,-0.358,-9999,-9999,12.0431,40.06,39.91,21.45,-0.762,-0.831,-0.859,-0.79,-0.839,-0.819,-0.71,-0.74,-0.803,-0.841,-0.782,-0.803,-0.807,-0.689,-0.748,-0.829,-0.865,-0.764,-0.803,-0.782,-0.714,-0.744,-0.843,-0.827,-0.782,-0.799,-0.766,-0.704,0,0
"2019-04-14 23:36:20.0",781864,-9999,-88.5,-21.04,-21.04,-0.359,-9999,-9999,12.0431,40.06,39.91,21.45,-0.758,-0.815,-0.881,-0.786,-0.811,-0.821,-0.687,-0.744,-0.805,-0.847,-0.776,-0.803,-0.776,-0.706,-0.746,-0.803,-0.843,-0.78,-0.801,-0.809,-0.685,-0.74,-0.823,-0.853,-0.792,-0.821,-0.784,-0.675,0,0
"2019-04-14 23:36:40.0",781865,-9999,-88.4,-21.11,-21.11,-0.36,-9999,-9999,12.0431,40.06,39.91,21.45,-0.756,-0.849,-0.861,-0.786,-0.811,-0.813,-0.72,-0.74,-0.811,-0.823,-0.774,-0.794,-0.774,-0.681,-0.744,-0.823,-0.841,-0.772,-0.817,-0.794,-0.716,-0.742,-0.843,-0.867,-0.776,-0.801,-0.768,-0.706,0,700
"2019-04-14 23:37:00.0",781866,-9999,-88.4,-21.18,-21.18,-0.361,-9999,-9999,12.0431,40.07,39.91,21.45,-0.75,-0.821,-0.853,-0.79,-0.796,-0.817,-0.718,-0.744,-0.815,-0.871,-0.776,-0.813,-0.813,-0.701,-0.748,-0.796,-0.841,-0.774,-0.821,-0.776,-0.714,-0.744,-0.825,-0.853,-0.774,-0.807,-0.784,-0.687,0,0
"2019-04-14 23:37:20.0",781867,-9999,-88.3,-21.25,-21.25,-0.363,-9999,-9999,12.0375,40.06,39.92,21.45,-0.754,-0.857,-0.861,-0.792,-0.815,-0.803,-0.699,-0.746,-0.817,-0.837,-0.78,-0.827,-0.817,-0.706,-0.738,-0.835,-0.853,-0.764,-0.799,-0.784,-0.677,-0.742,-0.829,-0.847,-0.774,-0.799,-0.77,-0.673,0,0
"2019-04-14 23:37:40.0",781868,-9999,-88.3,-21.32,-21.32,-0.364,-9999,-9999,12.0431,40.06,39.92,21.45,-0.75,-0.831,-0.865,-0.79,-0.796,-0.819,-0.726,-0.744,-0.805,-0.827,-0.78,-0.803,-0.813,-0.71,-0.738,-0.823,-0.851,-0.778,-0.799,-0.786,-0.685,-0.744,-0.823,-0.851,-0.762,-0.809,-0.766,-0.712,0,0
"2019-04-14 23:38:00.0",781869,-9999,-88.2,-21.39,-21.39,-0.365,-9999,-9999,12.0431,40.06,39.92,21.45,-0.756,-0.815,-0.857,-0.792,-0.813,-0.801,-0.71,-0.746,-0.809,-0.855,-0.799,-0.805,-0.813,-0.699,-0.744,-0.799,-0.847,-0.776,-0.803,-0.768,-0.718,-0.748,-0.823,-0.851,-0.805,-0.786,-0.809,-0.72,0,0
"2019-04-14 23:38:20.0",781870,-9999,-88.2,-21.47,-21.47,-0.366,-9999,-9999,12.0375,40.06,39.92,21.45,-0.758,-0.837,-0.887,-0.799,-0.835,-0.825,-0.71,-0.75,-0.831,-0.853,-0.782,-0.803,-0.794,-0.722,-0.746,-0.837,-0.841,-0.78,-0.823,-0.774,-0.708,-0.746,-0.847,-0.851,-0.78,-0.809,-0.79,-0.693,0,700
"2019-04-14 23:38:40.0",781871,-9999,-88.2,-21.54,-21.54,-0.367,-9999,-9999,12.0375,40.06,39.92,21.45,-0.754,-0.857,-0.859,-0.794,-0.813,-0.784,-0.699,-0.744,-0.845,-0.843,-0.803,-0.801,-0.772,-0.687,-0.742,-0.821,-0.849,-0.774,-0.799,-0.801,-0.701,-0.752,-0.825,-0.843,-0.803,-0.821,-0.768,-0.706,0,0
"2019-04-14 23:39:00.0",781872,-9999,-88.1,-21.61,-21.61,-0.368,-9999,-9999,12.0375,40.05,39.91,21.45,-0.764,-0.835,-0.877,-0.79,-0.809,-0.78,-0.706,-0.742,-0.819,-0.847,-0.776,-0.801,-0.805,-0.726,-0.75,-0.845,-0.843,-0.776,-0.803,-0.78,-0.669,-0.746,-0.809,-0.847,-0.801,-0.823,-0.766,-0.693,0,0
"2019-04-14 23:39:20.0",781873,-9999,-88.1,-21.68,-21.68,-0.369,-9999,-9999,12.0431,40.05,39.91,21.45,-0.752,-0.861,-0.859,-0.792,-0.813,-0.825,-0.712,-0.746,-0.845,-0.829,-0.78,-0.805,-0.815,-0.738,-0.74,-0.805,-0.849,-0.764,-0.786,-0.788,-0.683,-0.744,-0.819,-0.843,-0.782,-0.805,-0.811,-0.716,0,0
"2019-04-14 23:39:40.0",781874,-9999,-88,-21.75,-21.75,-0.371,-9999,-9999,12.0431,40.05,39.91,21.45,-0.752,-0.839,-0.849,-0.786,-0.794,-0.792,-0.701,-0.748,-0.811,-0.851,-0.774,-0.801,-0.803,-0.706,-0.746,-0.835,-0.849,-0.778,-0.805,-0.784,-0.699,-0.742,-0.803,-0.847,-0.774,-0.786,-0.805,-0.671,0,0
"2019-04-14 23:40:00.0",781875,-9999,-88,-21.82,-21.82,-0.372,-9999,-9999,12.0431,40.05,39.91,21.45,-0.76,-0.819,-0.859,-0.786,-0.815,-0.786,-0.728,-0.754,-0.829,-0.857,-0.762,-0.811,-0.778,-0.726,-0.744,-0.827,-0.875,-0.801,-0.784,-0.809,-0.71,-0.75,-0.827,-0.827,-0.766,-0.803,-0.772,-0.677,0,700
"2019-04-14 23:40:20.0",781876,-9999,-87.9,-21.89,-21.89,-0.373,-9999,-9999,12.0431,40.05,39.91,21.45,-0.752,-0.815,-0.857,-0.788,-0.831,-0.776,-0.685,-0.742,-0.803,-0.843,-0.776,-0.799,-0.774,-0.681,-0.754,-0.823,-0.841,-0.782,-0.801,-0.809,-0.712,-0.742,-0.833,-0.849,-0.776,-0.803,-0.79,-0.695,0,0
"2019-04-14 23:40:40.0",781877,-9999,-87.9,-21.96,-21.96,-0.374,-9999,-9999,12.0431,40.06,39.92,21.45,-0.754,-0.851,-0.887,-0.79,-0.815,-0.78,-0.728,-0.744,-0.831,-0.849,-0.79,-0.807,-0.813,-0.697,-0.742,-0.811,-0.827,-0.78,-0.799,-0.788,-0.704,-0.746,-0.829,-0.853,-0.786,-0.784,-0.807,-0.704,0,0
"2019-04-14 23:41:00.0",781878,-9999,-87.8,-22.03,-22.03,-0.375,-9999,-9999,12.0431,40.06,39.92,21.45,-0.758,-0.857,-0.861,-0.815,-0.823,-0.799,-0.691,-0.746,-0.843,-0.855,-0.778,-0.803,-0.78,-0.728,-0.746,-0.803,-0.847,-0.782,-0.803,-0.786,-0.687,-0.746,-0.825,-0.869,-0.776,-0.805,-0.784,-0.693,0,0
"2019-04-14 23:41:20.0",781879,-9999,-87.8,-22.1,-22.1,-0.376,-9999,-9999,12.0431,40.06,39.92,21.48,-0.756,-0.855,-0.879,-0.784,-0.815,-0.801,-0.706,-0.746,-0.843,-0.851,-0.776,-0.801,-0.809,-0.691,-0.744,-0.792,-0.833,-0.778,-0.801,-0.78,-0.718,-0.746,-0.821,-0.841,-0.774,-0.794,-0.805,-0.699,0,0
"2019-04-14 23:41:40.0",781880,-9999,-87.7,-22.17,-22.17,-0.377,-9999,-9999,12.0431,40.06,39.92,21.45,-0.752,-0.837,-0.855,-0.796,-0.811,-0.815,-0.72,-0.744,-0.845,-0.857,-0.813,-0.829,-0.778,-0.697,-0.752,-0.807,-0.875,-0.778,-0.803,-0.803,-0.72,-0.742,-0.827,-0.851,-0.809,-0.803,-0.766,-0.701,0,700
"2019-04-14 23:42:00.0",781881,-9999,-87.7,-22.24,-22.24,-0.379,-9999,-9999,12.0431,40.07,39.92,21.48,-0.76,-0.829,-0.859,-0.782,-0.829,-0.792,-0.736,-0.75,-0.825,-0.845,-0.784,-0.807,-0.809,-0.693,-0.742,-0.833,-0.853,-0.774,-0.801,-0.78,-0.716,-0.748,-0.807,-0.839,-0.78,-0.801,-0.813,-0.697,0,0
"2019-04-14 23:42:20.0",781882,-9999,-87.7,-22.31,-22.31,-0.38,-9999,-9999,12.0542,40.06,39.92,21.45,-0.766,-0.821,-0.887,-0.799,-0.811,-0.823,-0.71,-0.754,-0.831,-0.851,-0.762,-0.796,-0.796,-0.732,-0.744,-0.841,-0.841,-0.792,-0.805,-0.77,-0.704,-0.748,-0.811,-0.855,-0.766,-0.79,-0.79,-0.673,0,0
"2019-04-14 23:42:40.0",781883,-9999,-87.6,-22.38,-22.38,-0.381,-9999,-9999,12.0431,40.06,39.92,21.48,-0.756,-0.821,-0.857,-0.79,-0.839,-0.821,-0.712,-0.746,-0.831,-0.857,-0.782,-0.813,-0.792,-0.691,-0.744,-0.829,-0.855,-0.786,-0.805,-0.77,-0.704,-0.746,-0.845,-0.843,-0.786,-0.807,-0.79,-0.691,0,0
"2019-04-14 23:43:00.0",781884,-9999,-87.6,-22.45,-22.45,-0.382,-9999,-9999,12.0431,40.06,39.92,21.48,-0.758,-0.831,-0.861,-0.794,-0.813,-0.821,-0.701,-0.742,-0.815,-0.853,-0.778,-0.807,-0.813,-0.722,-0.754,-0.843,-0.851,-0.78,-0.801,-0.784,-0.706,-0.748,-0.801,-0.845,-0.78,-0.803,-0.807,-0.675,0,0
"2019-04-14 23:43:20.0",781885,-9999,-87.5,-22.52,-22.52,-0.383,-9999,-9999,12.0431,40.06,39.92,21.45,-0.756,-0.855,-0.855,-0.788,-0.815,-0.799,-0.706,-0.748,-0.839,-0.847,-0.784,-0.803,-0.774,-0.691,-0.746,-0.803,-0.843,-0.776,-0.827,-0.807,-0.718,-0.746,-0.823,-0.853,-0.78,-0.805,-0.776,-0.693,0,700
"2019-04-14 23:43:40.0",781886,-9999,-87.5,-22.6,-22.6,-0.384,-9999,-9999,12.0431,40.06,39.92,21.48,-0.756,-0.841,-0.863,-0.794,-0.803,-0.819,-0.714,-0.738,-0.825,-0.853,-0.784,-0.79,-0.815,-0.724,-0.748,-0.839,-0.853,-0.784,-0.807,-0.784,-0.699,-0.742,-0.796,-0.847,-0.78,-0.827,-0.811,-0.683,0,0
"2019-04-14 23:44:00.0",781887,-9999,-87.4,-22.67,-22.67,-0.385,-9999,-9999,12.0375,40.06,39.92,21.48,-0.758,-0.805,-0.839,-0.79,-0.811,-0.823,-0.681,-0.752,-0.811,-0.823,-0.786,-0.805,-0.778,-0.726,-0.746,-0.811,-0.847,-0.78,-0.805,-0.784,-0.701,-0.744,-0.829,-0.849,-0.786,-0.801,-0.772,-0.687,0,0
"2019-04-14 23:44:20.0",781888,-9999,-87.4,-22.74,-22.74,-0.386,-9999,-9999,12.0431,40.06,39.92,21.48,-0.76,-0.855,-0.853,-0.788,-0.837,-0.78,-0.714,-0.748,-0.839,-0.869,-0.778,-0.827,-0.772,-0.712,-0.742,-0.794,-0.849,-0.772,-0.817,-0.805,-0.697,-0.748,-0.817,-0.847,-0.78,-0.803,-0.782,-0.669,0,0
"2019-04-14 23:44:40.0",781889,-9999,-87.3,-22.81,-22.81,-0.388,-9999,-9999,12.0431,40.06,39.92,21.48,-0.76,-0.839,-0.867,-0.796,-0.837,-0.78,-0.681,-0.744,-0.847,-0.845,-0.778,-0.809,-0.794,-0.724,-0.748,-0.811,-0.845,-0.784,-0.809,-0.799,-0.708,-0.75,-0.835,-0.857,-0.784,-0.786,-0.79,-0.683,0,0
"2019-04-14 23:45:00.0",781890,-9999,-87.3,-22.88,-22.88,-0.389,-9999,-9999,12.0431,40.06,39.92,21.48,-0.76,-0.833,-0.857,-0.776,-0.796,-0.794,-0.72,-0.748,-0.829,-0.849,-0.782,-0.807,-0.778,-0.691,-0.75,-0.823,-0.855,-0.784,-0.803,-0.784,-0.708,-0.744,-0.851,-0.841,-0.784,-0.807,-0.79,-0.695,0,700
"2019-04-14 23:45:20.0",781891,-9999,-87.2,-22.95,-22.95,-0.39,-9999,-9999,12.0486,40.06,39.92,21.48,-0.756,-0.825,-0.859,-0.792,-0.835,-0.801,-0.706,-0.744,-0.829,-0.845,-0.799,-0.821,-0.788,-0.706,-0.742,-0.833,-0.845,-0.776,-0.796,-0.805,-0.683,-0.748,-0.803,-0.847,-0.77,-0.801,-0.768,-0.691,0,0
"2019-04-14 23:45:40.0",781892,-9999,-87.2,-23.02,-23.02,-0.391,-9999,-9999,12.0375,40.06,39.92,21.48,-0.758,-0.833,-0.873,-0.792,-0.833,-0.784,-0.726,-0.748,-0.827,-0.851,-0.79,-0.823,-0.778,-0.71,-0.748,-0.811,-0.857,-0.78,-0.801,-0.805,-0.683,-0.752,-0.827,-0.849,-0.807,-0.811,-0.772,-0.708,0,0
"2019-04-14 23:46:00.0",781893,-9999,-87.2,-23.09,-23.09,-0.392,-9999,-9999,12.0431,40.06,39.92,21.48,-0.756,-0.825,-0.865,-0.78,-0.815,-0.805,-0.689,-0.74,-0.819,-0.867,-0.786,-0.801,-0.776,-0.716,-0.752,-0.819,-0.853,-0.778,-0.825,-0.801,-0.699,-0.748,-0.821,-0.849,-0.801,-0.811,-0.79,-0.679,0,0
"2019-04-14 23:46:20.0",781894,-9999,-87.1,-23.16,-23.16,-0.393,-9999,-9999,12.0431,40.06,39.92,21.48,-0.76,-0.847,-0.831,-0.786,-0.813,-0.792,-0.71,-0.746,-0.841,-0.853,-0.778,-0.801,-0.774,-0.708,-0.744,-0.843,-0.851,-0.778,-0.784,-0.803,-0.71,-0.754,-0.799,-0.841,-0.782,-0.799,-0.77,-0.71,0,0
"2019-04-14 23:46:40.0",781895,-9999,-87.1,-23.23,-23.23,-0.394,-9999,-9999,12.0431,40.06,39.92,21.48,-0.758,-0.823,-0.857,-0.799,-0.813,-0.786,-0.691,-0.752,-0.821,-0.855,-0.809,-0.809,-0.786,-0.726,-0.75,-0.831,-0.861,-0.782,-0.801,-0.811,-0.679,-0.744,-0.845,-0.855,-0.78,-0.805,-0.774,-0.699,0,700
"2019-04-14 23:47:00.0",781896,-9999,-87,-23.3,-23.3,-0.396,-9999,-9999,12.0431,40.06,39.92,21.48,-0.762,-0.837,-0.857,-0.813,-0.79,-0.79,-0.71,-0.744,-0.815,-0.839,-0.762,-0.801,-0.807,-0.71,-0.746,-0.831,-0.847,-0.77,-0.78,-0.784,-0.699,-0.744,-0.801,-0.849,-0.78,-0.827,-0.801,-0.71,0,0
"2019-04-14 23:47:20.0",781897,-9999,-87,-23.37,-23.37,-0.397,-9999,-9999,12.0431,40.06,39.91,21.48,-0.756,-0.817,-0.839,-0.796,-0.819,-0.805,-0.691,-0.752,-0.833,-0.859,-0.786,-0.835,-0.796,-0.716,-0.746,-0.829,-0.849,-0.782,-0.831,-0.772,-0.679,-0.752,-0.829,-0.871,-0.784,-0.807,-0.79,-0.716,0,0
"2019-04-14 23:47:40.0",781898,-9999,-86.9,-23.44,-23.44,-0.398,-9999,-9999,12.0375,40.06,39.91,21.48,-0.76,-0.821,-0.867,-0.794,-0.819,-0.788,-0.701,-0.748,-0.819,-0.847,-0.78,-0.805,-0.792,-0.704,-0.75,-0.825,-0.857,-0.788,-0.823,-0.768,-0.673,-0.748,-0.827,-0.827,-0.78,-0.803,-0.786,-0.71,0,0
"2019-04-14 23:48:00.0",781899,-9999,-86.9,-23.51,-23.51,-0.399,-9999,-9999,12.0431,40.06,39.91,21.48,-0.766,-0.855,-0.859,-0.774,-0.813,-0.796,-0.718,-0.748,-0.807,-0.849,-0.78,-0.786,-0.815,-0.683,-0.748,-0.807,-0.851,-0.778,-0.803,-0.766,-0.716,-0.75,-0.815,-0.843,-0.774,-0.799,-0.784,-0.691,0,0
"2019-04-14 23:48:20.0",781900,-9999,-86.8,-23.58,-23.58,-0.4,-9999,-9999,12.0375,40.06,39.91,21.48,-0.762,-0.829,-0.861,-0.77,-0.837,-0.78,-0.699,-0.75,-0.839,-0.845,-0.786,-0.825,-0.815,-0.724,-0.748,-0.845,-0.849,-0.774,-0.801,-0.768,-0.708,-0.746,-0.805,-0.847,-0.774,-0.803,-0.778,-0.677,0,700
"2019-04-14 23:48:40.0",781901,-9999,-86.8,-23.65,-23.65,-0.401,-9999,-9999,12.0431,40.06,39.91,21.48,-0.76,-0.845,-0.853,-0.79,-0.811,-0.784,-0.71,-0.75,-0.807,-0.859,-0.786,-0.809,-0.819,-0.699,-0.746,-0.825,-0.855,-0.764,-0.805,-0.794,-0.714,-0.748,-0.843,-0.863,-0.784,-0.803,-0.807,-0.699,0,0
"2019-04-14 23:49:00.0",781902,-9999,-86.7,-23.72,-23.72,-0.402,-9999,-9999,12.0431,40.06,39.91,21.48,-0.766,-0.827,-0.883,-0.792,-0.817,-0.794,-0.718,-0.754,-0.796,-0.853,-0.78,-0.79,-0.774,-0.681,-0.746,-0.827,-0.857,-0.78,-0.799,-0.807,-0.718,-0.756,-0.853,-0.851,-0.782,-0.813,-0.778,-0.697,0,0
"2019-04-14 23:49:20.0",781903,-9999,-86.7,-23.79,-23.79,-0.403,-9999,-9999,12.0431,40.06,39.91,21.48,-0.76,-0.821,-0.863,-0.794,-0.801,-0.803,-0.699,-0.75,-0.829,-0.857,-0.788,-0.809,-0.78,-0.728,-0.746,-0.837,-0.835,-0.792,-0.827,-0.813,-0.683,-0.746,-0.829,-0.857,-0.762,-0.805,-0.817,-0.695,0,0
"2019-04-14 23:49:40.0",781904,-9999,-86.6,-23.87,-23.87,-0.405,-9999,-9999,12.0431,40.06,39.91,21.48,-0.758,-0.837,-0.857,-0.794,-0.819,-0.786,-0.73,-0.754,-0.835,-0.843,-0.78,-0.788,-0.792,-0.71,-0.75,-0.821,-0.845,-0.78,-0.807,-0.807,-0.697,-0.748,-0.823,-0.857,-0.76,-0.809,-0.774,-0.714,0,0
"2019-04-14 23:50:00.0",781905,-9999,-86.6,-23.94,-23.94,-0.406,-9999,-9999,12.0431,40.06,39.91,21.48,-0.76,-0.833,-0.835,-0.792,-0.817,-0.782,-0.704,-0.746,-0.851,-0.861,-0.788,-0.807,-0.813,-0.689,-0.752,-0.845,-0.851,-0.809,-0.823,-0.776,-0.728,-0.744,-0.805,-0.853,-0.762,-0.809,-0.807,-0.708,0,700
"2019-04-14 23:50:20.0",781906,-9999,-86.6,-24.01,-24.01,-0.407,-9999,-9999,12.0431,40.06,39.91,21.48,-0.762,-0.835,-0.869,-0.794,-0.815,-0.78,-0.704,-0.75,-0.851,-0.857,-0.788,-0.811,-0.782,-0.73,-0.748,-0.831,-0.853,-0.782,-0.807,-0.792,-0.708,-0.754,-0.833,-0.835,-0.786,-0.807,-0.796,-0.683,0,0
"2019-04-14 23:50:40.0",781907,-9999,-86.5,-24.08,-24.08,-0.408,-9999,-9999,12.0431,40.06,39.91,21.48,-0.76,-0.825,-0.869,-0.799,-0.823,-0.782,-0.728,-0.754,-0.835,-0.851,-0.78,-0.809,-0.817,-0.726,-0.752,-0.853,-0.845,-0.762,-0.827,-0.786,-0.687,-0.75,-0.823,-0.823,-0.78,-0.807,-0.811,-0.675,0,0
"2019-04-14 23:51:00.0",781908,-9999,-86.5,-24.15,-24.15,-0.409,-9999,-9999,12.0431,40.06,39.91,21.48,-0.762,-0.813,-0.861,-0.79,-0.843,-0.784,-0.687,-0.746,-0.825,-0.857,-0.768,-0.813,-0.811,-0.689,-0.758,-0.835,-0.851,-0.784,-0.815,-0.776,-0.72,-0.748,-0.811,-0.849,-0.784,-0.805,-0.788,-0.697,0,0
"2019-04-14 23:51:20.0",781909,-9999,-86.4,-24.22,-24.22,-0.41,-9999,-9999,12.0431,40.06,39.91,21.48,-0.756,-0.815,-0.863,-0.796,-0.819,-0.823,-0.691,-0.756,-0.857,-0.847,-0.782,-0.794,-0.794,-0.693,-0.75,-0.845,-0.829,-0.782,-0.807,-0.809,-0.724,-0.756,-0.831,-0.855,-0.811,-0.809,-0.776,-0.697,0,0
"2019-04-14 23:51:40.0",781910,-9999,-86.4,-24.29,-24.29,-0.411,-9999,-9999,12.0431,40.06,39.91,21.48,-0.764,-0.839,-0.889,-0.794,-0.821,-0.813,-0.72,-0.75,-0.847,-0.861,-0.786,-0.811,-0.792,-0.699,-0.758,-0.819,-0.859,-0.79,-0.831,-0.799,-0.718,-0.746,-0.841,-0.859,-0.807,-0.807,-0.811,-0.699,0,700
"2019-04-14 23:52:00.0",781911,-9999,-86.3,-24.36,-24.36,-0.412,-9999,-9999,12.0375,40.06,39.91,21.48,-0.76,-0.845,-0.863,-0.801,-0.821,-0.79,-0.722,-0.754,-0.811,-0.855,-0.782,-0.807,-0.799,-0.691,-0.752,-0.829,-0.851,-0.784,-0.829,-0.813,-0.728,-0.75,-0.851,-0.855,-0.784,-0.803,-0.772,-0.72,0,0
"2019-04-14 23:52:20.0",781912,-9999,-86.3,-24.43,-24.43,-0.414,-9999,-9999,12.0431,40.06,39.91,21.48,-0.766,-0.855,-0.894,-0.796,-0.843,-0.801,-0.718,-0.752,-0.807,-0.861,-0.794,-0.813,-0.799,-0.697,-0.752,-0.835,-0.863,-0.784,-0.829,-0.815,-0.72,-0.752,-0.853,-0.857,-0.776,-0.811,-0.786,-0.697,0,0
"2019-04-14 23:52:40.0",781913,-9999,-86.2,-24.5,-24.5,-0.415,-9999,-9999,12.0431,40.06,39.91,21.48,-0.766,-0.855,-0.871,-0.805,-0.823,-0.807,-0.695,-0.756,-0.811,-0.869,-0.794,-0.792,-0.807,-0.72,-0.752,-0.845,-0.883,-0.807,-0.815,-0.782,-0.691,-0.754,-0.851,-0.865,-0.79,-0.811,-0.801,-0.691,0,0
"2019-04-14 23:53:00.0",781914,-9999,-86.2,-24.57,-24.57,-0.416,-9999,-9999,12.0375,40.06,39.91,21.45,-0.77,-0.847,-0.875,-0.801,-0.827,-0.794,-0.712,-0.75,-0.855,-0.855,-0.788,-0.811,-0.821,-0.71,-0.752,-0.811,-0.861,-0.792,-0.794,-0.78,-0.726,-0.754,-0.829,-0.857,-0.784,-0.837,-0.788,-0.72,0,0
"2019-04-14 23:53:20.0",781915,-9999,-86.1,-24.64,-24.64,-0.417,-9999,-9999,12.0431,40.06,39.91,21.45,-0.77,-0.845,-0.851,-0.805,-0.821,-0.807,-0.74,-0.754,-0.825,-0.859,-0.786,-0.79,-0.825,-0.72,-0.752,-0.849,-0.857,-0.778,-0.807,-0.79,-0.685,-0.754,-0.813,-0.853,-0.79,-0.809,-0.813,-0.687,0,700
"2019-04-14 23:53:40.0",781916,-9999,-86.1,-24.71,-24.71,-0.418,-9999,-9999,12.0431,40.06,39.91,21.45,-0.766,-0.843,-0.863,-0.805,-0.847,-0.792,-0.722,-0.756,-0.817,-0.861,-0.788,-0.817,-0.821,-0.718,-0.756,-0.833,-0.861,-0.813,-0.831,-0.78,-0.693,-0.756,-0.847,-0.867,-0.792,-0.815,-0.799,-0.701,0,0
"2019-04-14 23:54:00.0",781917,-9999,-86,-24.78,-24.78,-0.419,-9999,-9999,12.0431,40.06,39.92,21.45,-0.766,-0.841,-0.873,-0.811,-0.811,-0.809,-0.724,-0.756,-0.859,-0.861,-0.79,-0.809,-0.819,-0.728,-0.754,-0.815,-0.861,-0.786,-0.794,-0.784,-0.706,-0.764,-0.845,-0.861,-0.794,-0.811,-0.796,-0.701,0,0
"2019-04-14 23:54:20.0",781918,-9999,-86,-24.85,-24.85,-0.42,-9999,-9999,12.0431,40.06,39.92,21.45,-0.766,-0.827,-0.894,-0.811,-0.829,-0.835,-0.736,-0.754,-0.817,-0.883,-0.794,-0.841,-0.79,-0.716,-0.754,-0.837,-0.837,-0.79,-0.815,-0.799,-0.695,-0.756,-0.851,-0.859,-0.794,-0.796,-0.821,-0.724,0,0
"2019-04-14 23:54:40.0",781919,-9999,-86,-24.92,-24.92,-0.421,-9999,-9999,12.0431,40.06,39.92,21.45,-0.768,-0.851,-0.875,-0.823,-0.809,-0.831,-0.722,-0.762,-0.811,-0.855,-0.813,-0.813,-0.819,-0.695,-0.748,-0.831,-0.865,-0.776,-0.796,-0.786,-0.72,-0.758,-0.817,-0.867,-0.796,-0.809,-0.805,-0.722,0,0
"2019-04-14 23:55:00.0",781920,-9999,-85.9,-24.99,-24.99,-0.422,-9999,-9999,12.0431,40.06,39.92,21.45,-0.768,-0.871,-0.847,-0.796,-0.847,-0.829,-0.714,-0.758,-0.811,-0.859,-0.786,-0.811,-0.823,-0.74,-0.754,-0.839,-0.851,-0.809,-0.805,-0.786,-0.71,-0.754,-0.849,-0.861,-0.784,-0.813,-0.796,-0.697,0,700
"2019-04-14 23:55:20.0",781921,-9999,-85.9,-25.06,-25.06,-0.424,-9999,-9999,12.0375,40.06,39.92,21.45,-0.768,-0.857,-0.867,-0.786,-0.827,-0.788,-0.73,-0.752,-0.837,-0.867,-0.794,-0.799,-0.788,-0.72,-0.758,-0.829,-0.865,-0.792,-0.813,-0.796,-0.693,-0.764,-0.847,-0.863,-0.817,-0.817,-0.794,-0.697,0,0
"2019-04-14 23:55:40.0",781922,-9999,-85.8,-25.13,-25.13,-0.425,-9999,-9999,12.0431,40.06,39.92,21.45,-0.77,-0.871,-0.847,-0.805,-0.821,-0.813,-0.708,-0.768,-0.827,-0.857,-0.776,-0.815,-0.786,-0.695,-0.754,-0.831,-0.857,-0.788,-0.794,-0.811,-0.73,-0.76,-0.859,-0.839,-0.79,-0.811,-0.813,-0.718,0,0
"2019-04-14 23:56:00.0",781923,-9999,-85.8,-25.2,-25.2,-0.426,-9999,-9999,12.0375,40.06,39.92,21.45,-0.77,-0.843,-0.867,-0.801,-0.823,-0.807,-0.722,-0.758,-0.813,-0.865,-0.778,-0.835,-0.803,-0.716,-0.754,-0.839,-0.857,-0.799,-0.821,-0.778,-0.697,-0.76,-0.817,-0.861,-0.794,-0.817,-0.78,-0.689,0,0
"2019-04-14 23:56:20.0",781924,-9999,-85.7,-25.27,-25.27,-0.427,-9999,-9999,12.0375,40.06,39.92,21.45,-0.77,-0.847,-0.892,-0.799,-0.823,-0.799,-0.712,-0.76,-0.847,-0.863,-0.788,-0.831,-0.792,-0.736,-0.756,-0.799,-0.859,-0.786,-0.815,-0.79,-0.722,-0.754,-0.835,-0.855,-0.792,-0.813,-0.813,-0.699,0,0
"2019-04-14 23:56:40.0",781925,-9999,-85.7,-25.34,-25.34,-0.428,-9999,-9999,12.0431,40.06,39.92,21.45,-0.768,-0.865,-0.875,-0.807,-0.847,-0.811,-0.714,-0.762,-0.829,-0.865,-0.79,-0.799,-0.786,-0.738,-0.758,-0.833,-0.857,-0.79,-0.835,-0.792,-0.712,-0.756,-0.853,-0.865,-0.79,-0.817,-0.813,-0.704,0,700
"2019-04-14 23:57:00.0",781926,-9999,-85.6,-25.42,-25.42,-0.429,-9999,-9999,12.0375,40.06,39.92,21.45,-0.77,-0.859,-0.869,-0.801,-0.829,-0.809,-0.734,-0.76,-0.821,-0.835,-0.792,-0.801,-0.796,-0.716,-0.758,-0.841,-0.857,-0.786,-0.815,-0.807,-0.687,-0.758,-0.823,-0.861,-0.79,-0.813,-0.794,-0.689,0,0
"2019-04-14 23:57:20.0",781927,-9999,-85.6,-25.49,-25.49,-0.43,-9999,-9999,12.0431,40.06,39.92,21.45,-0.768,-0.819,-0.875,-0.803,-0.831,-0.827,-0.722,-0.758,-0.859,-0.867,-0.796,-0.815,-0.786,-0.722,-0.752,-0.821,-0.853,-0.79,-0.817,-0.815,-0.728,-0.758,-0.841,-0.843,-0.794,-0.817,-0.819,-0.706,0,0
"2019-04-14 23:57:40.0",781928,-9999,-85.5,-25.56,-25.56,-0.431,-9999,-9999,12.0431,40.06,39.92,21.45,-0.768,-0.855,-0.863,-0.805,-0.829,-0.805,-0.728,-0.764,-0.815,-0.853,-0.79,-0.817,-0.794,-0.697,-0.758,-0.857,-0.881,-0.788,-0.813,-0.823,-0.691,-0.76,-0.805,-0.855,-0.79,-0.813,-0.78,-0.708,0,0
"2019-04-14 23:58:00.0",781929,-9999,-85.5,-25.63,-25.63,-0.433,-9999,-9999,12.0431,40.06,39.92,21.45,-0.768,-0.857,-0.861,-0.823,-0.829,-0.792,-0.714,-0.754,-0.831,-0.881,-0.788,-0.801,-0.805,-0.718,-0.758,-0.847,-0.843,-0.784,-0.833,-0.815,-0.728,-0.76,-0.833,-0.879,-0.813,-0.819,-0.817,-0.724,0,0
"2019-04-14 23:58:20.0",781930,-9999,-85.4,-25.7,-25.7,-0.434,-9999,-9999,12.0375,40.06,39.92,21.42,-0.77,-0.869,-0.865,-0.801,-0.827,-0.792,-0.742,-0.762,-0.831,-0.861,-0.776,-0.819,-0.821,-0.732,-0.762,-0.847,-0.857,-0.788,-0.796,-0.774,-0.714,-0.754,-0.833,-0.851,-0.79,-0.807,-0.782,-0.71,0,700
"2019-04-14 23:58:40.0",781931,-9999,-85.4,-25.77,-25.77,-0.435,-9999,-9999,12.0431,40.06,39.92,21.42,-0.772,-0.865,-0.841,-0.803,-0.827,-0.829,-0.706,-0.76,-0.831,-0.877,-0.79,-0.819,-0.809,-0.701,-0.756,-0.855,-0.869,-0.786,-0.809,-0.801,-0.728,-0.758,-0.835,-0.859,-0.799,-0.803,-0.784,-0.728,0,0
"2019-04-14 23:59:00.0",781932,-9999,-85.3,-25.84,-25.84,-0.436,-9999,-9999,12.0431,40.06,39.91,21.42,-0.77,-0.833,-0.877,-0.809,-0.849,-0.803,-0.74,-0.758,-0.831,-0.861,-0.79,-0.813,-0.823,-0.736,-0.756,-0.829,-0.861,-0.79,-0.817,-0.778,-0.73,-0.76,-0.841,-0.851,-0.819,-0.817,-0.799,-0.722,0,0
"2019-04-14 23:59:20.0",781933,-9999,-85.3,-25.91,-25.91,-0.437,-9999,-9999,12.0431,40.06,39.91,21.42,-0.766,-0.853,-0.875,-0.805,-0.833,-0.792,-0.736,-0.766,-0.833,-0.865,-0.79,-0.813,-0.801,-0.704,-0.754,-0.833,-0.859,-0.786,-0.811,-0.811,-0.72,-0.758,-0.827,-0.883,-0.792,-0.813,-0.821,-0.722,0,0
"2019-04-14 23:59:40.0",781934,-9999,-85.2,-25.98,-25.98,-0.438,-9999,-9999,12.0431,40.06,39.91,21.42,-0.774,-0.855,-0.883,-0.809,-0.825,-0.797,-0.728,-0.758,-0.831,-0.855,-0.792,-0.811,-0.803,-0.701,-0.752,-0.839,-0.833,-0.813,-0.817,-0.817,-0.728,-0.758,-0.859,-0.857,-0.821,-0.815,-0.817,-0.724,0,0
