"TOA5","","","1764","CR1000.Std.24","CPU:MFRSR_10012018V2.8.CR1","13574","TableHdr","PbCdlComm-1.6.0 (2016/01/26)"
"TIMESTAMP","RECORD","loggerID""headID""xpgmVerID""xlat""xlon""xSiteElev""xFULLREV""xCRXHSTEPS""xSCANseconds""xSCANnAvg""xSCANtrough""xHOMEoffset""xALLTIMEband"
"TS","RN","--""--""--""deg""deg""m""--""--""sec""--""--""--""--"
"","","Smp""Smp""Smp""Smp""Smp""Smp""Smp""Smp""Smp""Smp""Smp""Smp""Smp"
"2019-04-16 00:00:00.0",372,1764,180054423,2.8,-32.1259,-64.7287,1160,800,20,20,1,10,0,-1
"TOA5","","","1764","CR1000.Std.24","CPU:MFRSR_10012018V2.8.CR1","13574","Table155","PbCdlComm-1.6.0 (2016/01/26)"
"TIMESTAMP","RECORD","xoset""az""el""al""cosz""cosasz""pamass""vBat""Thead""THTC""Tlogger""Dnadir(1)""Dnadir(2)""Dnadir(3)""Dnadir(4)""Dnadir(5)""Dnadir(6)""Dnadir(7)""Deast(1)""Deast(2)""Deast(3)""Deast(4)""Deast(5)""Deast(6)""Deast(7)""Dsun(1)""Dsun(2)""Dsun(3)""Dsun(4)""Dsun(5)""Dsun(6)""Dsun(7)""Dwest(1)""Dwest(2)""Dwest(3)""Dwest(4)""Dwest(5)""Dwest(6)""Dwest(7)""kount""khome"
"TS","RN","sec""deg""deg""deg""--""--""--""Volt""degC""degC""degC""mV""mV""mV""mV""mV""mV""mV""mV""mV""mV""mV""mV""mV""mV""mV""mV""mV""mV""mV""mV""mV""mV""mV""mV""mV""mV""mV""mV""--""--"
"","","Smp""Smp""Smp""Smp""Smp""Smp""Smp""Smp""Smp""Smp""Smp""Smp""Smp""Smp""Smp""Smp""Smp""Smp""Smp""Smp""Smp""Smp""Smp""Smp""Smp""Smp""Smp""Smp""Smp""Smp""Smp""Smp""Smp""Smp""Smp""Smp""Smp""Smp""Smp""Smp""Smp"
"2019-04-16 10:00:00.0",788055,-9999,96,-9.82,-9.82,-0.171,-9999,-9999,12.0443,39.85,39.87,11.84,-1.006,-1.095,-1.103,-1.038,-1.079,-1.065,-0.953,-0.986,-1.087,-1.101,-1.028,-1.05,-1.032,-0.949,-0.994,-1.069,-1.103,-1.028,-1.048,-1.036,-0.945,-0.99,-1.04,-1.077,-1.028,-1.077,-1.028,-0.909,0,0
"2019-04-16 10:00:20.0",788056,-9999,96.1,-9.75,-9.75,-0.169,-9999,-9999,12.0387,39.85,39.87,11.84,-1.008,-1.054,-1.083,-1.036,-1.05,-1.038,-0.911,-0.992,-1.042,-1.093,-1.024,-1.042,-1.02,-0.961,-0.994,-1.085,-1.099,-1.032,-1.038,-1.026,-0.915,-0.99,-1.085,-1.115,-1.028,-1.042,-1.052,-0.937,0,700
"2019-04-16 10:00:40.0",788057,-9999,96.1,-9.68,-9.68,-0.168,-9999,-9999,12.0443,39.86,39.87,11.84,-1.006,-1.095,-1.085,-1.034,-1.046,-1.063,-0.937,-0.992,-1.079,-1.085,-1.01,-1.044,-1.038,-0.923,-0.994,-1.077,-1.105,-1.022,-1.038,-1.012,-0.913,-0.994,-1.079,-1.089,-1.024,-1.04,-1.026,-0.949,0,0
"2019-04-16 10:01:00.0",788058,-9999,96.2,-9.61,-9.61,-0.167,-9999,-9999,12.0443,39.84,39.87,11.84,-1.01,-1.097,-1.097,-1.042,-1.057,-1.057,-0.951,-0.994,-1.057,-1.103,-1.032,-1.05,-1.04,-0.927,-0.996,-1.052,-1.101,-1.022,-1.052,-1.034,-0.921,-0.998,-1.059,-1.103,-1.034,-1.046,-1.038,-0.933,0,0
"2019-04-16 10:01:20.0",788059,-9999,96.2,-9.54,-9.54,-0.166,-9999,-9999,12.0443,39.86,39.87,11.84,-1.006,-1.079,-1.119,-1.036,-1.059,-1.03,-0.951,-0.996,-1.087,-1.099,-1.032,-1.048,-1.061,-0.931,-0.994,-1.071,-1.101,-1.032,-1.05,-1.022,-0.941,-0.994,-1.063,-1.095,-1.036,-1.05,-1.036,-0.945,0,0
"2019-04-16 10:01:40.0",788060,-9999,96.3,-9.47,-9.47,-0.165,-9999,-9999,12.0387,39.84,39.87,11.84,-1.004,-1.095,-1.097,-1.038,-1.046,-1.059,-0.949,-0.996,-1.087,-1.093,-1.026,-1.046,-1.05,-0.907,-0.996,-1.083,-1.095,-1.032,-1.046,-1.016,-0.937,-0.996,-1.091,-1.077,-1.03,-1.042,-1.036,-0.943,0,0
"2019-04-16 10:02:00.0",788061,-9999,96.3,-9.4,-9.4,-0.163,-9999,-9999,12.0443,39.84,39.87,11.84,-1.008,-1.095,-1.081,-1.036,-1.052,-1.04,-0.913,-0.903,-0.955,-1.014,-0.941,-0.955,-0.941,-0.852,-0.901,-0.965,-1.008,-0.945,-0.961,-0.945,-0.854,-0.901,-0.965,-1.014,-0.943,-0.955,-0.945,-0.86,0,700
"2019-04-16 10:02:20.0",788062,-9999,96.3,-9.33,-9.33,-0.162,-9999,-9999,12.0443,39.84,39.88,11.84,-0.911,-1,-1.016,-0.949,-0.969,-0.935,-0.86,-0.903,-1.008,-1.006,-0.939,-0.967,-0.947,-0.836,-0.901,-0.992,-1.006,-0.943,-0.953,-0.951,-0.834,-0.899,-0.949,-0.992,-0.933,-0.951,-0.957,-0.864,0,0
"2019-04-16 10:02:40.0",788063,-9999,96.4,-9.26,-9.26,-0.161,-9999,-9999,12.0443,39.83,39.9,11.84,-0.911,-1,-1.018,-0.943,-0.963,-0.941,-0.864,-0.901,-0.955,-1.002,-0.939,-0.961,-0.947,-0.864,-0.899,-0.99,-1.018,-0.935,-0.949,-0.939,-0.86,-0.903,-0.984,-0.986,-0.911,-0.949,-0.957,-0.828,0,0
"2019-04-16 10:03:00.0",788064,-9999,96.4,-9.19,-9.19,-0.16,-9999,-9999,12.0443,39.84,39.88,11.84,-0.913,-1.002,-0.998,-0.949,-0.961,-0.967,-0.842,-0.899,-0.998,-1.024,-0.937,-0.965,-0.939,-0.858,-0.905,-0.998,-1,-0.937,-0.957,-0.933,-0.832,-0.905,-0.947,-0.998,-0.935,-0.965,-0.947,-0.854,0,0
"2019-04-16 10:03:20.0",788065,-9999,96.5,-9.12,-9.12,-0.159,-9999,-9999,12.0443,39.84,39.9,11.84,-0.911,-1.004,-1.006,-0.951,-0.967,-0.949,-0.868,-0.903,-0.953,-1.004,-0.947,-0.965,-0.967,-0.854,-0.901,-0.955,-0.984,-0.943,-0.967,-0.965,-0.854,-0.899,-0.957,-0.998,-0.935,-0.963,-0.947,-0.846,0,0
"2019-04-16 10:03:40.0",788066,-9999,96.5,-9.05,-9.05,-0.157,-9999,-9999,12.0443,39.84,39.9,11.84,-0.929,-0.986,-1.01,-0.961,-0.98,-0.967,-0.84,-0.915,-0.988,-1.02,-0.963,-0.972,-0.959,-0.88,-0.917,-0.969,-1.02,-0.955,-0.972,-0.98,-0.834,-0.915,-0.998,-1.032,-0.951,-0.967,-0.947,-0.842,0,700
"2019-04-16 10:04:00.0",788067,-9999,96.6,-8.98,-8.98,-0.156,-9999,-9999,12.0443,39.83,39.88,11.82,-0.927,-1.008,-1,-0.959,-0.978,-0.945,-0.872,-0.921,-0.965,-1.03,-0.953,-0.965,-0.939,-0.878,-0.917,-1.008,-1.03,-0.951,-0.972,-0.955,-0.87,-0.923,-1.016,-0.994,-0.947,-0.969,-0.972,-0.834,0,0
"2019-04-16 10:04:20.0",788068,-9999,96.6,-8.91,-8.91,-0.155,-9999,-9999,12.0443,39.84,39.88,11.82,-1.006,-1.061,-1.125,-1.036,-1.083,-1.044,-0.959,-0.994,-1.093,-1.095,-1.03,-1.048,-1.04,-0.923,-0.992,-1.063,-1.099,-1.034,-1.052,-1.059,-0.925,-0.994,-1.075,-1.117,-1.032,-1.04,-1.036,-0.929,0,0
"2019-04-16 10:04:40.0",788069,-9999,96.6,-8.84,-8.84,-0.154,-9999,-9999,12.0443,39.86,39.87,11.82,-1.004,-1.059,-1.103,-1.042,-1.052,-1.065,-0.965,-0.994,-1.063,-1.065,-1.03,-1.042,-1.048,-0.953,-1.004,-1.063,-1.069,-1.03,-1.044,-1.014,-0.943,-0.994,-1.059,-1.081,-1.026,-1.042,-1.028,-0.901,0,0
"2019-04-16 10:05:00.0",788070,-9999,96.7,-8.77,-8.77,-0.153,-9999,-9999,12.0443,39.83,39.87,11.82,-1.006,-1.063,-1.125,-1.034,-1.059,-1.026,-0.955,-0.996,-1.091,-1.097,-1.026,-1.044,-1.038,-0.929,-0.998,-1.073,-1.093,-1.032,-1.044,-1.028,-0.919,-0.998,-1.073,-1.091,-1.032,-1.048,-1.034,-0.957,0,0
"2019-04-16 10:05:20.0",788071,-9999,96.7,-8.7,-8.7,-0.151,-9999,-9999,12.0443,39.84,39.87,11.82,-1.01,-1.052,-1.113,-1.044,-1.059,-1.05,-0.927,-0.996,-1.069,-1.075,-1.028,-1.05,-1.061,-0.933,-0.998,-1.052,-1.077,-1.034,-1.048,-1.016,-0.941,-0.992,-1.042,-1.093,-1.026,-1.052,-1.01,-0.909,0,700
"2019-04-16 10:05:40.0",788072,-9999,96.8,-8.63,-8.63,-0.15,-9999,-9999,12.0443,39.84,39.9,11.82,-1.004,-1.089,-1.119,-1.036,-1.054,-1.059,-0.953,-0.996,-1.046,-1.111,-1.028,-1.046,-1.038,-0.925,-0.996,-1.05,-1.113,-1.032,-1.046,-1.028,-0.947,-0.996,-1.057,-1.073,-1.028,-1.038,-1.012,-0.947,0,0
"2019-04-16 10:06:00.0",788073,-9999,96.8,-8.56,-8.56,-0.149,-9999,-9999,12.0443,39.84,39.87,11.82,-1.014,-1.099,-1.111,-1.048,-1.063,-1.032,-0.925,-0.992,-1.042,-1.097,-1.022,-1.048,-1.059,-0.961,-0.998,-1.052,-1.107,-1.03,-1.05,-1.02,-0.949,-0.917,-0.98,-1.01,-0.959,-0.972,-0.957,-0.842,0,0
"2019-04-16 10:06:20.0",788074,-9999,96.9,-8.49,-8.49,-0.148,-9999,-9999,12.0554,39.84,39.88,11.82,-0.929,-1.012,-1.004,-0.961,-0.984,-0.961,-0.87,-0.919,-1.01,-1.012,-0.943,-0.988,-0.953,-0.838,-0.917,-1.008,-1,-0.953,-0.963,-0.945,-0.86,-0.917,-1.008,-1.006,-0.949,-0.969,-0.972,-0.858,0,0
"2019-04-16 10:06:40.0",788075,-9999,96.9,-8.42,-8.42,-0.146,-9999,-9999,12.0443,39.83,39.87,11.79,-0.931,-0.98,-1.024,-0.963,-0.978,-0.947,-0.854,-0.917,-1.018,-1.002,-0.955,-0.967,-0.963,-0.884,-0.919,-0.994,-1.024,-0.957,-0.972,-0.978,-0.838,-0.917,-1,-1.02,-0.959,-0.969,-0.959,-0.836,0,0
"2019-04-16 10:07:00.0",788076,-9999,96.9,-8.35,-8.35,-0.145,-9999,-9999,12.0387,39.84,39.88,11.79,-0.925,-1.02,-1.02,-0.967,-0.98,-0.951,-0.878,-0.917,-0.963,-1.018,-0.949,-0.959,-0.941,-0.854,-0.917,-1.006,-1.01,-0.949,-0.961,-0.943,-0.862,-0.919,-0.996,-0.99,-0.949,-0.963,-0.951,-0.836,0,700
"2019-04-16 10:07:20.0",788077,-9999,97,-8.28,-8.28,-0.144,-9999,-9999,12.0443,39.84,39.87,11.79,-1.002,-1.059,-1.105,-1.034,-1.05,-1.022,-0.949,-0.996,-1.091,-1.095,-1.032,-1.05,-1.032,-0.961,-0.996,-1.073,-1.095,-1.032,-1.044,-1.03,-0.959,-0.996,-1.067,-1.093,-1.032,-1.046,-1.032,-0.913,0,0
"2019-04-16 10:07:40.0",788078,-9999,97,-8.21,-8.21,-0.143,-9999,-9999,12.0443,39.84,39.87,11.79,-1.006,-1.095,-1.113,-1.022,-1.061,-1.03,-0.951,-0.994,-1.059,-1.099,-1.032,-1.046,-1.02,-0.941,-0.994,-1.089,-1.097,-1.022,-1.046,-1.032,-0.945,-0.996,-1.083,-1.117,-1.03,-1.042,-1.044,-0.923,0,0
"2019-04-16 10:08:00.0",788079,-9999,97.1,-8.14,-8.14,-0.142,-9999,-9999,12.0443,39.86,39.87,11.79,-1.006,-1.077,-1.085,-1.038,-1.052,-1.036,-0.953,-0.994,-1.081,-1.107,-1.026,-1.042,-1.032,-0.911,-0.996,-1.069,-1.083,-1.032,-1.042,-1.046,-0.915,-0.994,-1.061,-1.073,-1.022,-1.038,-1.022,-0.943,0,0
"2019-04-16 10:08:20.0",788080,-9999,97.1,-8.07,-8.07,-0.14,-9999,-9999,12.0443,39.83,39.87,11.79,-1.012,-1.099,-1.089,-1.04,-1.057,-1.044,-0.967,-0.994,-1.046,-1.117,-1.03,-1.03,-1.024,-0.959,-1.002,-1.081,-1.117,-1.03,-1.05,-1.038,-0.955,-0.994,-1.077,-1.095,-1.03,-1.046,-1.034,-0.907,0,0
"2019-04-16 10:08:40.0",788081,-9999,97.2,-8,-8,-0.139,-9999,-9999,12.0443,39.84,39.87,11.79,-1,-1.054,-1.107,-1.034,-1.054,-1.04,-0.953,-0.996,-1.046,-1.065,-1.024,-1.044,-1.044,-0.929,-0.994,-1.036,-1.069,-1.024,-1.04,-1.01,-0.949,-0.994,-1.038,-1.085,-1.026,-1.038,-1.022,-0.907,0,700
"2019-04-16 10:09:00.0",788082,-9999,97.2,-7.932,-7.932,-0.138,-9999,-9999,12.0443,39.83,39.87,11.79,-1.004,-1.052,-1.103,-1.034,-1.046,-1.038,-0.951,-0.99,-1.061,-1.097,-1.026,-1.048,-1.03,-0.913,-0.996,-1.071,-1.097,-1.032,-1.028,-1.018,-0.921,-0.994,-1.073,-1.111,-1.032,-1.044,-1.026,-0.921,0,0
"2019-04-16 10:09:20.0",788083,-9999,97.2,-7.862,-7.862,-0.137,-9999,-9999,12.0443,39.84,39.87,11.79,-1.006,-1.095,-1.135,-1.044,-1.057,-1.065,-0.963,-0.994,-1.04,-1.075,-1.026,-1.044,-1.054,-0.915,-0.994,-1.069,-1.073,-1.034,-1.04,-1.01,-0.929,-0.994,-1.077,-1.085,-1.024,-1.042,-1.024,-0.935,0,0
"2019-04-16 10:09:40.0",788084,-9999,97.3,-7.792,-7.792,-0.136,-9999,-9999,12.0443,39.86,39.87,11.79,-1.006,-1.057,-1.115,-1.034,-1.03,-1.034,-0.921,-0.994,-1.063,-1.097,-1.004,-1.042,-1.02,-0.951,-0.994,-1.046,-1.095,-1.028,-1.065,-1.028,-0.951,-0.994,-1.048,-1.095,-1.024,-1.04,-1.026,-0.903,0,0
"2019-04-16 10:10:00.0",788085,-9999,97.3,-7.722,-7.722,-0.134,-9999,-9999,12.0443,39.86,39.88,11.79,-1.004,-1.097,-1.101,-1.04,-1.052,-1.028,-0.959,-0.996,-1.081,-1.097,-1.03,-1.046,-1.036,-0.923,-0.994,-1.089,-1.087,-1.01,-1.046,-1.028,-0.919,-0.99,-1.093,-1.115,-1.028,-1.048,-1.036,-0.945,0,0
"2019-04-16 10:10:20.0",788086,-9999,97.4,-7.652,-7.652,-0.133,-9999,-9999,12.0443,39.86,39.87,11.79,-1.004,-1.091,-1.101,-1.036,-1.05,-1.034,-0.921,-0.992,-1.063,-1.085,-1.024,-1.04,-1.008,-0.953,-0.996,-1.073,-1.087,-1.022,-1.044,-1.02,-0.953,-0.992,-1.071,-1.091,-1.022,-1.042,-1.044,-0.909,0,700
"2019-04-16 10:10:40.0",788087,-9999,97.4,-7.583,-7.583,-0.132,-9999,-9999,12.0443,39.86,39.87,11.79,-1.006,-1.063,-1.095,-1.036,-1.05,-1.024,-0.963,-0.996,-1.057,-1.091,-1.028,-1.044,-1.057,-0.921,-0.994,-1.065,-1.087,-1.03,-1.04,-1.014,-0.915,-0.986,-1.059,-1.115,-1.026,-1.042,-1.028,-0.921,0,0
"2019-04-16 10:11:00.0",788088,-9999,97.5,-7.513,-7.513,-0.131,-9999,-9999,12.0443,39.86,39.87,11.79,-1.004,-1.099,-1.105,-1.044,-1.059,-1.065,-0.947,-0.994,-1.046,-1.099,-1.024,-1.048,-1.03,-0.913,-0.996,-1.081,-1.091,-1.028,-1.04,-1.024,-0.915,-0.992,-1.073,-1.087,-1.02,-1.034,-1.042,-0.927,0,0
"2019-04-16 10:11:20.0",788089,-9999,97.5,-7.443,-7.443,-0.13,-9999,-9999,12.0443,39.86,39.88,11.79,-1.004,-1.071,-1.081,-1.036,-1.046,-1.038,-0.943,-0.992,-1.042,-1.107,-1.028,-1.038,-1.022,-0.957,-0.996,-1.087,-1.109,-1.024,-1.04,-1.022,-0.905,-0.988,-1.038,-1.095,-1.03,-1.038,-1.024,-0.905,0,0
"2019-04-16 10:11:40.0",788090,-9999,97.5,-7.373,-7.373,-0.128,-9999,-9999,12.0499,39.83,39.87,11.77,-1,-1.087,-1.081,-1.032,-1.052,-1.034,-0.909,-0.992,-1.036,-1.095,-1.026,-1.036,-1.03,-0.931,-0.994,-1.038,-1.093,-1.028,-1.038,-1.048,-0.945,-0.99,-1.046,-1.111,-1.024,-1.038,-1.012,-0.947,0,0
"2019-04-16 10:12:00.0",788091,-9999,97.6,-7.303,-7.303,-0.127,-9999,-9999,12.0443,39.86,39.87,11.77,-1.004,-1.107,-1.125,-1.044,-1.057,-1.065,-0.959,-0.992,-1.042,-1.071,-1.026,-1.04,-1.02,-0.927,-0.992,-1.04,-1.065,-1.026,-1.042,-1.03,-0.907,-0.994,-1.046,-1.083,-1.022,-1.04,-1.042,-0.921,0,700
"2019-04-16 10:12:20.0",788092,-9999,97.6,-7.233,-7.233,-0.126,-9999,-9999,12.0443,39.84,39.87,11.77,-1.004,-1.073,-1.107,-1.036,-1.05,-1.03,-0.943,-1.002,-1.067,-1.095,-1.028,-1.042,-1.036,-0.955,-0.992,-1.073,-1.099,-1.034,-1.024,-1.028,-0.951,-0.994,-1.042,-1.095,-1.02,-1.048,-1.026,-0.915,0,0
"2019-04-16 10:12:40.0",788093,-9999,97.7,-7.163,-7.163,-0.125,-9999,-9999,12.0443,39.86,39.87,11.77,-1.004,-1.097,-1.097,-1.036,-1.05,-1.028,-0.957,-1,-1.071,-1.069,-1.02,-1.042,-1.052,-0.939,-0.992,-1.073,-1.061,-1.026,-1.036,-1.006,-0.937,-0.994,-1.081,-1.087,-1.024,-1.036,-1.018,-0.941,0,0
"2019-04-16 10:13:00.0",788094,-9999,97.7,-7.093,-7.093,-0.123,-9999,-9999,12.0443,39.84,39.87,11.77,-1.006,-1.05,-1.091,-1.034,-1.048,-1.01,-0.917,-0.994,-1.042,-1.105,-1.02,-1.036,-1.03,-0.909,-0.994,-1.048,-1.115,-1.03,-1.042,-1.026,-0.945,-0.988,-1.036,-1.091,-1.026,-1.04,-1.02,-0.937,0,0
"2019-04-16 10:13:20.0",788095,-9999,97.8,-7.023,-7.023,-0.122,-9999,-9999,12.0443,39.84,39.87,11.77,-1.006,-1.067,-1.097,-1.042,-1.048,-1.026,-0.927,-0.992,-1.081,-1.091,-1.03,-1.042,-1.022,-0.953,-0.996,-1.081,-1.101,-1.03,-1.071,-1.026,-0.951,-0.99,-1.071,-1.093,-1.028,-1.04,-1.044,-0.901,0,0
"2019-04-16 10:13:40.0",788096,-9999,97.8,-6.953,-6.953,-0.121,-9999,-9999,12.0443,39.84,39.89,11.77,-1.008,-1.054,-1.105,-1.036,-1.052,-1.038,-0.919,-0.994,-1.075,-1.085,-1.024,-1.032,-1.024,-0.947,-0.994,-1.057,-1.089,-1.02,-1.034,-1.042,-0.943,-0.99,-1.083,-1.085,-1.022,-1.032,-1.016,-0.897,0,700
"2019-04-16 10:14:00.0",788097,-9999,97.9,-6.883,-6.883,-0.12,-9999,-9999,12.0499,39.86,39.87,11.77,-0.998,-1.067,-1.105,-1.036,-1.038,-1.054,-0.917,-0.99,-1.044,-1.101,-1.03,-1.04,-1.054,-0.917,-0.994,-1.075,-1.083,-1.028,-1.038,-1.006,-0.907,-0.992,-1.079,-1.073,-1.026,-1.063,-1.024,-0.927,0,0
"2019-04-16 10:14:20.0",788098,-9999,97.9,-6.813,-6.813,-0.119,-9999,-9999,12.0443,39.84,39.87,11.77,-1.002,-1.085,-1.087,-1.032,-1.046,-1.034,-0.939,-0.99,-1.063,-1.085,-1.022,-1.036,-1.048,-0.919,-0.996,-1.046,-1.083,-1.026,-1.044,-1.002,-0.917,-0.992,-1.026,-1.105,-1.024,-1.034,-1.02,-0.921,0,0
"2019-04-16 10:14:40.0",788099,-9999,97.9,-6.744,-6.744,-0.117,-9999,-9999,12.0443,39.86,39.88,11.77,-1.004,-1.091,-1.097,-1.036,-1.05,-1.034,-0.937,-0.992,-1.042,-1.081,-1.016,-1.038,-1.02,-0.919,-0.994,-1.042,-1.089,-1.026,-1.04,-1.02,-0.899,-0.99,-1.044,-1.065,-1.022,-1.018,-1.018,-0.923,0,0
"2019-04-16 10:15:00.0",788100,-9999,98,-6.674,-6.674,-0.116,-9999,-9999,12.0443,39.84,39.87,11.77,-1.002,-1.091,-1.101,-1.042,-1.052,-1.028,-0.917,-0.992,-1.061,-1.109,-1.024,-1.038,-1.05,-0.955,-0.994,-1.044,-1.103,-1.03,-1.038,-1.01,-0.931,-1,-1.034,-1.089,-1.026,-1.036,-1.022,-0.907,0,0
"2019-04-16 10:15:20.0",788101,-9999,98,-6.604,-6.604,-0.115,-9999,-9999,12.0443,39.86,39.88,11.77,-1.004,-1.048,-1.093,-1.032,-1.044,-1.008,-0.913,-0.992,-1.044,-1.081,-1.022,-1.032,-1.012,-0.947,-0.996,-1.052,-1.083,-1.02,-1.05,-0.996,-0.939,-0.99,-1.05,-1.083,-1.016,-1.024,-1.008,-0.899,0,700
"2019-04-16 10:15:40.0",788102,-9999,98.1,-6.534,-6.534,-0.114,-9999,-9999,12.0443,39.84,39.87,11.77,-1.002,-1.048,-1.091,-1.034,-1.04,-1.008,-0.925,-0.992,-1.048,-1.081,-1.022,-1.032,-1.038,-0.917,-0.994,-1.03,-1.087,-1.02,-1.028,-1.018,-0.905,-0.998,-1.03,-1.097,-1.022,-1.028,-1.014,-0.941,0,0
"2019-04-16 10:16:00.0",788103,-9999,98.1,-6.464,-6.464,-0.113,-9999,-9999,12.0443,39.86,39.88,11.77,-1.002,-1.083,-1.101,-1.018,-1.046,-1.028,-0.927,-0.992,-1.05,-1.083,-1.022,-1.034,-1.042,-0.929,-0.988,-1.042,-1.087,-1.028,-1.014,-1.016,-0.943,-0.992,-1.042,-1.107,-1.022,-1.036,-1.008,-0.897,0,0
"2019-04-16 10:16:20.0",788104,-9999,98.2,-6.395,-6.395,-0.111,-9999,-9999,12.0443,39.86,39.88,11.75,-1.004,-1.054,-1.099,-1.032,-1.036,-1.026,-0.921,-0.992,-1.046,-1.075,-1.02,-1.022,-1.014,-0.945,-0.998,-1.057,-1.099,-1.022,-1.03,-1.008,-0.949,-0.988,-1.052,-1.083,-1.024,-1.024,-1.004,-0.903,0,0
"2019-04-16 10:16:40.0",788105,-9999,98.2,-6.325,-6.325,-0.11,-9999,-9999,12.0443,39.84,39.87,11.75,-1,-1.044,-1.091,-1.03,-1.04,-1.016,-0.939,-0.99,-1.061,-1.083,-1.02,-1.024,-1.03,-0.913,-0.99,-1.044,-1.083,-1.016,-1.059,-0.992,-0.901,-0.99,-1.046,-1.067,-1.018,-1.028,-1.004,-0.939,0,0
"2019-04-16 10:17:00.0",788106,-9999,98.2,-6.255,-6.255,-0.109,-9999,-9999,12.0387,39.86,39.87,11.75,-0.998,-1.042,-1.083,-1.026,-1.044,-1.036,-0.913,-0.99,-1.057,-1.105,-1.022,-1.028,-1.04,-0.945,-0.992,-1.036,-1.103,-1.022,-1.028,-1.01,-0.945,-0.992,-1.032,-1.085,-1.024,-1.024,-1.008,-0.909,0,700
"2019-04-16 10:17:20.0",788107,-9999,98.3,-6.185,-6.185,-0.108,-9999,-9999,12.0443,39.84,39.87,11.75,-0.998,-1.034,-1.087,-1.024,-1.034,-1.012,-0.929,-0.99,-1.04,-1.097,-1.012,-1.026,-1.026,-0.943,-0.988,-1.03,-1.095,-1.018,-1.028,-0.986,-0.897,-0.988,-1.034,-1.079,-1.022,-1.026,-0.996,-0.893,0,0
"2019-04-16 10:17:40.0",788108,-9999,98.3,-6.115,-6.115,-0.107,-9999,-9999,12.0443,39.86,39.87,11.75,-1.006,-1.048,-1.087,-1.026,-1.036,-1.036,-0.907,-0.992,-1.034,-1.097,-1.014,-1.018,-0.992,-0.941,-0.99,-1.075,-1.103,-1.018,-1.024,-1.022,-0.937,-0.99,-1.069,-1.057,-1.016,-1.026,-1.006,-0.897,0,0
"2019-04-16 10:18:00.0",788109,-9999,98.4,-6.045,-6.045,-0.105,-9999,-9999,12.0443,39.86,39.87,11.75,-1,-1.063,-1.069,-1.034,-1.032,-1.022,-0.903,-0.99,-1.052,-1.093,-1.024,-1.022,-1.008,-0.935,-0.994,-1.067,-1.099,-1.018,-1.026,-0.98,-0.935,-0.988,-1.067,-1.077,-1.02,-1.018,-0.998,-0.891,0,0
"2019-04-16 10:18:20.0",788110,-9999,98.4,-5.976,-5.976,-0.104,-9999,-9999,12.0443,39.84,39.88,11.75,-1.004,-1.044,-1.095,-1.026,-1.038,-1.018,-0.927,-0.988,-1.065,-1.079,-0.994,-1.028,-0.99,-0.945,-0.988,-1.052,-1.087,-1.022,-1.018,-1.018,-0.939,-0.986,-1.038,-1.097,-1.018,-1.02,-1,-0.899,0,0
"2019-04-16 10:18:40.0",788111,-9999,98.5,-5.905,-5.905,-0.103,-9999,-9999,12.0443,39.86,39.87,11.75,-1.002,-1.036,-1.111,-1.03,-1.05,-1.008,-0.911,-0.988,-1.067,-1.081,-1.018,-1.02,-0.988,-0.941,-0.988,-1.069,-1.061,-1.018,-1.026,-0.994,-0.905,-0.988,-1.063,-1.077,-1.022,-1.02,-0.996,-0.915,0,700
"2019-04-16 10:19:00.0",788112,-9999,98.5,-5.836,-5.836,-0.102,-9999,-9999,12.0443,39.86,39.87,11.75,-0.998,-1.052,-1.083,-1.022,-1.028,-1.022,-0.939,-0.988,-1.057,-1.054,-1.012,-1.012,-0.976,-0.939,-0.996,-1.061,-1.077,-1.016,-1.016,-1.004,-0.899,-0.988,-1.059,-1.079,-1.014,-1.014,-0.99,-0.911,0,0
"2019-04-16 10:19:20.0",788113,-9999,98.5,-5.766,-5.766,-0.1,-9999,-9999,12.0443,39.84,39.87,11.75,-1,-1.028,-1.103,-1.026,-1.022,-1.018,-0.901,-0.99,-1.059,-1.075,-1.014,-1.016,-0.99,-0.897,-0.988,-1.044,-1.081,-1.016,-1.012,-0.986,-0.895,-0.996,-1.044,-1.075,-1.016,-1.012,-0.969,-0.907,0,0
"2019-04-16 10:19:40.0",788114,-9999,98.6,-5.696,-5.696,-0.099,-9999,-9999,12.0443,39.83,39.88,11.75,-1,-1.044,-1.089,-1.024,-1.024,-1.018,-0.937,-0.992,-1.059,-1.065,-1.008,-1.008,-0.984,-0.917,-0.994,-1.054,-1.067,-1.012,-1.006,-0.998,-0.925,-0.988,-1.052,-1.083,-1.012,-1.002,-0.961,-0.897,0,0
"2019-04-16 10:20:00.0",788115,-9999,98.6,-5.626,-5.626,-0.098,-9999,-9999,12.0387,39.83,39.87,11.75,-1,-1.063,-1.061,-1.014,-1.02,-0.99,-0.907,-0.99,-1.014,-1.069,-1.002,-1.006,-0.978,-0.911,-0.992,-1.026,-1.059,-1.01,-1.01,-0.976,-0.931,-0.988,-1.016,-1.065,-1.008,-1.004,-0.961,-0.921,0,0
"2019-04-16 10:20:20.0",788116,-9999,98.7,-5.557,-5.557,-0.097,-9999,-9999,12.0443,39.83,39.87,11.75,-1,-1.03,-1.087,-1.022,-1.016,-0.976,-0.937,-0.988,-1.063,-1.05,-1.014,-1.008,-0.982,-0.927,-0.988,-1.042,-1.073,-1.01,-1.01,-0.98,-0.933,-0.992,-1.038,-1.067,-1.012,-1.006,-0.986,-0.893,0,700
"2019-04-16 10:20:40.0",788117,-9999,98.7,-5.487,-5.487,-0.096,-9999,-9999,12.0387,39.83,39.87,11.75,-0.998,-1.05,-1.077,-1.022,-1.008,-1.008,-0.917,-0.988,-1.016,-1.046,-1.01,-0.992,-1.002,-0.913,-0.99,-1.059,-1.071,-1.01,-1.006,-0.961,-0.897,-0.992,-1.046,-1.069,-1.008,-1.004,-0.969,-0.891,0,0
"2019-04-16 10:21:00.0",788118,-9999,98.8,-5.417,-5.417,-0.094,-9999,-9999,12.0443,39.83,39.87,11.75,-1.002,-1.036,-1.073,-1.018,-1.006,-0.961,-0.886,-0.99,-1.024,-1.069,-1.012,-0.998,-0.978,-0.905,-0.988,-1.044,-1.054,-1.004,-1.004,-0.969,-0.919,-0.992,-1.036,-1.071,-1.008,-0.998,-0.949,-0.893,0,0
"2019-04-16 10:21:20.0",788119,-9999,98.8,-5.347,-5.347,-0.093,-9999,-9999,12.0443,39.83,39.87,11.75,-0.998,-1.04,-1.075,-1.018,-1.004,-0.972,-0.903,-0.988,-1.014,-1.083,-1.002,-0.994,-0.986,-0.893,-0.99,-1.052,-1.079,-1.002,-0.996,-0.945,-0.88,-0.986,-1.032,-1.063,-1,-0.986,-0.955,-0.911,0,0
"2019-04-16 10:21:40.0",788120,-9999,98.8,-5.278,-5.278,-0.092,-9999,-9999,12.0443,39.86,39.87,11.75,-1,-1.052,-1.075,-1.01,-1,-0.963,-0.884,-0.99,-1.006,-1.054,-1.006,-0.986,-0.953,-0.903,-0.99,-1.054,-1.054,-1.002,-0.988,-0.955,-0.911,-0.99,-1.038,-1.071,-0.994,-0.984,-0.978,-0.872,0,0
"2019-04-16 10:22:00.0",788121,-9999,98.9,-5.209,-5.209,-0.091,-9999,-9999,12.0387,39.84,39.87,11.73,-1,-1.061,-1.091,-1.014,-1.002,-0.963,-0.917,-0.988,-1.014,-1.071,-1,-0.963,-0.949,-0.921,-0.99,-1.05,-1.077,-1.002,-0.99,-0.976,-0.915,-0.982,-1.036,-1.032,-0.996,-0.988,-0.957,-0.876,0,700
"2019-04-16 10:22:20.0",788122,-9999,98.9,-5.139,-5.139,-0.09,-9999,-9999,12.0443,39.84,39.87,11.73,-0.996,-1.032,-1.063,-1.006,-0.99,-0.978,-0.891,-0.982,-1.032,-1.034,-1.002,-0.984,-0.935,-0.874,-0.986,-1.034,-1.04,-1,-0.984,-0.953,-0.876,-0.984,-1.038,-1.054,-0.996,-1.002,-0.972,-0.884,0,0
"2019-04-16 10:22:40.0",788123,-9999,99,-5.069,-5.069,-0.088,-9999,-9999,12.0443,39.83,39.87,11.73,-0.998,-1.044,-1.061,-1.008,-0.99,-0.953,-0.88,-0.988,-0.988,-1.024,-0.992,-0.974,-0.943,-0.907,-0.986,-1.008,-1.046,-1.008,-0.978,-0.943,-0.868,-0.986,-0.988,-1.048,-0.99,-0.967,-0.923,-0.88,0,0
"2019-04-16 10:23:00.0",788124,-9999,99,-5,-5,-0.087,-9999,-9999,12.0443,39.83,39.87,11.73,-0.951,-1.019,-1.019,-0.951,-0.951,-0.883,-0.815,-0.951,-0.951,-0.951,-0.951,-0.883,-0.883,-0.815,-0.951,-0.951,-0.951,-0.951,-0.883,-0.883,-0.815,-0.951,-0.951,-0.951,-0.951,-0.883,-0.883,-0.815,0,0
"2019-04-16 10:23:20.0",788125,-9999,99.1,-4.93,-4.93,-0.086,-9999,-9999,12.0443,39.83,39.87,11.73,-0.951,-0.951,-1.019,-0.951,-0.883,-0.883,-0.815,-0.951,-0.951,-0.951,-0.951,-0.883,-0.883,-0.815,-0.951,-0.951,-0.951,-0.951,-0.883,-0.883,-0.815,-0.951,-0.951,-0.951,-0.883,-0.883,-0.883,-0.815,0,0
"2019-04-16 10:23:40.0",788126,-9999,99.1,-4.86,-4.86,-0.085,-9999,-9999,12.0443,39.83,39.87,11.73,-0.951,-0.951,-1.019,-0.951,-0.951,-0.883,-0.815,-0.951,-0.951,-0.951,-0.951,-0.883,-0.883,-0.815,-0.951,-0.951,-0.951,-0.951,-0.883,-0.883,-0.815,-0.951,-0.951,-1.019,-0.883,-0.883,-0.883,-0.815,0,700
"2019-04-16 10:24:00.0",788127,-9999,99.2,-4.791,-4.791,-0.084,-9999,-9999,12.0387,39.83,39.87,11.73,-0.951,-0.951,-1.019,-0.951,-0.883,-0.883,-0.815,-0.951,-0.951,-0.951,-0.951,-0.883,-0.883,-0.815,-0.951,-0.951,-1.019,-0.951,-0.883,-0.883,-0.815,-0.951,-0.951,-0.951,-0.951,-0.883,-0.815,-0.815,0,0
"2019-04-16 10:24:20.0",788128,-9999,99.2,-4.721,-4.721,-0.082,-9999,-9999,12.0443,39.83,39.87,11.73,-0.951,-0.951,-1.019,-0.951,-0.883,-0.883,-0.815,-0.951,-0.951,-0.951,-0.883,-0.883,-0.883,-0.815,-0.951,-0.951,-0.951,-0.951,-0.883,-0.883,-0.815,-0.951,-0.951,-1.019,-0.951,-0.883,-0.815,-0.815,0,0
"2019-04-16 10:24:40.0",788129,-9999,99.2,-4.651,-4.651,-0.081,-9999,-9999,12.0443,39.83,39.91,11.7,-0.951,-0.951,-0.951,-0.951,-0.883,-0.883,-0.815,-0.951,-0.951,-0.951,-0.883,-0.883,-0.815,-0.815,-0.951,-0.951,-0.951,-0.883,-0.883,-0.883,-0.815,-0.951,-0.883,-0.951,-0.883,-0.883,-0.815,-0.747,0,0
"2019-04-16 10:25:00.0",788130,-9999,99.3,-4.582,-4.582,-0.08,-9999,-9999,12.0443,39.83,39.87,11.7,-0.951,-0.951,-0.951,-0.883,-0.883,-0.883,-0.815,-0.951,-0.951,-0.951,-0.883,-0.883,-0.815,-0.815,-0.951,-0.951,-0.951,-0.883,-0.883,-0.883,-0.815,-0.951,-0.951,-0.951,-0.883,-0.883,-0.815,-0.815,0,0
"2019-04-16 10:25:20.0",788131,-9999,99.3,-4.512,-4.512,-0.079,-9999,-9999,12.0443,39.83,39.89,11.7,-0.951,-0.883,-0.951,-0.951,-0.883,-0.815,-0.815,-0.951,-0.883,-0.951,-0.883,-0.883,-0.815,-0.815,-0.951,-0.883,-0.951,-0.883,-0.883,-0.815,-0.815,-0.951,-0.883,-0.951,-0.883,-0.883,-0.815,-0.747,0,700
"2019-04-16 10:25:40.0",788132,-9999,99.4,-4.442,-4.442,-0.077,-9999,-9999,12.0443,39.83,39.87,11.7,-0.951,-0.951,-0.951,-0.883,-0.883,-0.815,-0.815,-0.951,-0.883,-0.951,-0.883,-0.883,-0.815,-0.815,-0.951,-0.883,-0.951,-0.883,-0.815,-0.815,-0.815,-0.951,-0.883,-0.951,-0.883,-0.883,-0.815,-0.747,0,0
"2019-04-16 10:26:00.0",788133,-9999,99.4,-4.373,-4.373,-0.076,-9999,-9999,12.0443,39.83,39.87,11.7,-0.951,-0.883,-0.951,-0.883,-0.883,-0.815,-0.747,-0.951,-0.883,-0.951,-0.883,-0.815,-0.815,-0.815,-0.951,-0.883,-0.951,-0.883,-0.815,-0.815,-0.747,-0.951,-0.883,-0.951,-0.883,-0.815,-0.815,-0.815,0,0
"2019-04-16 10:26:20.0",788134,-9999,99.5,-4.303,-4.303,-0.075,-9999,-9999,12.0443,39.83,39.87,11.7,-0.951,-0.951,-0.951,-0.883,-0.815,-0.815,-0.815,-0.951,-0.883,-0.951,-0.883,-0.815,-0.815,-0.815,-0.951,-0.883,-0.883,-0.883,-0.815,-0.815,-0.815,-0.951,-0.951,-0.951,-0.883,-0.815,-0.815,-0.747,0,0
"2019-04-16 10:26:40.0",788135,-9999,99.5,-4.233,-4.233,-0.074,-9999,-9999,12.0443,39.83,39.89,11.7,-0.951,-0.883,-0.951,-0.883,-0.815,-0.815,-0.747,-0.951,-0.883,-0.951,-0.883,-0.815,-0.815,-0.815,-0.951,-0.883,-0.883,-0.883,-0.815,-0.815,-0.747,-0.951,-0.883,-0.883,-0.883,-0.815,-0.815,-0.747,0,0
"2019-04-16 10:27:00.0",788136,-9999,99.5,-4.164,-4.164,-0.073,-9999,-9999,12.0443,39.83,39.87,11.68,-0.951,-0.883,-0.951,-0.883,-0.815,-0.815,-0.815,-0.951,-0.883,-0.883,-0.883,-0.815,-0.815,-0.815,-0.951,-0.883,-0.951,-0.883,-0.815,-0.815,-0.815,-0.951,-0.883,-0.883,-0.883,-0.815,-0.815,-0.747,0,700
"2019-04-16 10:27:20.0",788137,-9999,99.6,-4.094,-4.094,-0.071,-9999,-9999,12.0443,39.83,39.87,11.68,-0.951,-0.883,-0.951,-0.883,-0.815,-0.815,-0.747,-0.883,-0.883,-0.883,-0.883,-0.815,-0.815,-0.747,-0.951,-0.883,-0.883,-0.883,-0.815,-0.747,-0.747,-0.951,-0.883,-0.883,-0.815,-0.815,-0.747,-0.747,0,0
"2019-04-16 10:27:40.0",788138,-9999,99.6,-4.025,-4.025,-0.07,-9999,-9999,12.0443,39.83,39.87,11.68,-0.951,-0.883,-0.883,-0.883,-0.815,-0.815,-0.747,-0.883,-0.883,-0.883,-0.883,-0.815,-0.747,-0.747,-0.951,-0.815,-0.883,-0.883,-0.815,-0.747,-0.747,-0.883,-0.883,-0.883,-0.883,-0.815,-0.747,-0.747,0,0
"2019-04-16 10:28:00.0",788139,-9999,99.7,-3.955,-3.955,-0.069,-9999,-9999,12.0443,39.83,39.87,11.68,-0.951,-0.883,-0.883,-0.883,-0.815,-0.747,-0.747,-0.951,-0.815,-0.883,-0.883,-0.815,-0.815,-0.747,-0.951,-0.883,-0.883,-0.883,-0.815,-0.747,-0.747,-0.883,-0.815,-0.883,-0.883,-0.747,-0.747,-0.747,0,0
"2019-04-16 10:28:20.0",788140,-9999,99.7,-3.886,-3.886,-0.068,-9999,-9999,12.0443,39.83,39.87,11.68,-0.951,-0.883,-0.883,-0.883,-0.815,-0.747,-0.747,-0.951,-0.883,-0.883,-0.883,-0.815,-0.747,-0.747,-0.951,-0.815,-0.883,-0.883,-0.747,-0.747,-0.747,-0.951,-0.883,-0.883,-0.815,-0.747,-0.747,-0.747,0,0
"2019-04-16 10:28:40.0",788141,-9999,99.8,-3.816,-3.816,-0.067,-9999,-9999,12.0443,39.83,39.87,11.68,-0.951,-0.815,-0.883,-0.883,-0.815,-0.747,-0.747,-0.883,-0.815,-0.883,-0.815,-0.747,-0.747,-0.747,-0.883,-0.815,-0.883,-0.815,-0.747,-0.747,-0.747,-0.951,-0.815,-0.883,-0.815,-0.747,-0.747,-0.747,0,700
"2019-04-16 10:29:00.0",788142,-9999,99.8,-3.747,-3.747,-0.065,-9999,-9999,12.0443,39.83,39.87,11.66,-0.951,-0.815,-0.883,-0.815,-0.815,-0.747,-0.747,-0.883,-0.815,-0.815,-0.815,-0.747,-0.747,-0.747,-0.883,-0.815,-0.883,-0.815,-0.747,-0.747,-0.747,-0.883,-0.815,-0.815,-0.815,-0.747,-0.747,-0.679,0,0
"2019-04-16 10:29:20.0",788143,-9999,99.8,-3.677,-3.677,-0.064,-9999,-9999,12.0443,39.83,39.87,11.66,-0.951,-0.815,-0.883,-0.815,-0.747,-0.747,-0.747,-0.883,-0.815,-0.883,-0.815,-0.747,-0.747,-0.747,-0.951,-0.815,-0.815,-0.815,-0.747,-0.747,-0.747,-0.883,-0.815,-0.815,-0.815,-0.747,-0.747,-0.747,0,0
"2019-04-16 10:29:40.0",788144,-9999,99.9,-3.608,-3.608,-0.063,-9999,-9999,12.0443,39.83,39.87,11.66,-0.951,-0.815,-0.815,-0.815,-0.747,-0.747,-0.747,-0.883,-0.815,-0.815,-0.815,-0.747,-0.679,-0.679,-0.883,-0.815,-0.815,-0.815,-0.679,-0.679,-0.747,-0.883,-0.815,-0.815,-0.815,-0.679,-0.679,-0.679,0,0
"2019-04-16 10:30:00.0",788145,-9999,99.9,-3.538,-3.538,-0.062,-9999,-9999,12.0443,39.83,39.89,11.66,-0.951,-0.747,-0.815,-0.815,-0.679,-0.747,-0.747,-0.883,-0.815,-0.815,-0.815,-0.679,-0.679,-0.747,-0.883,-0.815,-0.815,-0.815,-0.747,-0.747,-0.747,-0.883,-0.815,-0.815,-0.815,-0.679,-0.679,-0.679,0,0
"2019-04-16 10:30:20.0",788146,-9999,100,-3.469,-3.469,-0.061,-9999,-9999,12.0443,39.83,39.87,11.66,-0.951,-0.815,-0.815,-0.815,-0.747,-0.747,-0.679,-0.883,-0.747,-0.815,-0.815,-0.679,-0.679,-0.747,-0.883,-0.747,-0.815,-0.815,-0.679,-0.679,-0.747,-0.883,-0.747,-0.815,-0.815,-0.679,-0.679,-0.679,0,700
"2019-04-16 10:30:40.0",788147,-9999,100,-3.399,-3.399,-0.059,-9999,-9999,12.0443,39.83,39.87,11.66,-0.951,-0.815,-0.815,-0.815,-0.679,-0.679,-0.679,-0.883,-0.747,-0.747,-0.815,-0.679,-0.679,-0.679,-0.883,-0.747,-0.747,-0.815,-0.679,-0.679,-0.679,-0.883,-0.747,-0.815,-0.815,-0.679,-0.679,-0.747,0,0
"2019-04-16 10:31:00.0",788148,-9999,100.1,-3.33,-3.33,-0.058,-9999,-9999,12.0387,39.83,39.87,11.66,-0.951,-0.747,-0.747,-0.815,-0.679,-0.679,-0.679,-0.883,-0.747,-0.747,-0.747,-0.679,-0.679,-0.679,-0.883,-0.747,-0.747,-0.747,-0.679,-0.612,-0.679,-0.883,-0.747,-0.747,-0.747,-0.679,-0.679,-0.679,0,0
"2019-04-16 10:31:20.0",788149,-9999,100.1,-3.26,-3.26,-0.057,-9999,-9999,12.0443,39.83,39.87,11.66,-0.883,-0.679,-0.747,-0.747,-0.679,-0.679,-0.679,-0.883,-0.679,-0.747,-0.747,-0.612,-0.679,-0.679,-0.883,-0.747,-0.747,-0.747,-0.612,-0.612,-0.679,-0.883,-0.679,-0.747,-0.747,-0.612,-0.679,-0.679,0,0
"2019-04-16 10:31:40.0",788150,-9999,100.2,-3.191,-3.191,-0.056,-9999,-9999,12.0443,39.83,39.87,11.66,-0.951,-0.679,-0.747,-0.747,-0.612,-0.679,-0.679,-0.883,-0.679,-0.747,-0.747,-0.612,-0.679,-0.679,-0.883,-0.679,-0.747,-0.747,-0.612,-0.679,-0.679,-0.883,-0.679,-0.747,-0.747,-0.612,-0.679,-0.679,0,0
"2019-04-16 10:32:00.0",788151,-9999,100.2,-3.121,-3.121,-0.054,-9999,-9999,12.0443,39.83,39.87,11.66,-0.883,-0.679,-0.747,-0.747,-0.612,-0.612,-0.679,-0.883,-0.679,-0.747,-0.747,-0.612,-0.612,-0.679,-0.883,-0.679,-0.679,-0.747,-0.612,-0.679,-0.679,-0.883,-0.679,-0.679,-0.747,-0.612,-0.679,-0.679,0,700
"2019-04-16 10:32:20.0",788152,-9999,100.2,-3.052,-3.052,-0.053,-9999,-9999,12.0443,39.83,39.87,11.63,-0.883,-0.679,-0.747,-0.747,-0.612,-0.612,-0.679,-0.883,-0.612,-0.679,-0.747,-0.612,-0.612,-0.679,-0.883,-0.612,-0.679,-0.747,-0.612,-0.612,-0.679,-0.883,-0.612,-0.679,-0.747,-0.612,-0.612,-0.679,0,0
"2019-04-16 10:32:40.0",788153,-9999,100.3,-2.982,-2.982,-0.052,-9999,-9999,12.0443,39.83,39.87,11.63,-0.951,-0.612,-0.679,-0.747,-0.612,-0.612,-0.679,-0.883,-0.679,-0.679,-0.747,-0.612,-0.612,-0.679,-0.883,-0.679,-0.679,-0.747,-0.612,-0.612,-0.612,-0.883,-0.679,-0.679,-0.747,-0.544,-0.612,-0.679,0,0
"2019-04-16 10:33:00.0",788154,-9999,100.3,-2.914,-2.914,-0.051,-9999,-9999,12.0443,39.83,39.87,11.63,-0.951,-0.612,-0.679,-0.679,-0.544,-0.612,-0.612,-0.883,-0.612,-0.679,-0.679,-0.544,-0.612,-0.679,-0.883,-0.612,-0.679,-0.679,-0.544,-0.612,-0.679,-0.883,-0.612,-0.612,-0.679,-0.544,-0.612,-0.679,0,0
"2019-04-16 10:33:20.0",788155,-9999,100.4,-2.844,-2.844,-0.05,-9999,-9999,12.0443,39.83,39.87,11.63,-0.883,-0.612,-0.612,-0.679,-0.544,-0.612,-0.612,-0.883,-0.612,-0.612,-0.679,-0.544,-0.612,-0.679,-0.883,-0.612,-0.612,-0.679,-0.544,-0.612,-0.612,-0.883,-0.612,-0.612,-0.679,-0.544,-0.612,-0.679,0,0
"2019-04-16 10:33:40.0",788156,-9999,100.4,-2.775,-2.775,-0.048,-9999,-9999,12.0387,39.83,39.87,11.63,-0.883,-0.544,-0.612,-0.679,-0.544,-0.544,-0.679,-0.883,-0.544,-0.612,-0.679,-0.544,-0.612,-0.679,-0.883,-0.544,-0.612,-0.679,-0.476,-0.544,-0.679,-0.883,-0.544,-0.612,-0.679,-0.544,-0.544,-0.612,0,700
"2019-04-16 10:34:00.0",788157,-9999,100.5,-2.705,-2.705,-0.047,-9999,-9999,12.0443,39.83,39.89,11.63,-0.883,-0.544,-0.612,-0.679,-0.544,-0.544,-0.612,-0.883,-0.544,-0.544,-0.679,-0.476,-0.544,-0.612,-0.883,-0.544,-0.612,-0.612,-0.544,-0.544,-0.612,-0.883,-0.544,-0.544,-0.679,-0.476,-0.544,-0.612,0,0
"2019-04-16 10:34:20.0",788158,-9999,100.5,-2.636,-2.636,-0.046,-9999,-9999,12.0387,39.83,39.87,11.63,-0.883,-0.544,-0.612,-0.679,-0.476,-0.544,-0.679,-0.883,-0.544,-0.544,-0.612,-0.476,-0.544,-0.679,-0.883,-0.544,-0.544,-0.612,-0.476,-0.544,-0.679,-0.883,-0.544,-0.544,-0.612,-0.476,-0.544,-0.612,0,0
"2019-04-16 10:34:40.0",788159,-9999,100.5,-2.567,-2.567,-0.045,-9999,-9999,12.0387,39.83,39.87,11.61,-0.883,-0.544,-0.544,-0.679,-0.476,-0.544,-0.612,-0.883,-0.476,-0.544,-0.612,-0.476,-0.544,-0.612,-0.883,-0.476,-0.544,-0.612,-0.476,-0.544,-0.612,-0.883,-0.476,-0.544,-0.612,-0.476,-0.544,-0.612,0,0
"2019-04-16 10:35:00.0",788160,-9999,100.6,-2.497,-2.497,-0.044,-9999,-9999,12.0443,39.83,39.87,11.61,-0.883,-0.476,-0.544,-0.612,-0.476,-0.544,-0.612,-0.883,-0.476,-0.544,-0.612,-0.476,-0.544,-0.612,-0.883,-0.476,-0.544,-0.612,-0.476,-0.544,-0.612,-0.883,-0.476,-0.544,-0.612,-0.476,-0.544,-0.612,0,0
"2019-04-16 10:35:20.0",788161,-9999,100.6,-2.428,-2.428,-0.042,-9999,-9999,12.0443,39.83,39.89,11.61,-0.883,-0.476,-0.544,-0.612,-0.476,-0.544,-0.612,-0.883,-0.476,-0.476,-0.612,-0.476,-0.544,-0.612,-0.883,-0.476,-0.476,-0.612,-0.408,-0.544,-0.612,-0.883,-0.476,-0.476,-0.612,-0.408,-0.544,-0.612,0,700
"2019-04-16 10:35:40.0",788162,-9999,100.7,-2.358,-2.358,-0.041,-9999,-9999,12.0443,39.83,39.87,11.61,-0.883,-0.476,-0.476,-0.612,-0.408,-0.544,-0.612,-0.883,-0.408,-0.476,-0.612,-0.408,-0.476,-0.612,-0.883,-0.476,-0.476,-0.612,-0.408,-0.544,-0.612,-0.883,-0.476,-0.476,-0.612,-0.408,-0.476,-0.612,0,0
"2019-04-16 10:36:00.0",788163,-9999,100.7,-2.289,-2.289,-0.04,-9999,-9999,12.0443,39.83,39.87,11.61,-0.883,-0.408,-0.476,-0.612,-0.408,-0.544,-0.612,-0.883,-0.408,-0.476,-0.544,-0.408,-0.476,-0.612,-0.883,-0.408,-0.476,-0.612,-0.408,-0.544,-0.612,-0.883,-0.408,-0.408,-0.544,-0.408,-0.544,-0.612,0,0
"2019-04-16 10:36:20.0",788164,-9999,100.8,-2.22,-2.22,-0.039,-9999,-9999,12.0387,39.84,39.87,11.61,-0.883,-0.408,-0.408,-0.544,-0.408,-0.476,-0.612,-0.883,-0.408,-0.408,-0.544,-0.408,-0.476,-0.544,-0.883,-0.408,-0.408,-0.544,-0.408,-0.476,-0.612,-0.883,-0.408,-0.408,-0.544,-0.408,-0.476,-0.612,0,0
"2019-04-16 10:36:40.0",788165,-9999,100.8,-2.151,-2.151,-0.038,-9999,-9999,12.0443,39.83,39.87,11.61,-0.883,-0.408,-0.408,-0.544,-0.408,-0.476,-0.544,-0.883,-0.408,-0.408,-0.544,-0.408,-0.476,-0.612,-0.883,-0.408,-0.408,-0.544,-0.408,-0.476,-0.612,-0.883,-0.408,-0.408,-0.544,-0.408,-0.476,-0.544,0,0
"2019-04-16 10:37:00.0",788166,-9999,100.9,-2.081,-2.081,-0.036,-9999,-9999,12.0443,39.86,39.89,11.61,-0.883,-0.408,-0.408,-0.544,-0.408,-0.476,-0.612,-0.883,-0.34,-0.408,-0.544,-0.408,-0.476,-0.544,-0.883,-0.34,-0.408,-0.544,-0.408,-0.408,-0.544,-0.883,-0.34,-0.408,-0.544,-0.408,-0.476,-0.612,0,700
"2019-04-16 10:37:20.0",788167,-9999,100.9,-2.012,-2.012,-0.035,-9999,-9999,12.0443,39.84,39.89,11.61,-0.883,-0.34,-0.408,-0.544,-0.408,-0.476,-0.612,-0.883,-0.34,-0.408,-0.544,-0.408,-0.476,-0.544,-0.883,-0.34,-0.408,-0.544,-0.408,-0.476,-0.544,-0.883,-0.34,-0.408,-0.544,-0.408,-0.476,-0.544,0,0
"2019-04-16 10:37:40.0",788168,-9999,100.9,-1.943,-1.943,-0.034,-9999,-9999,12.0443,39.84,39.87,11.61,-0.883,-0.34,-0.408,-0.544,-0.408,-0.476,-0.612,-0.883,-0.272,-0.408,-0.476,-0.408,-0.476,-0.544,-0.883,-0.34,-0.408,-0.476,-0.408,-0.476,-0.544,-0.883,-0.272,-0.34,-0.476,-0.408,-0.476,-0.612,0,0
"2019-04-16 10:38:00.0",788169,-9999,101,-1.873,-1.873,-0.033,-9999,-9999,12.0443,39.86,39.87,11.61,-0.883,-0.34,-0.34,-0.476,-0.408,-0.476,-0.612,-0.883,-0.34,-0.34,-0.476,-0.34,-0.408,-0.612,-0.883,-0.272,-0.34,-0.476,-0.34,-0.408,-0.612,-0.883,-0.272,-0.34,-0.476,-0.34,-0.408,-0.544,0,0
"2019-04-16 10:38:20.0",788170,-9999,101,-1.804,-1.804,-0.031,-9999,-9999,12.0443,39.86,39.89,11.61,-0.883,-0.272,-0.34,-0.476,-0.34,-0.476,-0.612,-0.883,-0.272,-0.34,-0.476,-0.34,-0.408,-0.612,-0.883,-0.272,-0.34,-0.476,-0.34,-0.408,-0.544,-0.883,-0.272,-0.34,-0.476,-0.34,-0.408,-0.544,0,0
"2019-04-16 10:38:40.0",788171,-9999,101.1,-1.735,-1.735,-0.03,-9999,-9999,12.0443,39.86,39.89,11.61,-0.883,-0.204,-0.34,-0.476,-0.34,-0.408,-0.544,-0.883,-0.204,-0.272,-0.408,-0.34,-0.408,-0.612,-0.883,-0.204,-0.272,-0.408,-0.272,-0.408,-0.544,-0.883,-0.204,-0.272,-0.408,-0.34,-0.408,-0.544,0,700
"2019-04-16 10:39:00.0",788172,-9999,101.1,-1.666,-1.666,-0.029,-9999,-9999,12.0443,39.85,39.87,11.61,-0.883,-0.136,-0.272,-0.408,-0.272,-0.408,-0.544,-0.883,-0.136,-0.204,-0.408,-0.272,-0.408,-0.544,-0.883,-0.204,-0.204,-0.408,-0.272,-0.408,-0.544,-0.883,-0.204,-0.204,-0.408,-0.272,-0.408,-0.544,0,0
"2019-04-16 10:39:20.0",788173,-9999,101.2,-1.597,-1.597,-0.028,-9999,-9999,12.0443,39.85,39.87,11.61,-0.883,-0.204,-0.204,-0.408,-0.272,-0.408,-0.476,-0.883,-0.136,-0.136,-0.408,-0.204,-0.408,-0.544,-0.883,-0.068,-0.136,-0.408,-0.204,-0.408,-0.544,-0.883,-0.068,-0.204,-0.408,-0.204,-0.408,-0.544,0,0
"2019-04-16 10:39:40.0",788174,-9999,101.2,-1.528,-1.528,-0.027,-9999,-9999,12.0554,39.85,39.87,11.61,-0.883,-0.136,-0.204,-0.408,-0.204,-0.408,-0.476,-0.815,-0.068,-0.136,-0.408,-0.204,-0.408,-0.544,-0.883,-0.136,-0.136,-0.408,-0.204,-0.408,-0.544,-0.815,-0.068,-0.136,-0.408,-0.204,-0.408,-0.544,0,0
"2019-04-16 10:40:00.0",788175,-9999,101.3,-1.458,-1.458,-0.025,-9999,-9999,12.0443,39.85,39.87,11.61,-0.883,-0.068,-0.136,-0.408,-0.204,-0.34,-0.544,-0.815,0,-0.068,-0.408,-0.136,-0.34,-0.544,-0.815,0,-0.068,-0.408,-0.204,-0.34,-0.476,-0.815,-0.068,-0.068,-0.408,-0.136,-0.34,-0.544,0,0
"2019-04-16 10:40:20.0",788176,-9999,101.3,-1.389,-1.389,-0.024,-9999,-9999,12.0443,39.85,39.87,11.61,-0.815,0,-0.068,-0.408,-0.136,-0.34,-0.544,-0.815,0,-0.068,-0.34,-0.136,-0.34,-0.544,-0.815,0,-0.068,-0.34,-0.136,-0.34,-0.544,-0.815,0,-0.068,-0.34,-0.136,-0.272,-0.476,0,700
"2019-04-16 10:40:40.0",788177,-9999,101.3,-1.32,-1.32,-0.023,-9999,-9999,12.0443,39.85,39.87,11.61,-0.815,0.068,0,-0.34,-0.136,-0.272,-0.544,-0.815,0.068,0,-0.34,-0.068,-0.34,-0.476,-0.815,0.068,0,-0.34,-0.068,-0.272,-0.476,-0.815,0.068,0,-0.34,-0.068,-0.272,-0.476,0,0
"2019-04-16 10:41:00.0",788178,-9999,101.4,-1.251,-1.251,-0.022,-9999,-9999,12.0443,39.85,39.91,11.61,-0.815,0.068,0,-0.34,-0.068,-0.272,-0.476,-0.815,0.068,0.068,-0.34,-0.068,-0.272,-0.544,-0.815,0.136,0.068,-0.34,-0.068,-0.272,-0.476,-0.815,0.136,0.068,-0.272,-0.068,-0.272,-0.476,0,0
"2019-04-16 10:41:20.0",788179,-9999,101.4,-1.182,-1.182,-0.021,-9999,-9999,12.0387,39.85,39.87,11.61,-0.815,0.136,0.068,-0.34,-0.068,-0.34,-0.544,-0.815,0.204,0.068,-0.272,-0.068,-0.272,-0.476,-0.815,0.136,0.068,-0.272,-0.068,-0.272,-0.476,-0.815,0.136,0.068,-0.272,-0.068,-0.272,-0.476,0,0
"2019-04-16 10:41:40.0",788180,-9999,101.5,-1.112,-1.112,-0.019,-9999,-9999,12.0443,39.85,39.87,11.61,-0.815,0.204,0.068,-0.272,-0.068,-0.272,-0.476,-0.815,0.272,0.136,-0.272,0,-0.272,-0.476,-0.815,0.204,0.136,-0.272,0,-0.272,-0.476,-0.815,0.204,0.136,-0.272,0,-0.272,-0.476,0,0
"2019-04-16 10:42:00.0",788181,-9999,101.5,-1.043,-1.043,-0.018,-9999,-9999,12.0443,39.85,39.89,11.61,-0.815,0.272,0.136,-0.272,-0.068,-0.272,-0.476,-0.815,0.272,0.204,-0.272,0,-0.272,-0.476,-0.815,0.272,0.204,-0.272,0,-0.272,-0.476,-0.815,0.272,0.204,-0.204,0,-0.272,-0.476,0,700
"2019-04-16 10:42:20.0",788182,-9999,101.6,-0.974,-0.974,-0.017,-9999,-9999,12.0443,39.86,39.87,11.61,-0.815,0.272,0.204,-0.204,0,-0.272,-0.476,-0.815,0.34,0.204,-0.204,0.068,-0.204,-0.476,-0.815,0.34,0.272,-0.204,0.068,-0.272,-0.476,-0.815,0.34,0.272,-0.204,0.068,-0.204,-0.476,0,0
"2019-04-16 10:42:40.0",788183,-9999,101.6,-0.905,-0.905,-0.016,-9999,-9999,12.0443,39.86,39.87,11.61,-0.815,0.34,0.272,-0.204,0.068,-0.204,-0.476,-0.815,0.34,0.272,-0.204,0.068,-0.204,-0.476,-0.815,0.408,0.272,-0.136,0.068,-0.204,-0.476,-0.815,0.408,0.34,-0.136,0.068,-0.204,-0.476,0,0
"2019-04-16 10:43:00.0",788184,-9999,101.6,-0.836,-0.836,-0.015,-9999,-9999,12.0443,39.86,39.89,11.61,-0.815,0.408,0.34,-0.204,0.068,-0.204,-0.476,-0.815,0.476,0.34,-0.136,0.136,-0.204,-0.408,-0.815,0.408,0.34,-0.136,0.136,-0.136,-0.408,-0.815,0.476,0.34,-0.136,0.136,-0.204,-0.476,0,0
"2019-04-16 10:43:20.0",788185,-9999,101.7,-0.767,-0.767,-0.013,-9999,-9999,12.0443,39.86,39.87,11.61,-0.815,0.476,0.34,-0.136,0.136,-0.204,-0.408,-0.815,0.476,0.408,-0.136,0.136,-0.204,-0.476,-0.815,0.476,0.408,-0.136,0.136,-0.136,-0.476,-0.815,0.476,0.408,-0.136,0.136,-0.136,-0.476,0,0
"2019-04-16 10:43:40.0",788186,3000,101.7,-0.697,0.047,-0.012,0.001,37.23,12.0443,39.86,39.87,11.61,-0.815,0.544,0.408,-0.136,0.136,-0.136,-0.408,-0.815,0.476,0.34,-0.136,0.136,-0.204,-0.408,-0.815,0.476,0.34,-0.136,0.136,-0.204,-0.476,-0.815,0.476,0.34,-0.136,0.068,-0.204,-0.476,212,488
"2019-04-16 10:44:00.0",788187,3000,101.8,-0.628,0.094,-0.011,0.002,36.55,12.0387,39.86,39.87,11.63,-0.815,0.612,0.476,-0.068,0.204,-0.136,-0.408,-0.815,0.544,0.476,-0.068,0.204,-0.136,-0.476,-0.815,0.612,0.476,-0.068,0.136,-0.136,-0.476,-0.815,0.544,0.476,-0.136,0.136,-0.136,-0.476,212,568
"2019-04-16 10:44:20.0",788188,3000,101.8,-0.56,0.142,-0.01,0.002,35.87,12.0443,39.86,39.87,11.63,-0.815,0.679,0.544,-0.068,0.204,-0.136,-0.476,-0.815,0.679,0.544,-0.068,0.204,-0.136,-0.408,-0.815,0.612,0.476,-0.068,0.204,-0.136,-0.476,-0.815,0.612,0.476,-0.068,0.204,-0.136,-0.408,212,568
"2019-04-16 10:44:40.0",788189,3000,101.9,-0.491,0.191,-0.009,0.003,35.2,12.0554,39.86,39.87,11.63,-0.815,0.679,0.612,0,0.272,-0.068,-0.408,-0.815,0.679,0.612,0,0.272,-0.068,-0.408,-0.815,0.679,0.544,0,0.204,-0.068,-0.408,-0.815,0.679,0.544,0,0.204,-0.136,-0.408,213,567
"2019-04-16 10:45:00.0",788190,3000,101.9,-0.422,0.241,-0.007,0.004,34.53,12.0554,39.86,39.87,11.63,-0.815,0.679,0.612,0,0.272,-0.068,-0.408,-0.815,0.747,0.612,0,0.272,-0.136,-0.408,-0.815,0.679,0.612,0,0.272,-0.068,-0.408,-0.815,0.747,0.544,0,0.204,-0.136,-0.408,213,567
"2019-04-16 10:45:20.0",788191,3000,102,-0.353,0.292,-0.006,0.005,33.88,12.0554,39.86,39.89,11.63,-0.815,0.747,0.679,0,0.272,-0.068,-0.408,-0.815,0.815,0.679,0,0.34,-0.068,-0.408,-0.815,0.747,0.679,0,0.272,-0.068,-0.408,-0.815,0.815,0.679,0,0.272,-0.068,-0.408,213,567
"2019-04-16 10:45:40.0",788192,3010,102,-0.284,0.343,-0.005,0.006,33.23,12.0554,39.85,39.87,11.63,-0.815,0.815,0.679,0.068,0.34,-0.068,-0.408,-0.815,0.815,0.747,0.068,0.34,-0.068,-0.408,-0.815,0.815,0.679,0.068,0.272,-0.068,-0.408,-0.815,0.815,0.679,0.068,0.272,-0.068,-0.408,213,567
"2019-04-16 10:46:00.0",788193,3000,102,-0.215,0.395,-0.004,0.007,32.59,12.0554,39.85,39.87,11.63,-0.815,0.883,0.679,0.068,0.34,-0.068,-0.408,-0.815,0.883,0.679,0.068,0.272,-0.068,-0.408,-0.815,0.883,0.747,0.068,0.272,-0.136,-0.408,-0.815,0.883,0.679,0.068,0.272,-0.136,-0.408,213,567
"2019-04-16 10:46:20.0",788194,3020,102.1,-0.146,0.448,-0.003,0.008,31.96,12.0443,39.85,39.87,11.63,-0.815,0.951,0.747,0.068,0.34,-0.068,-0.408,-0.815,0.951,0.815,0.068,0.34,-0.068,-0.408,-0.815,0.883,0.747,0.068,0.34,-0.068,-0.408,-0.815,0.951,0.815,0.068,0.34,-0.068,-0.408,214,566
"2019-04-16 10:46:40.0",788195,3020,102.1,-0.077,0.501,-0.001,0.009,31.34,12.0443,39.85,39.87,11.63,-0.747,0.951,0.815,0.136,0.34,0,-0.408,-0.747,1.019,0.883,0.136,0.408,0,-0.408,-0.747,1.019,0.815,0.068,0.34,-0.068,-0.408,-0.747,1.019,0.815,0.068,0.34,0,-0.408,214,566
"2019-04-16 10:47:00.0",788196,3020,102.2,-0.008,0.555,0,0.01,30.73,12.0443,39.85,39.87,11.66,-0.747,1.087,0.883,0.136,0.408,0.068,-0.408,-0.679,1.087,0.883,0.136,0.408,0.068,-0.408,-0.679,1.019,0.883,0.136,0.476,0.068,-0.408,-0.679,1.087,0.883,0.136,0.408,0.068,-0.408,214,566
"2019-04-16 10:47:20.0",788197,3020,102.2,0.061,0.609,0.001,0.011,30.13,12.0443,39.85,39.87,11.66,-0.612,1.155,0.951,0.204,0.476,0.204,-0.408,-0.612,1.087,0.951,0.204,0.476,0.204,-0.408,-0.68,1.155,0.951,0.204,0.476,0.136,-0.408,-0.68,1.087,0.951,0.204,0.476,0.136,-0.408,214,566
"2019-04-16 10:47:40.0",788198,3020,102.3,0.13,0.664,0.002,0.012,29.54,12.0443,39.85,39.9,11.66,-0.612,1.223,1.019,0.272,0.544,0.204,-0.408,-0.612,1.155,1.019,0.272,0.544,0.272,-0.408,-0.612,1.155,1.019,0.272,0.544,0.272,-0.408,-0.612,1.155,1.019,0.272,0.544,0.272,-0.408,214,566
"2019-04-16 10:48:00.0",788199,3020,102.3,0.199,0.72,0.003,0.013,28.97,12.0499,39.85,39.87,11.66,-0.544,1.223,1.087,0.272,0.612,0.272,-0.408,-0.612,1.291,1.087,0.272,0.612,0.272,-0.408,-0.612,1.223,1.019,0.272,0.544,0.272,-0.408,-0.612,1.223,1.019,0.272,0.544,0.272,-0.408,215,565
"2019-04-16 10:48:20.0",788200,3020,102.4,0.268,0.776,0.005,0.014,28.4,12.0554,39.85,39.87,11.66,-0.612,1.291,1.087,0.272,0.544,0.204,-0.408,-0.612,1.359,1.087,0.272,0.544,0.204,-0.408,-0.68,1.291,1.087,0.272,0.544,0.204,-0.408,-0.68,1.291,1.087,0.272,0.544,0.204,-0.408,215,565
"2019-04-16 10:48:40.0",788201,3020,102.4,0.337,0.832,0.006,0.015,27.85,12.0499,39.85,39.87,11.66,-0.612,1.291,1.155,0.272,0.544,0.272,-0.408,-0.612,1.359,1.155,0.272,0.612,0.272,-0.408,-0.612,1.359,1.087,0.272,0.612,0.272,-0.408,-0.612,1.359,1.087,0.272,0.544,0.272,-0.408,215,565
"2019-04-16 10:49:00.0",788202,3020,102.4,0.406,0.889,0.007,0.016,27.31,12.0554,39.86,39.87,11.66,-0.544,1.427,1.155,0.34,0.612,0.408,-0.408,-0.544,1.359,1.155,0.34,0.612,0.408,-0.408,-0.544,1.359,1.155,0.34,0.612,0.408,-0.408,-0.544,1.359,1.155,0.34,0.612,0.408,-0.408,215,565
"2019-04-16 10:49:20.0",788203,3020,102.5,0.475,0.947,0.008,0.017,26.79,12.0499,39.86,39.87,11.66,-0.476,1.427,1.223,0.408,0.68,0.476,-0.408,-0.476,1.427,1.223,0.34,0.68,0.476,-0.408,-0.476,1.427,1.223,0.34,0.68,0.476,-0.408,-0.476,1.359,1.223,0.34,0.68,0.476,-0.408,215,565
"2019-04-16 10:49:40.0",788204,3030,102.5,0.544,1.005,0.009,0.018,26.27,12.0443,39.86,39.87,11.66,-0.408,1.427,1.291,0.408,0.815,0.68,-0.408,-0.408,1.495,1.291,0.408,0.883,0.747,-0.408,-0.408,1.495,1.223,0.408,0.815,0.747,-0.408,-0.408,1.495,1.291,0.408,0.815,0.747,-0.408,216,564
"2019-04-16 10:50:00.0",788205,3030,102.6,0.612,1.062,0.011,0.019,25.77,12.0387,39.86,39.87,11.66,-0.272,1.563,1.291,0.476,0.951,0.951,-0.408,-0.272,1.495,1.291,0.476,0.951,0.951,-0.408,-0.272,1.495,1.291,0.476,0.883,0.883,-0.408,-0.34,1.495,1.291,0.476,0.883,0.883,-0.408,216,564
"2019-04-16 10:50:20.0",788206,3030,102.6,0.681,1.121,0.012,0.02,25.28,12.0443,39.86,39.87,11.68,-0.272,1.563,1.359,0.544,0.951,0.951,-0.408,-0.34,1.563,1.359,0.544,0.951,0.883,-0.34,-0.34,1.563,1.359,0.476,0.951,0.883,-0.408,-0.34,1.563,1.291,0.476,0.883,0.815,-0.408,216,564
"2019-04-16 10:50:40.0",788207,3030,102.7,0.75,1.18,0.013,0.021,24.8,12.0443,39.86,39.87,11.68,-0.272,1.563,1.359,0.544,0.951,0.951,-0.408,-0.272,1.563,1.359,0.544,1.019,0.951,-0.408,-0.272,1.631,1.359,0.544,0.951,0.951,-0.34,-0.272,1.631,1.359,0.544,0.951,0.951,-0.34,216,564
"2019-04-16 10:51:00.0",788208,3030,102.7,0.819,1.239,0.014,0.022,24.34,12.0443,39.86,39.88,11.68,-0.136,1.631,1.427,0.612,1.087,1.087,-0.408,-0.136,1.631,1.427,0.612,1.087,1.155,-0.34,-0.136,1.631,1.427,0.612,1.087,1.223,-0.408,-0.136,1.631,1.427,0.612,1.087,1.223,-0.408,216,564
"2019-04-16 10:51:20.0",788209,3030,102.8,0.888,1.298,0.015,0.023,23.88,12.0554,39.86,39.87,11.68,0.136,1.699,1.495,0.747,1.291,1.631,-0.34,0.204,1.631,1.495,0.747,1.359,1.631,-0.34,0.204,1.699,1.495,0.747,1.359,1.699,-0.34,0.204,1.699,1.427,0.747,1.291,1.699,-0.34,217,563
"2019-04-16 10:51:40.0",788210,3030,102.8,0.957,1.358,0.017,0.024,23.44,12.0554,39.86,39.87,11.68,0.408,1.767,1.563,0.883,1.563,2.106,-0.34,0.408,1.699,1.563,0.883,1.631,2.174,-0.34,0.408,1.699,1.563,0.883,1.631,2.174,-0.34,0.408,1.699,1.495,0.883,1.563,2.106,-0.34,217,563
"2019-04-16 10:52:00.0",788211,3030,102.8,1.025,1.418,0.018,0.025,23.01,12.0666,39.86,39.88,11.68,0.679,1.835,1.699,1.019,1.835,2.514,-0.34,0.679,1.835,1.699,1.019,1.835,2.514,-0.272,0.679,1.767,1.699,1.019,1.835,2.514,-0.34,0.679,1.767,1.631,1.019,1.767,2.446,-0.272,217,563
"2019-04-16 10:52:20.0",788212,3030,102.9,1.094,1.479,0.019,0.026,22.59,12.0499,39.86,39.88,11.7,0.476,1.835,1.699,0.951,1.699,2.174,-0.272,0.408,1.835,1.699,0.951,1.631,2.106,-0.272,0.34,1.903,1.631,0.883,1.563,1.971,-0.272,0.34,1.903,1.631,0.883,1.495,1.903,-0.34,217,563
"2019-04-16 10:52:40.0",788213,3030,102.9,1.163,1.54,0.02,0.027,22.17,12.0554,39.86,39.88,11.7,0.476,1.903,1.699,1.019,1.699,2.242,-0.272,0.476,1.903,1.699,1.019,1.767,2.242,-0.272,0.476,1.903,1.699,1.019,1.699,2.242,-0.272,0.476,1.835,1.699,1.019,1.699,2.242,-0.34,217,563
"2019-04-16 10:53:00.0",788214,3040,103,1.232,1.601,0.021,0.028,21.78,12.0443,39.86,39.88,11.7,0.544,2.038,1.835,1.087,1.835,2.378,-0.272,0.476,1.971,1.767,1.087,1.767,2.242,-0.272,0.476,1.971,1.767,1.019,1.767,2.242,-0.272,0.476,1.971,1.767,1.019,1.699,2.242,-0.272,218,562
"2019-04-16 10:53:20.0",788215,3040,103,1.3,1.662,0.023,0.029,21.39,12.0443,39.86,39.87,11.7,0.408,2.038,1.903,1.087,1.699,2.106,-0.34,0.34,2.106,1.903,1.087,1.699,2.038,-0.272,0.34,2.106,1.903,1.019,1.699,1.971,-0.272,0.272,2.038,1.835,1.019,1.631,1.971,-0.272,218,562
"2019-04-16 10:53:40.0",788216,3040,103.1,1.369,1.723,0.024,0.03,21.01,12.0387,39.86,39.88,11.7,0.136,2.174,1.903,0.951,1.563,1.631,-0.272,0.068,2.174,1.903,0.951,1.495,1.563,-0.34,0.068,2.106,1.903,0.951,1.495,1.563,-0.34,0,2.174,1.903,0.883,1.427,1.495,-0.272,218,562
"2019-04-16 10:54:00.0",788217,3040,103.1,1.438,1.785,0.025,0.031,20.64,12.0443,39.86,39.87,11.7,-0.204,2.242,1.903,0.883,1.291,1.223,-0.34,-0.204,2.174,1.903,0.815,1.223,1.155,-0.34,-0.204,2.174,1.903,0.815,1.223,1.087,-0.34,-0.204,2.242,1.835,0.815,1.223,1.087,-0.34,218,562
"2019-04-16 10:54:20.0",788218,3040,103.2,1.507,1.847,0.026,0.032,20.28,12.0443,39.86,39.88,11.73,-0.34,2.31,1.903,0.815,1.223,0.951,-0.34,-0.34,2.242,1.903,0.815,1.155,0.951,-0.34,-0.34,2.242,1.903,0.747,1.155,0.951,-0.34,-0.34,2.242,1.835,0.747,1.155,0.883,-0.34,218,562
"2019-04-16 10:54:40.0",788219,3040,103.2,1.575,1.909,0.027,0.033,19.93,12.0387,39.86,39.87,11.73,-0.204,2.242,1.903,0.815,1.223,1.155,-0.34,-0.204,2.242,1.903,0.815,1.223,1.223,-0.34,-0.204,2.174,1.835,0.815,1.291,1.223,-0.272,-0.204,2.174,1.835,0.815,1.223,1.155,-0.34,218,562
"2019-04-16 10:55:00.0",788220,3040,103.2,1.644,1.972,0.029,0.034,19.59,12.0554,39.86,39.87,11.73,-0.204,2.242,1.903,0.815,1.223,1.087,-0.34,-0.204,2.242,1.903,0.815,1.223,1.087,-0.34,-0.204,2.242,1.835,0.815,1.223,1.087,-0.34,-0.204,2.242,1.835,0.815,1.223,1.087,-0.34,219,561
"2019-04-16 10:55:20.0",788221,3040,103.3,1.713,2.034,0.03,0.035,19.25,12.0554,39.86,39.87,11.73,0,2.31,2.039,0.951,1.427,1.495,-0.272,0,2.378,2.039,1.019,1.495,1.563,-0.272,0,2.378,2.039,1.019,1.495,1.495,-0.272,0,2.378,1.971,0.951,1.427,1.495,-0.272,219,561
"2019-04-16 10:55:40.0",788222,3040,103.3,1.781,2.096,0.031,0.037,18.93,12.0554,39.86,39.87,11.73,-0.136,2.446,2.039,0.951,1.359,1.291,-0.272,-0.136,2.446,2.039,0.951,1.359,1.291,-0.272,-0.136,2.446,2.039,0.951,1.359,1.223,-0.272,-0.136,2.378,1.971,0.883,1.291,1.223,-0.34,219,561
"2019-04-16 10:56:00.0",788223,3040,103.4,1.85,2.159,0.032,0.038,18.62,12.0499,39.86,39.88,11.75,-0.204,2.446,2.106,0.951,1.359,1.223,-0.272,-0.204,2.446,2.106,0.951,1.359,1.223,-0.272,-0.204,2.446,2.039,0.951,1.359,1.223,-0.272,-0.204,2.446,2.039,0.951,1.359,1.223,-0.34,219,561
"2019-04-16 10:56:20.0",788224,3040,103.4,1.919,2.223,0.033,0.039,18.31,12.0554,39.86,39.87,11.75,-0.068,2.446,2.174,1.087,1.495,1.563,-0.272,0,2.446,2.106,1.087,1.563,1.563,-0.272,0,2.514,2.106,1.087,1.563,1.563,-0.204,0,2.446,2.106,1.087,1.563,1.563,-0.272,219,561
"2019-04-16 10:56:40.0",788225,3060,103.5,1.987,2.286,0.035,0.04,18.01,12.0443,39.86,39.87,11.75,0.068,2.65,2.242,1.155,1.631,1.699,-0.272,0.068,2.582,2.242,1.155,1.631,1.699,-0.272,0.068,2.582,2.242,1.155,1.631,1.631,-0.204,0,2.582,2.174,1.155,1.563,1.631,-0.204,220,560
"2019-04-16 10:57:00.0",788226,3060,103.5,2.056,2.349,0.036,0.041,17.72,12.0387,39.86,39.87,11.75,0.068,2.65,2.242,1.155,1.631,1.699,-0.272,0.068,2.65,2.31,1.155,1.631,1.699,-0.204,0.068,2.582,2.242,1.155,1.631,1.699,-0.204,0,2.582,2.242,1.155,1.631,1.631,-0.204,220,560
"2019-04-16 10:57:20.0",788227,3060,103.6,2.124,2.413,0.037,0.042,17.43,12.0443,39.86,39.87,11.75,0.204,2.718,2.378,1.291,1.835,1.971,-0.204,0.204,2.718,2.378,1.291,1.835,1.971,-0.204,0.204,2.718,2.31,1.291,1.835,1.971,-0.204,0.204,2.65,2.31,1.291,1.835,1.971,-0.136,220,560
"2019-04-16 10:57:40.0",788228,3060,103.6,2.193,2.476,0.038,0.043,17.16,12.0443,39.86,39.87,11.75,0.204,2.786,2.378,1.359,1.903,2.039,-0.204,0.136,2.786,2.446,1.359,1.903,2.039,-0.136,0.136,2.786,2.378,1.291,1.835,2.039,-0.204,0.136,2.786,2.378,1.291,1.835,1.971,-0.204,220,560
"2019-04-16 10:58:00.0",788229,3060,103.7,2.262,2.54,0.039,0.044,16.89,12.0443,39.86,39.87,11.75,0.204,2.854,2.514,1.359,1.971,2.106,-0.136,0.204,2.854,2.514,1.427,1.971,2.174,-0.136,0.204,2.854,2.446,1.359,1.971,2.174,-0.136,0.204,2.786,2.446,1.359,1.971,2.174,-0.136,220,560
"2019-04-16 10:58:20.0",788230,3060,103.7,2.33,2.604,0.041,0.045,16.63,12.0443,39.86,39.87,11.77,0.815,2.854,2.718,1.835,2.65,3.262,0,0.883,2.922,2.718,1.903,2.786,3.465,0.068,0.951,2.854,2.718,1.903,2.786,3.465,0.068,0.951,2.854,2.718,1.903,2.786,3.533,0,220,560
"2019-04-16 10:58:40.0",788231,3060,103.7,2.399,2.668,0.042,0.047,16.37,12.0554,39.86,39.91,11.77,1.427,3.058,2.99,2.242,3.262,4.281,0.136,1.427,3.058,2.99,2.242,3.262,4.145,0.136,1.359,3.058,2.99,2.174,3.194,4.077,0.136,1.359,2.99,2.99,2.174,3.194,4.009,0.068,221,559
"2019-04-16 10:59:00.0",788232,3060,103.8,2.467,2.732,0.043,0.048,16.12,12.0499,39.86,39.88,11.77,1.087,3.126,2.99,2.039,2.922,3.601,0.068,1.087,3.126,2.99,2.039,2.922,3.533,0.068,1.019,3.126,2.922,2.039,2.922,3.533,0.068,1.019,3.126,2.922,1.971,2.854,3.533,0.068,221,559
"2019-04-16 10:59:20.0",788233,3060,103.8,2.536,2.796,0.044,0.049,15.88,12.0554,39.86,39.87,11.77,1.223,3.33,3.126,2.174,3.126,3.805,0.136,1.223,3.33,3.126,2.174,3.126,3.873,0.136,1.223,3.262,3.126,2.174,3.126,3.873,0.136,1.223,3.262,3.126,2.174,3.126,3.805,0.136,221,559
"2019-04-16 10:59:40.0",788234,3060,103.9,2.604,2.861,0.045,0.05,15.64,12.0554,39.86,39.88,11.79,1.019,3.33,3.126,2.106,2.922,3.533,0.068,0.951,3.398,3.126,2.039,2.854,3.33,0.068,0.883,3.33,3.058,1.971,2.786,3.262,0.068,0.815,3.33,3.058,1.903,2.718,3.126,0.068,221,559
