"TOA5","","","1764","CR1000.Std.24","CPU:MFRSR_10012018V2.8.CR1","13574","TableHdr","PbCdlComm-1.6.0 (2016/01/26)"
"TIMESTAMP","RECORD","loggerID""headID""xpgmVerID""xlat""xlon""xSiteElev""xFULLREV""xCRXHSTEPS""xSCANseconds""xSCANnAvg""xSCANtrough""xHOMEoffset""xALLTIMEband"
"TS","RN","--""--""--""deg""deg""m""--""--""sec""--""--""--""--"
"","","Smp""Smp""Smp""Smp""Smp""Smp""Smp""Smp""Smp""Smp""Smp""Smp""Smp"
"2019-04-15 00:00:00.0",370,1764,180054423,2.8,-32.1259,-64.7287,1160,800,20,20,1,10,0,-1
"TOA5","","","1764","CR1000.Std.24","CPU:MFRSR_10012018V2.8.CR1","13574","Table155","PbCdlComm-1.6.0 (2016/01/26)"
"TIMESTAMP","RECORD","xoset""az""el""al""cosz""cosasz""pamass""vBat""Thead""THTC""Tlogger""Dnadir(1)""Dnadir(2)""Dnadir(3)""Dnadir(4)""Dnadir(5)""Dnadir(6)""Dnadir(7)""Deast(1)""Deast(2)""Deast(3)""Deast(4)""Deast(5)""Deast(6)""Deast(7)""Dsun(1)""Dsun(2)""Dsun(3)""Dsun(4)""Dsun(5)""Dsun(6)""Dsun(7)""Dwest(1)""Dwest(2)""Dwest(3)""Dwest(4)""Dwest(5)""Dwest(6)""Dwest(7)""kount""khome"
"TS","RN","sec""deg""deg""deg""--""--""--""Volt""degC""degC""degC""mV""mV""mV""mV""mV""mV""mV""mV""mV""mV""mV""mV""mV""mV""mV""mV""mV""mV""mV""mV""mV""mV""mV""mV""mV""mV""mV""mV""--""--"
"","","Smp""Smp""Smp""Smp""Smp""Smp""Smp""Smp""Smp""Smp""Smp""Smp""Smp""Smp""Smp""Smp""Smp""Smp""Smp""Smp""Smp""Smp""Smp""Smp""Smp""Smp""Smp""Smp""Smp""Smp""Smp""Smp""Smp""Smp""Smp""Smp""Smp""Smp""Smp""Smp""Smp"
"2019-04-15 05:00:00.0",782835,-9999,24.12,-65.98,-65.98,-0.913,-9999,-9999,12.0416,40.02,39.91,18.74,-0.833,-0.912,-0.924,-0.855,-0.864,-0.882,-0.791,-0.811,-0.904,-0.894,-0.849,-0.87,-0.857,-0.754,-0.815,-0.864,-0.94,-0.847,-0.872,-0.876,-0.744,-0.817,-0.88,-0.92,-0.843,-0.89,-0.847,-0.742,0,700
"2019-04-15 05:00:20.0",782836,-9999,24.3,-65.95,-65.95,-0.913,-9999,-9999,12.0416,40.02,39.91,18.74,-0.827,-0.926,-0.94,-0.859,-0.884,-0.868,-0.758,-0.815,-0.914,-0.928,-0.851,-0.874,-0.884,-0.756,-0.817,-0.9,-0.92,-0.849,-0.874,-0.857,-0.785,-0.819,-0.878,-0.92,-0.853,-0.876,-0.88,-0.783,0,0
"2019-04-15 05:00:40.0",782837,-9999,24.49,-65.93,-65.93,-0.913,-9999,-9999,12.0472,40.02,39.91,18.74,-0.823,-0.888,-0.914,-0.866,-0.866,-0.864,-0.775,-0.811,-0.874,-0.922,-0.851,-0.876,-0.857,-0.775,-0.815,-0.904,-0.914,-0.866,-0.87,-0.874,-0.764,-0.817,-0.888,-0.918,-0.851,-0.855,-0.88,-0.762,0,0
"2019-04-15 05:01:00.0",782838,-9999,24.68,-65.9,-65.9,-0.913,-9999,-9999,12.0416,40.02,39.91,18.74,-0.827,-0.884,-0.92,-0.859,-0.884,-0.866,-0.758,-0.817,-0.872,-0.912,-0.843,-0.868,-0.857,-0.77,-0.817,-0.904,-0.916,-0.853,-0.89,-0.827,-0.744,-0.809,-0.888,-0.892,-0.847,-0.876,-0.88,-0.744,0,0
"2019-04-15 05:01:20.0",782839,-9999,24.87,-65.87,-65.87,-0.913,-9999,-9999,12.0416,40.02,39.91,18.74,-0.825,-0.898,-0.946,-0.853,-0.892,-0.853,-0.76,-0.817,-0.902,-0.92,-0.847,-0.87,-0.868,-0.781,-0.815,-0.916,-0.914,-0.868,-0.884,-0.851,-0.746,-0.817,-0.89,-0.924,-0.845,-0.857,-0.857,-0.744,0,0
"2019-04-15 05:01:40.0",782840,-9999,25.06,-65.84,-65.84,-0.912,-9999,-9999,12.0416,40.02,39.91,18.74,-0.823,-0.904,-0.932,-0.845,-0.884,-0.868,-0.748,-0.815,-0.9,-0.914,-0.847,-0.87,-0.845,-0.752,-0.813,-0.914,-0.924,-0.847,-0.872,-0.839,-0.75,-0.815,-0.91,-0.884,-0.845,-0.866,-0.841,-0.742,0,700
"2019-04-15 05:02:00.0",782841,-9999,25.24,-65.81,-65.81,-0.912,-9999,-9999,12.0416,40.02,39.91,18.74,-0.825,-0.912,-0.922,-0.864,-0.884,-0.849,-0.793,-0.724,-0.801,-0.829,-0.76,-0.783,-0.779,-0.677,-0.72,-0.785,-0.821,-0.758,-0.777,-0.777,-0.692,-0.728,-0.829,-0.825,-0.758,-0.787,-0.762,-0.69,0,0
"2019-04-15 05:02:20.0",782842,-9999,25.43,-65.78,-65.78,-0.912,-9999,-9999,12.0416,40.02,39.91,18.74,-0.732,-0.791,-0.839,-0.762,-0.791,-0.773,-0.696,-0.726,-0.773,-0.799,-0.756,-0.775,-0.791,-0.661,-0.72,-0.813,-0.821,-0.779,-0.77,-0.76,-0.655,-0.718,-0.793,-0.817,-0.756,-0.76,-0.779,-0.647,0,0
"2019-04-15 05:02:40.0",782843,-9999,25.62,-65.75,-65.75,-0.912,-9999,-9999,12.0416,40.02,39.91,18.74,-0.734,-0.817,-0.839,-0.768,-0.791,-0.76,-0.663,-0.722,-0.789,-0.837,-0.736,-0.789,-0.791,-0.655,-0.716,-0.811,-0.815,-0.754,-0.779,-0.785,-0.651,-0.716,-0.791,-0.829,-0.752,-0.773,-0.754,-0.661,0,0
"2019-04-15 05:03:00.0",782844,-9999,25.8,-65.72,-65.72,-0.912,-9999,-9999,12.0416,40.02,39.91,18.74,-0.732,-0.827,-0.819,-0.775,-0.779,-0.793,-0.679,-0.722,-0.785,-0.795,-0.742,-0.773,-0.748,-0.694,-0.724,-0.815,-0.843,-0.748,-0.799,-0.76,-0.7,-0.726,-0.813,-0.817,-0.75,-0.775,-0.746,-0.684,0,0
"2019-04-15 05:03:20.0",782845,-9999,25.99,-65.69,-65.69,-0.911,-9999,-9999,12.0416,40.02,39.91,18.74,-0.736,-0.813,-0.839,-0.764,-0.791,-0.777,-0.655,-0.72,-0.811,-0.815,-0.75,-0.805,-0.752,-0.657,-0.726,-0.797,-0.827,-0.75,-0.752,-0.762,-0.657,-0.718,-0.779,-0.841,-0.754,-0.775,-0.74,-0.645,0,700
"2019-04-15 05:03:40.0",782846,-9999,26.17,-65.66,-65.66,-0.911,-9999,-9999,12.0416,40.02,39.91,18.74,-0.732,-0.805,-0.835,-0.762,-0.793,-0.791,-0.663,-0.73,-0.811,-0.833,-0.764,-0.793,-0.781,-0.72,-0.736,-0.795,-0.835,-0.766,-0.791,-0.77,-0.702,-0.73,-0.825,-0.864,-0.764,-0.793,-0.779,-0.698,0,0
"2019-04-15 05:04:00.0",782847,-9999,26.35,-65.62,-65.62,-0.911,-9999,-9999,12.0416,40.02,39.92,18.74,-0.75,-0.827,-0.849,-0.77,-0.803,-0.811,-0.714,-0.73,-0.811,-0.839,-0.766,-0.797,-0.779,-0.69,-0.73,-0.813,-0.839,-0.764,-0.793,-0.777,-0.702,-0.732,-0.797,-0.835,-0.768,-0.797,-0.76,-0.706,0,0
"2019-04-15 05:04:20.0",782848,-9999,26.54,-65.59,-65.59,-0.911,-9999,-9999,12.0472,40.02,39.92,18.74,-0.746,-0.809,-0.847,-0.775,-0.805,-0.783,-0.708,-0.817,-0.894,-0.906,-0.847,-0.868,-0.837,-0.785,-0.805,-0.882,-0.906,-0.847,-0.861,-0.829,-0.77,-0.809,-0.866,-0.914,-0.843,-0.872,-0.831,-0.77,0,0
"2019-04-15 05:04:40.0",782849,-9999,26.72,-65.56,-65.56,-0.91,-9999,-9999,12.0416,40.02,39.92,18.74,-0.825,-0.91,-0.926,-0.851,-0.896,-0.855,-0.768,-0.813,-0.906,-0.912,-0.87,-0.864,-0.876,-0.781,-0.817,-0.89,-0.916,-0.847,-0.859,-0.872,-0.764,-0.821,-0.864,-0.906,-0.845,-0.864,-0.851,-0.76,0,0
"2019-04-15 05:05:00.0",782850,-9999,26.9,-65.53,-65.53,-0.91,-9999,-9999,12.0416,40.02,39.92,18.74,-0.821,-0.912,-0.932,-0.837,-0.88,-0.843,-0.773,-0.811,-0.91,-0.916,-0.851,-0.874,-0.878,-0.777,-0.811,-0.898,-0.91,-0.853,-0.872,-0.876,-0.744,-0.813,-0.88,-0.92,-0.874,-0.868,-0.87,-0.734,0,700
"2019-04-15 05:05:20.0",782851,-9999,27.09,-65.5,-65.5,-0.91,-9999,-9999,12.0472,40.02,39.92,18.74,-0.831,-0.886,-0.924,-0.861,-0.886,-0.866,-0.787,-0.811,-0.872,-0.914,-0.851,-0.868,-0.845,-0.768,-0.807,-0.91,-0.916,-0.849,-0.864,-0.847,-0.783,-0.811,-0.89,-0.924,-0.872,-0.868,-0.841,-0.779,0,0
"2019-04-15 05:05:40.0",782852,-9999,27.27,-65.46,-65.46,-0.91,-9999,-9999,12.0416,40.02,39.92,18.74,-0.821,-0.902,-0.908,-0.859,-0.882,-0.853,-0.787,-0.811,-0.882,-0.916,-0.843,-0.866,-0.859,-0.752,-0.809,-0.904,-0.916,-0.853,-0.864,-0.847,-0.738,-0.813,-0.906,-0.912,-0.847,-0.861,-0.851,-0.732,0,0
"2019-04-15 05:06:00.0",782853,-9999,27.45,-65.43,-65.43,-0.909,-9999,-9999,12.0472,40.02,39.92,18.74,-0.825,-0.88,-0.914,-0.855,-0.882,-0.853,-0.746,-0.809,-0.868,-0.892,-0.843,-0.864,-0.853,-0.768,-0.809,-0.904,-0.918,-0.845,-0.87,-0.859,-0.77,-0.809,-0.884,-0.916,-0.829,-0.864,-0.87,-0.76,0,0
"2019-04-15 05:06:20.0",782854,-9999,27.63,-65.4,-65.4,-0.909,-9999,-9999,12.0416,40.02,39.92,18.74,-0.744,-0.837,-0.843,-0.777,-0.797,-0.783,-0.686,-0.728,-0.819,-0.837,-0.766,-0.77,-0.76,-0.692,-0.736,-0.791,-0.833,-0.764,-0.781,-0.754,-0.679,-0.734,-0.829,-0.847,-0.766,-0.791,-0.754,-0.677,0,0
"2019-04-15 05:06:40.0",782855,-9999,27.81,-65.37,-65.37,-0.909,-9999,-9999,12.0361,40.02,39.92,18.74,-0.746,-0.837,-0.839,-0.777,-0.793,-0.799,-0.692,-0.736,-0.821,-0.831,-0.764,-0.789,-0.775,-0.692,-0.742,-0.791,-0.837,-0.762,-0.77,-0.775,-0.679,-0.736,-0.825,-0.835,-0.768,-0.785,-0.75,-0.677,0,700
"2019-04-15 05:07:00.0",782856,-9999,27.99,-65.33,-65.33,-0.909,-9999,-9999,12.0416,40.02,39.92,18.74,-0.742,-0.821,-0.823,-0.777,-0.801,-0.766,-0.675,-0.74,-0.789,-0.831,-0.766,-0.791,-0.768,-0.69,-0.736,-0.811,-0.813,-0.768,-0.787,-0.754,-0.682,-0.815,-0.88,-0.916,-0.847,-0.87,-0.835,-0.758,0,0
"2019-04-15 05:07:20.0",782857,-9999,28.17,-65.3,-65.3,-0.909,-9999,-9999,12.0416,40.02,39.92,18.74,-0.821,-0.902,-0.93,-0.857,-0.876,-0.849,-0.746,-0.811,-0.884,-0.916,-0.849,-0.868,-0.855,-0.787,-0.811,-0.874,-0.894,-0.849,-0.868,-0.872,-0.781,-0.811,-0.908,-0.908,-0.853,-0.874,-0.857,-0.77,0,0
"2019-04-15 05:07:40.0",782858,-9999,28.35,-65.27,-65.27,-0.908,-9999,-9999,12.0472,40.02,39.92,18.74,-0.825,-0.924,-0.936,-0.864,-0.884,-0.864,-0.766,-0.815,-0.886,-0.926,-0.859,-0.874,-0.882,-0.756,-0.815,-0.91,-0.916,-0.849,-0.876,-0.876,-0.754,-0.815,-0.894,-0.926,-0.878,-0.874,-0.861,-0.75,0,0
"2019-04-15 05:08:00.0",782859,-9999,28.53,-65.23,-65.23,-0.908,-9999,-9999,12.0472,40.02,39.92,18.74,-0.823,-0.924,-0.94,-0.861,-0.902,-0.886,-0.762,-0.819,-0.876,-0.928,-0.851,-0.874,-0.864,-0.781,-0.817,-0.904,-0.918,-0.851,-0.87,-0.857,-0.758,-0.817,-0.898,-0.904,-0.853,-0.874,-0.853,-0.76,0,0
"2019-04-15 05:08:20.0",782860,-9999,28.71,-65.2,-65.2,-0.908,-9999,-9999,12.0416,40.02,39.92,18.74,-0.827,-0.874,-0.928,-0.859,-0.884,-0.884,-0.779,-0.817,-0.892,-0.928,-0.864,-0.896,-0.859,-0.77,-0.819,-0.882,-0.908,-0.843,-0.849,-0.868,-0.74,-0.815,-0.902,-0.896,-0.847,-0.864,-0.853,-0.758,0,700
"2019-04-15 05:08:40.0",782861,-9999,28.89,-65.17,-65.17,-0.908,-9999,-9999,12.0472,40.02,39.92,18.74,-0.827,-0.88,-0.926,-0.866,-0.876,-0.87,-0.75,-0.815,-0.88,-0.912,-0.849,-0.872,-0.835,-0.785,-0.811,-0.868,-0.914,-0.845,-0.866,-0.837,-0.781,-0.813,-0.906,-0.914,-0.849,-0.851,-0.853,-0.766,0,0
"2019-04-15 05:09:00.0",782862,-9999,29.07,-65.13,-65.13,-0.907,-9999,-9999,12.0472,40.02,39.92,18.74,-0.825,-0.88,-0.914,-0.868,-0.882,-0.853,-0.756,-0.813,-0.89,-0.938,-0.855,-0.882,-0.882,-0.797,-0.821,-0.87,-0.924,-0.849,-0.87,-0.882,-0.777,-0.815,-0.918,-0.916,-0.853,-0.876,-0.855,-0.746,0,0
"2019-04-15 05:09:20.0",782863,-9999,29.24,-65.1,-65.1,-0.907,-9999,-9999,12.0472,40.02,39.92,18.74,-0.829,-0.896,-0.936,-0.866,-0.884,-0.89,-0.785,-0.819,-0.904,-0.916,-0.853,-0.876,-0.859,-0.756,-0.817,-0.876,-0.91,-0.831,-0.868,-0.853,-0.791,-0.823,-0.896,-0.92,-0.851,-0.87,-0.847,-0.748,0,0
"2019-04-15 05:09:40.0",782864,-9999,29.42,-65.06,-65.06,-0.907,-9999,-9999,12.0472,40.02,39.92,18.74,-0.825,-0.93,-0.932,-0.868,-0.884,-0.853,-0.795,-0.811,-0.876,-0.92,-0.859,-0.9,-0.866,-0.75,-0.811,-0.918,-0.922,-0.847,-0.857,-0.857,-0.746,-0.811,-0.896,-0.918,-0.851,-0.87,-0.847,-0.738,0,0
"2019-04-15 05:10:00.0",782865,-9999,29.6,-65.03,-65.03,-0.907,-9999,-9999,12.0416,40.02,39.92,18.74,-0.825,-0.89,-0.912,-0.864,-0.908,-0.853,-0.791,-0.817,-0.898,-0.922,-0.851,-0.898,-0.843,-0.779,-0.817,-0.874,-0.914,-0.835,-0.853,-0.849,-0.756,-0.815,-0.906,-0.918,-0.853,-0.868,-0.845,-0.775,0,700
"2019-04-15 05:10:20.0",782866,-9999,29.77,-64.99,-64.99,-0.906,-9999,-9999,12.0416,40.02,39.92,18.74,-0.831,-0.908,-0.948,-0.859,-0.882,-0.882,-0.773,-0.817,-0.876,-0.938,-0.849,-0.872,-0.87,-0.754,-0.821,-0.908,-0.914,-0.851,-0.876,-0.872,-0.74,-0.819,-0.888,-0.918,-0.851,-0.874,-0.868,-0.762,0,0
"2019-04-15 05:10:40.0",782867,-9999,29.95,-64.96,-64.96,-0.906,-9999,-9999,12.0416,40,39.91,18.74,-0.825,-0.916,-0.942,-0.894,-0.872,-0.876,-0.752,-0.819,-0.872,-0.952,-0.855,-0.872,-0.884,-0.766,-0.813,-0.906,-0.916,-0.851,-0.872,-0.878,-0.752,-0.817,-0.892,-0.918,-0.853,-0.87,-0.857,-0.736,0,0
"2019-04-15 05:11:00.0",782868,-9999,30.12,-64.92,-64.92,-0.906,-9999,-9999,12.0416,40.02,39.91,18.74,-0.827,-0.936,-0.936,-0.872,-0.888,-0.888,-0.797,-0.815,-0.898,-0.892,-0.855,-0.859,-0.884,-0.789,-0.823,-0.886,-0.934,-0.849,-0.874,-0.874,-0.791,-0.819,-0.886,-0.944,-0.849,-0.874,-0.88,-0.779,0,0
"2019-04-15 05:11:20.0",782869,-9999,30.3,-64.89,-64.89,-0.905,-9999,-9999,12.0416,40,39.91,18.74,-0.825,-0.88,-0.934,-0.864,-0.886,-0.872,-0.789,-0.823,-0.872,-0.944,-0.845,-0.874,-0.866,-0.762,-0.817,-0.914,-0.922,-0.855,-0.872,-0.857,-0.75,-0.819,-0.89,-0.924,-0.859,-0.904,-0.843,-0.756,0,0
"2019-04-15 05:11:40.0",782870,-9999,30.47,-64.85,-64.85,-0.905,-9999,-9999,12.0416,40,39.91,18.74,-0.829,-0.916,-0.928,-0.857,-0.88,-0.89,-0.76,-0.821,-0.896,-0.944,-0.853,-0.884,-0.866,-0.777,-0.821,-0.888,-0.932,-0.857,-0.874,-0.864,-0.793,-0.817,-0.9,-0.92,-0.855,-0.9,-0.849,-0.75,0,700
"2019-04-15 05:12:00.0",782871,-9999,30.64,-64.82,-64.82,-0.905,-9999,-9999,12.0472,39.99,39.91,18.74,-0.839,-0.888,-0.93,-0.87,-0.888,-0.857,-0.76,-0.821,-0.876,-0.924,-0.859,-0.864,-0.866,-0.764,-0.819,-0.92,-0.944,-0.855,-0.874,-0.859,-0.75,-0.823,-0.892,-0.942,-0.857,-0.874,-0.843,-0.746,0,0
"2019-04-15 05:12:20.0",782872,-9999,30.82,-64.78,-64.78,-0.905,-9999,-9999,12.0472,39.99,39.92,18.74,-0.831,-0.896,-0.916,-0.888,-0.89,-0.89,-0.76,-0.823,-0.882,-0.932,-0.859,-0.861,-0.857,-0.768,-0.823,-0.92,-0.932,-0.884,-0.884,-0.864,-0.762,-0.827,-0.904,-0.926,-0.843,-0.88,-0.882,-0.742,0,0
"2019-04-15 05:12:40.0",782873,-9999,30.99,-64.75,-64.75,-0.904,-9999,-9999,12.0472,39.99,39.92,18.74,-0.841,-0.89,-0.938,-0.866,-0.874,-0.859,-0.754,-0.819,-0.88,-0.926,-0.853,-0.88,-0.853,-0.768,-0.821,-0.91,-0.94,-0.855,-0.876,-0.841,-0.766,-0.817,-0.908,-0.916,-0.851,-0.878,-0.88,-0.781,0,0
"2019-04-15 05:13:00.0",782874,-9999,31.17,-64.71,-64.71,-0.904,-9999,-9999,12.0416,39.99,39.92,18.74,-0.833,-0.91,-0.942,-0.859,-0.888,-0.878,-0.793,-0.823,-0.904,-0.938,-0.857,-0.88,-0.874,-0.801,-0.821,-0.878,-0.93,-0.859,-0.902,-0.859,-0.787,-0.819,-0.88,-0.928,-0.861,-0.9,-0.849,-0.77,0,0
"2019-04-15 05:13:20.0",782875,-9999,31.34,-64.67,-64.67,-0.904,-9999,-9999,12.0472,39.99,39.92,18.74,-0.835,-0.93,-0.926,-0.864,-0.886,-0.868,-0.756,-0.823,-0.922,-0.92,-0.859,-0.882,-0.853,-0.783,-0.823,-0.926,-0.898,-0.857,-0.88,-0.841,-0.787,-0.823,-0.896,-0.9,-0.851,-0.878,-0.878,-0.777,0,700
"2019-04-15 05:13:40.0",782876,-9999,31.51,-64.64,-64.64,-0.904,-9999,-9999,12.0472,39.99,39.92,18.74,-0.827,-0.912,-0.957,-0.87,-0.892,-0.894,-0.762,-0.825,-0.892,-0.924,-0.855,-0.888,-0.868,-0.787,-0.823,-0.872,-0.92,-0.857,-0.9,-0.864,-0.777,-0.825,-0.878,-0.924,-0.859,-0.876,-0.847,-0.76,0,0
"2019-04-15 05:14:00.0",782877,-9999,31.68,-64.6,-64.6,-0.903,-9999,-9999,12.0416,39.99,39.91,18.74,-0.835,-0.908,-0.94,-0.864,-0.888,-0.847,-0.758,-0.827,-0.914,-0.924,-0.857,-0.872,-0.847,-0.762,-0.823,-0.894,-0.916,-0.855,-0.874,-0.859,-0.779,-0.831,-0.9,-0.924,-0.857,-0.882,-0.878,-0.768,0,0
"2019-04-15 05:14:20.0",782878,-9999,31.85,-64.56,-64.56,-0.903,-9999,-9999,12.0416,39.99,39.91,18.74,-0.831,-0.936,-0.936,-0.876,-0.894,-0.898,-0.775,-0.825,-0.876,-0.93,-0.861,-0.886,-0.87,-0.758,-0.823,-0.914,-0.906,-0.859,-0.874,-0.859,-0.775,-0.827,-0.918,-0.902,-0.888,-0.882,-0.847,-0.783,0,0
"2019-04-15 05:14:40.0",782879,-9999,32.02,-64.52,-64.52,-0.903,-9999,-9999,12.0361,39.99,39.91,18.74,-0.839,-0.896,-0.93,-0.866,-0.886,-0.864,-0.764,-0.821,-0.926,-0.932,-0.864,-0.882,-0.872,-0.793,-0.819,-0.9,-0.932,-0.866,-0.876,-0.888,-0.766,-0.825,-0.9,-0.936,-0.886,-0.882,-0.874,-0.746,0,0
"2019-04-15 05:15:00.0",782880,-9999,32.19,-64.49,-64.49,-0.902,-9999,-9999,12.0472,39.99,39.91,18.74,-0.841,-0.89,-0.936,-0.872,-0.896,-0.894,-0.77,-0.827,-0.922,-0.91,-0.857,-0.88,-0.866,-0.762,-0.823,-0.922,-0.904,-0.855,-0.88,-0.864,-0.766,-0.829,-0.92,-0.898,-0.837,-0.882,-0.845,-0.783,0,700
"2019-04-15 05:15:20.0",782881,-9999,32.36,-64.45,-64.45,-0.902,-9999,-9999,12.0416,39.99,39.91,18.74,-0.835,-0.918,-0.946,-0.876,-0.896,-0.859,-0.762,-0.827,-0.912,-0.934,-0.874,-0.886,-0.894,-0.799,-0.825,-0.91,-0.934,-0.87,-0.886,-0.882,-0.783,-0.823,-0.93,-0.938,-0.866,-0.886,-0.872,-0.748,0,0
"2019-04-15 05:15:40.0",782882,-9999,32.53,-64.41,-64.41,-0.902,-9999,-9999,12.0472,39.99,39.91,18.74,-0.843,-0.908,-0.938,-0.874,-0.888,-0.859,-0.807,-0.823,-0.892,-0.928,-0.864,-0.864,-0.878,-0.787,-0.821,-0.9,-0.914,-0.861,-0.878,-0.851,-0.777,-0.827,-0.932,-0.912,-0.861,-0.882,-0.89,-0.795,0,0
"2019-04-15 05:16:00.0",782883,-9999,32.7,-64.37,-64.37,-0.902,-9999,-9999,12.0472,39.99,39.91,18.74,-0.837,-0.902,-0.934,-0.876,-0.9,-0.902,-0.764,-0.829,-0.916,-0.926,-0.861,-0.866,-0.898,-0.801,-0.825,-0.91,-0.928,-0.853,-0.884,-0.878,-0.752,-0.827,-0.914,-0.932,-0.861,-0.884,-0.859,-0.756,0,0
"2019-04-15 05:16:20.0",782884,-9999,32.86,-64.33,-64.33,-0.901,-9999,-9999,12.0416,39.99,39.91,18.71,-0.839,-0.926,-0.936,-0.874,-0.894,-0.902,-0.805,-0.823,-0.934,-0.93,-0.857,-0.872,-0.896,-0.787,-0.827,-0.898,-0.932,-0.868,-0.884,-0.874,-0.795,-0.829,-0.91,-0.936,-0.868,-0.886,-0.878,-0.775,0,0
"2019-04-15 05:16:40.0",782885,-9999,33.03,-64.3,-64.3,-0.901,-9999,-9999,12.0472,39.99,39.91,18.71,-0.841,-0.908,-0.92,-0.872,-0.894,-0.904,-0.795,-0.825,-0.904,-0.922,-0.861,-0.884,-0.89,-0.795,-0.829,-0.878,-0.93,-0.857,-0.886,-0.864,-0.791,-0.831,-0.878,-0.916,-0.859,-0.884,-0.847,-0.754,0,700
"2019-04-15 05:17:00.0",782886,-9999,33.2,-64.26,-64.26,-0.901,-9999,-9999,12.0416,39.99,39.91,18.71,-0.839,-0.898,-0.944,-0.872,-0.898,-0.882,-0.768,-0.827,-0.892,-0.934,-0.866,-0.892,-0.857,-0.775,-0.829,-0.93,-0.952,-0.859,-0.882,-0.89,-0.783,-0.829,-0.922,-0.928,-0.864,-0.882,-0.868,-0.789,0,0
"2019-04-15 05:17:20.0",782887,-9999,33.36,-64.22,-64.22,-0.9,-9999,-9999,12.0416,39.99,39.91,18.71,-0.839,-0.93,-0.942,-0.878,-0.896,-0.882,-0.766,-0.825,-0.898,-0.928,-0.861,-0.886,-0.864,-0.791,-0.833,-0.908,-0.928,-0.866,-0.912,-0.872,-0.799,-0.831,-0.912,-0.934,-0.861,-0.906,-0.87,-0.762,0,0
"2019-04-15 05:17:40.0",782888,-9999,33.53,-64.18,-64.18,-0.9,-9999,-9999,12.0416,39.99,39.91,18.71,-0.843,-0.896,-0.95,-0.878,-0.894,-0.88,-0.783,-0.829,-0.896,-0.938,-0.894,-0.908,-0.864,-0.772,-0.829,-0.928,-0.928,-0.866,-0.884,-0.896,-0.783,-0.831,-0.932,-0.938,-0.87,-0.882,-0.872,-0.791,0,0
"2019-04-15 05:18:00.0",782889,-9999,33.7,-64.14,-64.14,-0.9,-9999,-9999,12.0416,39.99,39.91,18.71,-0.837,-0.908,-0.948,-0.88,-0.894,-0.864,-0.801,-0.821,-0.886,-0.926,-0.872,-0.89,-0.876,-0.781,-0.827,-0.928,-0.932,-0.868,-0.888,-0.853,-0.787,-0.829,-0.93,-0.936,-0.866,-0.89,-0.89,-0.762,0,0
"2019-04-15 05:18:20.0",782890,-9999,33.86,-64.1,-64.1,-0.9,-9999,-9999,12.0472,39.99,39.91,18.69,-0.845,-0.924,-0.965,-0.882,-0.896,-0.898,-0.76,-0.829,-0.922,-0.91,-0.868,-0.88,-0.868,-0.766,-0.821,-0.918,-0.92,-0.868,-0.888,-0.866,-0.781,-0.829,-0.916,-0.906,-0.864,-0.882,-0.896,-0.785,0,700
"2019-04-15 05:18:40.0",782891,-9999,34.03,-64.06,-64.06,-0.899,-9999,-9999,12.0472,39.99,39.91,18.69,-0.839,-0.908,-0.94,-0.878,-0.888,-0.878,-0.797,-0.825,-0.922,-0.928,-0.866,-0.884,-0.894,-0.807,-0.823,-0.93,-0.936,-0.896,-0.89,-0.868,-0.789,-0.835,-0.922,-0.948,-0.87,-0.884,-0.874,-0.756,0,0
"2019-04-15 05:19:00.0",782892,-9999,34.19,-64.02,-64.02,-0.899,-9999,-9999,12.0416,39.99,39.91,18.69,-0.841,-0.896,-0.944,-0.9,-0.896,-0.87,-0.793,-0.825,-0.894,-0.95,-0.868,-0.918,-0.88,-0.793,-0.827,-0.904,-0.959,-0.868,-0.886,-0.855,-0.799,-0.831,-0.89,-0.961,-0.845,-0.884,-0.89,-0.75,0,0
"2019-04-15 05:19:20.0",782893,-9999,34.36,-63.98,-63.98,-0.899,-9999,-9999,12.0416,39.99,39.91,18.69,-0.843,-0.932,-0.944,-0.878,-0.898,-0.878,-0.793,-0.829,-0.9,-0.932,-0.866,-0.888,-0.859,-0.795,-0.829,-0.888,-0.928,-0.853,-0.878,-0.884,-0.797,-0.829,-0.908,-0.934,-0.861,-0.888,-0.864,-0.752,0,0
"2019-04-15 05:19:40.0",782894,-9999,34.52,-63.94,-63.94,-0.898,-9999,-9999,12.0416,39.99,39.91,18.69,-0.839,-0.922,-0.944,-0.876,-0.892,-0.894,-0.795,-0.829,-0.92,-0.91,-0.861,-0.882,-0.859,-0.805,-0.831,-0.924,-0.902,-0.888,-0.906,-0.866,-0.77,-0.829,-0.924,-0.93,-0.861,-0.878,-0.87,-0.779,0,0
"2019-04-15 05:20:00.0",782895,-9999,34.68,-63.9,-63.9,-0.898,-9999,-9999,12.0416,39.99,39.91,18.69,-0.841,-0.894,-0.944,-0.876,-0.902,-0.908,-0.76,-0.829,-0.904,-0.904,-0.868,-0.894,-0.864,-0.801,-0.829,-0.89,-0.918,-0.866,-0.89,-0.894,-0.805,-0.831,-0.886,-0.928,-0.861,-0.874,-0.872,-0.77,0,700
"2019-04-15 05:20:20.0",782896,-9999,34.85,-63.86,-63.86,-0.898,-9999,-9999,12.0472,39.99,39.91,18.69,-0.847,-0.936,-0.942,-0.894,-0.882,-0.876,-0.805,-0.831,-0.886,-0.932,-0.859,-0.882,-0.876,-0.768,-0.829,-0.922,-0.904,-0.864,-0.886,-0.851,-0.762,-0.829,-0.908,-0.932,-0.868,-0.884,-0.888,-0.77,0,0
"2019-04-15 05:20:40.0",782897,-9999,35.01,-63.82,-63.82,-0.897,-9999,-9999,12.0472,39.99,39.92,18.69,-0.843,-0.932,-0.936,-0.878,-0.894,-0.857,-0.754,-0.831,-0.91,-0.932,-0.866,-0.908,-0.87,-0.787,-0.823,-0.914,-0.932,-0.868,-0.884,-0.866,-0.791,-0.835,-0.926,-0.934,-0.89,-0.884,-0.89,-0.758,0,0
"2019-04-15 05:21:00.0",782898,-9999,35.17,-63.78,-63.78,-0.897,-9999,-9999,12.0416,39.99,39.92,18.69,-0.843,-0.946,-0.926,-0.878,-0.904,-0.868,-0.795,-0.827,-0.886,-0.928,-0.866,-0.89,-0.859,-0.809,-0.829,-0.928,-0.934,-0.87,-0.888,-0.882,-0.797,-0.829,-0.884,-0.94,-0.847,-0.886,-0.874,-0.756,0,0
"2019-04-15 05:21:20.0",782899,-9999,35.33,-63.74,-63.74,-0.897,-9999,-9999,12.0472,39.99,39.92,18.66,-0.839,-0.896,-0.936,-0.88,-0.898,-0.859,-0.803,-0.829,-0.91,-0.92,-0.864,-0.906,-0.87,-0.764,-0.829,-0.898,-0.952,-0.861,-0.88,-0.849,-0.758,-0.833,-0.9,-0.938,-0.884,-0.904,-0.886,-0.777,0,0
"2019-04-15 05:21:40.0",782900,-9999,35.49,-63.7,-63.7,-0.896,-9999,-9999,12.0416,39.99,39.92,18.69,-0.839,-0.928,-0.942,-0.87,-0.896,-0.902,-0.762,-0.829,-0.898,-0.936,-0.892,-0.892,-0.88,-0.797,-0.829,-0.902,-0.938,-0.872,-0.892,-0.849,-0.783,-0.829,-0.886,-0.94,-0.859,-0.892,-0.892,-0.783,0,700
"2019-04-15 05:22:00.0",782901,-9999,35.65,-63.66,-63.66,-0.896,-9999,-9999,12.0528,39.99,39.92,18.66,-0.843,-0.92,-0.95,-0.882,-0.898,-0.882,-0.768,-0.835,-0.886,-0.926,-0.868,-0.882,-0.872,-0.789,-0.833,-0.882,-0.928,-0.861,-0.89,-0.851,-0.779,-0.833,-0.894,-0.928,-0.864,-0.89,-0.89,-0.766,0,0
"2019-04-15 05:22:20.0",782902,-9999,35.81,-63.62,-63.62,-0.896,-9999,-9999,12.0416,39.99,39.92,18.66,-0.841,-0.914,-0.94,-0.87,-0.892,-0.894,-0.799,-0.837,-0.896,-0.93,-0.868,-0.888,-0.88,-0.775,-0.831,-0.888,-0.94,-0.874,-0.874,-0.87,-0.758,-0.827,-0.888,-0.932,-0.87,-0.87,-0.872,-0.797,0,0
"2019-04-15 05:22:40.0",782903,-9999,35.97,-63.58,-63.58,-0.896,-9999,-9999,12.0416,39.99,39.92,18.66,-0.845,-0.902,-0.942,-0.878,-0.896,-0.902,-0.768,-0.833,-0.932,-0.934,-0.872,-0.888,-0.861,-0.809,-0.833,-0.922,-0.936,-0.868,-0.888,-0.89,-0.764,-0.835,-0.932,-0.938,-0.868,-0.88,-0.847,-0.775,0,0
"2019-04-15 05:23:00.0",782904,-9999,36.13,-63.54,-63.54,-0.895,-9999,-9999,12.0416,39.99,39.92,18.66,-0.843,-0.914,-0.952,-0.876,-0.9,-0.868,-0.783,-0.835,-0.918,-0.959,-0.866,-0.892,-0.88,-0.758,-0.835,-0.928,-0.952,-0.847,-0.89,-0.872,-0.754,-0.839,-0.888,-0.942,-0.868,-0.886,-0.874,-0.793,0,0
"2019-04-15 05:23:20.0",782905,-9999,36.29,-63.49,-63.49,-0.895,-9999,-9999,12.0416,39.99,39.92,18.64,-0.843,-0.922,-0.926,-0.886,-0.906,-0.89,-0.799,-0.833,-0.892,-0.916,-0.87,-0.894,-0.886,-0.777,-0.833,-0.888,-0.952,-0.876,-0.89,-0.857,-0.783,-0.833,-0.916,-0.94,-0.868,-0.87,-0.874,-0.801,0,700
"2019-04-15 05:23:40.0",782906,-9999,36.45,-63.45,-63.45,-0.895,-9999,-9999,12.0528,39.99,39.92,18.64,-0.845,-0.936,-0.955,-0.872,-0.894,-0.864,-0.77,-0.833,-0.904,-0.936,-0.853,-0.912,-0.876,-0.811,-0.837,-0.9,-0.934,-0.861,-0.892,-0.851,-0.756,-0.835,-0.922,-0.934,-0.864,-0.9,-0.87,-0.785,0,0
"2019-04-15 05:24:00.0",782907,-9999,36.61,-63.41,-63.41,-0.894,-9999,-9999,12.0416,39.99,39.92,18.64,-0.843,-0.914,-0.942,-0.876,-0.894,-0.898,-0.766,-0.833,-0.888,-0.934,-0.864,-0.892,-0.859,-0.791,-0.827,-0.896,-0.926,-0.853,-0.886,-0.886,-0.793,-0.833,-0.882,-0.932,-0.866,-0.888,-0.857,-0.75,0,0
"2019-04-15 05:24:20.0",782908,-9999,36.76,-63.37,-63.37,-0.894,-9999,-9999,12.0416,39.99,39.92,18.64,-0.845,-0.902,-0.967,-0.878,-0.9,-0.882,-0.76,-0.831,-0.924,-0.959,-0.868,-0.886,-0.861,-0.803,-0.825,-0.922,-0.95,-0.888,-0.886,-0.88,-0.775,-0.841,-0.93,-0.938,-0.868,-0.886,-0.874,-0.785,0,0
"2019-04-15 05:24:40.0",782909,-9999,36.92,-63.33,-63.33,-0.894,-9999,-9999,12.0416,39.99,39.92,18.64,-0.843,-0.94,-0.95,-0.88,-0.902,-0.886,-0.787,-0.829,-0.896,-0.924,-0.874,-0.894,-0.888,-0.805,-0.833,-0.902,-0.914,-0.874,-0.888,-0.868,-0.768,-0.831,-0.932,-0.936,-0.868,-0.89,-0.896,-0.772,0,0
"2019-04-15 05:25:00.0",782910,-9999,37.08,-63.28,-63.28,-0.893,-9999,-9999,12.0416,39.99,39.92,18.64,-0.845,-0.924,-0.95,-0.882,-0.924,-0.902,-0.797,-0.839,-0.9,-0.94,-0.872,-0.892,-0.876,-0.811,-0.831,-0.894,-0.94,-0.87,-0.888,-0.864,-0.762,-0.833,-0.89,-0.95,-0.861,-0.886,-0.853,-0.783,0,700
"2019-04-15 05:25:20.0",782911,-9999,37.23,-63.24,-63.24,-0.893,-9999,-9999,12.0416,39.99,39.92,18.64,-0.841,-0.938,-0.965,-0.88,-0.878,-0.88,-0.795,-0.829,-0.91,-0.924,-0.864,-0.882,-0.861,-0.807,-0.835,-0.9,-0.926,-0.866,-0.884,-0.884,-0.764,-0.833,-0.928,-0.932,-0.866,-0.888,-0.876,-0.775,0,0
"2019-04-15 05:25:40.0",782912,-9999,37.39,-63.2,-63.2,-0.893,-9999,-9999,12.0416,39.99,39.92,18.61,-0.839,-0.916,-0.944,-0.878,-0.92,-0.876,-0.785,-0.827,-0.88,-0.922,-0.861,-0.886,-0.87,-0.768,-0.831,-0.876,-0.926,-0.866,-0.868,-0.851,-0.756,-0.831,-0.892,-0.908,-0.855,-0.888,-0.866,-0.793,0,0
"2019-04-15 05:26:00.0",782913,-9999,37.54,-63.16,-63.16,-0.892,-9999,-9999,12.0472,39.99,39.92,18.61,-0.841,-0.926,-0.934,-0.874,-0.894,-0.884,-0.785,-0.829,-0.876,-0.928,-0.851,-0.886,-0.894,-0.799,-0.831,-0.878,-0.928,-0.857,-0.882,-0.866,-0.754,-0.827,-0.882,-0.926,-0.863,-0.908,-0.847,-0.77,0,0
"2019-04-15 05:26:20.0",782914,-9999,37.7,-63.11,-63.11,-0.892,-9999,-9999,12.0416,39.99,39.92,18.61,-0.847,-0.936,-0.942,-0.872,-0.896,-0.878,-0.805,-0.839,-0.88,-0.932,-0.868,-0.888,-0.872,-0.791,-0.829,-0.904,-0.932,-0.861,-0.89,-0.851,-0.76,-0.825,-0.888,-0.928,-0.894,-0.88,-0.89,-0.766,0,0
"2019-04-15 05:26:40.0",782915,-9999,37.85,-63.07,-63.07,-0.892,-9999,-9999,12.0416,39.99,39.92,18.61,-0.843,-0.896,-0.942,-0.876,-0.9,-0.866,-0.801,-0.829,-0.916,-0.936,-0.872,-0.914,-0.896,-0.766,-0.827,-0.926,-0.928,-0.866,-0.884,-0.872,-0.779,-0.829,-0.926,-0.942,-0.866,-0.888,-0.886,-0.807,0,700
"2019-04-15 05:27:00.0",782916,-9999,38.01,-63.03,-63.03,-0.891,-9999,-9999,12.0416,39.99,39.92,18.61,-0.839,-0.9,-0.944,-0.876,-0.896,-0.868,-0.805,-0.831,-0.912,-0.93,-0.866,-0.892,-0.878,-0.809,-0.821,-0.904,-0.928,-0.868,-0.888,-0.853,-0.783,-0.833,-0.92,-0.94,-0.87,-0.886,-0.894,-0.772,0,0
"2019-04-15 05:27:20.0",782917,-9999,38.16,-62.98,-62.98,-0.891,-9999,-9999,12.0472,39.99,39.92,18.61,-0.845,-0.92,-0.938,-0.898,-0.882,-0.88,-0.762,-0.829,-0.924,-0.952,-0.857,-0.88,-0.894,-0.785,-0.829,-0.902,-0.955,-0.866,-0.87,-0.866,-0.795,-0.827,-0.924,-0.934,-0.859,-0.868,-0.859,-0.758,0,0
"2019-04-15 05:27:40.0",782918,-9999,38.31,-62.94,-62.94,-0.891,-9999,-9999,12.0416,39.99,39.92,18.58,-0.837,-0.902,-0.942,-0.878,-0.89,-0.868,-0.803,-0.835,-0.882,-0.932,-0.859,-0.882,-0.868,-0.77,-0.827,-0.882,-0.902,-0.859,-0.859,-0.861,-0.781,-0.829,-0.878,-0.93,-0.845,-0.863,-0.866,-0.783,0,0
"2019-04-15 05:28:00.0",782919,-9999,38.47,-62.9,-62.9,-0.89,-9999,-9999,12.0416,39.99,39.92,18.58,-0.843,-0.892,-0.934,-0.863,-0.892,-0.874,-0.805,-0.825,-0.902,-0.926,-0.859,-0.88,-0.847,-0.793,-0.829,-0.894,-0.924,-0.859,-0.882,-0.845,-0.779,-0.835,-0.896,-0.92,-0.863,-0.884,-0.861,-0.77,0,0
"2019-04-15 05:28:20.0",782920,-9999,38.62,-62.85,-62.85,-0.89,-9999,-9999,12.0361,39.99,39.92,18.58,-0.839,-0.928,-0.959,-0.868,-0.888,-0.876,-0.793,-0.827,-0.882,-0.93,-0.861,-0.88,-0.859,-0.779,-0.823,-0.874,-0.926,-0.853,-0.87,-0.886,-0.756,-0.825,-0.88,-0.926,-0.857,-0.88,-0.847,-0.768,0,700
"2019-04-15 05:28:40.0",782921,-9999,38.77,-62.81,-62.81,-0.889,-9999,-9999,12.0416,39.99,39.92,18.58,-0.831,-0.884,-0.94,-0.853,-0.888,-0.853,-0.793,-0.825,-0.898,-0.928,-0.857,-0.882,-0.863,-0.801,-0.825,-0.892,-0.932,-0.882,-0.88,-0.863,-0.754,-0.819,-0.898,-0.902,-0.861,-0.88,-0.884,-0.766,0,0
"2019-04-15 05:29:00.0",782922,-9999,38.92,-62.76,-62.76,-0.889,-9999,-9999,12.0472,39.99,39.92,18.58,-0.835,-0.902,-0.934,-0.874,-0.914,-0.88,-0.795,-0.827,-0.916,-0.928,-0.863,-0.884,-0.872,-0.762,-0.825,-0.908,-0.93,-0.855,-0.874,-0.882,-0.775,-0.825,-0.916,-0.93,-0.839,-0.878,-0.845,-0.791,0,0
"2019-04-15 05:29:20.0",782923,-9999,39.07,-62.72,-62.72,-0.889,-9999,-9999,12.0416,39.99,39.92,18.58,-0.831,-0.904,-0.936,-0.868,-0.894,-0.861,-0.764,-0.829,-0.916,-0.924,-0.853,-0.884,-0.892,-0.756,-0.825,-0.892,-0.946,-0.857,-0.863,-0.859,-0.752,-0.821,-0.912,-0.924,-0.863,-0.88,-0.851,-0.764,0,0
"2019-04-15 05:29:40.0",782924,-9999,39.22,-62.68,-62.68,-0.888,-9999,-9999,12.0472,39.99,39.92,18.58,-0.835,-0.896,-0.942,-0.868,-0.894,-0.853,-0.797,-0.825,-0.884,-0.924,-0.857,-0.882,-0.886,-0.775,-0.827,-0.878,-0.896,-0.853,-0.861,-0.878,-0.779,-0.823,-0.876,-0.924,-0.839,-0.882,-0.849,-0.75,0,0
"2019-04-15 05:30:00.0",782925,-9999,39.37,-62.63,-62.63,-0.888,-9999,-9999,12.0472,39.99,39.92,18.58,-0.839,-0.93,-0.936,-0.87,-0.872,-0.878,-0.779,-0.823,-0.896,-0.928,-0.859,-0.904,-0.87,-0.768,-0.819,-0.9,-0.914,-0.843,-0.878,-0.859,-0.775,-0.823,-0.894,-0.928,-0.855,-0.878,-0.843,-0.777,0,700
"2019-04-15 05:30:20.0",782926,-9999,39.52,-62.59,-62.59,-0.888,-9999,-9999,12.0472,39.99,39.92,18.58,-0.835,-0.932,-0.934,-0.898,-0.888,-0.874,-0.789,-0.827,-0.912,-0.912,-0.859,-0.882,-0.87,-0.77,-0.819,-0.9,-0.924,-0.857,-0.904,-0.849,-0.775,-0.833,-0.906,-0.902,-0.863,-0.904,-0.886,-0.77,0,0
"2019-04-15 05:30:40.0",782927,-9999,39.67,-62.54,-62.54,-0.887,-9999,-9999,12.0472,39.99,39.92,18.58,-0.829,-0.924,-0.934,-0.87,-0.92,-0.855,-0.791,-0.827,-0.92,-0.924,-0.861,-0.888,-0.855,-0.787,-0.821,-0.902,-0.95,-0.859,-0.886,-0.868,-0.793,-0.823,-0.896,-0.92,-0.859,-0.884,-0.863,-0.783,0,0
"2019-04-15 05:31:00.0",782928,-9999,39.82,-62.5,-62.5,-0.887,-9999,-9999,12.0416,39.99,39.92,18.58,-0.835,-0.936,-0.938,-0.87,-0.896,-0.857,-0.801,-0.829,-0.918,-0.922,-0.861,-0.876,-0.853,-0.791,-0.825,-0.896,-0.914,-0.855,-0.88,-0.876,-0.746,-0.823,-0.894,-0.928,-0.845,-0.88,-0.859,-0.789,0,0
"2019-04-15 05:31:20.0",782929,-9999,39.97,-62.45,-62.45,-0.887,-9999,-9999,12.0416,39.99,39.92,18.58,-0.841,-0.928,-0.94,-0.872,-0.894,-0.894,-0.76,-0.819,-0.896,-0.928,-0.861,-0.868,-0.874,-0.795,-0.825,-0.902,-0.922,-0.859,-0.882,-0.847,-0.756,-0.825,-0.902,-0.936,-0.866,-0.884,-0.863,-0.77,0,0
"2019-04-15 05:31:40.0",782930,-9999,40.12,-62.41,-62.41,-0.886,-9999,-9999,12.0528,39.99,39.92,18.56,-0.837,-0.928,-0.936,-0.87,-0.888,-0.9,-0.781,-0.823,-0.892,-0.926,-0.857,-0.884,-0.886,-0.779,-0.823,-0.902,-0.902,-0.853,-0.876,-0.863,-0.787,-0.823,-0.888,-0.92,-0.855,-0.878,-0.859,-0.748,0,700
"2019-04-15 05:32:00.0",782931,-9999,40.26,-62.36,-62.36,-0.886,-9999,-9999,12.0416,39.99,39.92,18.56,-0.835,-0.914,-0.93,-0.872,-0.892,-0.872,-0.803,-0.825,-0.884,-0.924,-0.857,-0.866,-0.896,-0.791,-0.827,-0.888,-0.946,-0.866,-0.882,-0.886,-0.775,-0.825,-0.88,-0.936,-0.876,-0.884,-0.853,-0.787,0,0
"2019-04-15 05:32:20.0",782932,-9999,40.41,-62.31,-62.31,-0.886,-9999,-9999,12.0416,39.99,39.92,18.56,-0.835,-0.884,-0.94,-0.868,-0.892,-0.87,-0.789,-0.821,-0.88,-0.924,-0.837,-0.859,-0.872,-0.805,-0.823,-0.92,-0.922,-0.859,-0.88,-0.849,-0.762,-0.831,-0.912,-0.92,-0.853,-0.88,-0.876,-0.75,0,0
"2019-04-15 05:32:40.0",782933,-9999,40.56,-62.27,-62.27,-0.885,-9999,-9999,12.0416,39.99,39.92,18.56,-0.833,-0.888,-0.928,-0.866,-0.886,-0.855,-0.793,-0.819,-0.916,-0.93,-0.855,-0.861,-0.851,-0.783,-0.823,-0.896,-0.922,-0.859,-0.874,-0.843,-0.77,-0.823,-0.89,-0.918,-0.853,-0.876,-0.866,-0.787,0,0
"2019-04-15 05:33:00.0",782934,-9999,40.7,-62.22,-62.22,-0.885,-9999,-9999,12.0472,39.99,39.92,18.56,-0.837,-0.93,-0.938,-0.872,-0.914,-0.861,-0.799,-0.825,-0.902,-0.93,-0.861,-0.878,-0.853,-0.777,-0.825,-0.88,-0.926,-0.861,-0.882,-0.859,-0.775,-0.823,-0.884,-0.924,-0.857,-0.882,-0.857,-0.781,0,0
"2019-04-15 05:33:20.0",782935,-9999,40.85,-62.18,-62.18,-0.884,-9999,-9999,12.0472,39.99,39.92,18.56,-0.833,-0.89,-0.928,-0.87,-0.896,-0.894,-0.777,-0.823,-0.926,-0.926,-0.868,-0.884,-0.89,-0.779,-0.823,-0.912,-0.955,-0.861,-0.88,-0.859,-0.768,-0.821,-0.92,-0.95,-0.853,-0.88,-0.847,-0.791,0,700
"2019-04-15 05:33:40.0",782936,-9999,40.99,-62.13,-62.13,-0.884,-9999,-9999,12.0416,39.99,39.92,18.56,-0.835,-0.928,-0.91,-0.861,-0.888,-0.888,-0.797,-0.821,-0.898,-0.924,-0.855,-0.878,-0.882,-0.756,-0.825,-0.878,-0.9,-0.859,-0.872,-0.859,-0.752,-0.829,-0.884,-0.902,-0.855,-0.874,-0.843,-0.766,0,0
"2019-04-15 05:34:00.0",782937,-9999,41.14,-62.08,-62.08,-0.884,-9999,-9999,12.0472,39.99,39.92,18.56,-0.835,-0.884,-0.928,-0.886,-0.882,-0.872,-0.795,-0.831,-0.912,-0.926,-0.886,-0.876,-0.866,-0.787,-0.823,-0.912,-0.938,-0.851,-0.861,-0.845,-0.77,-0.827,-0.918,-0.92,-0.855,-0.859,-0.882,-0.791,0,0
"2019-04-15 05:34:20.0",782938,-9999,41.28,-62.04,-62.04,-0.883,-9999,-9999,12.0416,39.99,39.92,18.56,-0.841,-0.934,-0.942,-0.855,-0.916,-0.874,-0.762,-0.825,-0.902,-0.924,-0.845,-0.886,-0.894,-0.758,-0.827,-0.91,-0.928,-0.859,-0.884,-0.868,-0.758,-0.823,-0.904,-0.932,-0.859,-0.884,-0.853,-0.768,0,0
"2019-04-15 05:34:40.0",782939,-9999,41.43,-61.99,-61.99,-0.883,-9999,-9999,12.0416,39.99,39.92,18.56,-0.835,-0.94,-0.946,-0.872,-0.892,-0.896,-0.781,-0.823,-0.9,-0.932,-0.857,-0.878,-0.849,-0.764,-0.823,-0.902,-0.93,-0.857,-0.9,-0.841,-0.752,-0.825,-0.904,-0.93,-0.861,-0.874,-0.886,-0.764,0,0
"2019-04-15 05:35:00.0",782940,-9999,41.57,-61.94,-61.94,-0.882,-9999,-9999,12.0416,39.99,39.92,18.53,-0.835,-0.926,-0.93,-0.851,-0.898,-0.896,-0.756,-0.829,-0.904,-0.912,-0.839,-0.876,-0.868,-0.795,-0.825,-0.9,-0.92,-0.855,-0.886,-0.847,-0.789,-0.817,-0.9,-0.952,-0.857,-0.888,-0.863,-0.752,0,700
"2019-04-15 05:35:20.0",782941,-9999,41.72,-61.9,-61.9,-0.882,-9999,-9999,12.0416,39.99,39.92,18.53,-0.843,-0.914,-0.944,-0.876,-0.878,-0.866,-0.805,-0.829,-0.908,-0.922,-0.866,-0.886,-0.874,-0.789,-0.821,-0.882,-0.936,-0.849,-0.89,-0.853,-0.783,-0.831,-0.892,-0.928,-0.861,-0.882,-0.872,-0.785,0,0
"2019-04-15 05:35:40.0",782942,-9999,41.86,-61.85,-61.85,-0.882,-9999,-9999,12.0416,39.99,39.92,18.53,-0.841,-0.944,-0.948,-0.872,-0.902,-0.882,-0.791,-0.829,-0.904,-0.926,-0.861,-0.882,-0.868,-0.768,-0.823,-0.928,-0.932,-0.866,-0.884,-0.849,-0.75,-0.823,-0.924,-0.934,-0.863,-0.87,-0.888,-0.768,0,0
"2019-04-15 05:36:00.0",782943,-9999,42,-61.8,-61.8,-0.881,-9999,-9999,12.0416,39.99,39.92,18.53,-0.837,-0.914,-0.944,-0.894,-0.896,-0.876,-0.766,-0.825,-0.902,-0.93,-0.866,-0.89,-0.853,-0.77,-0.827,-0.902,-0.93,-0.861,-0.88,-0.853,-0.75,-0.831,-0.9,-0.898,-0.863,-0.884,-0.88,-0.764,0,0
"2019-04-15 05:36:20.0",782944,-9999,42.14,-61.76,-61.76,-0.881,-9999,-9999,12.0416,39.99,39.92,18.53,-0.837,-0.896,-0.914,-0.872,-0.914,-0.898,-0.793,-0.833,-0.898,-0.924,-0.863,-0.884,-0.855,-0.766,-0.827,-0.884,-0.93,-0.859,-0.882,-0.888,-0.754,-0.829,-0.882,-0.922,-0.857,-0.886,-0.863,-0.775,0,0
"2019-04-15 05:36:40.0",782945,-9999,42.29,-61.71,-61.71,-0.881,-9999,-9999,12.0416,39.99,39.92,18.53,-0.839,-0.914,-0.94,-0.872,-0.902,-0.861,-0.785,-0.827,-0.888,-0.934,-0.866,-0.89,-0.88,-0.795,-0.827,-0.926,-0.934,-0.863,-0.882,-0.857,-0.783,-0.823,-0.908,-0.961,-0.845,-0.884,-0.89,-0.791,0,700
"2019-04-15 05:37:00.0",782946,-9999,42.43,-61.66,-61.66,-0.88,-9999,-9999,12.0416,39.99,39.92,18.53,-0.843,-0.94,-0.936,-0.878,-0.896,-0.88,-0.783,-0.831,-0.918,-0.918,-0.861,-0.89,-0.892,-0.777,-0.829,-0.9,-0.916,-0.855,-0.878,-0.863,-0.789,-0.829,-0.896,-0.934,-0.863,-0.886,-0.849,-0.754,0,0
"2019-04-15 05:37:20.0",782947,-9999,42.57,-61.61,-61.61,-0.88,-9999,-9999,12.0416,39.99,39.92,18.53,-0.841,-0.906,-0.922,-0.892,-0.918,-0.861,-0.811,-0.831,-0.89,-0.955,-0.863,-0.87,-0.861,-0.777,-0.829,-0.89,-0.955,-0.89,-0.888,-0.892,-0.756,-0.827,-0.89,-0.957,-0.868,-0.89,-0.874,-0.791,0,0
"2019-04-15 05:37:40.0",782948,-9999,42.71,-61.57,-61.57,-0.879,-9999,-9999,12.0416,39.99,39.92,18.53,-0.841,-0.934,-0.944,-0.88,-0.894,-0.882,-0.783,-0.829,-0.888,-0.912,-0.853,-0.882,-0.863,-0.803,-0.829,-0.928,-0.918,-0.87,-0.904,-0.896,-0.795,-0.823,-0.908,-0.942,-0.863,-0.884,-0.866,-0.752,0,0
"2019-04-15 05:38:00.0",782949,-9999,42.85,-61.52,-61.52,-0.879,-9999,-9999,12.0416,39.99,39.92,18.53,-0.841,-0.93,-0.948,-0.878,-0.916,-0.872,-0.783,-0.827,-0.914,-0.938,-0.863,-0.888,-0.863,-0.756,-0.825,-0.914,-0.924,-0.866,-0.89,-0.888,-0.754,-0.829,-0.924,-0.932,-0.87,-0.88,-0.874,-0.797,0,0
"2019-04-15 05:38:20.0",782950,-9999,42.99,-61.47,-61.47,-0.879,-9999,-9999,12.0416,39.99,39.92,18.53,-0.845,-0.908,-0.946,-0.87,-0.878,-0.882,-0.785,-0.829,-0.926,-0.93,-0.866,-0.888,-0.874,-0.766,-0.823,-0.9,-0.932,-0.868,-0.884,-0.888,-0.777,-0.833,-0.902,-0.934,-0.851,-0.868,-0.853,-0.795,0,700
"2019-04-15 05:38:40.0",782951,-9999,43.13,-61.42,-61.42,-0.878,-9999,-9999,12.0416,39.99,39.92,18.53,-0.845,-0.914,-0.946,-0.874,-0.898,-0.882,-0.787,-0.829,-0.924,-0.912,-0.861,-0.884,-0.857,-0.797,-0.827,-0.904,-0.906,-0.863,-0.904,-0.866,-0.758,-0.829,-0.936,-0.93,-0.863,-0.886,-0.866,-0.772,0,0
"2019-04-15 05:39:00.0",782952,-9999,43.26,-61.37,-61.37,-0.878,-9999,-9999,12.0416,39.99,39.91,18.53,-0.833,-0.89,-0.934,-0.878,-0.902,-0.88,-0.762,-0.829,-0.904,-0.93,-0.863,-0.88,-0.874,-0.758,-0.833,-0.88,-0.93,-0.861,-0.88,-0.872,-0.772,-0.829,-0.898,-0.924,-0.861,-0.884,-0.851,-0.785,0,0
"2019-04-15 05:39:20.0",782953,-9999,43.4,-61.32,-61.32,-0.877,-9999,-9999,12.0416,39.99,39.91,18.51,-0.843,-0.888,-0.932,-0.855,-0.878,-0.859,-0.758,-0.831,-0.904,-0.924,-0.841,-0.866,-0.859,-0.781,-0.831,-0.89,-0.924,-0.863,-0.882,-0.884,-0.781,-0.829,-0.892,-0.922,-0.857,-0.861,-0.866,-0.756,0,0
"2019-04-15 05:39:40.0",782954,-9999,43.54,-61.28,-61.28,-0.877,-9999,-9999,12.0416,39.99,39.91,18.51,-0.837,-0.928,-0.963,-0.87,-0.902,-0.896,-0.799,-0.827,-0.9,-0.926,-0.859,-0.884,-0.87,-0.764,-0.827,-0.916,-0.928,-0.861,-0.88,-0.847,-0.76,-0.827,-0.922,-0.924,-0.859,-0.886,-0.884,-0.775,0,0
"2019-04-15 05:40:00.0",782955,-9999,43.68,-61.23,-61.23,-0.877,-9999,-9999,12.0416,39.99,39.91,18.51,-0.843,-0.938,-0.936,-0.872,-0.898,-0.876,-0.803,-0.829,-0.92,-0.91,-0.857,-0.882,-0.87,-0.762,-0.827,-0.922,-0.906,-0.861,-0.884,-0.845,-0.754,-0.827,-0.924,-0.928,-0.859,-0.884,-0.888,-0.775,0,700
"2019-04-15 05:40:20.0",782956,-9999,43.82,-61.18,-61.18,-0.876,-9999,-9999,12.0416,39.99,39.91,18.51,-0.841,-0.91,-0.944,-0.857,-0.888,-0.878,-0.766,-0.829,-0.926,-0.928,-0.863,-0.886,-0.88,-0.76,-0.835,-0.902,-0.924,-0.861,-0.884,-0.855,-0.785,-0.827,-0.902,-0.906,-0.863,-0.88,-0.874,-0.793,0,0
"2019-04-15 05:40:40.0",782957,-9999,43.95,-61.13,-61.13,-0.876,-9999,-9999,12.0416,39.99,39.91,18.51,-0.839,-0.89,-0.918,-0.874,-0.878,-0.894,-0.797,-0.827,-0.916,-0.924,-0.847,-0.886,-0.863,-0.805,-0.825,-0.878,-0.93,-0.859,-0.874,-0.878,-0.77,-0.823,-0.886,-0.902,-0.886,-0.88,-0.849,-0.746,0,0
"2019-04-15 05:41:00.0",782958,-9999,44.09,-61.08,-61.08,-0.875,-9999,-9999,12.0361,39.99,39.91,18.51,-0.839,-0.892,-0.94,-0.87,-0.896,-0.9,-0.772,-0.829,-0.908,-0.948,-0.859,-0.884,-0.878,-0.772,-0.833,-0.886,-0.93,-0.866,-0.863,-0.849,-0.754,-0.829,-0.888,-0.932,-0.866,-0.87,-0.87,-0.772,0,0
"2019-04-15 05:41:20.0",782959,-9999,44.23,-61.03,-61.03,-0.875,-9999,-9999,12.0416,39.99,39.91,18.51,-0.839,-0.908,-0.942,-0.872,-0.894,-0.878,-0.797,-0.827,-0.906,-0.926,-0.853,-0.884,-0.874,-0.795,-0.823,-0.916,-0.922,-0.859,-0.88,-0.861,-0.752,-0.831,-0.918,-0.922,-0.855,-0.882,-0.847,-0.777,0,0
"2019-04-15 05:41:40.0",782960,-9999,44.36,-60.98,-60.98,-0.874,-9999,-9999,12.0472,39.99,39.91,18.51,-0.837,-0.89,-0.932,-0.859,-0.894,-0.876,-0.76,-0.825,-0.88,-0.9,-0.859,-0.88,-0.853,-0.754,-0.827,-0.882,-0.9,-0.853,-0.882,-0.861,-0.756,-0.823,-0.884,-0.928,-0.859,-0.88,-0.861,-0.764,0,700
"2019-04-15 05:42:00.0",782961,-9999,44.5,-60.93,-60.93,-0.874,-9999,-9999,12.0361,39.99,39.91,18.51,-0.835,-0.902,-0.944,-0.868,-0.916,-0.896,-0.783,-0.827,-0.906,-0.952,-0.859,-0.868,-0.859,-0.801,-0.823,-0.884,-0.948,-0.89,-0.884,-0.866,-0.801,-0.829,-0.89,-0.926,-0.863,-0.868,-0.861,-0.754,0,0
"2019-04-15 05:42:20.0",782962,-9999,44.63,-60.88,-60.88,-0.874,-9999,-9999,12.0472,39.99,39.91,18.48,-0.839,-0.92,-0.948,-0.88,-0.894,-0.886,-0.799,-0.825,-0.896,-0.93,-0.866,-0.878,-0.876,-0.803,-0.825,-0.888,-0.926,-0.863,-0.9,-0.884,-0.76,-0.825,-0.886,-0.922,-0.859,-0.88,-0.866,-0.779,0,0
"2019-04-15 05:42:40.0",782963,-9999,44.77,-60.83,-60.83,-0.873,-9999,-9999,12.0416,39.99,39.91,18.48,-0.839,-0.91,-0.936,-0.863,-0.892,-0.874,-0.795,-0.829,-0.878,-0.906,-0.863,-0.868,-0.874,-0.766,-0.827,-0.892,-0.902,-0.859,-0.902,-0.847,-0.783,-0.829,-0.89,-0.928,-0.855,-0.878,-0.866,-0.785,0,0
"2019-04-15 05:43:00.0",782964,-9999,44.9,-60.78,-60.78,-0.873,-9999,-9999,12.0416,39.99,39.91,18.48,-0.839,-0.902,-0.938,-0.876,-0.896,-0.904,-0.791,-0.827,-0.888,-0.93,-0.87,-0.89,-0.859,-0.803,-0.825,-0.906,-0.934,-0.87,-0.882,-0.861,-0.76,-0.823,-0.9,-0.934,-0.863,-0.884,-0.872,-0.777,0,0
"2019-04-15 05:43:20.0",782965,-9999,45.03,-60.73,-60.73,-0.872,-9999,-9999,12.0416,39.99,39.91,18.48,-0.837,-0.898,-0.92,-0.87,-0.898,-0.872,-0.799,-0.823,-0.882,-0.922,-0.857,-0.886,-0.857,-0.766,-0.827,-0.916,-0.924,-0.863,-0.878,-0.886,-0.777,-0.829,-0.918,-0.928,-0.859,-0.878,-0.868,-0.777,0,700
"2019-04-15 05:43:40.0",782966,-9999,45.17,-60.68,-60.68,-0.872,-9999,-9999,12.0416,39.99,39.91,18.48,-0.843,-0.906,-0.934,-0.874,-0.916,-0.859,-0.789,-0.829,-0.878,-0.944,-0.863,-0.87,-0.888,-0.805,-0.831,-0.886,-0.955,-0.859,-0.886,-0.863,-0.752,-0.831,-0.894,-0.928,-0.853,-0.857,-0.847,-0.772,0,0
"2019-04-15 05:44:00.0",782967,-9999,45.3,-60.63,-60.63,-0.872,-9999,-9999,12.0416,39.99,39.91,18.48,-0.843,-0.92,-0.948,-0.866,-0.88,-0.863,-0.801,-0.827,-0.908,-0.932,-0.866,-0.89,-0.898,-0.803,-0.831,-0.888,-0.928,-0.866,-0.89,-0.872,-0.762,-0.829,-0.92,-0.936,-0.863,-0.884,-0.855,-0.768,0,0
"2019-04-15 05:44:20.0",782968,-9999,45.43,-60.58,-60.58,-0.871,-9999,-9999,12.0416,39.99,39.91,18.48,-0.841,-0.938,-0.92,-0.876,-0.884,-0.868,-0.791,-0.829,-0.934,-0.936,-0.866,-0.888,-0.863,-0.811,-0.831,-0.926,-0.946,-0.894,-0.88,-0.855,-0.764,-0.825,-0.924,-0.93,-0.868,-0.892,-0.89,-0.779,0,0
"2019-04-15 05:44:40.0",782969,-9999,45.56,-60.53,-60.53,-0.871,-9999,-9999,12.0472,39.99,39.91,18.48,-0.845,-0.91,-0.936,-0.874,-0.896,-0.882,-0.807,-0.829,-0.912,-0.922,-0.849,-0.886,-0.876,-0.756,-0.825,-0.924,-0.928,-0.863,-0.866,-0.851,-0.772,-0.829,-0.92,-0.922,-0.866,-0.884,-0.882,-0.742,0,0
"2019-04-15 05:45:00.0",782970,-9999,45.7,-60.48,-60.48,-0.87,-9999,-9999,12.0416,39.99,39.91,18.48,-0.843,-0.934,-0.948,-0.88,-0.888,-0.866,-0.76,-0.827,-0.912,-0.94,-0.866,-0.884,-0.859,-0.809,-0.831,-0.93,-0.942,-0.87,-0.886,-0.888,-0.76,-0.829,-0.906,-0.961,-0.886,-0.886,-0.868,-0.777,0,700
"2019-04-15 05:45:20.0",782971,-9999,45.83,-60.43,-60.43,-0.87,-9999,-9999,12.0416,39.99,39.91,18.48,-0.839,-0.892,-0.95,-0.884,-0.884,-0.904,-0.799,-0.835,-0.892,-0.944,-0.874,-0.894,-0.863,-0.766,-0.833,-0.896,-0.94,-0.868,-0.878,-0.892,-0.785,-0.827,-0.89,-0.942,-0.872,-0.892,-0.88,-0.801,0,0
"2019-04-15 05:45:40.0",782972,-9999,45.96,-60.38,-60.38,-0.869,-9999,-9999,12.0416,39.99,39.91,18.48,-0.841,-0.902,-0.948,-0.884,-0.904,-0.91,-0.775,-0.835,-0.914,-0.94,-0.872,-0.894,-0.892,-0.809,-0.835,-0.904,-0.936,-0.882,-0.888,-0.88,-0.762,-0.833,-0.91,-0.942,-0.87,-0.89,-0.876,-0.783,0,0
"2019-04-15 05:46:00.0",782973,-9999,46.09,-60.33,-60.33,-0.869,-9999,-9999,12.0472,39.99,39.91,18.48,-0.849,-0.936,-0.944,-0.884,-0.9,-0.886,-0.809,-0.831,-0.918,-0.928,-0.872,-0.886,-0.878,-0.807,-0.837,-0.884,-0.93,-0.882,-0.888,-0.855,-0.758,-0.835,-0.912,-0.936,-0.861,-0.892,-0.874,-0.793,0,0
"2019-04-15 05:46:20.0",782974,-9999,46.22,-60.28,-60.28,-0.868,-9999,-9999,12.0361,39.99,39.91,18.48,-0.849,-0.928,-0.942,-0.908,-0.898,-0.898,-0.789,-0.835,-0.9,-0.936,-0.874,-0.914,-0.896,-0.777,-0.837,-0.906,-0.957,-0.868,-0.91,-0.878,-0.789,-0.835,-0.938,-0.942,-0.874,-0.896,-0.89,-0.772,0,0
"2019-04-15 05:46:40.0",782975,-9999,46.35,-60.23,-60.23,-0.868,-9999,-9999,12.0416,39.99,39.91,18.46,-0.851,-0.926,-0.948,-0.886,-0.908,-0.888,-0.795,-0.837,-0.924,-0.959,-0.878,-0.892,-0.874,-0.754,-0.845,-0.898,-0.942,-0.872,-0.894,-0.896,-0.815,-0.841,-0.914,-0.95,-0.876,-0.878,-0.861,-0.785,0,700
"2019-04-15 05:47:00.0",782976,-9999,46.48,-60.18,-60.18,-0.868,-9999,-9999,12.0528,39.99,39.91,18.46,-0.845,-0.922,-0.94,-0.888,-0.904,-0.896,-0.791,-0.839,-0.916,-0.938,-0.878,-0.884,-0.884,-0.809,-0.843,-0.916,-0.944,-0.876,-0.874,-0.876,-0.772,-0.837,-0.912,-0.938,-0.88,-0.892,-0.9,-0.781,0,0
"2019-04-15 05:47:20.0",782977,-9999,46.61,-60.13,-60.13,-0.867,-9999,-9999,12.0416,39.99,39.91,18.46,-0.849,-0.918,-0.94,-0.882,-0.898,-0.902,-0.805,-0.839,-0.9,-0.946,-0.88,-0.878,-0.884,-0.799,-0.839,-0.894,-0.946,-0.874,-0.902,-0.868,-0.797,-0.835,-0.908,-0.969,-0.876,-0.922,-0.882,-0.809,0,0
"2019-04-15 05:47:40.0",782978,-9999,46.74,-60.08,-60.08,-0.867,-9999,-9999,12.0528,39.99,39.91,18.46,-0.853,-0.946,-0.957,-0.888,-0.91,-0.898,-0.795,-0.841,-0.928,-0.959,-0.874,-0.926,-0.902,-0.77,-0.835,-0.924,-0.961,-0.876,-0.918,-0.876,-0.779,-0.837,-0.89,-0.92,-0.872,-0.894,-0.896,-0.766,0,0
"2019-04-15 05:48:00.0",782979,-9999,46.86,-60.03,-60.03,-0.866,-9999,-9999,12.0416,39.99,39.91,18.46,-0.851,-0.94,-0.95,-0.884,-0.928,-0.876,-0.817,-0.841,-0.944,-0.946,-0.874,-0.918,-0.884,-0.785,-0.835,-0.912,-0.946,-0.872,-0.896,-0.872,-0.807,-0.839,-0.914,-0.948,-0.88,-0.9,-0.882,-0.766,0,0
"2019-04-15 05:48:20.0",782980,-9999,46.99,-59.97,-59.97,-0.866,-9999,-9999,12.0416,39.99,39.91,18.43,-0.857,-0.912,-0.952,-0.882,-0.912,-0.892,-0.803,-0.841,-0.916,-0.944,-0.896,-0.92,-0.904,-0.815,-0.841,-0.916,-0.942,-0.876,-0.9,-0.866,-0.795,-0.841,-0.928,-0.938,-0.878,-0.892,-0.882,-0.762,0,700
"2019-04-15 05:48:40.0",782981,-9999,47.12,-59.92,-59.92,-0.865,-9999,-9999,12.0416,39.99,39.91,18.43,-0.845,-0.942,-0.952,-0.884,-0.908,-0.89,-0.793,-0.845,-0.9,-0.94,-0.88,-0.92,-0.884,-0.789,-0.841,-0.906,-0.944,-0.878,-0.906,-0.88,-0.811,-0.839,-0.916,-0.948,-0.884,-0.904,-0.87,-0.791,0,0
"2019-04-15 05:49:00.0",782982,-9999,47.25,-59.87,-59.87,-0.865,-9999,-9999,12.0472,39.99,39.91,18.43,-0.851,-0.952,-0.959,-0.892,-0.91,-0.876,-0.772,-0.843,-0.914,-0.948,-0.88,-0.896,-0.876,-0.775,-0.845,-0.916,-0.957,-0.874,-0.894,-0.88,-0.787,-0.847,-0.938,-0.918,-0.874,-0.898,-0.898,-0.77,0,0
"2019-04-15 05:49:20.0",782983,-9999,47.37,-59.82,-59.82,-0.864,-9999,-9999,12.0416,39.99,39.91,18.43,-0.857,-0.906,-0.95,-0.888,-0.91,-0.872,-0.793,-0.847,-0.938,-0.948,-0.884,-0.924,-0.916,-0.795,-0.845,-0.94,-0.928,-0.882,-0.906,-0.87,-0.768,-0.845,-0.908,-0.955,-0.88,-0.902,-0.886,-0.817,0,0
"2019-04-15 05:49:40.0",782984,-9999,47.5,-59.77,-59.77,-0.864,-9999,-9999,12.0416,39.99,39.91,18.4,-0.859,-0.942,-0.957,-0.884,-0.896,-0.878,-0.823,-0.845,-0.916,-0.944,-0.876,-0.9,-0.886,-0.813,-0.847,-0.92,-0.94,-0.878,-0.894,-0.904,-0.795,-0.847,-0.94,-0.948,-0.88,-0.904,-0.866,-0.781,0,0
"2019-04-15 05:50:00.0",782985,-9999,47.63,-59.71,-59.71,-0.864,-9999,-9999,12.0361,39.99,39.91,18.4,-0.855,-0.926,-0.936,-0.894,-0.91,-0.884,-0.801,-0.847,-0.916,-0.94,-0.882,-0.902,-0.91,-0.795,-0.839,-0.938,-0.916,-0.874,-0.898,-0.868,-0.801,-0.851,-0.92,-0.948,-0.876,-0.894,-0.882,-0.77,0,700
"2019-04-15 05:50:20.0",782986,-9999,47.75,-59.66,-59.66,-0.863,-9999,-9999,12.0472,39.99,39.91,18.4,-0.859,-0.91,-0.952,-0.888,-0.91,-0.9,-0.807,-0.855,-0.908,-0.957,-0.884,-0.884,-0.914,-0.823,-0.849,-0.902,-0.944,-0.88,-0.896,-0.868,-0.779,-0.847,-0.92,-0.94,-0.882,-0.9,-0.882,-0.805,0,0
"2019-04-15 05:50:40.0",782987,-9999,47.88,-59.61,-59.61,-0.863,-9999,-9999,12.0472,39.99,39.91,18.4,-0.859,-0.924,-0.961,-0.892,-0.91,-0.88,-0.783,-0.847,-0.92,-0.944,-0.876,-0.896,-0.89,-0.809,-0.849,-0.942,-0.961,-0.882,-0.898,-0.902,-0.777,-0.851,-0.89,-0.95,-0.876,-0.898,-0.882,-0.799,0,0
"2019-04-15 05:51:00.0",782988,-9999,48,-59.56,-59.56,-0.862,-9999,-9999,12.0416,39.99,39.91,18.4,-0.859,-0.934,-0.981,-0.892,-0.916,-0.912,-0.785,-0.845,-0.922,-0.977,-0.876,-0.906,-0.892,-0.805,-0.847,-0.928,-0.948,-0.876,-0.902,-0.9,-0.77,-0.853,-0.9,-0.948,-0.882,-0.904,-0.906,-0.762,0,0
"2019-04-15 05:51:20.0",782989,-9999,48.13,-59.51,-59.51,-0.862,-9999,-9999,12.0416,39.99,39.91,18.38,-0.859,-0.952,-0.967,-0.894,-0.934,-0.884,-0.827,-0.853,-0.946,-0.959,-0.884,-0.902,-0.914,-0.815,-0.851,-0.908,-0.952,-0.884,-0.906,-0.872,-0.775,-0.849,-0.93,-0.948,-0.886,-0.902,-0.886,-0.813,0,0
"2019-04-15 05:51:40.0",782990,-9999,48.25,-59.45,-59.45,-0.861,-9999,-9999,12.0416,39.99,39.91,18.38,-0.857,-0.924,-0.969,-0.894,-0.92,-0.888,-0.781,-0.851,-0.944,-0.934,-0.886,-0.914,-0.924,-0.781,-0.847,-0.93,-0.957,-0.89,-0.916,-0.89,-0.821,-0.853,-0.924,-0.936,-0.886,-0.906,-0.888,-0.815,0,700
"2019-04-15 05:52:00.0",782991,-9999,48.38,-59.4,-59.4,-0.861,-9999,-9999,12.0416,39.99,39.91,18.38,-0.863,-0.928,-0.959,-0.904,-0.9,-0.926,-0.797,-0.853,-0.944,-0.979,-0.884,-0.896,-0.918,-0.807,-0.851,-0.906,-0.936,-0.892,-0.906,-0.88,-0.797,-0.849,-0.932,-0.985,-0.888,-0.914,-0.878,-0.777,0,0
"2019-04-15 05:52:20.0",782992,-9999,48.5,-59.35,-59.35,-0.86,-9999,-9999,12.0416,39.99,39.91,18.38,-0.866,-0.952,-0.971,-0.904,-0.948,-0.89,-0.831,-0.845,-0.908,-0.955,-0.894,-0.908,-0.896,-0.829,-0.851,-0.902,-0.975,-0.888,-0.892,-0.912,-0.797,-0.851,-0.944,-0.959,-0.888,-0.91,-0.874,-0.795,0,0
"2019-04-15 05:52:40.0",782993,-9999,48.62,-59.3,-59.3,-0.86,-9999,-9999,12.0416,39.99,39.91,18.35,-0.866,-0.916,-0.959,-0.892,-0.91,-0.882,-0.805,-0.853,-0.902,-0.942,-0.884,-0.906,-0.912,-0.787,-0.853,-0.924,-0.975,-0.886,-0.886,-0.874,-0.821,-0.853,-0.94,-0.944,-0.882,-0.902,-0.892,-0.797,0,0
"2019-04-15 05:53:00.0",782994,-9999,48.75,-59.24,-59.24,-0.859,-9999,-9999,12.0416,39.99,39.91,18.35,-0.863,-0.946,-0.948,-0.9,-0.92,-0.93,-0.829,-0.847,-0.936,-0.967,-0.89,-0.912,-0.884,-0.789,-0.851,-0.942,-0.957,-0.89,-0.904,-0.878,-0.823,-0.859,-0.912,-0.934,-0.886,-0.91,-0.878,-0.811,0,0
"2019-04-15 05:53:20.0",782995,-9999,48.87,-59.19,-59.19,-0.859,-9999,-9999,12.0472,39.99,39.91,18.35,-0.866,-0.92,-0.967,-0.892,-0.914,-0.906,-0.803,-0.857,-0.92,-0.95,-0.886,-0.906,-0.896,-0.809,-0.853,-0.948,-0.95,-0.884,-0.904,-0.89,-0.785,-0.857,-0.914,-0.955,-0.886,-0.904,-0.91,-0.813,0,700
"2019-04-15 05:53:40.0",782996,-9999,48.99,-59.14,-59.14,-0.858,-9999,-9999,12.0361,39.99,39.91,18.35,-0.868,-0.926,-0.969,-0.9,-0.928,-0.924,-0.831,-0.855,-0.928,-0.959,-0.89,-0.914,-0.928,-0.827,-0.855,-0.95,-0.981,-0.912,-0.908,-0.882,-0.813,-0.853,-0.92,-0.965,-0.894,-0.922,-0.886,-0.801,0,0
"2019-04-15 05:54:00.0",782997,-9999,49.11,-59.08,-59.08,-0.858,-9999,-9999,12.0472,39.99,39.91,18.33,-0.861,-0.94,-0.979,-0.904,-0.924,-0.92,-0.781,-0.853,-0.95,-0.952,-0.898,-0.894,-0.924,-0.825,-0.853,-0.914,-0.979,-0.892,-0.928,-0.894,-0.803,-0.857,-0.957,-0.955,-0.894,-0.91,-0.892,-0.799,0,0
"2019-04-15 05:54:20.0",782998,-9999,49.23,-59.03,-59.03,-0.857,-9999,-9999,12.0472,39.99,39.91,18.33,-0.868,-0.952,-0.965,-0.898,-0.942,-0.896,-0.811,-0.861,-0.906,-0.952,-0.872,-0.906,-0.898,-0.793,-0.851,-0.926,-0.934,-0.886,-0.906,-0.888,-0.819,-0.855,-0.95,-0.979,-0.89,-0.906,-0.89,-0.811,0,0
"2019-04-15 05:54:40.0",782999,-9999,49.35,-58.98,-58.98,-0.857,-9999,-9999,12.0416,39.99,39.91,18.33,-0.868,-0.932,-0.969,-0.9,-0.922,-0.89,-0.813,-0.853,-0.93,-0.967,-0.878,-0.912,-0.902,-0.803,-0.857,-0.957,-0.963,-0.89,-0.914,-0.886,-0.805,-0.855,-0.94,-0.985,-0.894,-0.922,-0.884,-0.823,0,0
"2019-04-15 05:55:00.0",783000,-9999,49.47,-58.92,-58.92,-0.856,-9999,-9999,12.0361,39.98,39.91,18.3,-0.868,-0.926,-0.946,-0.888,-0.926,-0.914,-0.799,-0.857,-0.938,-0.973,-0.898,-0.91,-0.892,-0.799,-0.859,-0.936,-0.969,-0.892,-0.912,-0.886,-0.825,-0.855,-0.93,-0.981,-0.892,-0.91,-0.884,-0.821,0,700
"2019-04-15 05:55:20.0",783001,-9999,49.59,-58.87,-58.87,-0.856,-9999,-9999,12.0416,39.99,39.91,18.3,-0.868,-0.918,-0.938,-0.902,-0.922,-0.902,-0.827,-0.859,-0.944,-0.973,-0.89,-0.914,-0.902,-0.795,-0.855,-0.918,-0.965,-0.882,-0.914,-0.888,-0.821,-0.855,-0.948,-0.94,-0.89,-0.91,-0.9,-0.819,0,0
"2019-04-15 05:55:40.0",783002,-9999,49.71,-58.81,-58.81,-0.855,-9999,-9999,12.0416,39.99,39.91,18.3,-0.872,-0.963,-0.973,-0.906,-0.93,-0.914,-0.827,-0.855,-0.924,-0.952,-0.89,-0.938,-0.898,-0.795,-0.855,-0.916,-0.969,-0.892,-0.912,-0.9,-0.821,-0.857,-0.957,-0.967,-0.89,-0.936,-0.894,-0.821,0,0
"2019-04-15 05:56:00.0",783003,-9999,49.83,-58.76,-58.76,-0.855,-9999,-9999,12.0472,39.99,39.91,18.28,-0.882,-0.92,-0.942,-0.904,-0.922,-0.89,-0.807,-0.857,-0.952,-0.969,-0.896,-0.91,-0.92,-0.817,-0.857,-0.92,-0.959,-0.898,-0.912,-0.918,-0.803,-0.857,-0.952,-0.969,-0.896,-0.94,-0.92,-0.801,0,0
"2019-04-15 05:56:20.0",783004,-9999,49.95,-58.71,-58.71,-0.855,-9999,-9999,12.0361,39.98,39.91,18.28,-0.87,-0.93,-0.971,-0.894,-0.922,-0.892,-0.803,-0.857,-0.916,-0.952,-0.894,-0.914,-0.898,-0.791,-0.857,-0.93,-0.961,-0.888,-0.91,-0.894,-0.793,-0.853,-0.916,-0.975,-0.888,-0.906,-0.894,-0.793,0,0
"2019-04-15 05:56:40.0",783005,-9999,50.07,-58.65,-58.65,-0.854,-9999,-9999,12.0361,39.98,39.91,18.28,-0.866,-0.95,-0.995,-0.906,-0.95,-0.908,-0.833,-0.861,-0.934,-0.961,-0.896,-0.914,-0.924,-0.825,-0.853,-0.957,-0.942,-0.898,-0.896,-0.92,-0.821,-0.855,-0.938,-0.959,-0.888,-0.92,-0.9,-0.821,0,700
"2019-04-15 05:57:00.0",783006,-9999,50.19,-58.6,-58.6,-0.854,-9999,-9999,12.0416,39.99,39.91,18.28,-0.863,-0.918,-0.975,-0.928,-0.928,-0.91,-0.799,-0.857,-0.912,-0.979,-0.896,-0.916,-0.898,-0.815,-0.857,-0.942,-0.959,-0.896,-0.91,-0.9,-0.787,-0.853,-0.942,-0.944,-0.894,-0.91,-0.884,-0.783,0,0
"2019-04-15 05:57:20.0",783007,-9999,50.31,-58.55,-58.55,-0.853,-9999,-9999,12.0416,39.99,39.91,18.25,-0.872,-0.955,-0.987,-0.9,-0.924,-0.902,-0.823,-0.857,-0.95,-0.955,-0.89,-0.894,-0.9,-0.809,-0.857,-0.902,-0.957,-0.892,-0.906,-0.894,-0.823,-0.853,-0.95,-0.975,-0.89,-0.912,-0.896,-0.813,0,0
"2019-04-15 05:57:40.0",783008,-9999,50.43,-58.49,-58.49,-0.853,-9999,-9999,12.0361,39.99,39.91,18.25,-0.872,-0.934,-0.963,-0.902,-0.922,-0.89,-0.787,-0.853,-0.906,-0.942,-0.884,-0.908,-0.884,-0.815,-0.857,-0.936,-0.952,-0.888,-0.906,-0.878,-0.803,-0.857,-0.932,-0.946,-0.884,-0.908,-0.914,-0.801,0,0
"2019-04-15 05:58:00.0",783009,-9999,50.54,-58.44,-58.44,-0.852,-9999,-9999,12.0416,39.98,39.91,18.25,-0.866,-0.959,-0.963,-0.9,-0.92,-0.898,-0.797,-0.857,-0.93,-0.952,-0.886,-0.904,-0.898,-0.809,-0.853,-0.908,-0.955,-0.888,-0.906,-0.89,-0.791,-0.857,-0.93,-0.957,-0.888,-0.912,-0.894,-0.785,0,0
"2019-04-15 05:58:20.0",783010,-9999,50.66,-58.38,-58.38,-0.852,-9999,-9999,12.0416,39.99,39.91,18.23,-0.87,-0.965,-0.967,-0.906,-0.904,-0.9,-0.827,-0.857,-0.938,-0.981,-0.92,-0.918,-0.882,-0.793,-0.855,-0.912,-0.957,-0.89,-0.896,-0.898,-0.791,-0.855,-0.93,-0.94,-0.89,-0.914,-0.882,-0.781,0,700
"2019-04-15 05:58:40.0",783011,-9999,50.78,-58.33,-58.33,-0.851,-9999,-9999,12.0416,39.98,39.91,18.23,-0.861,-0.959,-0.989,-0.902,-0.922,-0.93,-0.831,-0.853,-0.957,-0.965,-0.878,-0.912,-0.92,-0.795,-0.847,-0.912,-0.969,-0.896,-0.912,-0.914,-0.811,-0.853,-0.952,-0.965,-0.892,-0.914,-0.896,-0.813,0,0
"2019-04-15 05:59:00.0",783012,-9999,50.9,-58.27,-58.27,-0.851,-9999,-9999,12.0361,40,39.91,18.2,-0.866,-0.92,-0.961,-0.896,-0.93,-0.904,-0.801,-0.857,-0.912,-0.955,-0.89,-0.906,-0.906,-0.785,-0.853,-0.924,-0.959,-0.886,-0.91,-0.87,-0.783,-0.853,-0.906,-0.938,-0.894,-0.91,-0.918,-0.779,0,0
"2019-04-15 05:59:20.0",783013,-9999,51.01,-58.22,-58.22,-0.85,-9999,-9999,12.0361,40,39.91,18.2,-0.868,-0.932,-0.963,-0.898,-0.918,-0.898,-0.821,-0.857,-0.908,-0.95,-0.888,-0.904,-0.882,-0.823,-0.851,-0.952,-0.961,-0.892,-0.908,-0.882,-0.829,-0.853,-0.926,-0.973,-0.884,-0.906,-0.888,-0.823,0,0
"2019-04-15 05:59:40.0",783014,-9999,51.13,-58.16,-58.16,-0.85,-9999,-9999,12.0361,40,39.91,18.2,-0.868,-0.94,-0.969,-0.898,-0.918,-0.884,-0.795,-0.853,-0.91,-0.955,-0.882,-0.912,-0.884,-0.819,-0.853,-0.926,-0.95,-0.888,-0.908,-0.894,-0.785,-0.857,-0.92,-0.952,-0.892,-0.91,-0.872,-0.783,0,0
