"TOA5","","","1764","CR1000.Std.24","CPU:MFRSR_10012018V2.8.CR1","13574","TableHdr","PbCdlComm-1.6.0 (2016/01/26)"
"TIMESTAMP","RECORD","loggerID""headID""xpgmVerID""xlat""xlon""xSiteElev""xFULLREV""xCRXHSTEPS""xSCANseconds""xSCANnAvg""xSCANtrough""xHOMEoffset""xALLTIMEband"
"TS","RN","--""--""--""deg""deg""m""--""--""sec""--""--""--""--"
"","","Smp""Smp""Smp""Smp""Smp""Smp""Smp""Smp""Smp""Smp""Smp""Smp""Smp"
"2019-04-15 00:00:00.0",370,1764,180054423,2.8,-32.1259,-64.7287,1160,800,20,20,1,10,0,-1
"TOA5","","","1764","CR1000.Std.24","CPU:MFRSR_10012018V2.8.CR1","13574","Table155","PbCdlComm-1.6.0 (2016/01/26)"
"TIMESTAMP","RECORD","xoset""az""el""al""cosz""cosasz""pamass""vBat""Thead""THTC""Tlogger""Dnadir(1)""Dnadir(2)""Dnadir(3)""Dnadir(4)""Dnadir(5)""Dnadir(6)""Dnadir(7)""Deast(1)""Deast(2)""Deast(3)""Deast(4)""Deast(5)""Deast(6)""Deast(7)""Dsun(1)""Dsun(2)""Dsun(3)""Dsun(4)""Dsun(5)""Dsun(6)""Dsun(7)""Dwest(1)""Dwest(2)""Dwest(3)""Dwest(4)""Dwest(5)""Dwest(6)""Dwest(7)""kount""khome"
"TS","RN","sec""deg""deg""deg""--""--""--""Volt""degC""degC""degC""mV""mV""mV""mV""mV""mV""mV""mV""mV""mV""mV""mV""mV""mV""mV""mV""mV""mV""mV""mV""mV""mV""mV""mV""mV""mV""mV""mV""--""--"
"","","Smp""Smp""Smp""Smp""Smp""Smp""Smp""Smp""Smp""Smp""Smp""Smp""Smp""Smp""Smp""Smp""Smp""Smp""Smp""Smp""Smp""Smp""Smp""Smp""Smp""Smp""Smp""Smp""Smp""Smp""Smp""Smp""Smp""Smp""Smp""Smp""Smp""Smp""Smp""Smp""Smp"
"2019-04-15 04:00:00.0",782655,-9999,-13.54,-67.18,-67.18,-0.922,-9999,-9999,12.0416,39.98,39.91,18.17,-0.839,-0.926,-0.934,-0.872,-0.876,-0.872,-0.781,-0.831,-0.926,-0.93,-0.859,-0.884,-0.872,-0.781,-0.829,-0.928,-0.954,-0.886,-0.886,-0.866,-0.797,-0.829,-0.93,-0.93,-0.876,-0.886,-0.861,-0.777,0,700
"2019-04-15 04:00:20.0",782656,-9999,-13.33,-67.2,-67.2,-0.922,-9999,-9999,12.0472,39.98,39.91,18.17,-0.839,-0.916,-0.92,-0.857,-0.894,-0.88,-0.787,-0.829,-0.916,-0.936,-0.866,-0.884,-0.855,-0.758,-0.821,-0.916,-0.932,-0.857,-0.884,-0.888,-0.762,-0.829,-0.916,-0.924,-0.884,-0.884,-0.853,-0.75,0,0
"2019-04-15 04:00:40.0",782657,-9999,-13.12,-67.22,-67.22,-0.922,-9999,-9999,12.0416,39.98,39.91,18.17,-0.837,-0.93,-0.936,-0.876,-0.896,-0.878,-0.801,-0.831,-0.924,-0.936,-0.866,-0.886,-0.876,-0.787,-0.827,-0.922,-0.938,-0.863,-0.868,-0.855,-0.791,-0.827,-0.926,-0.93,-0.87,-0.87,-0.866,-0.75,0,0
"2019-04-15 04:01:00.0",782658,-9999,-12.91,-67.23,-67.23,-0.922,-9999,-9999,12.0472,39.98,39.91,18.17,-0.839,-0.94,-0.948,-0.863,-0.904,-0.908,-0.801,-0.827,-0.898,-0.902,-0.859,-0.882,-0.849,-0.805,-0.827,-0.896,-0.904,-0.884,-0.876,-0.863,-0.754,-0.823,-0.914,-0.922,-0.855,-0.882,-0.859,-0.791,0,0
"2019-04-15 04:01:20.0",782659,-9999,-12.7,-67.25,-67.25,-0.922,-9999,-9999,12.0416,39.98,39.91,18.17,-0.839,-0.91,-0.916,-0.863,-0.89,-0.876,-0.76,-0.829,-0.93,-0.912,-0.849,-0.884,-0.87,-0.803,-0.823,-0.924,-0.904,-0.855,-0.88,-0.847,-0.746,-0.829,-0.928,-0.934,-0.863,-0.882,-0.89,-0.768,0,0
"2019-04-15 04:01:40.0",782660,-9999,-12.5,-67.26,-67.26,-0.922,-9999,-9999,12.0472,39.98,39.91,18.17,-0.835,-0.918,-0.922,-0.872,-0.92,-0.882,-0.787,-0.827,-0.884,-0.936,-0.868,-0.884,-0.874,-0.77,-0.825,-0.884,-0.93,-0.859,-0.861,-0.849,-0.779,-0.823,-0.884,-0.932,-0.855,-0.888,-0.886,-0.783,0,700
"2019-04-15 04:02:00.0",782661,-9999,-12.29,-67.28,-67.28,-0.922,-9999,-9999,12.0416,39.98,39.91,18.17,-0.835,-0.932,-0.936,-0.876,-0.892,-0.855,-0.801,-0.736,-0.801,-0.813,-0.764,-0.783,-0.758,-0.669,-0.732,-0.811,-0.811,-0.768,-0.805,-0.764,-0.681,-0.734,-0.803,-0.831,-0.766,-0.807,-0.764,-0.692,0,0
"2019-04-15 04:02:20.0",782662,-9999,-12.08,-67.29,-67.29,-0.922,-9999,-9999,12.0361,39.99,39.91,18.2,-0.744,-0.855,-0.843,-0.781,-0.785,-0.768,-0.696,-0.734,-0.809,-0.827,-0.768,-0.789,-0.781,-0.673,-0.732,-0.797,-0.843,-0.775,-0.815,-0.773,-0.663,-0.73,-0.813,-0.859,-0.773,-0.813,-0.754,-0.704,0,0
"2019-04-15 04:02:40.0",782663,-9999,-11.87,-67.31,-67.31,-0.923,-9999,-9999,12.0416,39.99,39.91,18.2,-0.754,-0.841,-0.853,-0.787,-0.797,-0.787,-0.7,-0.73,-0.807,-0.837,-0.764,-0.791,-0.801,-0.7,-0.732,-0.787,-0.833,-0.766,-0.777,-0.768,-0.663,-0.728,-0.809,-0.837,-0.766,-0.791,-0.791,-0.675,0,0
"2019-04-15 04:03:00.0",782664,-9999,-11.66,-67.32,-67.32,-0.923,-9999,-9999,12.0416,39.99,39.91,18.2,-0.742,-0.827,-0.843,-0.785,-0.795,-0.791,-0.696,-0.732,-0.813,-0.817,-0.779,-0.813,-0.809,-0.71,-0.732,-0.809,-0.815,-0.768,-0.789,-0.789,-0.669,-0.74,-0.805,-0.841,-0.775,-0.817,-0.766,-0.696,0,0
"2019-04-15 04:03:20.0",782665,-9999,-11.45,-67.34,-67.34,-0.923,-9999,-9999,12.0416,39.99,39.91,18.2,-0.744,-0.835,-0.868,-0.781,-0.805,-0.805,-0.673,-0.732,-0.829,-0.845,-0.795,-0.825,-0.787,-0.714,-0.734,-0.831,-0.835,-0.766,-0.787,-0.773,-0.675,-0.738,-0.823,-0.831,-0.773,-0.793,-0.795,-0.694,0,700
"2019-04-15 04:03:40.0",782666,-9999,-11.24,-67.35,-67.35,-0.923,-9999,-9999,12.0416,39.99,39.91,18.2,-0.76,-0.839,-0.878,-0.783,-0.813,-0.799,-0.72,-0.748,-0.849,-0.853,-0.791,-0.801,-0.787,-0.688,-0.752,-0.815,-0.849,-0.791,-0.807,-0.807,-0.681,-0.75,-0.821,-0.855,-0.791,-0.803,-0.789,-0.692,0,0
"2019-04-15 04:04:00.0",782667,-9999,-11.03,-67.36,-67.36,-0.923,-9999,-9999,12.0416,39.99,39.91,18.2,-0.758,-0.815,-0.859,-0.791,-0.811,-0.785,-0.71,-0.752,-0.847,-0.859,-0.805,-0.803,-0.785,-0.708,-0.748,-0.823,-0.851,-0.789,-0.807,-0.813,-0.694,-0.75,-0.841,-0.857,-0.787,-0.811,-0.791,-0.704,0,0
"2019-04-15 04:04:20.0",782668,-9999,-10.82,-67.38,-67.38,-0.923,-9999,-9999,12.0416,39.99,39.91,18.2,-0.837,-0.924,-0.932,-0.866,-0.886,-0.89,-0.789,-0.825,-0.886,-0.94,-0.868,-0.882,-0.874,-0.789,-0.819,-0.904,-0.932,-0.859,-0.864,-0.851,-0.793,-0.823,-0.876,-0.926,-0.859,-0.864,-0.886,-0.754,0,0
"2019-04-15 04:04:40.0",782669,-9999,-10.61,-67.39,-67.39,-0.923,-9999,-9999,12.0416,39.99,39.91,18.2,-0.839,-0.896,-0.928,-0.874,-0.892,-0.898,-0.783,-0.821,-0.91,-0.928,-0.861,-0.884,-0.894,-0.803,-0.825,-0.89,-0.955,-0.861,-0.888,-0.868,-0.758,-0.829,-0.884,-0.928,-0.861,-0.894,-0.847,-0.783,0,0
"2019-04-15 04:05:00.0",782670,-9999,-10.4,-67.41,-67.41,-0.923,-9999,-9999,12.0472,39.99,39.91,18.2,-0.841,-0.928,-0.936,-0.89,-0.912,-0.87,-0.789,-0.827,-0.876,-0.93,-0.861,-0.874,-0.884,-0.758,-0.825,-0.922,-0.912,-0.857,-0.874,-0.861,-0.752,-0.825,-0.91,-0.922,-0.857,-0.876,-0.839,-0.781,0,700
"2019-04-15 04:05:20.0",782671,-9999,-10.18,-67.42,-67.42,-0.923,-9999,-9999,12.0361,39.99,39.91,18.2,-0.835,-0.914,-0.94,-0.872,-0.916,-0.878,-0.787,-0.821,-0.9,-0.93,-0.859,-0.876,-0.876,-0.758,-0.825,-0.89,-0.926,-0.855,-0.882,-0.845,-0.748,-0.831,-0.888,-0.922,-0.855,-0.859,-0.88,-0.787,0,0
"2019-04-15 04:05:40.0",782672,-9999,-9.97,-67.43,-67.43,-0.923,-9999,-9999,12.0528,39.99,39.91,18.2,-0.837,-0.896,-0.942,-0.874,-0.89,-0.902,-0.758,-0.825,-0.902,-0.922,-0.857,-0.874,-0.886,-0.793,-0.829,-0.874,-0.928,-0.855,-0.882,-0.861,-0.76,-0.827,-0.878,-0.92,-0.853,-0.884,-0.864,-0.779,0,0
"2019-04-15 04:06:00.0",782673,-9999,-9.76,-67.44,-67.44,-0.923,-9999,-9999,12.0416,39.99,39.91,18.2,-0.835,-0.898,-0.94,-0.87,-0.886,-0.9,-0.791,-0.825,-0.876,-0.932,-0.853,-0.9,-0.882,-0.795,-0.821,-0.884,-0.92,-0.859,-0.88,-0.859,-0.762,-0.748,-0.809,-0.849,-0.781,-0.799,-0.77,-0.684,0,0
"2019-04-15 04:06:20.0",782674,-9999,-9.55,-67.45,-67.45,-0.924,-9999,-9999,12.0416,39.99,39.91,18.2,-0.76,-0.815,-0.864,-0.795,-0.819,-0.803,-0.688,-0.744,-0.801,-0.851,-0.777,-0.801,-0.777,-0.722,-0.75,-0.809,-0.843,-0.773,-0.803,-0.803,-0.722,-0.748,-0.805,-0.849,-0.781,-0.801,-0.787,-0.671,0,0
"2019-04-15 04:06:40.0",782675,-9999,-9.34,-67.47,-67.47,-0.924,-9999,-9999,12.0416,39.99,39.91,18.2,-0.754,-0.823,-0.878,-0.785,-0.799,-0.815,-0.702,-0.744,-0.845,-0.849,-0.779,-0.819,-0.768,-0.716,-0.742,-0.817,-0.837,-0.779,-0.803,-0.768,-0.71,-0.746,-0.815,-0.847,-0.805,-0.799,-0.803,-0.669,0,700
"2019-04-15 04:07:00.0",782676,-9999,-9.13,-67.48,-67.48,-0.924,-9999,-9999,12.0472,39.99,39.91,18.2,-0.756,-0.833,-0.857,-0.795,-0.811,-0.813,-0.702,-0.821,-0.902,-0.946,-0.866,-0.882,-0.849,-0.801,-0.819,-0.904,-0.948,-0.837,-0.882,-0.884,-0.799,-0.825,-0.898,-0.92,-0.853,-0.878,-0.864,-0.754,0,0
"2019-04-15 04:07:20.0",782677,-9999,-8.91,-67.49,-67.49,-0.924,-9999,-9999,12.0416,39.98,39.92,18.17,-0.831,-0.908,-0.934,-0.874,-0.888,-0.894,-0.785,-0.823,-0.912,-0.92,-0.866,-0.874,-0.847,-0.799,-0.827,-0.888,-0.912,-0.847,-0.857,-0.841,-0.738,-0.821,-0.888,-0.924,-0.837,-0.859,-0.878,-0.744,0,0
"2019-04-15 04:07:40.0",782678,-9999,-8.7,-67.5,-67.5,-0.924,-9999,-9999,12.0416,39.98,39.92,18.17,-0.837,-0.916,-0.932,-0.87,-0.89,-0.859,-0.799,-0.823,-0.898,-0.922,-0.878,-0.882,-0.853,-0.791,-0.821,-0.902,-0.92,-0.841,-0.89,-0.845,-0.791,-0.823,-0.908,-0.932,-0.861,-0.88,-0.888,-0.756,0,0
"2019-04-15 04:08:00.0",782679,-9999,-8.49,-67.51,-67.51,-0.924,-9999,-9999,12.0416,39.98,39.92,18.17,-0.829,-0.908,-0.944,-0.872,-0.894,-0.886,-0.795,-0.831,-0.876,-0.924,-0.839,-0.876,-0.886,-0.803,-0.823,-0.916,-0.916,-0.853,-0.876,-0.861,-0.754,-0.823,-0.908,-0.924,-0.857,-0.896,-0.845,-0.758,0,0
"2019-04-15 04:08:20.0",782680,-9999,-8.27,-67.52,-67.52,-0.924,-9999,-9999,12.0361,39.98,39.92,18.17,-0.829,-0.922,-0.955,-0.866,-0.868,-0.872,-0.75,-0.819,-0.91,-0.942,-0.851,-0.853,-0.859,-0.799,-0.817,-0.892,-0.91,-0.849,-0.872,-0.859,-0.75,-0.821,-0.92,-0.936,-0.849,-0.87,-0.839,-0.77,0,700
"2019-04-15 04:08:40.0",782681,-9999,-8.06,-67.53,-67.53,-0.924,-9999,-9999,12.0416,39.98,39.92,18.17,-0.841,-0.876,-0.93,-0.864,-0.886,-0.851,-0.768,-0.819,-0.872,-0.91,-0.855,-0.878,-0.847,-0.764,-0.819,-0.916,-0.922,-0.849,-0.88,-0.882,-0.746,-0.827,-0.916,-0.914,-0.857,-0.9,-0.857,-0.762,0,0
"2019-04-15 04:09:00.0",782682,-9999,-7.848,-67.54,-67.54,-0.924,-9999,-9999,12.0416,39.99,39.92,18.2,-0.837,-0.892,-0.955,-0.862,-0.888,-0.855,-0.781,-0.831,-0.878,-0.944,-0.857,-0.88,-0.849,-0.779,-0.825,-0.892,-0.924,-0.857,-0.878,-0.855,-0.766,-0.825,-0.878,-0.918,-0.872,-0.876,-0.862,-0.783,0,0
"2019-04-15 04:09:20.0",782683,-9999,-7.635,-67.55,-67.55,-0.924,-9999,-9999,12.0472,39.99,39.92,18.2,-0.833,-0.892,-0.934,-0.872,-0.894,-0.89,-0.777,-0.823,-0.884,-0.944,-0.859,-0.878,-0.853,-0.756,-0.821,-0.898,-0.916,-0.857,-0.88,-0.878,-0.768,-0.823,-0.894,-0.916,-0.859,-0.878,-0.859,-0.791,0,0
"2019-04-15 04:09:40.0",782684,-9999,-7.421,-67.56,-67.56,-0.924,-9999,-9999,12.0472,39.99,39.92,18.23,-0.833,-0.89,-0.959,-0.872,-0.872,-0.853,-0.789,-0.825,-0.874,-0.914,-0.851,-0.876,-0.864,-0.797,-0.821,-0.912,-0.916,-0.851,-0.874,-0.859,-0.785,-0.827,-0.922,-0.926,-0.853,-0.868,-0.839,-0.744,0,0
"2019-04-15 04:10:00.0",782685,-9999,-7.207,-67.57,-67.57,-0.924,-9999,-9999,12.0416,39.99,39.92,18.23,-0.839,-0.898,-0.946,-0.872,-0.892,-0.878,-0.795,-0.819,-0.884,-0.918,-0.859,-0.884,-0.864,-0.787,-0.813,-0.91,-0.926,-0.862,-0.876,-0.868,-0.77,-0.819,-0.902,-0.906,-0.853,-0.874,-0.864,-0.789,0,700
"2019-04-15 04:10:20.0",782686,-9999,-6.993,-67.58,-67.58,-0.924,-9999,-9999,12.0416,39.99,39.92,18.23,-0.833,-0.89,-0.932,-0.864,-0.888,-0.886,-0.77,-0.823,-0.904,-0.926,-0.862,-0.886,-0.853,-0.762,-0.821,-0.922,-0.898,-0.859,-0.864,-0.862,-0.752,-0.825,-0.916,-0.906,-0.843,-0.88,-0.888,-0.77,0,0
"2019-04-15 04:10:40.0",782687,-9999,-6.781,-67.59,-67.59,-0.924,-9999,-9999,12.0472,39.99,39.92,18.23,-0.837,-0.884,-0.934,-0.864,-0.896,-0.853,-0.75,-0.819,-0.922,-0.906,-0.857,-0.876,-0.864,-0.764,-0.823,-0.92,-0.92,-0.839,-0.876,-0.884,-0.756,-0.823,-0.928,-0.926,-0.857,-0.878,-0.864,-0.789,0,0
"2019-04-15 04:11:00.0",782688,-9999,-6.567,-67.59,-67.59,-0.925,-9999,-9999,12.0416,39.99,39.92,18.23,-0.837,-0.928,-0.936,-0.868,-0.886,-0.876,-0.793,-0.827,-0.916,-0.926,-0.857,-0.868,-0.843,-0.775,-0.823,-0.89,-0.896,-0.853,-0.878,-0.839,-0.781,-0.821,-0.894,-0.924,-0.855,-0.882,-0.876,-0.783,0,0
"2019-04-15 04:11:20.0",782689,-9999,-6.351,-67.6,-67.6,-0.925,-9999,-9999,12.0416,39.99,39.92,18.23,-0.833,-0.916,-0.936,-0.872,-0.876,-0.878,-0.803,-0.817,-0.882,-0.953,-0.888,-0.878,-0.888,-0.805,-0.819,-0.922,-0.928,-0.862,-0.87,-0.859,-0.785,-0.821,-0.922,-0.946,-0.855,-0.886,-0.853,-0.756,0,0
"2019-04-15 04:11:40.0",782690,-9999,-6.137,-67.61,-67.61,-0.925,-9999,-9999,12.0472,39.99,39.92,18.23,-0.839,-0.93,-0.918,-0.868,-0.894,-0.859,-0.795,-0.825,-0.926,-0.928,-0.862,-0.884,-0.868,-0.797,-0.823,-0.906,-0.9,-0.862,-0.884,-0.866,-0.787,-0.817,-0.902,-0.934,-0.864,-0.884,-0.868,-0.75,0,700
"2019-04-15 04:12:00.0",782691,-9999,-5.922,-67.62,-67.62,-0.925,-9999,-9999,12.0416,39.99,39.92,18.23,-0.841,-0.91,-0.946,-0.857,-0.9,-0.857,-0.762,-0.825,-0.888,-0.902,-0.862,-0.884,-0.855,-0.771,-0.823,-0.878,-0.934,-0.868,-0.884,-0.847,-0.779,-0.829,-0.882,-0.908,-0.859,-0.886,-0.886,-0.785,0,0
"2019-04-15 04:12:20.0",782692,-9999,-5.707,-67.62,-67.62,-0.925,-9999,-9999,12.0416,39.99,39.92,18.23,-0.833,-0.892,-0.959,-0.874,-0.89,-0.892,-0.781,-0.825,-0.916,-0.902,-0.855,-0.9,-0.872,-0.76,-0.819,-0.9,-0.928,-0.853,-0.864,-0.878,-0.752,-0.825,-0.896,-0.904,-0.855,-0.862,-0.862,-0.793,0,0
"2019-04-15 04:12:40.0",782693,-9999,-5.492,-67.63,-67.63,-0.925,-9999,-9999,12.0472,39.99,39.92,18.23,-0.835,-0.912,-0.92,-0.874,-0.894,-0.872,-0.777,-0.827,-0.908,-0.93,-0.857,-0.88,-0.888,-0.779,-0.825,-0.89,-0.918,-0.851,-0.878,-0.857,-0.783,-0.823,-0.892,-0.918,-0.855,-0.874,-0.847,-0.746,0,0
"2019-04-15 04:13:00.0",782694,-9999,-5.277,-67.64,-67.64,-0.925,-9999,-9999,12.0416,39.99,39.92,18.23,-0.831,-0.928,-0.912,-0.845,-0.892,-0.872,-0.766,-0.833,-0.918,-0.934,-0.862,-0.882,-0.855,-0.764,-0.823,-0.92,-0.922,-0.859,-0.882,-0.884,-0.773,-0.825,-0.918,-0.928,-0.859,-0.906,-0.864,-0.785,0,0
"2019-04-15 04:13:20.0",782695,-9999,-5.062,-67.64,-67.64,-0.925,-9999,-9999,12.0416,39.99,39.92,18.23,-0.831,-0.916,-0.938,-0.855,-0.894,-0.88,-0.803,-0.825,-0.886,-0.93,-0.859,-0.878,-0.87,-0.803,-0.823,-0.888,-0.922,-0.857,-0.874,-0.843,-0.75,-0.821,-0.876,-0.926,-0.857,-0.876,-0.88,-0.773,0,700
"2019-04-15 04:13:40.0",782696,-9999,-4.847,-67.65,-67.65,-0.925,-9999,-9999,12.0416,39.99,39.92,18.25,-0.839,-0.924,-0.92,-0.874,-0.896,-0.876,-0.797,-0.825,-0.914,-0.928,-0.862,-0.884,-0.868,-0.803,-0.833,-0.904,-0.936,-0.864,-0.878,-0.862,-0.795,-0.827,-0.92,-0.959,-0.864,-0.888,-0.892,-0.771,0,0
"2019-04-15 04:14:00.0",782697,-9999,-4.631,-67.66,-67.66,-0.925,-9999,-9999,12.0472,39.99,39.92,18.25,-0.837,-0.892,-0.955,-0.872,-0.896,-0.874,-0.789,-0.819,-0.882,-0.91,-0.855,-0.88,-0.868,-0.762,-0.825,-0.88,-0.92,-0.855,-0.898,-0.847,-0.748,-0.823,-0.882,-0.898,-0.857,-0.874,-0.882,-0.789,0,0
"2019-04-15 04:14:20.0",782698,-9999,-4.416,-67.66,-67.66,-0.925,-9999,-9999,12.0472,39.99,39.92,18.25,-0.839,-0.932,-0.916,-0.872,-0.894,-0.878,-0.764,-0.825,-0.926,-0.934,-0.862,-0.904,-0.882,-0.762,-0.823,-0.918,-0.926,-0.857,-0.88,-0.866,-0.758,-0.823,-0.916,-0.93,-0.859,-0.862,-0.851,-0.76,0,0
"2019-04-15 04:14:40.0",782699,-9999,-4.2,-67.67,-67.67,-0.925,-9999,-9999,12.0416,39.99,39.92,18.25,-0.835,-0.914,-0.951,-0.9,-0.892,-0.862,-0.758,-0.827,-0.898,-0.928,-0.866,-0.886,-0.87,-0.773,-0.821,-0.9,-0.902,-0.855,-0.878,-0.882,-0.773,-0.827,-0.892,-0.932,-0.884,-0.884,-0.855,-0.768,0,0
"2019-04-15 04:15:00.0",782700,-9999,-3.985,-67.67,-67.67,-0.925,-9999,-9999,12.0416,39.99,39.92,18.25,-0.837,-0.886,-0.942,-0.874,-0.894,-0.89,-0.779,-0.827,-0.88,-0.93,-0.859,-0.878,-0.888,-0.791,-0.829,-0.922,-0.904,-0.874,-0.866,-0.862,-0.754,-0.823,-0.922,-0.922,-0.857,-0.864,-0.845,-0.764,0,700
"2019-04-15 04:15:20.0",782701,-9999,-3.769,-67.68,-67.68,-0.925,-9999,-9999,12.0472,39.99,39.92,18.25,-0.843,-0.912,-0.912,-0.868,-0.888,-0.864,-0.762,-0.823,-0.902,-0.926,-0.862,-0.876,-0.868,-0.766,-0.825,-0.904,-0.93,-0.857,-0.859,-0.864,-0.754,-0.825,-0.906,-0.926,-0.864,-0.888,-0.868,-0.775,0,0
"2019-04-15 04:15:40.0",782702,-9999,-3.553,-67.68,-67.68,-0.925,-9999,-9999,12.0416,39.99,39.91,18.25,-0.839,-0.892,-0.934,-0.868,-0.888,-0.89,-0.76,-0.825,-0.88,-0.946,-0.864,-0.88,-0.87,-0.785,-0.821,-0.924,-0.928,-0.853,-0.878,-0.886,-0.791,-0.823,-0.924,-0.953,-0.866,-0.904,-0.87,-0.752,0,0
"2019-04-15 04:16:00.0",782703,-9999,-3.336,-67.69,-67.69,-0.925,-9999,-9999,12.0416,39.99,39.91,18.25,-0.837,-0.892,-0.94,-0.87,-0.886,-0.87,-0.791,-0.823,-0.884,-0.938,-0.853,-0.886,-0.878,-0.756,-0.823,-0.878,-0.92,-0.853,-0.86,-0.857,-0.758,-0.823,-0.876,-0.946,-0.86,-0.884,-0.849,-0.768,0,0
"2019-04-15 04:16:20.0",782704,-9999,-3.12,-67.69,-67.69,-0.925,-9999,-9999,12.0472,39.99,39.91,18.25,-0.835,-0.888,-0.944,-0.898,-0.874,-0.876,-0.781,-0.823,-0.88,-0.92,-0.857,-0.874,-0.862,-0.783,-0.823,-0.896,-0.928,-0.878,-0.849,-0.857,-0.773,-0.829,-0.884,-0.898,-0.857,-0.876,-0.857,-0.777,0,0
"2019-04-15 04:16:40.0",782705,-9999,-2.904,-67.7,-67.7,-0.925,-9999,-9999,12.0416,39.99,39.91,18.28,-0.833,-0.892,-0.936,-0.855,-0.91,-0.872,-0.793,-0.821,-0.904,-0.93,-0.857,-0.866,-0.89,-0.797,-0.823,-0.922,-0.922,-0.866,-0.878,-0.866,-0.793,-0.831,-0.908,-0.932,-0.862,-0.88,-0.851,-0.746,0,700
"2019-04-15 04:17:00.0",782706,-9999,-2.688,-67.7,-67.7,-0.925,-9999,-9999,12.0361,39.99,39.91,18.28,-0.833,-0.928,-0.916,-0.87,-0.888,-0.894,-0.764,-0.829,-0.9,-0.926,-0.853,-0.876,-0.884,-0.758,-0.829,-0.882,-0.932,-0.857,-0.902,-0.872,-0.781,-0.823,-0.886,-0.93,-0.845,-0.874,-0.849,-0.789,0,0
"2019-04-15 04:17:20.0",782707,-9999,-2.472,-67.7,-67.7,-0.925,-9999,-9999,12.0472,39.99,39.91,18.28,-0.829,-0.896,-0.932,-0.874,-0.896,-0.898,-0.785,-0.821,-0.918,-0.918,-0.853,-0.898,-0.886,-0.793,-0.817,-0.918,-0.924,-0.853,-0.88,-0.88,-0.758,-0.821,-0.92,-0.93,-0.862,-0.864,-0.866,-0.787,0,0
"2019-04-15 04:17:40.0",782708,-9999,-2.256,-67.7,-67.7,-0.925,-9999,-9999,12.0416,39.99,39.91,18.28,-0.835,-0.922,-0.93,-0.868,-0.886,-0.86,-0.764,-0.823,-0.9,-0.91,-0.847,-0.878,-0.87,-0.758,-0.819,-0.908,-0.928,-0.857,-0.88,-0.847,-0.783,-0.829,-0.904,-0.936,-0.864,-0.874,-0.888,-0.791,0,0
"2019-04-15 04:18:00.0",782709,-9999,-2.04,-67.71,-67.71,-0.925,-9999,-9999,12.0472,39.99,39.91,18.28,-0.839,-0.906,-0.936,-0.868,-0.874,-0.89,-0.783,-0.827,-0.874,-0.922,-0.857,-0.88,-0.886,-0.775,-0.827,-0.88,-0.926,-0.851,-0.87,-0.86,-0.777,-0.821,-0.878,-0.918,-0.86,-0.876,-0.841,-0.781,0,0
"2019-04-15 04:18:20.0",782710,-9999,-1.823,-67.71,-67.71,-0.925,-9999,-9999,12.0416,39.99,39.91,18.28,-0.833,-0.894,-0.934,-0.864,-0.888,-0.896,-0.789,-0.819,-0.92,-0.924,-0.855,-0.876,-0.866,-0.795,-0.819,-0.918,-0.953,-0.853,-0.882,-0.884,-0.785,-0.819,-0.918,-0.946,-0.855,-0.878,-0.868,-0.756,0,700
"2019-04-15 04:18:40.0",782711,-9999,-1.607,-67.71,-67.71,-0.925,-9999,-9999,12.0416,39.99,39.91,18.28,-0.843,-0.908,-0.936,-0.868,-0.888,-0.87,-0.781,-0.819,-0.884,-0.928,-0.841,-0.884,-0.89,-0.785,-0.823,-0.874,-0.92,-0.857,-0.88,-0.878,-0.762,-0.823,-0.904,-0.92,-0.882,-0.886,-0.866,-0.777,0,0
"2019-04-15 04:19:00.0",782712,-9999,-1.389,-67.71,-67.71,-0.925,-9999,-9999,12.0416,39.99,39.91,18.28,-0.833,-0.924,-0.932,-0.866,-0.884,-0.855,-0.756,-0.825,-0.912,-0.92,-0.843,-0.878,-0.87,-0.762,-0.825,-0.89,-0.926,-0.855,-0.878,-0.849,-0.775,-0.821,-0.896,-0.922,-0.857,-0.878,-0.888,-0.785,0,0
"2019-04-15 04:19:20.0",782713,-9999,-1.173,-67.72,-67.72,-0.925,-9999,-9999,12.0472,39.99,39.91,18.28,-0.833,-0.928,-0.94,-0.872,-0.896,-0.878,-0.801,-0.819,-0.896,-0.906,-0.855,-0.876,-0.849,-0.789,-0.825,-0.88,-0.92,-0.857,-0.882,-0.855,-0.787,-0.823,-0.882,-0.92,-0.855,-0.876,-0.857,-0.74,0,0
"2019-04-15 04:19:40.0",782714,-9999,-0.957,-67.72,-67.72,-0.925,-9999,-9999,12.0472,39.99,39.91,18.28,-0.833,-0.928,-0.914,-0.87,-0.876,-0.864,-0.764,-0.821,-0.896,-0.93,-0.857,-0.876,-0.857,-0.762,-0.823,-0.902,-0.918,-0.855,-0.878,-0.839,-0.746,-0.823,-0.874,-0.924,-0.851,-0.88,-0.882,-0.762,0,0
"2019-04-15 04:20:00.0",782715,-9999,-0.74,-67.72,-67.72,-0.925,-9999,-9999,12.0416,39.99,39.91,18.28,-0.833,-0.898,-0.912,-0.87,-0.908,-0.874,-0.779,-0.815,-0.92,-0.924,-0.862,-0.866,-0.888,-0.783,-0.817,-0.924,-0.934,-0.86,-0.884,-0.864,-0.779,-0.819,-0.904,-0.93,-0.855,-0.88,-0.847,-0.785,0,700
"2019-04-15 04:20:20.0",782716,-9999,-0.524,-67.72,-67.72,-0.925,-9999,-9999,12.0416,39.99,39.91,18.28,-0.835,-0.9,-0.938,-0.864,-0.884,-0.872,-0.781,-0.827,-0.876,-0.924,-0.864,-0.882,-0.862,-0.789,-0.821,-0.874,-0.926,-0.839,-0.882,-0.857,-0.764,-0.819,-0.902,-0.924,-0.857,-0.874,-0.853,-0.791,0,0
"2019-04-15 04:20:40.0",782717,-9999,-0.307,-67.72,-67.72,-0.925,-9999,-9999,12.0472,39.99,39.91,18.28,-0.839,-0.924,-0.942,-0.874,-0.888,-0.857,-0.795,-0.827,-0.876,-0.918,-0.862,-0.88,-0.884,-0.777,-0.825,-0.882,-0.924,-0.855,-0.874,-0.862,-0.766,-0.823,-0.878,-0.912,-0.851,-0.88,-0.849,-0.775,0,0
"2019-04-15 04:21:00.0",782718,-9999,-0.091,-67.72,-67.72,-0.925,-9999,-9999,12.0472,39.99,39.91,18.28,-0.831,-0.936,-0.938,-0.868,-0.89,-0.855,-0.766,-0.821,-0.878,-0.92,-0.855,-0.874,-0.888,-0.789,-0.819,-0.914,-0.912,-0.855,-0.857,-0.86,-0.785,-0.823,-0.912,-0.916,-0.862,-0.878,-0.841,-0.748,0,0
"2019-04-15 04:21:20.0",782719,-9999,0.126,-67.72,-67.72,-0.925,-9999,-9999,12.0361,39.99,39.91,18.3,-0.837,-0.906,-0.934,-0.892,-0.896,-0.876,-0.793,-0.825,-0.872,-0.928,-0.849,-0.876,-0.851,-0.787,-0.823,-0.906,-0.92,-0.878,-0.876,-0.841,-0.793,-0.823,-0.91,-0.92,-0.857,-0.868,-0.88,-0.738,0,0
"2019-04-15 04:21:40.0",782720,-9999,0.344,-67.72,-67.72,-0.925,-9999,-9999,12.0416,39.99,39.91,18.3,-0.829,-0.888,-0.936,-0.872,-0.878,-0.88,-0.783,-0.821,-0.918,-0.918,-0.857,-0.874,-0.845,-0.758,-0.825,-0.892,-0.924,-0.847,-0.876,-0.837,-0.75,-0.817,-0.876,-0.922,-0.851,-0.894,-0.88,-0.762,0,700
"2019-04-15 04:22:00.0",782721,-9999,0.56,-67.72,-67.72,-0.925,-9999,-9999,12.0416,39.99,39.91,18.3,-0.831,-0.904,-0.93,-0.86,-0.88,-0.868,-0.775,-0.821,-0.902,-0.924,-0.853,-0.864,-0.851,-0.787,-0.825,-0.88,-0.906,-0.855,-0.882,-0.843,-0.75,-0.821,-0.886,-0.9,-0.857,-0.874,-0.884,-0.746,0,0
"2019-04-15 04:22:20.0",782722,-9999,0.777,-67.72,-67.72,-0.925,-9999,-9999,12.0416,39.99,39.91,18.3,-0.833,-0.89,-0.934,-0.868,-0.892,-0.87,-0.791,-0.819,-0.898,-0.944,-0.853,-0.874,-0.866,-0.779,-0.821,-0.872,-0.916,-0.849,-0.878,-0.839,-0.771,-0.813,-0.872,-0.914,-0.833,-0.872,-0.837,-0.777,0,0
"2019-04-15 04:22:40.0",782723,-9999,0.993,-67.72,-67.72,-0.925,-9999,-9999,12.0416,39.99,39.91,18.3,-0.833,-0.886,-0.936,-0.868,-0.886,-0.855,-0.771,-0.815,-0.866,-0.926,-0.849,-0.87,-0.878,-0.75,-0.819,-0.878,-0.918,-0.835,-0.872,-0.845,-0.76,-0.823,-0.912,-0.926,-0.843,-0.872,-0.855,-0.773,0,0
"2019-04-15 04:23:00.0",782724,-9999,1.21,-67.72,-67.72,-0.925,-9999,-9999,12.0416,39.99,39.91,18.3,-0.831,-0.922,-0.924,-0.876,-0.886,-0.868,-0.793,-0.815,-0.926,-0.926,-0.855,-0.878,-0.886,-0.754,-0.815,-0.924,-0.906,-0.857,-0.868,-0.876,-0.75,-0.819,-0.896,-0.926,-0.855,-0.876,-0.857,-0.746,0,0
"2019-04-15 04:23:20.0",782725,-9999,1.426,-67.71,-67.71,-0.925,-9999,-9999,12.0416,39.99,39.91,18.3,-0.827,-0.894,-0.924,-0.86,-0.874,-0.849,-0.771,-0.815,-0.888,-0.916,-0.847,-0.872,-0.839,-0.762,-0.821,-0.87,-0.894,-0.845,-0.868,-0.835,-0.752,-0.815,-0.878,-0.916,-0.849,-0.872,-0.874,-0.76,0,700
"2019-04-15 04:23:40.0",782726,-9999,1.642,-67.71,-67.71,-0.925,-9999,-9999,12.0472,39.99,39.91,18.33,-0.829,-0.906,-0.959,-0.886,-0.886,-0.888,-0.775,-0.811,-0.892,-0.914,-0.853,-0.876,-0.886,-0.803,-0.811,-0.88,-0.9,-0.855,-0.898,-0.876,-0.787,-0.819,-0.876,-0.922,-0.847,-0.874,-0.862,-0.75,0,0
"2019-04-15 04:24:00.0",782727,-9999,1.859,-67.71,-67.71,-0.925,-9999,-9999,12.0416,40,39.91,18.33,-0.827,-0.9,-0.928,-0.862,-0.876,-0.888,-0.779,-0.815,-0.864,-0.928,-0.849,-0.87,-0.862,-0.76,-0.819,-0.884,-0.916,-0.827,-0.87,-0.853,-0.766,-0.813,-0.904,-0.924,-0.853,-0.874,-0.874,-0.769,0,0
"2019-04-15 04:24:20.0",782728,-9999,2.075,-67.71,-67.71,-0.925,-9999,-9999,12.0472,40,39.91,18.33,-0.829,-0.89,-0.934,-0.872,-0.892,-0.874,-0.76,-0.815,-0.878,-0.91,-0.855,-0.878,-0.866,-0.777,-0.815,-0.91,-0.9,-0.847,-0.874,-0.862,-0.764,-0.823,-0.902,-0.9,-0.847,-0.874,-0.841,-0.783,0,0
"2019-04-15 04:24:40.0",782729,-9999,2.291,-67.71,-67.71,-0.925,-9999,-9999,12.0472,40.01,39.91,18.33,-0.829,-0.884,-0.922,-0.86,-0.904,-0.89,-0.775,-0.817,-0.878,-0.94,-0.853,-0.878,-0.847,-0.779,-0.817,-0.912,-0.922,-0.87,-0.87,-0.839,-0.769,-0.813,-0.916,-0.92,-0.833,-0.87,-0.886,-0.783,0,0
"2019-04-15 04:25:00.0",782730,-9999,2.508,-67.7,-67.7,-0.925,-9999,-9999,12.0416,40.01,39.91,18.33,-0.825,-0.888,-0.93,-0.866,-0.886,-0.892,-0.771,-0.813,-0.874,-0.936,-0.833,-0.88,-0.847,-0.771,-0.813,-0.914,-0.918,-0.849,-0.868,-0.835,-0.766,-0.813,-0.908,-0.918,-0.853,-0.853,-0.882,-0.777,0,700
"2019-04-15 04:25:20.0",782731,-9999,2.724,-67.7,-67.7,-0.925,-9999,-9999,12.0472,40,39.91,18.33,-0.825,-0.872,-0.91,-0.864,-0.88,-0.886,-0.771,-0.815,-0.898,-0.912,-0.851,-0.868,-0.882,-0.793,-0.815,-0.898,-0.922,-0.843,-0.874,-0.868,-0.789,-0.815,-0.892,-0.896,-0.874,-0.884,-0.866,-0.781,0,0
"2019-04-15 04:25:40.0",782732,-9999,2.94,-67.7,-67.7,-0.925,-9999,-9999,12.0416,40.01,39.91,18.33,-0.827,-0.874,-0.924,-0.86,-0.886,-0.878,-0.75,-0.821,-0.904,-0.894,-0.862,-0.864,-0.839,-0.758,-0.815,-0.886,-0.92,-0.847,-0.874,-0.837,-0.746,-0.817,-0.892,-0.908,-0.851,-0.872,-0.839,-0.777,0,0
"2019-04-15 04:26:00.0",782733,-9999,3.156,-67.69,-67.69,-0.925,-9999,-9999,12.0472,40.01,39.91,18.35,-0.833,-0.924,-0.94,-0.857,-0.878,-0.845,-0.754,-0.815,-0.914,-0.916,-0.862,-0.868,-0.86,-0.758,-0.817,-0.9,-0.916,-0.851,-0.872,-0.855,-0.766,-0.817,-0.882,-0.922,-0.855,-0.876,-0.857,-0.76,0,0
"2019-04-15 04:26:20.0",782734,-9999,3.373,-67.69,-67.69,-0.925,-9999,-9999,12.0416,40.02,39.91,18.35,-0.831,-0.902,-0.934,-0.862,-0.89,-0.853,-0.754,-0.823,-0.88,-0.922,-0.851,-0.878,-0.845,-0.785,-0.815,-0.902,-0.902,-0.835,-0.868,-0.839,-0.769,-0.815,-0.896,-0.904,-0.853,-0.87,-0.843,-0.764,0,0
"2019-04-15 04:26:40.0",782735,-9999,3.589,-67.68,-67.68,-0.925,-9999,-9999,12.0472,40.01,39.91,18.35,-0.829,-0.922,-0.93,-0.857,-0.908,-0.868,-0.754,-0.817,-0.916,-0.92,-0.872,-0.87,-0.841,-0.793,-0.813,-0.874,-0.918,-0.853,-0.87,-0.839,-0.775,-0.817,-0.88,-0.918,-0.851,-0.855,-0.857,-0.777,0,700
"2019-04-15 04:27:00.0",782736,-9999,3.805,-67.68,-67.68,-0.925,-9999,-9999,12.0361,40.02,39.91,18.35,-0.825,-0.89,-0.924,-0.86,-0.902,-0.86,-0.75,-0.813,-0.894,-0.944,-0.849,-0.87,-0.862,-0.758,-0.813,-0.878,-0.92,-0.853,-0.876,-0.847,-0.746,-0.809,-0.896,-0.916,-0.857,-0.857,-0.86,-0.744,0,0
"2019-04-15 04:27:20.0",782737,-9999,4.021,-67.68,-67.68,-0.925,-9999,-9999,12.0416,40.01,39.91,18.35,-0.823,-0.918,-0.93,-0.851,-0.872,-0.882,-0.793,-0.813,-0.9,-0.93,-0.849,-0.874,-0.862,-0.795,-0.813,-0.876,-0.92,-0.849,-0.872,-0.857,-0.787,-0.815,-0.914,-0.94,-0.851,-0.896,-0.868,-0.748,0,0
"2019-04-15 04:27:40.0",782738,-9999,4.236,-67.67,-67.67,-0.925,-9999,-9999,12.0416,40.01,39.91,18.35,-0.829,-0.926,-0.93,-0.864,-0.904,-0.864,-0.75,-0.815,-0.894,-0.922,-0.853,-0.876,-0.851,-0.752,-0.813,-0.874,-0.922,-0.851,-0.894,-0.839,-0.746,-0.813,-0.88,-0.9,-0.851,-0.87,-0.862,-0.769,0,0
"2019-04-15 04:28:00.0",782739,-9999,4.452,-67.67,-67.67,-0.925,-9999,-9999,12.0416,40.01,39.91,18.35,-0.825,-0.874,-0.922,-0.86,-0.904,-0.845,-0.775,-0.815,-0.912,-0.91,-0.845,-0.89,-0.864,-0.775,-0.821,-0.888,-0.894,-0.837,-0.857,-0.843,-0.766,-0.813,-0.902,-0.914,-0.847,-0.872,-0.853,-0.777,0,0
"2019-04-15 04:28:20.0",782740,-9999,4.667,-67.66,-67.66,-0.925,-9999,-9999,12.0416,40.01,39.91,18.38,-0.823,-0.924,-0.934,-0.862,-0.882,-0.868,-0.787,-0.819,-0.888,-0.914,-0.851,-0.876,-0.88,-0.754,-0.815,-0.878,-0.916,-0.849,-0.874,-0.876,-0.74,-0.813,-0.882,-0.922,-0.845,-0.855,-0.874,-0.746,0,700
"2019-04-15 04:28:40.0",782741,-9999,4.883,-67.65,-67.65,-0.925,-9999,-9999,12.0416,40.01,39.91,18.38,-0.827,-0.88,-0.93,-0.851,-0.886,-0.847,-0.783,-0.819,-0.904,-0.932,-0.841,-0.87,-0.86,-0.781,-0.819,-0.876,-0.912,-0.851,-0.866,-0.851,-0.775,-0.815,-0.892,-0.906,-0.845,-0.851,-0.835,-0.777,0,0
"2019-04-15 04:29:00.0",782742,-9999,5.098,-67.65,-67.65,-0.925,-9999,-9999,12.0416,40,39.91,18.38,-0.827,-0.884,-0.93,-0.862,-0.882,-0.888,-0.785,-0.819,-0.898,-0.918,-0.843,-0.857,-0.882,-0.775,-0.813,-0.87,-0.936,-0.845,-0.876,-0.87,-0.769,-0.819,-0.872,-0.936,-0.847,-0.892,-0.874,-0.764,0,0
"2019-04-15 04:29:20.0",782743,-9999,5.313,-67.64,-67.64,-0.925,-9999,-9999,12.0416,40.02,39.91,18.38,-0.829,-0.928,-0.936,-0.862,-0.88,-0.892,-0.793,-0.813,-0.894,-0.928,-0.851,-0.87,-0.86,-0.791,-0.811,-0.87,-0.942,-0.853,-0.878,-0.874,-0.789,-0.809,-0.912,-0.946,-0.851,-0.88,-0.855,-0.775,0,0
"2019-04-15 04:29:40.0",782744,-9999,5.528,-67.63,-67.63,-0.925,-9999,-9999,12.0416,40.02,39.91,18.38,-0.833,-0.914,-0.936,-0.864,-0.884,-0.864,-0.766,-0.815,-0.876,-0.914,-0.857,-0.876,-0.884,-0.777,-0.809,-0.892,-0.922,-0.847,-0.866,-0.876,-0.764,-0.811,-0.906,-0.92,-0.853,-0.872,-0.878,-0.758,0,0
"2019-04-15 04:30:00.0",782745,-9999,5.743,-67.63,-67.63,-0.925,-9999,-9999,12.0416,40,39.91,18.38,-0.823,-0.916,-0.928,-0.86,-0.857,-0.86,-0.775,-0.811,-0.888,-0.912,-0.851,-0.868,-0.847,-0.76,-0.817,-0.872,-0.912,-0.847,-0.872,-0.831,-0.75,-0.813,-0.912,-0.914,-0.851,-0.853,-0.833,-0.74,0,700
"2019-04-15 04:30:20.0",782746,-9999,5.958,-67.62,-67.62,-0.925,-9999,-9999,12.0416,40.02,39.91,18.38,-0.833,-0.894,-0.936,-0.862,-0.878,-0.87,-0.756,-0.819,-0.922,-0.93,-0.847,-0.898,-0.882,-0.764,-0.813,-0.892,-0.928,-0.851,-0.857,-0.876,-0.752,-0.825,-0.884,-0.9,-0.86,-0.876,-0.876,-0.758,0,0
"2019-04-15 04:30:40.0",782747,-9999,6.173,-67.61,-67.61,-0.925,-9999,-9999,12.0416,40,39.91,18.38,-0.827,-0.874,-0.908,-0.86,-0.866,-0.853,-0.758,-0.815,-0.916,-0.91,-0.849,-0.87,-0.878,-0.75,-0.815,-0.882,-0.916,-0.843,-0.87,-0.876,-0.74,-0.821,-0.888,-0.916,-0.872,-0.851,-0.868,-0.74,0,0
"2019-04-15 04:31:00.0",782748,-9999,6.387,-67.61,-67.61,-0.925,-9999,-9999,12.0361,40.02,39.91,18.4,-0.829,-0.896,-0.928,-0.853,-0.88,-0.864,-0.771,-0.817,-0.874,-0.916,-0.851,-0.876,-0.837,-0.787,-0.813,-0.908,-0.92,-0.843,-0.87,-0.835,-0.779,-0.821,-0.884,-0.92,-0.845,-0.87,-0.87,-0.779,0,0
"2019-04-15 04:31:20.0",782749,-9999,6.602,-67.6,-67.6,-0.925,-9999,-9999,12.0416,40.01,39.91,18.4,-0.835,-0.92,-0.926,-0.855,-0.878,-0.888,-0.754,-0.819,-0.894,-0.894,-0.849,-0.872,-0.888,-0.76,-0.815,-0.868,-0.916,-0.847,-0.878,-0.857,-0.775,-0.815,-0.91,-0.916,-0.851,-0.855,-0.874,-0.748,0,0
"2019-04-15 04:31:40.0",782750,-9999,6.816,-67.59,-67.59,-0.924,-9999,-9999,12.0416,40.01,39.91,18.4,-0.825,-0.924,-0.93,-0.866,-0.886,-0.864,-0.775,-0.811,-0.894,-0.936,-0.845,-0.868,-0.857,-0.764,-0.807,-0.874,-0.918,-0.847,-0.864,-0.851,-0.766,-0.813,-0.908,-0.92,-0.853,-0.868,-0.851,-0.752,0,700
"2019-04-15 04:32:00.0",782751,-9999,7.03,-67.58,-67.58,-0.924,-9999,-9999,12.0472,40.01,39.91,18.4,-0.833,-0.896,-0.928,-0.86,-0.884,-0.888,-0.769,-0.821,-0.892,-0.916,-0.851,-0.874,-0.847,-0.773,-0.815,-0.868,-0.918,-0.847,-0.868,-0.841,-0.764,-0.811,-0.878,-0.91,-0.87,-0.866,-0.878,-0.76,0,0
"2019-04-15 04:32:20.0",782752,-9999,7.244,-67.57,-67.57,-0.924,-9999,-9999,12.0528,40,39.91,18.4,-0.825,-0.88,-0.934,-0.866,-0.88,-0.87,-0.779,-0.813,-0.902,-0.912,-0.849,-0.868,-0.882,-0.771,-0.811,-0.888,-0.908,-0.851,-0.864,-0.876,-0.758,-0.809,-0.874,-0.914,-0.851,-0.87,-0.855,-0.779,0,0
"2019-04-15 04:32:40.0",782753,-9999,7.458,-67.56,-67.56,-0.924,-9999,-9999,12.0472,40.02,39.91,18.4,-0.825,-0.896,-0.922,-0.864,-0.876,-0.847,-0.793,-0.819,-0.888,-0.914,-0.845,-0.87,-0.845,-0.793,-0.817,-0.916,-0.904,-0.849,-0.874,-0.835,-0.791,-0.817,-0.886,-0.916,-0.845,-0.874,-0.866,-0.742,0,0
"2019-04-15 04:33:00.0",782754,-9999,7.673,-67.55,-67.55,-0.924,-9999,-9999,12.0472,40.02,39.91,18.4,-0.825,-0.912,-0.934,-0.866,-0.888,-0.864,-0.75,-0.813,-0.906,-0.89,-0.847,-0.864,-0.878,-0.773,-0.807,-0.872,-0.928,-0.845,-0.866,-0.874,-0.779,-0.811,-0.857,-0.936,-0.874,-0.866,-0.868,-0.734,0,0
"2019-04-15 04:33:20.0",782755,-9999,7.886,-67.55,-67.55,-0.924,-9999,-9999,12.0416,40.02,39.91,18.43,-0.821,-0.884,-0.92,-0.857,-0.876,-0.884,-0.756,-0.815,-0.916,-0.918,-0.855,-0.87,-0.868,-0.789,-0.813,-0.87,-0.922,-0.835,-0.853,-0.857,-0.787,-0.813,-0.876,-0.904,-0.847,-0.864,-0.835,-0.744,0,700
"2019-04-15 04:33:40.0",782756,-9999,8.1,-67.54,-67.54,-0.924,-9999,-9999,12.0416,40.02,39.91,18.43,-0.825,-0.918,-0.926,-0.853,-0.872,-0.86,-0.781,-0.809,-0.862,-0.912,-0.847,-0.851,-0.841,-0.791,-0.811,-0.908,-0.886,-0.845,-0.864,-0.835,-0.779,-0.815,-0.888,-0.916,-0.847,-0.864,-0.847,-0.773,0,0
"2019-04-15 04:34:00.0",782757,-9999,8.31,-67.53,-67.53,-0.924,-9999,-9999,12.0472,40.02,39.91,18.43,-0.823,-0.888,-0.904,-0.862,-0.886,-0.868,-0.754,-0.811,-0.894,-0.912,-0.843,-0.87,-0.862,-0.791,-0.811,-0.888,-0.914,-0.849,-0.866,-0.874,-0.76,-0.811,-0.906,-0.912,-0.843,-0.862,-0.88,-0.76,0,0
"2019-04-15 04:34:20.0",782758,-9999,8.53,-67.52,-67.52,-0.924,-9999,-9999,12.0416,40.02,39.91,18.43,-0.823,-0.872,-0.916,-0.851,-0.88,-0.843,-0.787,-0.813,-0.892,-0.924,-0.843,-0.87,-0.857,-0.793,-0.811,-0.876,-0.892,-0.843,-0.87,-0.835,-0.783,-0.813,-0.912,-0.92,-0.829,-0.87,-0.851,-0.775,0,0
"2019-04-15 04:34:40.0",782759,-9999,8.74,-67.5,-67.5,-0.924,-9999,-9999,12.0416,40.02,39.91,18.43,-0.815,-0.872,-0.918,-0.853,-0.87,-0.855,-0.791,-0.811,-0.882,-0.898,-0.841,-0.862,-0.851,-0.752,-0.805,-0.864,-0.914,-0.841,-0.845,-0.849,-0.74,-0.811,-0.906,-0.914,-0.847,-0.874,-0.843,-0.734,0,0
"2019-04-15 04:35:00.0",782760,-9999,8.95,-67.49,-67.49,-0.924,-9999,-9999,12.0416,40.02,39.91,18.46,-0.823,-0.87,-0.92,-0.86,-0.862,-0.847,-0.744,-0.807,-0.857,-0.902,-0.845,-0.89,-0.874,-0.752,-0.807,-0.898,-0.916,-0.847,-0.866,-0.874,-0.732,-0.807,-0.876,-0.884,-0.837,-0.87,-0.868,-0.732,0,700
"2019-04-15 04:35:20.0",782761,-9999,9.16,-67.48,-67.48,-0.924,-9999,-9999,12.0472,40.02,39.91,18.46,-0.817,-0.894,-0.92,-0.874,-0.894,-0.857,-0.779,-0.809,-0.896,-0.904,-0.839,-0.855,-0.872,-0.771,-0.809,-0.868,-0.91,-0.837,-0.866,-0.866,-0.771,-0.807,-0.86,-0.892,-0.843,-0.862,-0.868,-0.781,0,0
"2019-04-15 04:35:40.0",782762,-9999,9.38,-67.47,-67.47,-0.924,-9999,-9999,12.0416,40.02,39.91,18.46,-0.819,-0.88,-0.942,-0.86,-0.876,-0.845,-0.756,-0.807,-0.904,-0.912,-0.843,-0.866,-0.857,-0.742,-0.807,-0.888,-0.912,-0.847,-0.862,-0.847,-0.773,-0.809,-0.868,-0.908,-0.841,-0.864,-0.845,-0.773,0,0
"2019-04-15 04:36:00.0",782763,-9999,9.59,-67.46,-67.46,-0.924,-9999,-9999,12.0416,40.02,39.91,18.46,-0.821,-0.908,-0.92,-0.849,-0.87,-0.835,-0.74,-0.807,-0.9,-0.91,-0.829,-0.86,-0.862,-0.748,-0.805,-0.864,-0.906,-0.841,-0.864,-0.847,-0.781,-0.807,-0.898,-0.91,-0.841,-0.864,-0.849,-0.777,0,0
"2019-04-15 04:36:20.0",782764,-9999,9.8,-67.45,-67.45,-0.924,-9999,-9999,12.0472,40.02,39.91,18.46,-0.815,-0.9,-0.924,-0.855,-0.882,-0.882,-0.74,-0.807,-0.87,-0.936,-0.843,-0.86,-0.86,-0.744,-0.801,-0.9,-0.918,-0.839,-0.843,-0.855,-0.775,-0.799,-0.872,-0.906,-0.841,-0.866,-0.862,-0.779,0,0
"2019-04-15 04:36:40.0",782765,-9999,10.01,-67.44,-67.44,-0.923,-9999,-9999,12.0416,40.02,39.91,18.48,-0.819,-0.904,-0.92,-0.855,-0.872,-0.876,-0.777,-0.807,-0.884,-0.886,-0.839,-0.839,-0.843,-0.769,-0.801,-0.9,-0.922,-0.837,-0.882,-0.86,-0.736,-0.805,-0.878,-0.908,-0.833,-0.837,-0.857,-0.732,0,700
"2019-04-15 04:37:00.0",782766,-9999,10.22,-67.42,-67.42,-0.923,-9999,-9999,12.0472,40.02,39.91,18.48,-0.815,-0.908,-0.916,-0.837,-0.855,-0.87,-0.777,-0.805,-0.853,-0.902,-0.843,-0.882,-0.847,-0.766,-0.811,-0.9,-0.908,-0.841,-0.853,-0.862,-0.742,-0.811,-0.894,-0.892,-0.843,-0.882,-0.87,-0.734,0,0
"2019-04-15 04:37:20.0",782767,-9999,10.44,-67.41,-67.41,-0.923,-9999,-9999,12.0416,40.02,39.92,18.48,-0.813,-0.9,-0.918,-0.876,-0.894,-0.855,-0.738,-0.801,-0.874,-0.904,-0.847,-0.866,-0.833,-0.76,-0.807,-0.886,-0.908,-0.845,-0.884,-0.847,-0.744,-0.807,-0.862,-0.912,-0.843,-0.851,-0.851,-0.74,0,0
"2019-04-15 04:37:40.0",782768,-9999,10.65,-67.4,-67.4,-0.923,-9999,-9999,12.0416,40.02,39.92,18.48,-0.823,-0.896,-0.92,-0.857,-0.876,-0.866,-0.781,-0.807,-0.874,-0.894,-0.843,-0.894,-0.857,-0.76,-0.801,-0.884,-0.912,-0.845,-0.864,-0.851,-0.758,-0.805,-0.87,-0.91,-0.845,-0.89,-0.866,-0.75,0,0
"2019-04-15 04:38:00.0",782769,-9999,10.86,-67.38,-67.38,-0.923,-9999,-9999,12.0472,40.02,39.92,18.48,-0.815,-0.872,-0.928,-0.855,-0.874,-0.884,-0.746,-0.805,-0.88,-0.92,-0.829,-0.87,-0.878,-0.764,-0.807,-0.886,-0.91,-0.843,-0.866,-0.833,-0.754,-0.811,-0.88,-0.914,-0.841,-0.864,-0.837,-0.758,0,0
"2019-04-15 04:38:20.0",782770,-9999,11.07,-67.37,-67.37,-0.923,-9999,-9999,12.0416,40.02,39.92,18.48,-0.817,-0.892,-0.912,-0.851,-0.866,-0.851,-0.744,-0.815,-0.855,-0.898,-0.837,-0.86,-0.851,-0.773,-0.809,-0.878,-0.902,-0.841,-0.849,-0.825,-0.756,-0.805,-0.864,-0.888,-0.823,-0.853,-0.847,-0.756,0,700
"2019-04-15 04:38:40.0",782771,-9999,11.28,-67.36,-67.36,-0.923,-9999,-9999,12.0416,40.02,39.92,18.48,-0.821,-0.882,-0.916,-0.853,-0.896,-0.843,-0.752,-0.809,-0.904,-0.94,-0.87,-0.864,-0.843,-0.766,-0.813,-0.866,-0.916,-0.841,-0.864,-0.849,-0.773,-0.809,-0.902,-0.924,-0.843,-0.864,-0.847,-0.766,0,0
"2019-04-15 04:39:00.0",782772,-9999,11.49,-67.34,-67.34,-0.923,-9999,-9999,12.0416,40.02,39.92,18.48,-0.821,-0.888,-0.924,-0.857,-0.898,-0.86,-0.787,-0.807,-0.902,-0.914,-0.847,-0.866,-0.853,-0.768,-0.809,-0.87,-0.906,-0.843,-0.866,-0.833,-0.758,-0.817,-0.902,-0.89,-0.841,-0.872,-0.831,-0.754,0,0
"2019-04-15 04:39:20.0",782773,-9999,11.7,-67.33,-67.33,-0.923,-9999,-9999,12.0416,40.02,39.92,18.51,-0.823,-0.88,-0.94,-0.86,-0.874,-0.857,-0.748,-0.805,-0.902,-0.902,-0.841,-0.847,-0.837,-0.777,-0.811,-0.888,-0.914,-0.847,-0.864,-0.825,-0.754,-0.811,-0.86,-0.912,-0.843,-0.847,-0.837,-0.748,0,0
"2019-04-15 04:39:40.0",782774,-9999,11.91,-67.32,-67.32,-0.923,-9999,-9999,12.0416,40.02,39.92,18.51,-0.821,-0.878,-0.926,-0.855,-0.864,-0.843,-0.768,-0.811,-0.884,-0.924,-0.847,-0.868,-0.845,-0.781,-0.811,-0.906,-0.894,-0.849,-0.866,-0.855,-0.746,-0.813,-0.888,-0.922,-0.847,-0.847,-0.853,-0.74,0,0
"2019-04-15 04:40:00.0",782775,-9999,12.12,-67.3,-67.3,-0.923,-9999,-9999,12.0472,40.02,39.92,18.51,-0.829,-0.918,-0.924,-0.857,-0.876,-0.884,-0.762,-0.819,-0.902,-0.916,-0.874,-0.864,-0.841,-0.742,-0.807,-0.862,-0.892,-0.843,-0.864,-0.868,-0.734,-0.805,-0.9,-0.916,-0.829,-0.847,-0.862,-0.736,0,700
"2019-04-15 04:40:20.0",782776,-9999,12.33,-67.29,-67.29,-0.922,-9999,-9999,12.0416,40.02,39.92,18.51,-0.827,-0.896,-0.928,-0.853,-0.882,-0.857,-0.764,-0.811,-0.878,-0.91,-0.851,-0.872,-0.851,-0.783,-0.811,-0.9,-0.912,-0.843,-0.864,-0.87,-0.76,-0.813,-0.89,-0.894,-0.847,-0.89,-0.87,-0.762,0,0
"2019-04-15 04:40:40.0",782777,-9999,12.54,-67.27,-67.27,-0.922,-9999,-9999,12.0416,40.02,39.92,18.51,-0.827,-0.914,-0.948,-0.884,-0.88,-0.882,-0.791,-0.817,-0.906,-0.92,-0.862,-0.87,-0.841,-0.785,-0.815,-0.898,-0.912,-0.851,-0.868,-0.851,-0.76,-0.813,-0.874,-0.944,-0.839,-0.857,-0.855,-0.764,0,0
"2019-04-15 04:41:00.0",782778,-9999,12.74,-67.26,-67.26,-0.922,-9999,-9999,12.0416,40.02,39.92,18.51,-0.825,-0.912,-0.926,-0.864,-0.902,-0.868,-0.756,-0.813,-0.922,-0.922,-0.851,-0.876,-0.864,-0.754,-0.811,-0.878,-0.914,-0.849,-0.872,-0.843,-0.748,-0.817,-0.918,-0.912,-0.851,-0.872,-0.87,-0.738,0,0
"2019-04-15 04:41:20.0",782779,-9999,12.95,-67.24,-67.24,-0.922,-9999,-9999,12.0416,40.02,39.92,18.53,-0.827,-0.898,-0.94,-0.864,-0.88,-0.849,-0.797,-0.813,-0.886,-0.916,-0.833,-0.874,-0.845,-0.785,-0.813,-0.866,-0.924,-0.847,-0.878,-0.835,-0.758,-0.817,-0.904,-0.916,-0.853,-0.868,-0.841,-0.766,0,0
"2019-04-15 04:41:40.0",782780,-9999,13.16,-67.22,-67.22,-0.922,-9999,-9999,12.0416,40.02,39.92,18.53,-0.821,-0.896,-0.922,-0.853,-0.886,-0.862,-0.775,-0.821,-0.896,-0.908,-0.847,-0.872,-0.851,-0.768,-0.815,-0.886,-0.888,-0.849,-0.868,-0.853,-0.76,-0.813,-0.912,-0.918,-0.843,-0.87,-0.868,-0.752,0,700
"2019-04-15 04:42:00.0",782781,-9999,13.37,-67.21,-67.21,-0.922,-9999,-9999,12.0472,40.02,39.92,18.53,-0.825,-0.9,-0.924,-0.857,-0.886,-0.88,-0.752,-0.813,-0.916,-0.902,-0.843,-0.874,-0.86,-0.773,-0.815,-0.872,-0.914,-0.845,-0.874,-0.857,-0.766,-0.815,-0.892,-0.946,-0.851,-0.87,-0.845,-0.76,0,0
"2019-04-15 04:42:20.0",782782,-9999,13.58,-67.19,-67.19,-0.922,-9999,-9999,12.0472,40.02,39.92,18.53,-0.827,-0.884,-0.926,-0.864,-0.886,-0.868,-0.781,-0.815,-0.914,-0.918,-0.849,-0.876,-0.866,-0.793,-0.815,-0.876,-0.922,-0.853,-0.894,-0.857,-0.762,-0.815,-0.904,-0.92,-0.851,-0.876,-0.857,-0.779,0,0
"2019-04-15 04:42:40.0",782783,-9999,13.78,-67.17,-67.17,-0.922,-9999,-9999,12.0416,40.02,39.92,18.53,-0.827,-0.9,-0.955,-0.859,-0.884,-0.868,-0.775,-0.811,-0.914,-0.912,-0.851,-0.894,-0.847,-0.775,-0.809,-0.886,-0.92,-0.853,-0.872,-0.841,-0.768,-0.811,-0.88,-0.916,-0.849,-0.876,-0.843,-0.766,0,0
"2019-04-15 04:43:00.0",782784,-9999,13.99,-67.16,-67.16,-0.922,-9999,-9999,12.0416,40.02,39.92,18.53,-0.819,-0.916,-0.926,-0.862,-0.874,-0.864,-0.748,-0.815,-0.872,-0.912,-0.849,-0.853,-0.855,-0.766,-0.813,-0.898,-0.914,-0.843,-0.864,-0.845,-0.736,-0.813,-0.886,-0.916,-0.833,-0.868,-0.849,-0.756,0,0
"2019-04-15 04:43:20.0",782785,-9999,14.2,-67.14,-67.14,-0.921,-9999,-9999,12.0416,40.02,39.92,18.53,-0.823,-0.878,-0.924,-0.855,-0.878,-0.855,-0.748,-0.815,-0.892,-0.924,-0.849,-0.847,-0.872,-0.773,-0.807,-0.878,-0.914,-0.827,-0.888,-0.874,-0.766,-0.807,-0.912,-0.924,-0.847,-0.87,-0.853,-0.762,0,700
"2019-04-15 04:43:40.0",782786,-9999,14.41,-67.12,-67.12,-0.921,-9999,-9999,12.0361,40.02,39.92,18.53,-0.823,-0.892,-0.924,-0.855,-0.88,-0.843,-0.762,-0.809,-0.886,-0.942,-0.839,-0.864,-0.843,-0.787,-0.817,-0.862,-0.916,-0.839,-0.868,-0.833,-0.775,-0.811,-0.904,-0.916,-0.841,-0.862,-0.835,-0.773,0,0
"2019-04-15 04:44:00.0",782787,-9999,14.61,-67.11,-67.11,-0.921,-9999,-9999,12.0416,40.02,39.91,18.53,-0.819,-0.902,-0.932,-0.859,-0.898,-0.866,-0.795,-0.815,-0.894,-0.92,-0.851,-0.874,-0.882,-0.783,-0.807,-0.91,-0.936,-0.851,-0.874,-0.849,-0.785,-0.805,-0.884,-0.91,-0.851,-0.868,-0.849,-0.768,0,0
"2019-04-15 04:44:20.0",782788,-9999,14.82,-67.09,-67.09,-0.921,-9999,-9999,12.0416,40.02,39.91,18.56,-0.817,-0.892,-0.914,-0.87,-0.872,-0.841,-0.744,-0.809,-0.888,-0.916,-0.843,-0.866,-0.841,-0.764,-0.807,-0.892,-0.912,-0.849,-0.864,-0.831,-0.744,-0.807,-0.91,-0.912,-0.841,-0.882,-0.841,-0.736,0,0
"2019-04-15 04:44:40.0",782789,-9999,15.02,-67.07,-67.07,-0.921,-9999,-9999,12.0472,40.02,39.91,18.56,-0.821,-0.904,-0.944,-0.859,-0.859,-0.849,-0.754,-0.813,-0.884,-0.914,-0.837,-0.864,-0.835,-0.787,-0.805,-0.896,-0.92,-0.841,-0.882,-0.831,-0.768,-0.809,-0.876,-0.91,-0.827,-0.845,-0.833,-0.75,0,0
"2019-04-15 04:45:00.0",782790,-9999,15.23,-67.05,-67.05,-0.921,-9999,-9999,12.0416,40.02,39.91,18.56,-0.819,-0.878,-0.918,-0.849,-0.888,-0.843,-0.768,-0.811,-0.864,-0.906,-0.845,-0.847,-0.855,-0.742,-0.809,-0.898,-0.908,-0.845,-0.864,-0.845,-0.779,-0.809,-0.876,-0.93,-0.839,-0.868,-0.847,-0.768,0,700
"2019-04-15 04:45:20.0",782791,-9999,15.43,-67.03,-67.03,-0.921,-9999,-9999,12.0472,40.02,39.91,18.56,-0.819,-0.896,-0.942,-0.835,-0.862,-0.847,-0.762,-0.807,-0.882,-0.916,-0.843,-0.89,-0.855,-0.746,-0.805,-0.884,-0.912,-0.821,-0.866,-0.845,-0.762,-0.807,-0.902,-0.914,-0.872,-0.876,-0.849,-0.766,0,0
"2019-04-15 04:45:40.0",782792,-9999,15.64,-67.01,-67.01,-0.921,-9999,-9999,12.0472,40.02,39.91,18.56,-0.817,-0.892,-0.916,-0.845,-0.868,-0.839,-0.781,-0.805,-0.862,-0.914,-0.839,-0.864,-0.847,-0.762,-0.809,-0.902,-0.914,-0.839,-0.859,-0.864,-0.758,-0.805,-0.89,-0.91,-0.847,-0.864,-0.862,-0.748,0,0
"2019-04-15 04:46:00.0",782793,-9999,15.84,-67,-67,-0.92,-9999,-9999,12.0472,40.02,39.91,18.58,-0.811,-0.91,-0.92,-0.839,-0.892,-0.839,-0.742,-0.803,-0.876,-0.91,-0.843,-0.862,-0.831,-0.756,-0.803,-0.9,-0.88,-0.857,-0.855,-0.817,-0.734,-0.807,-0.874,-0.892,-0.837,-0.855,-0.821,-0.724,0,0
"2019-04-15 04:46:20.0",782794,-9999,16.05,-66.98,-66.98,-0.92,-9999,-9999,12.0416,40.02,39.91,18.58,-0.813,-0.892,-0.912,-0.851,-0.89,-0.835,-0.74,-0.807,-0.866,-0.926,-0.843,-0.857,-0.845,-0.756,-0.799,-0.88,-0.9,-0.841,-0.864,-0.829,-0.758,-0.803,-0.866,-0.882,-0.866,-0.884,-0.831,-0.771,0,0
"2019-04-15 04:46:40.0",782795,-9999,16.25,-66.96,-66.96,-0.92,-9999,-9999,12.0416,40.02,39.91,18.58,-0.813,-0.864,-0.896,-0.847,-0.892,-0.878,-0.773,-0.797,-0.849,-0.924,-0.837,-0.855,-0.841,-0.768,-0.801,-0.896,-0.902,-0.833,-0.839,-0.855,-0.744,-0.803,-0.872,-0.902,-0.819,-0.855,-0.857,-0.726,0,700
"2019-04-15 04:47:00.0",782796,-9999,16.45,-66.94,-66.94,-0.92,-9999,-9999,12.0416,40.02,39.91,18.58,-0.811,-0.902,-0.904,-0.833,-0.859,-0.843,-0.771,-0.797,-0.888,-0.892,-0.837,-0.878,-0.823,-0.762,-0.797,-0.862,-0.904,-0.837,-0.847,-0.831,-0.726,-0.797,-0.894,-0.894,-0.829,-0.851,-0.833,-0.724,0,0
"2019-04-15 04:47:20.0",782797,-9999,16.66,-66.92,-66.92,-0.92,-9999,-9999,12.0472,40.02,39.91,18.58,-0.813,-0.902,-0.934,-0.849,-0.868,-0.833,-0.756,-0.793,-0.896,-0.902,-0.829,-0.855,-0.841,-0.73,-0.793,-0.855,-0.896,-0.827,-0.855,-0.864,-0.762,-0.797,-0.888,-0.896,-0.831,-0.853,-0.821,-0.76,0,0
"2019-04-15 04:47:40.0",782798,-9999,16.86,-66.9,-66.9,-0.92,-9999,-9999,12.0416,40.02,39.91,18.58,-0.807,-0.857,-0.914,-0.833,-0.864,-0.833,-0.742,-0.799,-0.886,-0.898,-0.831,-0.851,-0.857,-0.744,-0.795,-0.851,-0.892,-0.827,-0.872,-0.813,-0.752,-0.791,-0.87,-0.878,-0.825,-0.855,-0.825,-0.74,0,0
"2019-04-15 04:48:00.0",782799,-9999,17.06,-66.88,-66.88,-0.92,-9999,-9999,12.0416,40.03,39.91,18.58,-0.803,-0.886,-0.898,-0.841,-0.843,-0.839,-0.728,-0.789,-0.847,-0.89,-0.825,-0.847,-0.833,-0.722,-0.799,-0.87,-0.92,-0.809,-0.849,-0.847,-0.75,-0.791,-0.88,-0.894,-0.825,-0.868,-0.807,-0.742,0,0
"2019-04-15 04:48:20.0",782800,-9999,17.26,-66.85,-66.85,-0.92,-9999,-9999,12.0416,40.05,39.91,18.61,-0.803,-0.896,-0.904,-0.833,-0.853,-0.864,-0.773,-0.791,-0.855,-0.9,-0.825,-0.857,-0.827,-0.773,-0.791,-0.868,-0.894,-0.809,-0.849,-0.827,-0.732,-0.791,-0.884,-0.892,-0.829,-0.833,-0.849,-0.764,0,700
"2019-04-15 04:48:40.0",782801,-9999,17.47,-66.83,-66.83,-0.919,-9999,-9999,12.0472,40.05,39.91,18.61,-0.801,-0.876,-0.924,-0.837,-0.88,-0.827,-0.728,-0.793,-0.878,-0.872,-0.827,-0.845,-0.833,-0.75,-0.789,-0.88,-0.888,-0.825,-0.868,-0.847,-0.758,-0.789,-0.866,-0.894,-0.823,-0.843,-0.813,-0.75,0,0
"2019-04-15 04:49:00.0",782802,-9999,17.67,-66.81,-66.81,-0.919,-9999,-9999,12.0416,40.05,39.91,18.61,-0.803,-0.896,-0.904,-0.827,-0.855,-0.862,-0.748,-0.791,-0.88,-0.892,-0.815,-0.827,-0.831,-0.748,-0.781,-0.857,-0.888,-0.817,-0.849,-0.811,-0.762,-0.791,-0.864,-0.894,-0.821,-0.866,-0.831,-0.732,0,0
"2019-04-15 04:49:20.0",782803,-9999,17.87,-66.79,-66.79,-0.919,-9999,-9999,12.0472,40.05,39.91,18.61,-0.797,-0.872,-0.884,-0.809,-0.862,-0.843,-0.726,-0.789,-0.87,-0.882,-0.821,-0.821,-0.815,-0.76,-0.787,-0.835,-0.884,-0.821,-0.823,-0.841,-0.72,-0.789,-0.855,-0.882,-0.821,-0.868,-0.809,-0.742,0,0
"2019-04-15 04:49:40.0",782804,-9999,18.07,-66.77,-66.77,-0.919,-9999,-9999,12.0416,40.05,39.91,18.64,-0.801,-0.89,-0.898,-0.833,-0.859,-0.857,-0.771,-0.783,-0.87,-0.872,-0.825,-0.847,-0.833,-0.734,-0.783,-0.855,-0.89,-0.813,-0.841,-0.825,-0.754,-0.787,-0.882,-0.884,-0.825,-0.841,-0.829,-0.714,0,0
"2019-04-15 04:50:00.0",782805,-9999,18.27,-66.75,-66.75,-0.919,-9999,-9999,12.0416,40.05,39.91,18.64,-0.797,-0.866,-0.888,-0.813,-0.851,-0.849,-0.724,-0.789,-0.884,-0.886,-0.825,-0.825,-0.851,-0.746,-0.787,-0.847,-0.894,-0.827,-0.843,-0.811,-0.716,-0.783,-0.862,-0.886,-0.821,-0.874,-0.821,-0.758,0,700
"2019-04-15 04:50:20.0",782806,-9999,18.47,-66.73,-66.73,-0.919,-9999,-9999,12.0472,40.05,39.91,18.64,-0.799,-0.866,-0.902,-0.833,-0.837,-0.825,-0.742,-0.787,-0.878,-0.888,-0.821,-0.841,-0.825,-0.728,-0.781,-0.87,-0.892,-0.833,-0.837,-0.839,-0.73,-0.781,-0.839,-0.894,-0.817,-0.859,-0.809,-0.71,0,0
"2019-04-15 04:50:40.0",782807,-9999,18.67,-66.7,-66.7,-0.918,-9999,-9999,12.0416,40.05,39.91,18.64,-0.795,-0.878,-0.91,-0.825,-0.876,-0.864,-0.764,-0.785,-0.845,-0.894,-0.827,-0.847,-0.829,-0.726,-0.787,-0.845,-0.91,-0.821,-0.837,-0.851,-0.734,-0.787,-0.874,-0.864,-0.839,-0.839,-0.831,-0.718,0,0
"2019-04-15 04:51:00.0",782808,-9999,18.87,-66.68,-66.68,-0.918,-9999,-9999,12.0472,40.05,39.91,18.66,-0.795,-0.859,-0.902,-0.837,-0.859,-0.825,-0.76,-0.791,-0.841,-0.892,-0.825,-0.843,-0.817,-0.768,-0.785,-0.835,-0.884,-0.821,-0.841,-0.847,-0.738,-0.787,-0.855,-0.89,-0.829,-0.829,-0.809,-0.754,0,0
"2019-04-15 04:51:20.0",782809,-9999,19.07,-66.66,-66.66,-0.918,-9999,-9999,12.0416,40.05,39.91,18.66,-0.801,-0.878,-0.896,-0.833,-0.851,-0.821,-0.736,-0.791,-0.868,-0.894,-0.823,-0.843,-0.831,-0.766,-0.789,-0.859,-0.884,-0.821,-0.843,-0.809,-0.718,-0.783,-0.88,-0.906,-0.821,-0.866,-0.831,-0.752,0,0
"2019-04-15 04:51:40.0",782810,-9999,19.27,-66.63,-66.63,-0.918,-9999,-9999,12.0472,40.05,39.91,18.66,-0.795,-0.87,-0.9,-0.839,-0.855,-0.837,-0.738,-0.787,-0.882,-0.894,-0.821,-0.874,-0.833,-0.73,-0.785,-0.89,-0.888,-0.821,-0.855,-0.815,-0.754,-0.785,-0.843,-0.888,-0.819,-0.843,-0.827,-0.712,0,700
"2019-04-15 04:52:00.0",782811,-9999,19.47,-66.61,-66.61,-0.918,-9999,-9999,12.0416,40.05,39.91,18.66,-0.799,-0.841,-0.874,-0.819,-0.878,-0.857,-0.762,-0.793,-0.845,-0.886,-0.821,-0.839,-0.825,-0.773,-0.791,-0.874,-0.912,-0.819,-0.841,-0.851,-0.716,-0.791,-0.892,-0.866,-0.807,-0.845,-0.813,-0.762,0,0
"2019-04-15 04:52:20.0",782812,-9999,19.66,-66.59,-66.59,-0.918,-9999,-9999,12.0416,40.05,39.92,18.69,-0.803,-0.892,-0.898,-0.833,-0.843,-0.829,-0.76,-0.793,-0.864,-0.88,-0.823,-0.837,-0.821,-0.738,-0.789,-0.847,-0.896,-0.833,-0.849,-0.851,-0.74,-0.791,-0.868,-0.89,-0.821,-0.845,-0.815,-0.714,0,0
"2019-04-15 04:52:40.0",782813,-9999,19.86,-66.56,-66.56,-0.918,-9999,-9999,12.0472,40.04,39.92,18.69,-0.807,-0.878,-0.904,-0.837,-0.882,-0.864,-0.754,-0.791,-0.886,-0.894,-0.825,-0.853,-0.819,-0.756,-0.799,-0.894,-0.874,-0.827,-0.851,-0.833,-0.742,-0.797,-0.847,-0.898,-0.831,-0.849,-0.847,-0.732,0,0
"2019-04-15 04:53:00.0",782814,-9999,20.06,-66.54,-66.54,-0.917,-9999,-9999,12.0472,40.02,39.92,18.69,-0.807,-0.882,-0.906,-0.841,-0.866,-0.843,-0.768,-0.797,-0.89,-0.916,-0.829,-0.837,-0.821,-0.758,-0.797,-0.874,-0.898,-0.831,-0.855,-0.855,-0.764,-0.797,-0.853,-0.904,-0.851,-0.853,-0.821,-0.73,0,0
"2019-04-15 04:53:20.0",782815,-9999,20.26,-66.52,-66.52,-0.917,-9999,-9999,12.0416,40.02,39.92,18.69,-0.805,-0.904,-0.918,-0.841,-0.861,-0.833,-0.76,-0.801,-0.88,-0.902,-0.837,-0.861,-0.872,-0.762,-0.801,-0.896,-0.924,-0.857,-0.868,-0.841,-0.775,-0.799,-0.855,-0.906,-0.859,-0.857,-0.845,-0.764,0,700
"2019-04-15 04:53:40.0",782816,-9999,20.45,-66.49,-66.49,-0.917,-9999,-9999,12.0416,40.02,39.92,18.69,-0.811,-0.902,-0.904,-0.843,-0.868,-0.87,-0.768,-0.803,-0.908,-0.912,-0.841,-0.859,-0.837,-0.781,-0.801,-0.89,-0.904,-0.855,-0.861,-0.839,-0.74,-0.799,-0.864,-0.902,-0.843,-0.874,-0.857,-0.766,0,0
"2019-04-15 04:54:00.0",782817,-9999,20.65,-66.47,-66.47,-0.917,-9999,-9999,12.0472,40.02,39.91,18.69,-0.815,-0.872,-0.908,-0.845,-0.888,-0.872,-0.732,-0.805,-0.866,-0.904,-0.839,-0.859,-0.833,-0.777,-0.805,-0.874,-0.896,-0.837,-0.851,-0.839,-0.742,-0.801,-0.9,-0.9,-0.833,-0.855,-0.866,-0.732,0,0
"2019-04-15 04:54:20.0",782818,-9999,20.84,-66.44,-66.44,-0.917,-9999,-9999,12.0416,40.02,39.91,18.71,-0.821,-0.898,-0.922,-0.847,-0.874,-0.876,-0.779,-0.803,-0.888,-0.904,-0.835,-0.882,-0.849,-0.744,-0.799,-0.849,-0.902,-0.837,-0.859,-0.843,-0.768,-0.809,-0.874,-0.9,-0.835,-0.855,-0.837,-0.754,0,0
"2019-04-15 04:54:40.0",782819,-9999,21.04,-66.42,-66.42,-0.916,-9999,-9999,12.0472,40.02,39.91,18.71,-0.815,-0.896,-0.932,-0.861,-0.902,-0.847,-0.76,-0.809,-0.902,-0.918,-0.849,-0.861,-0.839,-0.746,-0.813,-0.87,-0.908,-0.839,-0.868,-0.845,-0.777,-0.809,-0.892,-0.916,-0.831,-0.864,-0.866,-0.766,0,0
"2019-04-15 04:55:00.0",782820,-9999,21.23,-66.39,-66.39,-0.916,-9999,-9999,12.0528,40.02,39.91,18.71,-0.823,-0.908,-0.918,-0.851,-0.857,-0.839,-0.74,-0.805,-0.864,-0.912,-0.868,-0.866,-0.88,-0.766,-0.807,-0.886,-0.91,-0.868,-0.864,-0.835,-0.76,-0.807,-0.864,-0.906,-0.841,-0.861,-0.851,-0.728,0,700
"2019-04-15 04:55:20.0",782821,-9999,21.43,-66.37,-66.37,-0.916,-9999,-9999,12.0416,40.02,39.91,18.71,-0.817,-0.894,-0.914,-0.857,-0.894,-0.886,-0.781,-0.805,-0.876,-0.886,-0.843,-0.857,-0.872,-0.785,-0.805,-0.9,-0.904,-0.839,-0.878,-0.825,-0.76,-0.805,-0.864,-0.914,-0.841,-0.857,-0.849,-0.746,0,0
"2019-04-15 04:55:40.0",782822,-9999,21.63,-66.34,-66.34,-0.916,-9999,-9999,12.0416,40.02,39.91,18.71,-0.819,-0.912,-0.93,-0.855,-0.88,-0.864,-0.74,-0.815,-0.894,-0.936,-0.841,-0.876,-0.876,-0.742,-0.805,-0.861,-0.912,-0.843,-0.859,-0.835,-0.74,-0.809,-0.894,-0.908,-0.872,-0.864,-0.829,-0.779,0,0
"2019-04-15 04:56:00.0",782823,-9999,21.82,-66.31,-66.31,-0.916,-9999,-9999,12.0416,40.02,39.91,18.71,-0.819,-0.91,-0.916,-0.855,-0.857,-0.857,-0.752,-0.811,-0.9,-0.908,-0.841,-0.861,-0.853,-0.76,-0.807,-0.864,-0.9,-0.839,-0.864,-0.868,-0.742,-0.811,-0.902,-0.882,-0.841,-0.864,-0.868,-0.752,0,0
"2019-04-15 04:56:20.0",782824,-9999,22.01,-66.29,-66.29,-0.916,-9999,-9999,12.0416,40.02,39.91,18.71,-0.817,-0.876,-0.95,-0.849,-0.9,-0.884,-0.77,-0.811,-0.872,-0.91,-0.845,-0.868,-0.88,-0.758,-0.809,-0.884,-0.912,-0.847,-0.864,-0.833,-0.779,-0.809,-0.87,-0.92,-0.847,-0.87,-0.837,-0.77,0,0
"2019-04-15 04:56:40.0",782825,-9999,22.21,-66.26,-66.26,-0.915,-9999,-9999,12.0472,40.02,39.91,18.74,-0.827,-0.898,-0.922,-0.837,-0.902,-0.882,-0.779,-0.811,-0.878,-0.908,-0.835,-0.847,-0.874,-0.742,-0.807,-0.894,-0.926,-0.841,-0.88,-0.827,-0.758,-0.807,-0.882,-0.91,-0.839,-0.843,-0.833,-0.773,0,700
"2019-04-15 04:57:00.0",782826,-9999,22.4,-66.23,-66.23,-0.915,-9999,-9999,12.0416,40.02,39.91,18.74,-0.829,-0.906,-0.924,-0.874,-0.874,-0.857,-0.777,-0.815,-0.914,-0.936,-0.849,-0.868,-0.843,-0.754,-0.811,-0.864,-0.912,-0.829,-0.866,-0.855,-0.773,-0.805,-0.908,-0.91,-0.843,-0.87,-0.851,-0.773,0,0
"2019-04-15 04:57:20.0",782827,-9999,22.59,-66.21,-66.21,-0.915,-9999,-9999,12.0472,40.02,39.91,18.74,-0.821,-0.894,-0.948,-0.878,-0.878,-0.847,-0.781,-0.809,-0.892,-0.902,-0.845,-0.872,-0.837,-0.742,-0.809,-0.866,-0.902,-0.839,-0.845,-0.845,-0.738,-0.819,-0.91,-0.904,-0.841,-0.868,-0.841,-0.756,0,0
"2019-04-15 04:57:40.0",782828,-9999,22.78,-66.18,-66.18,-0.915,-9999,-9999,12.0361,40.02,39.91,18.74,-0.823,-0.902,-0.93,-0.859,-0.904,-0.847,-0.785,-0.811,-0.91,-0.888,-0.845,-0.87,-0.876,-0.768,-0.811,-0.872,-0.916,-0.849,-0.868,-0.878,-0.746,-0.811,-0.904,-0.908,-0.841,-0.87,-0.878,-0.758,0,0
"2019-04-15 04:58:00.0",782829,-9999,22.98,-66.15,-66.15,-0.915,-9999,-9999,12.0472,40.02,39.91,18.74,-0.823,-0.912,-0.92,-0.857,-0.884,-0.864,-0.781,-0.809,-0.878,-0.916,-0.845,-0.864,-0.839,-0.777,-0.813,-0.896,-0.904,-0.843,-0.868,-0.851,-0.77,-0.815,-0.89,-0.908,-0.843,-0.864,-0.849,-0.75,0,0
"2019-04-15 04:58:20.0",782830,-9999,23.17,-66.13,-66.13,-0.914,-9999,-9999,12.0416,40.02,39.91,18.74,-0.827,-0.902,-0.902,-0.843,-0.884,-0.884,-0.764,-0.815,-0.88,-0.924,-0.851,-0.853,-0.864,-0.791,-0.815,-0.916,-0.916,-0.849,-0.87,-0.868,-0.779,-0.809,-0.884,-0.924,-0.851,-0.874,-0.876,-0.775,0,700
"2019-04-15 04:58:40.0",782831,-9999,23.36,-66.1,-66.1,-0.914,-9999,-9999,12.0416,40.02,39.91,18.74,-0.825,-0.9,-0.91,-0.859,-0.884,-0.88,-0.789,-0.811,-0.87,-0.912,-0.851,-0.868,-0.847,-0.77,-0.811,-0.906,-0.924,-0.851,-0.851,-0.851,-0.773,-0.817,-0.892,-0.936,-0.872,-0.866,-0.853,-0.754,0,0
"2019-04-15 04:59:00.0",782832,-9999,23.55,-66.07,-66.07,-0.914,-9999,-9999,12.0472,40.02,39.91,18.74,-0.823,-0.914,-0.93,-0.857,-0.874,-0.843,-0.783,-0.811,-0.902,-0.914,-0.847,-0.861,-0.87,-0.758,-0.815,-0.857,-0.912,-0.841,-0.868,-0.87,-0.756,-0.815,-0.908,-0.932,-0.845,-0.892,-0.866,-0.775,0,0
"2019-04-15 04:59:20.0",782833,-9999,23.74,-66.04,-66.04,-0.914,-9999,-9999,12.0416,40.02,39.91,18.74,-0.823,-0.908,-0.928,-0.861,-0.884,-0.845,-0.756,-0.819,-0.88,-0.914,-0.853,-0.872,-0.859,-0.754,-0.813,-0.916,-0.924,-0.855,-0.868,-0.876,-0.744,-0.815,-0.9,-0.924,-0.851,-0.878,-0.855,-0.754,0,0
"2019-04-15 04:59:40.0",782834,-9999,23.93,-66.01,-66.01,-0.914,-9999,-9999,12.0416,40.02,39.91,18.74,-0.825,-0.878,-0.918,-0.847,-0.9,-0.853,-0.754,-0.815,-0.902,-0.912,-0.87,-0.872,-0.843,-0.752,-0.817,-0.886,-0.914,-0.845,-0.864,-0.853,-0.744,-0.821,-0.864,-0.918,-0.849,-0.872,-0.851,-0.736,0,0
