"TOA5","","","1764","CR1000.Std.24","CPU:MFRSR_10012018V2.8.CR1","13574","TableHdr","PbCdlComm-1.6.0 (2016/01/26)"
"TIMESTAMP","RECORD","loggerID""headID""xpgmVerID""xlat""xlon""xSiteElev""xFULLREV""xCRXHSTEPS""xSCANseconds""xSCANnAvg""xSCANtrough""xHOMEoffset""xALLTIMEband"
"TS","RN","--""--""--""deg""deg""m""--""--""sec""--""--""--""--"
"","","Smp""Smp""Smp""Smp""Smp""Smp""Smp""Smp""Smp""Smp""Smp""Smp""Smp"
"2019-04-16 12:00:00.0",373,1764,180054423,2.8,-32.1259,-64.7287,1160,800,20,20,1,10,0,-1
"TOA5","","","1764","CR1000.Std.24","CPU:MFRSR_10012018V2.8.CR1","13574","Table155","PbCdlComm-1.6.0 (2016/01/26)"
"TIMESTAMP","RECORD","xoset""az""el""al""cosz""cosasz""pamass""vBat""Thead""THTC""Tlogger""Dnadir(1)""Dnadir(2)""Dnadir(3)""Dnadir(4)""Dnadir(5)""Dnadir(6)""Dnadir(7)""Deast(1)""Deast(2)""Deast(3)""Deast(4)""Deast(5)""Deast(6)""Deast(7)""Dsun(1)""Dsun(2)""Dsun(3)""Dsun(4)""Dsun(5)""Dsun(6)""Dsun(7)""Dwest(1)""Dwest(2)""Dwest(3)""Dwest(4)""Dwest(5)""Dwest(6)""Dwest(7)""kount""khome"
"TS","RN","sec""deg""deg""deg""--""--""--""Volt""degC""degC""degC""mV""mV""mV""mV""mV""mV""mV""mV""mV""mV""mV""mV""mV""mV""mV""mV""mV""mV""mV""mV""mV""mV""mV""mV""mV""mV""mV""mV""--""--"
"","","Smp""Smp""Smp""Smp""Smp""Smp""Smp""Smp""Smp""Smp""Smp""Smp""Smp""Smp""Smp""Smp""Smp""Smp""Smp""Smp""Smp""Smp""Smp""Smp""Smp""Smp""Smp""Smp""Smp""Smp""Smp""Smp""Smp""Smp""Smp""Smp""Smp""Smp""Smp""Smp""Smp"
"2019-04-16 13:00:00.0",788595,3540,122.8,25.97,26,0.438,0.438,2.272,12.0457,39.92,39.91,14.09,13.93,34.58,34.44,29.76,32.13,35.12,29.76,13.38,33.56,33.22,28.67,30.91,33.83,28.67,13.18,33.15,32.75,28.26,30.5,33.43,28.33,12.98,32.75,32.27,27.85,30.03,33.02,27.92,288,492
"2019-04-16 13:00:20.0",788596,3540,122.8,26.03,26.06,0.439,0.439,2.267,12.0402,39.92,39.91,14.09,12.36,32.47,31.73,27.24,29.35,32.2,27.17,11.96,31.59,30.91,26.5,28.53,31.39,26.5,11.82,31.25,30.64,26.22,28.26,31.05,26.22,11.69,30.98,30.3,25.95,27.99,30.84,25.95,288,492
"2019-04-16 13:00:40.0",788597,3540,122.9,26.09,26.12,0.44,0.44,2.262,12.0402,39.92,39.91,14.11,12.09,32.07,31.66,27.24,29.35,32.34,27.31,11.89,31.45,31.12,26.77,28.87,31.79,26.77,11.75,31.18,30.84,26.56,28.6,31.52,26.56,11.69,30.91,30.5,26.29,28.33,31.25,26.36,288,492
"2019-04-16 13:01:00.0",788598,3550,123,26.15,26.18,0.441,0.441,2.258,12.0513,39.92,39.91,14.11,12.09,31.86,31.52,27.24,29.35,32.41,27.38,11.75,31.18,30.84,26.63,28.67,31.66,26.77,11.69,30.91,30.57,26.36,28.47,31.39,26.56,11.55,30.64,30.3,26.09,28.19,31.18,26.36,289,491
"2019-04-16 13:01:20.0",788599,3550,123,26.21,26.24,0.442,0.442,2.253,12.0513,39.92,39.91,14.11,11.62,31.18,30.78,26.5,28.6,31.66,26.77,11.35,30.64,30.23,26.02,28.06,31.12,26.29,11.28,30.37,30.03,25.88,27.85,30.91,26.09,11.21,30.1,29.76,25.68,27.65,30.71,25.95,289,491
"2019-04-16 13:01:40.0",788600,3550,123.1,26.27,26.3,0.443,0.443,2.248,12.0569,39.92,39.91,14.11,11.69,31.25,31.12,26.9,29.01,32.27,27.24,11.48,30.78,30.71,26.56,28.6,31.86,26.9,11.41,30.57,30.5,26.36,28.47,31.73,26.77,11.35,30.37,30.23,26.16,28.26,31.45,26.63,289,491
"2019-04-16 13:02:00.0",788601,3550,123.2,26.33,26.36,0.443,0.444,2.244,12.0569,39.92,39.91,14.13,12.16,32.13,32.2,27.92,30.1,33.49,28.26,12.02,31.66,31.66,27.51,29.69,33.02,27.85,11.96,31.39,31.45,27.31,29.48,32.81,27.72,11.96,31.25,31.32,27.17,29.35,32.68,27.58,289,491
"2019-04-16 13:02:20.0",788602,3550,123.2,26.39,26.42,0.444,0.445,2.239,12.0625,39.92,39.91,14.13,12.64,32.68,32.81,28.53,30.78,34.24,28.94,12.5,32.27,32.41,28.13,30.37,33.76,28.53,12.43,32.07,32.2,27.99,30.23,33.56,28.4,12.36,31.86,31.93,27.79,29.96,33.36,28.19,289,491
"2019-04-16 13:02:40.0",788603,3550,123.3,26.44,26.48,0.445,0.446,2.235,12.0513,39.92,39.91,14.13,12.7,32.95,32.81,28.47,30.71,34.1,28.81,12.43,32.2,32.07,27.79,29.96,33.29,28.13,12.3,32,31.79,27.51,29.69,33.02,27.92,12.23,31.73,31.52,27.24,29.42,32.75,27.65,289,491
"2019-04-16 13:03:00.0",788604,3570,123.3,26.5,26.53,0.446,0.447,2.23,12.0402,39.92,39.91,14.13,12.02,31.86,31.52,27.17,29.28,32.75,27.65,11.75,31.25,30.84,26.63,28.67,32.07,27.04,11.69,30.98,30.57,26.43,28.4,31.79,26.84,11.55,30.71,30.37,26.16,28.19,31.52,26.56,290,490
"2019-04-16 13:03:20.0",788605,3560,123.4,26.56,26.59,0.447,0.448,2.225,12.0457,39.92,39.91,14.13,11.89,31.66,31.32,27.11,29.14,32.61,27.58,11.69,30.98,30.78,26.63,28.6,32.07,27.04,11.55,30.84,30.5,26.36,28.4,31.79,26.9,11.48,30.57,30.3,26.22,28.26,31.59,26.77,290,490
"2019-04-16 13:03:40.0",788606,3550,123.5,26.62,26.65,0.448,0.449,2.221,12.0402,39.92,39.91,14.13,12.23,32.34,32.27,27.92,30.1,33.56,28.47,12.09,31.86,31.79,27.51,29.69,33.02,27.99,12.02,31.66,31.52,27.38,29.48,32.81,27.79,11.96,31.45,31.39,27.17,29.28,32.61,27.65,290,490
"2019-04-16 13:04:00.0",788607,3550,123.5,26.68,26.71,0.449,0.45,2.216,12.0402,39.92,39.91,14.16,12.5,32.68,32.61,28.26,30.44,33.76,28.74,12.23,32.07,32,27.72,29.89,33.15,28.19,12.16,31.86,31.73,27.51,29.62,32.88,27.99,12.09,31.66,31.59,27.31,29.42,32.68,27.79,290,490
"2019-04-16 13:04:20.0",788608,3550,123.6,26.74,26.77,0.45,0.45,2.212,12.0457,39.92,39.91,14.16,12.43,32.68,32.54,28.13,30.3,33.49,28.53,12.16,32.13,31.93,27.58,29.76,32.88,27.99,12.09,31.86,31.66,27.38,29.48,32.61,27.79,11.96,31.66,31.45,27.17,29.28,32.41,27.58,290,490
"2019-04-16 13:04:40.0",788609,3560,123.7,26.8,26.83,0.451,0.451,2.208,12.0569,39.92,39.91,14.16,12.5,33.02,32.81,28.33,30.5,33.56,28.6,12.23,32.41,32.13,27.72,29.89,32.81,27.99,12.09,32.13,31.86,27.45,29.55,32.61,27.72,12.02,31.79,31.52,27.17,29.28,32.27,27.51,291,489
"2019-04-16 13:05:00.0",788610,3560,123.7,26.86,26.89,0.452,0.452,2.203,12.0513,39.92,39.91,14.16,12.3,32.81,32.47,27.99,30.1,33.22,28.26,11.96,32.07,31.73,27.31,29.42,32.47,27.65,11.89,31.86,31.45,27.11,29.14,32.2,27.38,11.75,31.59,31.18,26.9,28.94,32,27.17,291,489
"2019-04-16 13:05:20.0",788611,3560,123.8,26.91,26.95,0.453,0.453,2.199,12.0513,39.92,39.91,14.18,12.23,32.75,32.41,27.92,30.1,33.22,28.26,11.96,32.2,31.79,27.45,29.55,32.61,27.72,11.89,31.93,31.59,27.24,29.28,32.41,27.58,11.82,31.73,31.39,27.04,29.08,32.2,27.38,291,489
"2019-04-16 13:05:40.0",788612,3560,123.9,26.97,27,0.454,0.454,2.194,12.0625,39.91,39.91,14.18,12.23,32.81,32.54,28.13,30.23,33.49,28.47,12.02,32.2,31.93,27.51,29.62,32.81,27.92,11.89,32,31.66,27.31,29.42,32.61,27.72,11.82,31.66,31.45,27.11,29.21,32.41,27.51,291,489
"2019-04-16 13:06:00.0",788613,3560,123.9,27.03,27.06,0.454,0.455,2.19,12.0513,39.91,39.91,14.18,12.36,32.88,32.68,28.26,30.44,33.76,28.74,12.16,32.34,32.13,27.79,29.89,33.15,28.19,12.02,32.07,31.93,27.58,29.69,32.95,28.06,11.96,31.86,31.66,27.38,29.48,32.68,27.85,291,489
"2019-04-16 13:06:20.0",788614,3560,124,27.09,27.12,0.455,0.456,2.186,12.0513,39.91,39.91,14.21,12.5,32.95,32.88,28.53,30.71,34.04,28.94,12.3,32.41,32.27,27.99,30.1,33.36,28.47,12.23,32.13,32,27.79,29.89,33.09,28.26,12.09,31.93,31.79,27.51,29.62,32.88,28.06,291,489
"2019-04-16 13:06:40.0",788615,3570,124.1,27.15,27.18,0.456,0.457,2.181,12.0402,39.91,39.91,14.21,12.5,33.09,32.81,28.4,30.57,33.83,28.81,12.23,32.34,32.13,27.79,29.89,33.02,28.13,12.09,32.07,31.86,27.51,29.62,32.75,27.92,12.02,31.86,31.59,27.31,29.42,32.47,27.72,292,488
"2019-04-16 13:07:00.0",788616,3570,124.1,27.21,27.24,0.457,0.458,2.177,12.0402,39.91,39.91,14.21,12.23,32.61,32.27,27.85,30.03,33.09,28.13,11.89,31.86,31.45,27.11,29.21,32.2,27.38,11.82,31.52,31.18,26.9,28.94,31.93,27.17,11.69,31.32,30.91,26.63,28.67,31.66,26.97,292,488
"2019-04-16 13:07:20.0",788617,3570,124.2,27.27,27.3,0.458,0.459,2.173,12.0457,39.92,39.91,14.23,11.62,31.66,31.12,26.77,28.74,31.79,26.97,11.28,30.91,30.3,26.02,27.99,30.98,26.22,11.14,30.57,30.03,25.75,27.72,30.71,26.02,11.07,30.37,29.76,25.54,27.45,30.44,25.75,292,488
"2019-04-16 13:07:40.0",788618,3570,124.2,27.32,27.35,0.459,0.459,2.169,12.0457,39.95,39.91,14.23,10.94,30.64,29.96,25.68,27.58,30.57,25.88,10.67,29.96,29.21,25,26.84,29.82,25.2,10.6,29.69,28.94,24.8,26.63,29.55,25,10.46,29.42,28.74,24.53,26.36,29.35,24.86,292,488
"2019-04-16 13:08:00.0",788619,3570,124.3,27.38,27.41,0.46,0.46,2.164,12.0457,39.93,39.91,14.23,10.67,30.23,29.48,25.27,27.11,30.23,25.48,10.39,29.62,28.87,24.73,26.5,29.55,24.93,10.33,29.35,28.67,24.53,26.29,29.35,24.73,10.26,29.14,28.4,24.32,26.09,29.14,24.59,292,488
"2019-04-16 13:08:20.0",788620,3570,124.4,27.44,27.47,0.461,0.461,2.16,12.0513,39.93,39.91,14.23,10.73,30.57,29.89,25.68,27.51,30.64,25.82,10.53,30.03,29.35,25.14,26.97,30.1,25.27,10.46,29.82,29.14,25,26.77,29.89,25.2,10.39,29.62,28.94,24.8,26.63,29.76,25,293,487
"2019-04-16 13:08:40.0",788621,3570,124.4,27.5,27.53,0.462,0.462,2.156,12.0569,39.95,39.91,14.23,11.14,31.39,30.84,26.5,28.47,31.66,26.56,10.94,30.78,30.3,26.02,27.92,31.05,26.09,10.87,30.64,30.1,25.82,27.72,30.91,25.95,10.8,30.44,29.89,25.68,27.58,30.71,25.82,293,487
"2019-04-16 13:09:00.0",788622,3570,124.5,27.56,27.59,0.463,0.463,2.152,12.0513,39.95,39.9,14.25,11.55,32.2,31.73,27.31,29.28,32.47,27.31,11.35,31.59,31.12,26.77,28.74,31.86,26.77,11.28,31.32,30.84,26.56,28.53,31.59,26.56,11.21,31.18,30.64,26.36,28.33,31.45,26.43,293,487
"2019-04-16 13:09:20.0",788623,3570,124.6,27.61,27.65,0.464,0.464,2.148,12.0513,39.95,39.9,14.25,11.69,32.41,31.79,27.38,29.35,32.47,27.31,11.41,31.66,31.12,26.7,28.67,31.73,26.63,11.35,31.45,30.84,26.5,28.4,31.45,26.43,11.21,31.18,30.57,26.22,28.19,31.18,26.22,293,487
"2019-04-16 13:09:40.0",788624,3570,124.6,27.67,27.7,0.464,0.465,2.144,12.0569,39.95,39.9,14.28,11.35,31.73,30.98,26.5,28.4,31.45,26.43,11.01,31.05,30.23,25.82,27.72,30.64,25.75,10.94,30.78,29.96,25.61,27.45,30.44,25.54,10.87,30.5,29.62,25.34,27.17,30.16,25.34,293,487
"2019-04-16 13:10:00.0",788625,3580,124.7,27.73,27.76,0.465,0.466,2.14,12.0402,39.95,39.9,14.28,11.01,31.12,30.23,25.82,27.72,30.64,25.75,10.8,30.57,29.62,25.27,27.11,30.03,25.2,10.67,30.3,29.42,25.14,26.9,29.76,25,10.6,30.1,29.21,24.93,26.7,29.62,24.86,294,486
"2019-04-16 13:10:20.0",788626,3580,124.8,27.79,27.82,0.466,0.467,2.136,12.0457,39.95,39.9,14.3,11.14,31.32,30.44,25.95,27.85,30.71,25.82,10.87,30.71,29.82,25.41,27.24,30.03,25.27,10.8,30.5,29.55,25.2,27.04,29.82,25.14,10.73,30.23,29.35,25,26.84,29.62,24.93,294,486
"2019-04-16 13:10:40.0",788627,3580,124.8,27.85,27.88,0.467,0.468,2.132,12.0457,39.95,39.9,14.3,10.87,30.78,29.76,25.34,27.17,30.1,25.27,10.6,30.1,29.08,24.8,26.56,29.35,24.66,10.46,29.82,28.87,24.59,26.29,29.08,24.53,10.39,29.55,28.6,24.32,26.09,28.87,24.32,294,486
"2019-04-16 13:11:00.0",788628,3580,124.9,27.9,27.93,0.468,0.468,2.128,12.0402,39.95,39.9,14.3,10.73,30.71,29.69,25.27,27.04,29.89,25.14,10.53,30.16,29.14,24.8,26.56,29.35,24.66,10.46,29.96,28.94,24.66,26.36,29.14,24.53,10.39,29.76,28.74,24.53,26.22,29.01,24.39,294,486
"2019-04-16 13:11:20.0",788629,3580,125,27.96,27.99,0.469,0.469,2.124,12.0402,39.95,39.9,14.32,11.28,31.66,30.84,26.43,28.33,31.18,26.29,11.07,31.05,30.3,25.95,27.79,30.64,25.82,11.01,30.84,30.1,25.75,27.58,30.44,25.68,10.94,30.64,29.89,25.61,27.45,30.3,25.48,294,486
"2019-04-16 13:11:40.0",788630,3580,125,28.02,28.05,0.47,0.47,2.12,12.0457,39.95,39.9,14.32,11.48,31.86,31.12,26.7,28.67,31.66,26.7,11.21,31.12,30.44,26.09,27.99,30.91,26.09,11.14,30.91,30.23,25.88,27.79,30.71,25.88,11.01,30.64,29.96,25.68,27.58,30.5,25.75,294,486
"2019-04-16 13:12:00.0",788631,3600,125.1,28.08,28.11,0.471,0.471,2.116,12.0569,39.95,39.9,14.32,11.28,31.59,30.84,26.43,28.33,31.39,26.43,11.07,31.05,30.23,25.88,27.79,30.78,25.95,11.01,30.78,30.03,25.68,27.58,30.57,25.75,10.94,30.57,29.76,25.48,27.38,30.37,25.61,295,485
"2019-04-16 13:12:20.0",788632,3600,125.2,28.13,28.16,0.472,0.472,2.112,12.0569,39.95,39.9,14.35,11.75,32.54,31.86,27.38,29.42,32.47,27.38,11.55,32,31.39,26.97,28.94,31.86,26.97,11.48,31.79,31.18,26.77,28.74,31.73,26.77,11.41,31.52,30.98,26.63,28.53,31.59,26.63,295,485
"2019-04-16 13:12:40.0",788633,3600,125.2,28.19,28.22,0.472,0.473,2.108,12.0569,39.95,39.9,14.35,12.36,33.56,33.09,28.6,30.71,33.76,28.67,12.16,32.95,32.54,28.06,30.16,33.22,28.13,12.09,32.75,32.34,27.92,29.96,33.02,27.99,12.02,32.47,32.13,27.72,29.76,32.81,27.79,295,485
"2019-04-16 13:13:00.0",788634,3600,125.3,28.25,28.28,0.473,0.474,2.104,12.0569,39.95,39.9,14.35,12.43,33.49,33.09,28.53,30.71,33.76,28.74,12.16,32.68,32.2,27.79,29.89,32.88,27.99,12.02,32.41,31.93,27.51,29.55,32.61,27.72,11.89,32.07,31.59,27.31,29.28,32.27,27.51,295,485
"2019-04-16 13:13:20.0",788635,3600,125.4,28.31,28.34,0.474,0.475,2.1,12.0569,39.95,39.9,14.37,11.62,32.13,31.39,26.97,28.94,32,27.17,11.28,31.25,30.5,26.16,27.99,30.98,26.36,11.14,30.91,30.16,25.88,27.72,30.64,26.09,11.01,30.57,29.82,25.61,27.45,30.37,25.82,295,485
"2019-04-16 13:13:40.0",788636,3600,125.4,28.37,28.39,0.475,0.476,2.096,12.0457,39.95,39.9,14.37,10.73,30.64,29.76,25.48,27.24,30.3,25.68,10.46,30.03,29.08,24.86,26.63,29.55,25.07,10.33,29.76,28.81,24.66,26.36,29.28,24.8,10.19,29.48,28.6,24.39,26.16,29.08,24.59,296,484
"2019-04-16 13:14:00.0",788637,3600,125.5,28.42,28.45,0.476,0.476,2.092,12.0402,39.95,39.91,14.4,10.26,30.16,29.21,24.93,26.7,29.69,25.07,9.99,29.48,28.6,24.39,26.09,29.01,24.53,9.92,29.21,28.33,24.19,25.88,28.81,24.32,9.85,28.94,28.06,23.98,25.68,28.6,24.12,296,484
"2019-04-16 13:14:20.0",788638,3600,125.6,28.48,28.51,0.477,0.477,2.088,12.0513,39.95,39.91,14.4,10.12,29.89,29.14,24.93,26.7,29.82,25.14,9.92,29.35,28.67,24.59,26.29,29.28,24.73,9.85,29.14,28.47,24.39,26.16,29.21,24.59,9.78,28.94,28.26,24.25,25.95,29.01,24.46,296,484
"2019-04-16 13:14:40.0",788639,3600,125.6,28.54,28.57,0.478,0.478,2.085,12.0402,39.95,39.91,14.4,10.39,30.37,29.96,25.82,27.65,30.91,26.09,10.26,29.89,29.55,25.48,27.31,30.5,25.75,10.19,29.69,29.35,25.34,27.11,30.3,25.61,10.19,29.48,29.21,25.2,26.97,30.23,25.48,296,484
"2019-04-16 13:15:00.0",788640,3600,125.7,28.59,28.62,0.479,0.479,2.081,12.0513,39.95,39.91,14.42,11.01,31.39,31.25,27.11,29.08,32.41,27.38,10.8,30.84,30.71,26.56,28.53,31.79,26.84,10.73,30.64,30.5,26.43,28.33,31.66,26.7,10.67,30.37,30.3,26.22,28.19,31.45,26.56,296,484
"2019-04-16 13:15:20.0",788641,3600,125.8,28.65,28.68,0.479,0.48,2.077,12.0457,39.95,39.91,14.42,11.07,31.45,31.32,27.17,29.21,32.68,27.51,10.8,30.78,30.64,26.56,28.53,31.93,26.9,10.67,30.5,30.44,26.36,28.33,31.66,26.7,10.6,30.3,30.16,26.16,28.06,31.45,26.5,296,484
"2019-04-16 13:15:40.0",788642,3600,125.8,28.71,28.74,0.48,0.481,2.073,12.0513,39.94,39.91,14.42,10.8,31.05,30.91,26.83,28.8,32.34,27.17,10.53,30.37,30.23,26.22,28.12,31.66,26.63,10.46,30.16,30.03,26.09,27.99,31.45,26.43,10.39,29.96,29.82,25.88,27.79,31.25,26.29,297,483
"2019-04-16 13:16:00.0",788643,3600,125.9,28.77,28.8,0.481,0.482,2.07,12.0513,39.94,39.91,14.44,10.8,31.11,31.05,26.97,28.94,32.54,27.38,10.6,30.43,30.43,26.49,28.4,31.93,26.77,10.53,30.23,30.23,26.29,28.19,31.73,26.63,10.46,30.03,30.03,26.15,27.99,31.52,26.49,297,483
"2019-04-16 13:16:20.0",788644,3600,126,28.82,28.85,0.482,0.483,2.066,12.0513,39.94,39.91,14.44,11.01,31.66,31.73,27.58,29.62,33.29,27.92,10.8,31.05,31.18,27.17,29.14,32.68,27.45,10.73,30.84,30.98,26.97,28.94,32.47,27.31,10.67,30.64,30.77,26.77,28.8,32.34,27.11,297,483
"2019-04-16 13:16:40.0",788645,3600,126,28.88,28.91,0.483,0.483,2.062,12.0569,39.94,39.91,14.47,11.55,32.68,33.02,28.8,30.98,34.65,29.14,11.41,32.2,32.54,28.4,30.5,34.1,28.74,11.35,32,32.34,28.26,30.37,33.9,28.53,11.28,31.73,32.07,28.06,30.1,33.7,28.4,297,483
"2019-04-16 13:17:00.0",788646,3600,126.1,28.94,28.97,0.484,0.484,2.058,12.0513,39.94,39.91,14.47,12.09,33.63,34.04,29.82,32.07,35.67,30.16,11.89,32.95,33.42,29.21,31.45,34.99,29.62,11.82,32.74,33.15,29.01,31.25,34.78,29.42,11.68,32.47,32.95,28.8,30.98,34.51,29.21,297,483
"2019-04-16 13:17:20.0",788647,3620,126.2,28.99,29.02,0.485,0.485,2.055,12.0457,39.95,39.91,14.47,12.16,33.63,33.97,29.69,31.93,35.53,30.16,11.89,33.02,33.36,29.14,31.32,34.78,29.55,11.82,32.74,33.08,28.94,31.05,34.58,29.35,11.68,32.54,32.81,28.67,30.84,34.31,29.14,298,482
"2019-04-16 13:17:40.0",788648,3620,126.2,29.05,29.08,0.486,0.486,2.051,12.0402,39.95,39.91,14.49,11.68,32.74,32.81,28.67,30.84,34.38,29.21,11.41,31.93,32.07,27.92,30.03,33.49,28.46,11.28,31.66,31.79,27.72,29.76,33.22,28.26,11.21,31.45,31.52,27.45,29.48,32.95,28.06,298,482
"2019-04-16 13:18:00.0",788649,3620,126.3,29.11,29.14,0.486,0.487,2.048,12.0402,39.95,39.91,14.49,11.21,31.79,31.66,27.45,29.48,32.95,27.99,10.87,31.05,30.84,26.7,28.74,32.07,27.31,10.8,30.77,30.57,26.49,28.46,31.79,27.04,10.67,30.5,30.3,26.22,28.19,31.52,26.77,298,482
"2019-04-16 13:18:20.0",788650,3620,126.4,29.17,29.19,0.487,0.488,2.044,12.0402,39.95,39.91,14.49,10.33,30.16,29.82,25.75,27.58,31.05,26.36,10.05,29.42,29.01,25.07,26.83,30.3,25.68,9.92,29.14,28.74,24.8,26.56,30.03,25.41,9.85,28.87,28.46,24.59,26.36,29.76,25.2,298,482
"2019-04-16 13:18:40.0",788651,3620,126.4,29.22,29.25,0.488,0.489,2.04,12.0457,39.95,39.91,14.52,9.78,29.21,28.67,24.73,26.49,30.03,25.41,9.51,28.53,28.06,24.18,25.88,29.35,24.8,9.44,28.26,27.79,23.98,25.68,29.08,24.59,9.31,28.06,27.58,23.78,25.54,28.94,24.39,298,482
"2019-04-16 13:19:00.0",788652,3620,126.5,29.28,29.31,0.489,0.489,2.037,12.0625,39.94,39.91,14.52,9.58,28.87,28.4,24.52,26.29,29.82,25.14,9.37,28.26,27.85,24.05,25.75,29.28,24.66,9.31,28.06,27.72,23.91,25.61,29.08,24.52,9.24,27.92,27.51,23.78,25.41,28.94,24.39,299,481
"2019-04-16 13:19:20.0",788653,3620,126.6,29.34,29.36,0.49,0.49,2.033,12.0569,39.94,39.91,14.52,9.58,28.87,28.46,24.59,26.36,30.03,25.2,9.37,28.33,27.92,24.12,25.88,29.42,24.73,9.31,28.12,27.78,23.98,25.68,29.21,24.59,9.31,27.99,27.58,23.84,25.54,29.08,24.46,299,481
"2019-04-16 13:19:40.0",788654,3620,126.6,29.39,29.42,0.491,0.491,2.03,12.0513,39.94,39.91,14.52,9.65,29.01,28.67,24.8,26.56,30.16,25.34,9.44,28.53,28.12,24.25,26.02,29.48,24.8,9.37,28.33,27.92,24.12,25.81,29.35,24.66,9.31,28.12,27.72,23.98,25.68,29.14,24.52,299,481
"2019-04-16 13:20:00.0",788655,3620,126.7,29.45,29.48,0.492,0.492,2.026,12.0513,39.94,39.91,14.54,9.65,29.14,28.67,24.8,26.49,30.09,25.34,9.44,28.53,28.12,24.25,26.02,29.48,24.8,9.44,28.4,27.99,24.12,25.81,29.28,24.66,9.37,28.19,27.78,23.98,25.68,29.14,24.46,299,481
"2019-04-16 13:20:20.0",788656,3620,126.8,29.51,29.53,0.493,0.493,2.023,12.0513,39.94,39.91,14.54,9.65,29.14,28.6,24.73,26.43,30.03,25.2,9.44,28.53,28.06,24.18,25.88,29.35,24.73,9.37,28.33,27.85,23.98,25.68,29.14,24.52,9.31,28.12,27.65,23.84,25.54,28.94,24.39,299,481
"2019-04-16 13:20:40.0",788657,3620,126.8,29.56,29.59,0.493,0.494,2.019,12.0513,39.95,39.91,14.54,9.51,28.8,28.19,24.32,26.02,29.55,24.8,9.24,28.19,27.65,23.71,25.34,28.8,24.25,9.17,27.99,27.38,23.57,25.2,28.6,24.05,9.1,27.78,27.17,23.37,25,28.4,23.91,299,481
"2019-04-16 13:21:00.0",788658,3630,126.9,29.62,29.65,0.494,0.495,2.016,12.0457,39.95,39.91,14.56,9.37,28.74,28.06,24.12,25.75,29.21,24.52,9.17,28.19,27.44,23.57,25.2,28.53,23.98,9.1,27.99,27.31,23.44,25.07,28.33,23.84,9.03,27.78,27.1,23.23,24.86,28.19,23.64,300,480
"2019-04-16 13:21:20.0",788659,3630,127,29.67,29.7,0.495,0.496,2.012,12.0457,39.95,39.91,14.56,9.51,29.14,28.4,24.32,26.02,29.35,24.66,9.31,28.6,27.85,23.91,25.54,28.74,24.18,9.24,28.4,27.72,23.78,25.41,28.6,24.05,9.17,28.26,27.51,23.57,25.2,28.4,23.91,300,480
"2019-04-16 13:21:40.0",788660,3630,127.1,29.73,29.76,0.496,0.496,2.009,12.0457,39.95,39.91,14.59,9.58,29.55,28.74,24.59,26.29,29.48,24.86,9.37,28.94,28.12,24.05,25.68,28.87,24.25,9.31,28.74,27.92,23.91,25.54,28.67,24.12,9.24,28.46,27.65,23.71,25.27,28.46,23.98,300,480
"2019-04-16 13:22:00.0",788661,3630,127.1,29.79,29.81,0.497,0.497,2.005,12.0457,39.95,39.91,14.59,9.44,29.41,28.6,24.46,26.15,29.41,24.66,9.24,28.8,27.92,23.91,25.54,28.67,24.05,9.1,28.53,27.72,23.71,25.27,28.46,23.91,9.03,28.33,27.51,23.5,25.13,28.26,23.71,300,480
"2019-04-16 13:22:20.0",788662,3630,127.2,29.84,29.87,0.498,0.498,2.002,12.0457,39.95,39.91,14.61,9.24,29.14,28.33,24.25,25.95,29.28,24.46,9.1,28.53,27.78,23.78,25.41,28.67,23.98,9.04,28.33,27.65,23.64,25.27,28.53,23.84,8.97,28.19,27.44,23.5,25.14,28.33,23.78,300,480
"2019-04-16 13:22:40.0",788663,3630,127.3,29.9,29.93,0.498,0.499,1.999,12.0513,39.95,39.91,14.61,9.44,29.41,28.8,24.73,26.43,29.89,25,9.24,28.87,28.26,24.25,25.88,29.28,24.52,9.17,28.67,28.06,24.12,25.68,29.08,24.32,9.1,28.46,27.85,23.91,25.54,28.87,24.18,301,479
"2019-04-16 13:23:00.0",788664,3630,127.3,29.96,29.98,0.499,0.5,1.995,12.0513,39.95,39.91,14.61,9.44,29.28,28.74,24.8,26.49,30.09,25.2,9.31,28.74,28.26,24.32,26.02,29.48,24.73,9.24,28.6,28.06,24.18,25.81,29.35,24.59,9.24,28.4,27.92,24.05,25.68,29.21,24.52,301,479
"2019-04-16 13:23:20.0",788665,3630,127.4,30.01,30.04,0.5,0.501,1.992,12.0569,39.95,39.91,14.61,9.71,29.48,29.08,25.14,26.83,30.57,25.68,9.51,28.94,28.53,24.59,26.29,29.89,25.14,9.44,28.74,28.33,24.46,26.15,29.75,25,9.44,28.6,28.12,24.32,26.02,29.62,24.86,301,479
"2019-04-16 13:23:40.0",788666,3630,127.5,30.07,30.09,0.501,0.501,1.989,12.0569,39.95,39.91,14.64,9.99,29.89,29.48,25.47,27.24,30.98,26.02,9.71,29.21,28.8,24.86,26.63,30.23,25.47,9.65,29.01,28.6,24.66,26.43,30.03,25.27,9.58,28.74,28.4,24.52,26.22,29.82,25.14,301,479
"2019-04-16 13:24:00.0",788667,3630,127.5,30.12,30.15,0.502,0.502,1.985,12.0513,39.95,39.91,14.64,9.99,29.82,29.41,25.41,27.17,30.84,25.95,9.85,29.28,28.8,24.86,26.56,30.16,25.47,9.78,29.07,28.6,24.66,26.36,30.02,25.27,9.71,28.8,28.39,24.45,26.15,29.75,25.07,301,479
"2019-04-16 13:24:20.0",788668,3630,127.6,30.18,30.21,0.503,0.503,1.982,12.0513,39.95,39.91,14.66,10.19,30.3,29.68,25.54,27.31,30.98,26.08,9.99,29.75,29.07,25.07,26.76,30.3,25.54,9.99,29.55,28.94,24.93,26.63,30.16,25.34,9.92,29.35,28.73,24.73,26.42,29.89,25.2,301,479
"2019-04-16 13:24:40.0",788669,3640,127.7,30.24,30.26,0.504,0.504,1.979,12.0402,39.95,39.91,14.66,10.33,30.7,29.89,25.68,27.44,30.91,26.02,10.05,30.02,29.21,25.07,26.7,30.16,25.34,9.99,29.75,28.94,24.79,26.49,29.89,25.13,9.92,29.55,28.73,24.59,26.29,29.62,25,302,478
"2019-04-16 13:25:00.0",788670,3640,127.7,30.29,30.32,0.504,0.505,1.975,12.0402,39.95,39.91,14.66,10.05,30.23,29.35,25.07,26.76,30.16,25.34,9.78,29.68,28.67,24.45,26.15,29.48,24.79,9.71,29.48,28.46,24.32,25.88,29.28,24.59,9.65,29.21,28.19,24.11,25.75,29.07,24.39,302,478
"2019-04-16 13:25:20.0",788671,3640,127.8,30.35,30.37,0.505,0.506,1.972,12.0457,39.95,39.91,14.66,10.05,30.5,29.41,25.13,26.76,30.16,25.34,9.85,29.89,28.8,24.59,26.22,29.48,24.79,9.78,29.68,28.67,24.45,26.02,29.35,24.66,9.71,29.55,28.46,24.32,25.88,29.14,24.45,302,478
"2019-04-16 13:25:40.0",788672,3640,127.9,30.4,30.43,0.506,0.506,1.969,12.0402,39.95,39.91,14.68,10.33,31.04,30.02,25.61,27.24,30.57,25.74,10.05,30.36,29.28,25,26.63,29.82,25.2,9.99,30.16,29.07,24.79,26.42,29.62,25,9.92,29.89,28.87,24.59,26.22,29.41,24.86,302,478
"2019-04-16 13:26:00.0",788673,3640,128,30.46,30.49,0.507,0.507,1.966,12.0402,39.95,39.91,14.68,10.33,30.91,29.82,25.41,27.1,30.43,25.74,10.12,30.23,29.07,24.79,26.42,29.75,25.13,10.05,30.02,28.87,24.59,26.22,29.48,25,9.92,29.75,28.67,24.45,26.02,29.28,24.73,302,478
"2019-04-16 13:26:20.0",788674,3640,128,30.51,30.54,0.508,0.508,1.963,12.0513,39.95,39.91,14.68,10.19,30.5,29.35,25,26.63,30.02,25.47,9.99,29.82,28.67,24.39,26.02,29.28,24.79,9.92,29.55,28.39,24.18,25.74,29.01,24.66,9.78,29.35,28.19,24.05,25.61,28.87,24.45,303,477
"2019-04-16 13:26:40.0",788675,3640,128.1,30.57,30.6,0.509,0.509,1.959,12.0625,39.95,39.91,14.71,10.19,30.36,29.14,24.86,26.42,29.75,25.27,9.99,29.75,28.53,24.32,25.88,29.07,24.73,9.92,29.55,28.33,24.11,25.68,28.87,24.52,9.78,29.35,28.12,23.91,25.47,28.6,24.39,303,477
"2019-04-16 13:27:00.0",788676,3640,128.2,30.63,30.65,0.509,0.51,1.956,12.0513,39.95,39.91,14.71,10.12,30.16,28.94,24.59,26.15,29.35,25,9.85,29.55,28.19,23.98,25.47,28.6,24.39,9.78,29.28,27.99,23.77,25.27,28.39,24.18,9.71,29.07,27.71,23.57,25.07,28.19,23.98,303,477
"2019-04-16 13:27:20.0",788677,3640,128.2,30.68,30.71,0.51,0.511,1.953,12.0569,39.95,39.91,14.73,9.85,29.55,28.12,23.91,25.4,28.6,24.32,9.65,28.94,27.58,23.37,24.86,27.99,23.84,9.65,28.8,27.44,23.23,24.73,27.78,23.71,9.58,28.67,27.24,23.1,24.52,27.65,23.57,303,477
"2019-04-16 13:27:40.0",788678,3640,128.3,30.73,30.76,0.511,0.511,1.95,12.0569,39.95,39.91,14.73,10.05,30.23,28.73,24.25,25.81,28.8,24.59,9.85,29.55,28.05,23.71,25.2,28.12,23.98,9.78,29.34,27.85,23.5,25,27.92,23.77,9.71,29.14,27.65,23.3,24.79,27.71,23.64,303,477
"2019-04-16 13:28:00.0",788679,3660,128.4,30.79,30.82,0.512,0.512,1.947,12.0457,39.95,39.91,14.75,9.71,29.48,27.78,23.44,24.86,27.92,23.71,9.37,28.67,26.97,22.69,24.11,27.04,23.03,9.31,28.39,26.7,22.48,23.91,26.83,22.82,9.24,28.19,26.49,22.28,23.71,26.63,22.69,304,476
"2019-04-16 13:28:20.0",788680,3660,128.4,30.85,30.87,0.513,0.513,1.944,12.0402,39.95,39.91,14.75,9.17,28.6,26.76,22.55,23.91,26.97,22.82,8.9,27.85,26.02,21.87,23.23,26.15,22.21,8.83,27.58,25.81,21.67,23.03,26.02,22.01,8.76,27.37,25.68,21.47,22.82,25.74,21.87,304,476
"2019-04-16 13:28:40.0",788681,3660,128.5,30.9,30.93,0.514,0.514,1.941,12.0402,39.95,39.91,14.78,8.76,27.92,26.02,21.87,23.16,26.22,22.14,8.49,27.17,25.4,21.26,22.55,25.54,21.6,8.42,26.97,25.13,21.06,22.42,25.4,21.4,8.36,26.76,25,20.92,22.14,25.2,21.33,304,476
"2019-04-16 13:29:00.0",788682,3660,128.6,30.96,30.98,0.514,0.515,1.937,12.0402,39.95,39.91,14.78,8.42,27.17,25.47,21.4,22.69,25.88,21.8,8.22,26.49,24.86,20.85,22.08,25.2,21.33,8.15,26.29,24.66,20.72,21.94,25.13,21.19,8.08,26.08,24.45,20.58,21.8,24.93,20.99,304,476
"2019-04-16 13:29:20.0",788683,3660,128.7,31.01,31.04,0.515,0.516,1.934,12.0402,39.95,39.91,14.78,8.63,27.58,26.02,21.94,23.3,26.56,22.42,8.49,27.17,25.68,21.67,22.96,26.15,22.14,8.49,27.04,25.54,21.53,22.89,26.02,22.01,8.42,26.9,25.4,21.47,22.76,25.95,21.94,304,476
"2019-04-16 13:29:40.0",788684,3660,128.7,31.07,31.09,0.516,0.516,1.931,12.0402,39.95,39.91,14.8,9.17,28.8,27.44,23.23,24.66,27.92,23.64,9.03,28.33,26.97,22.82,24.25,27.44,23.23,9.03,28.19,26.83,22.69,24.11,27.31,23.16,8.97,28.05,26.7,22.62,23.98,27.17,23.03,304,476
"2019-04-16 13:30:00.0",788685,3660,128.8,31.12,31.15,0.517,0.517,1.928,12.0513,39.95,39.91,14.8,9.58,29.82,28.46,24.11,25.68,28.94,24.59,9.44,29.14,27.85,23.64,25.07,28.33,24.05,9.37,28.94,27.65,23.5,24.93,28.12,23.84,9.31,28.8,27.51,23.3,24.79,27.99,23.71,305,475
"2019-04-16 13:30:20.0",788686,3660,128.9,31.18,31.2,0.518,0.518,1.925,12.0569,39.95,39.91,14.8,9.85,30.3,29,24.66,26.22,29.55,25.07,9.65,29.55,28.33,24.11,25.61,28.8,24.45,9.58,29.34,28.12,23.91,25.4,28.67,24.32,9.51,29.14,27.92,23.77,25.27,28.46,24.18,305,475
"2019-04-16 13:30:40.0",788687,3660,128.9,31.23,31.26,0.518,0.519,1.922,12.0569,39.95,39.91,14.83,9.99,30.5,29.34,25,26.56,29.89,25.34,9.71,29.82,28.6,24.39,25.95,29.14,24.73,9.65,29.55,28.46,24.18,25.74,29,24.59,9.58,29.41,28.26,24.05,25.61,28.8,24.45,305,475
"2019-04-16 13:31:00.0",788688,3660,129,31.29,31.31,0.519,0.52,1.919,12.0513,39.95,39.91,14.83,10.05,30.7,29.55,25.2,26.83,30.09,25.54,9.78,29.96,28.8,24.59,26.15,29.34,24.93,9.71,29.75,28.6,24.39,25.95,29.14,24.79,9.65,29.48,28.33,24.18,25.74,29,24.52,305,475
"2019-04-16 13:31:20.0",788689,3660,129.1,31.34,31.37,0.52,0.521,1.916,12.0569,39.95,39.91,14.83,9.99,30.5,29.41,25.13,26.7,30.09,25.54,9.78,29.82,28.73,24.52,26.08,29.41,24.93,9.71,29.62,28.53,24.32,25.88,29.21,24.73,9.65,29.41,28.26,24.18,25.68,29,24.59,305,475
"2019-04-16 13:31:40.0",788690,3670,129.2,31.4,31.42,0.521,0.521,1.913,12.0513,39.95,39.91,14.85,10.12,30.77,29.82,25.47,27.1,30.57,25.88,9.92,30.16,29.14,24.93,26.56,29.96,25.4,9.92,29.89,28.94,24.79,26.36,29.75,25.27,9.78,29.68,28.73,24.59,26.15,29.55,25.07,306,474
"2019-04-16 13:32:00.0",788691,3670,129.2,31.45,31.48,0.522,0.522,1.91,12.0457,39.95,39.91,14.85,10.53,31.38,30.57,26.22,27.92,31.52,26.76,10.39,30.91,30.02,25.81,27.44,30.91,26.36,10.32,30.7,29.89,25.68,27.31,30.7,26.15,10.26,30.5,29.68,25.47,27.17,30.64,26.02,306,474
"2019-04-16 13:32:20.0",788692,3670,129.3,31.5,31.53,0.523,0.523,1.907,12.0402,39.97,39.91,14.85,10.94,32.06,31.31,26.97,28.73,32.33,27.65,10.73,31.52,30.84,26.49,28.26,31.79,27.1,10.66,31.31,30.57,26.36,28.12,31.65,26.97,10.6,31.11,30.43,26.15,27.92,31.45,26.83,306,474
"2019-04-16 13:32:40.0",788693,3670,129.4,31.56,31.59,0.523,0.524,1.904,12.0402,39.96,39.91,14.88,11.21,32.47,31.93,27.51,29.41,33.15,28.33,11,31.79,31.25,26.97,28.8,32.47,27.78,10.94,31.65,31.11,26.83,28.67,32.27,27.65,10.87,31.38,30.91,26.63,28.46,32.13,27.51,306,474
"2019-04-16 13:33:00.0",788694,3670,129.4,31.61,31.64,0.524,0.525,1.902,12.0402,39.96,39.91,14.88,11.55,32.94,32.54,28.12,30.02,33.9,29.07,11.34,32.33,31.93,27.65,29.48,33.28,28.53,11.34,32.13,31.72,27.51,29.34,33.08,28.39,11.28,31.93,31.52,27.31,29.14,32.88,28.26,306,474
"2019-04-16 13:33:20.0",788695,3670,129.5,31.67,31.69,0.525,0.525,1.899,12.0402,39.97,39.91,14.88,11.89,33.28,32.94,28.53,30.5,34.37,29.55,11.62,32.6,32.2,27.92,29.82,33.62,28.94,11.55,32.4,31.99,27.71,29.62,33.42,28.73,11.48,32.2,31.72,27.51,29.41,33.22,28.6,306,474
"2019-04-16 13:33:40.0",788696,3680,129.6,31.72,31.75,0.526,0.526,1.896,12.0569,39.95,39.91,14.9,11.82,33.08,32.6,28.26,30.16,34.1,29.28,11.55,32.4,31.93,27.65,29.48,33.28,28.67,11.48,32.2,31.72,27.44,29.34,33.08,28.46,11.41,31.99,31.52,27.31,29.14,32.94,28.26,307,473
"2019-04-16 13:34:00.0",788697,3680,129.7,31.78,31.8,0.527,0.527,1.893,12.0513,39.95,39.91,14.9,11.89,33.35,32.74,28.26,30.16,33.96,29.21,11.62,32.67,32.06,27.71,29.55,33.22,28.6,11.55,32.47,31.86,27.51,29.34,33.01,28.39,11.48,32.27,31.59,27.31,29.14,32.74,28.19,307,473
"2019-04-16 13:34:20.0",788698,3680,129.7,31.83,31.86,0.527,0.528,1.89,12.0513,39.96,39.91,14.92,11.82,33.42,32.67,28.12,30.02,33.69,28.94,11.48,32.67,31.93,27.51,29.34,32.88,28.26,11.41,32.47,31.65,27.31,29.07,32.67,28.05,11.34,32.2,31.38,27.03,28.87,32.4,27.85,307,473
"2019-04-16 13:34:40.0",788699,3680,129.8,31.89,31.91,0.528,0.529,1.887,12.0625,39.95,39.91,14.92,11.68,33.42,32.6,28.05,29.96,33.56,28.73,11.41,32.74,31.99,27.51,29.34,32.88,28.19,11.34,32.54,31.79,27.37,29.14,32.67,28.05,11.28,32.33,31.52,27.17,28.94,32.47,27.85,307,473
"2019-04-16 13:35:00.0",788700,3680,129.9,31.94,31.96,0.529,0.529,1.884,12.0513,39.96,39.91,14.92,12.02,34.3,33.76,29.14,31.04,34.64,29.75,11.89,33.83,33.28,28.73,30.63,34.17,29.28,11.82,33.69,33.15,28.6,30.5,34.03,29.21,11.82,33.49,32.94,28.46,30.36,33.9,29.07,307,473
"2019-04-16 13:35:20.0",788701,3680,129.9,31.99,32.02,0.53,0.53,1.881,12.0402,39.96,39.91,14.92,13.18,36.54,36.2,31.38,33.56,37.02,31.93,13.04,36.14,35.87,31.11,33.28,36.61,31.59,13.04,36,35.73,31.04,33.08,36.48,31.52,12.97,35.87,35.59,30.84,33.01,36.34,31.38,308,472
"2019-04-16 13:35:40.0",788702,3680,130,32.05,32.07,0.531,0.531,1.879,12.0457,39.96,39.91,14.95,14.33,38.92,38.72,33.62,35.93,39.26,33.96,14.13,38.31,38.11,33.08,35.39,38.58,33.42,14.06,38.04,37.83,32.88,35.12,38.31,33.22,13.92,37.77,37.5,32.6,34.85,38.04,32.94,308,472
"2019-04-16 13:36:00.0",788703,3680,130.1,32.1,32.13,0.531,0.532,1.876,12.0402,39.97,39.91,14.95,14.06,38.24,37.97,33.01,35.25,38.65,33.42,13.59,37.09,36.82,31.93,34.17,37.5,32.33,13.45,36.75,36.41,31.59,33.83,37.16,32.13,13.25,36.34,36,31.25,33.42,36.75,31.72,308,472
"2019-04-16 13:36:20.0",788704,3680,130.2,32.16,32.18,0.532,0.533,1.873,12.0402,39.96,39.91,14.95,13.04,36.2,35.87,31.11,33.28,36.88,31.79,12.7,35.32,34.91,30.3,32.33,35.87,30.91,12.63,34.98,34.64,30.02,32.06,35.59,30.7,12.5,34.71,34.37,29.82,31.86,35.32,30.43,308,472
"2019-04-16 13:36:40.0",788705,3680,130.2,32.21,32.23,0.533,0.533,1.87,12.0457,39.97,39.91,14.97,12.63,35.39,34.91,30.23,32.33,35.93,30.91,12.23,34.37,33.96,29.41,31.38,34.91,30.02,12.16,34.1,33.69,29.14,31.11,34.57,29.75,12.02,33.83,33.35,28.87,30.84,34.37,29.55,308,472
"2019-04-16 13:37:00.0",788706,3690,130.3,32.26,32.29,0.534,0.534,1.868,12.0513,39.97,39.91,14.97,11.96,34.03,33.42,28.87,30.84,34.51,29.55,11.55,33.08,32.47,28.05,29.96,33.49,28.73,11.41,32.74,32.2,27.78,29.68,33.22,28.46,11.34,32.47,31.86,27.58,29.41,32.88,28.19,309,471
"2019-04-16 13:37:20.0",788707,3690,130.4,32.32,32.34,0.535,0.535,1.865,12.0569,39.97,39.91,14.97,11.07,32.4,31.72,27.31,29.14,32.81,27.99,10.66,31.31,30.57,26.36,28.12,31.65,27.03,10.53,30.97,30.23,26.08,27.78,31.31,26.76,10.39,30.7,29.96,25.81,27.51,31.04,26.49,309,471
"2019-04-16 13:37:40.0",788708,3690,130.5,32.37,32.4,0.535,0.536,1.862,12.0513,39.97,39.91,15,9.99,30.36,29.55,25.4,27.1,30.77,26.15,9.65,29.48,28.66,24.66,26.22,29.89,25.34,9.58,29.14,28.39,24.39,25.95,29.55,25.13,9.44,28.94,28.12,24.18,25.74,29.34,24.93,309,471
"2019-04-16 13:38:00.0",788709,3690,130.5,32.42,32.45,0.536,0.537,1.859,12.0569,39.97,39.91,15,9.24,29.14,28.33,24.32,25.88,29.62,25.06,8.97,28.33,27.58,23.64,25.2,28.87,24.39,8.9,28.12,27.31,23.5,25,28.6,24.18,8.83,27.85,27.1,23.3,24.79,28.46,23.98,309,471
"2019-04-16 13:38:20.0",788710,3690,130.6,32.48,32.5,0.537,0.537,1.857,12.0569,39.97,39.91,15.02,8.83,28.39,27.71,23.84,25.34,29.21,24.66,8.63,27.85,27.17,23.37,24.86,28.6,24.11,8.56,27.65,26.97,23.23,24.73,28.46,23.98,8.56,27.51,26.83,23.09,24.59,28.33,23.77,309,471
"2019-04-16 13:38:40.0",788711,3690,130.7,32.53,32.55,0.538,0.538,1.854,12.0569,39.97,39.91,15.02,8.76,28.39,27.85,24.05,25.54,29.48,24.79,8.63,27.78,27.31,23.57,25.06,28.94,24.32,8.56,27.65,27.1,23.43,24.93,28.73,24.25,8.49,27.51,27.03,23.3,24.86,28.66,24.11,309,471
"2019-04-16 13:39:00.0",788712,3700,130.8,32.58,32.61,0.539,0.539,1.851,12.0457,39.98,39.91,15.02,9.1,29.14,28.73,24.86,26.49,30.5,25.68,8.9,28.66,28.26,24.45,26.08,29.95,25.2,8.9,28.46,28.12,24.32,25.95,29.82,25.13,8.83,28.32,27.92,24.18,25.74,29.61,24.93,310,470
"2019-04-16 13:39:20.0",788713,3700,130.8,32.64,32.66,0.539,0.54,1.849,12.0402,39.98,39.91,15.02,9.44,30.02,29.75,25.81,27.51,31.58,26.63,9.24,29.48,29.21,25.4,27.03,30.97,26.15,9.24,29.34,29.07,25.27,26.9,30.77,26.01,9.17,29.21,28.94,25.13,26.76,30.63,25.88,310,470
"2019-04-16 13:39:40.0",788714,3700,130.9,32.69,32.72,0.54,0.54,1.846,12.0402,39.98,39.91,15.04,9.85,30.97,30.84,26.83,28.6,32.6,27.58,9.65,30.5,30.29,26.35,28.05,31.99,27.03,9.65,30.23,30.09,26.15,27.92,31.79,26.9,9.58,30.09,29.95,26.01,27.71,31.65,26.76,310,470
"2019-04-16 13:40:00.0",788715,3700,131,32.74,32.77,0.541,0.541,1.843,12.0402,39.98,39.91,15.04,10.19,31.79,31.58,27.51,29.34,33.35,28.26,10.05,31.18,31.04,26.97,28.73,32.67,27.71,9.98,30.97,30.84,26.83,28.6,32.47,27.51,9.92,30.84,30.63,26.63,28.39,32.33,27.37,310,470
"2019-04-16 13:40:20.0",788716,3700,131.1,32.8,32.82,0.542,0.542,1.841,12.0457,39.98,39.91,15.07,10.39,32.06,31.86,27.71,29.55,33.55,28.46,10.12,31.31,31.11,27.03,28.87,32.74,27.85,10.05,31.18,30.91,26.9,28.66,32.6,27.64,9.98,30.91,30.7,26.69,28.46,32.4,27.44,310,470
"2019-04-16 13:40:40.0",788717,3700,131.1,32.85,32.87,0.542,0.543,1.838,12.0569,39.98,39.91,15.07,10.39,32.13,31.86,27.65,29.48,33.49,28.39,10.12,31.38,31.11,26.97,28.8,32.67,27.71,10.05,31.18,30.91,26.83,28.6,32.47,27.51,9.98,30.97,30.63,26.63,28.39,32.26,27.37,311,469
"2019-04-16 13:41:00.0",788718,3700,131.2,32.9,32.93,0.543,0.544,1.835,12.0569,39.98,39.91,15.07,10.26,31.86,31.52,27.37,29.21,33.21,28.19,9.98,31.11,30.77,26.63,28.39,32.33,27.44,9.92,30.84,30.5,26.42,28.19,32.13,27.24,9.85,30.63,30.23,26.22,27.98,31.92,27.03,311,469
"2019-04-16 13:41:20.0",788719,3700,131.3,32.96,32.98,0.544,0.544,1.833,12.0569,39.98,39.91,15.09,9.98,31.18,30.77,26.69,28.46,32.6,27.65,9.71,30.29,29.95,25.95,27.65,31.65,26.9,9.65,30.02,29.68,25.74,27.44,31.45,26.69,9.58,29.75,29.41,25.54,27.24,31.25,26.49,311,469
"2019-04-16 13:41:40.0",788720,3700,131.3,33.01,33.03,0.545,0.545,1.83,12.0513,39.98,39.91,15.09,9.65,30.29,29.89,25.95,27.65,31.92,27.03,9.44,29.48,29.14,25.27,26.9,31.04,26.29,9.31,29.28,28.94,25.06,26.69,30.84,26.08,9.24,29,28.66,24.86,26.49,30.63,25.95,311,469
"2019-04-16 13:42:00.0",788721,3700,131.4,33.06,33.09,0.546,0.546,1.828,12.0569,39.98,39.91,15.09,9.37,29.61,29.21,25.34,27.03,31.25,26.42,9.17,28.87,28.46,24.72,26.29,30.5,25.81,9.1,28.66,28.26,24.52,26.08,30.23,25.68,9.03,28.46,28.05,24.32,25.95,30.09,25.4,311,469
"2019-04-16 13:42:20.0",788722,3700,131.5,33.12,33.14,0.546,0.547,1.825,12.0513,39.98,39.91,15.12,9.17,29,28.6,24.72,26.35,30.63,25.88,8.83,28.19,27.71,24.05,25.54,29.75,25.13,8.76,27.98,27.51,23.84,25.34,29.55,25,8.69,27.78,27.31,23.64,25.2,29.34,24.79,311,469
"2019-04-16 13:42:40.0",788723,3710,131.6,33.17,33.19,0.547,0.547,1.822,12.0402,39.98,39.91,15.12,8.97,28.8,28.26,24.45,26.01,30.36,25.61,8.76,28.05,27.58,23.84,25.4,29.55,24.93,8.69,27.92,27.37,23.71,25.2,29.41,24.79,8.63,27.78,27.24,23.57,25.06,29.21,24.66,312,468
"2019-04-16 13:43:00.0",788724,3710,131.6,33.22,33.25,0.548,0.548,1.82,12.0402,39.98,39.91,15.12,9.03,29,28.53,24.66,26.22,30.57,25.74,8.83,28.46,27.92,24.18,25.68,29.82,25.13,8.83,28.32,27.78,24.05,25.54,29.75,25.06,8.76,28.19,27.65,23.91,25.47,29.55,25,312,468
"2019-04-16 13:43:20.0",788725,3710,131.7,33.27,33.3,0.549,0.549,1.817,12.0457,39.98,39.91,15.12,9.37,29.89,29.48,25.54,27.1,31.38,26.49,9.17,29.21,28.8,24.93,26.56,30.7,25.95,9.1,29.07,28.66,24.79,26.35,30.57,25.81,9.1,28.94,28.46,24.66,26.29,30.43,25.68,312,468
"2019-04-16 13:43:40.0",788726,3710,131.8,33.33,33.35,0.549,0.55,1.815,12.0402,39.98,39.91,15.12,9.85,30.77,30.43,26.42,28.12,32.47,27.44,9.65,30.09,29.82,25.88,27.58,31.79,26.9,9.58,30.02,29.68,25.81,27.44,31.65,26.76,9.58,29.89,29.55,25.68,27.31,31.52,26.69,312,468
"2019-04-16 13:44:00.0",788727,3710,131.9,33.38,33.4,0.55,0.551,1.812,12.0457,39.97,39.91,15.14,10.39,31.79,31.58,27.44,29.21,33.62,28.53,10.19,31.11,30.91,26.83,28.6,32.88,27.98,10.12,30.91,30.7,26.69,28.46,32.67,27.78,10.12,30.77,30.5,26.56,28.26,32.54,27.65,312,468
"2019-04-16 13:44:20.0",788728,3720,131.9,33.43,33.45,0.551,0.551,1.81,12.0513,39.97,39.91,15.14,10.87,32.54,32.2,28.05,29.89,34.23,29.21,10.6,31.72,31.45,27.37,29.14,33.42,28.53,10.53,31.52,31.25,27.17,28.94,33.22,28.32,10.46,31.31,31.04,26.97,28.73,33.01,28.19,313,467
"2019-04-16 13:44:40.0",788729,3720,132,33.48,33.51,0.552,0.552,1.807,12.0569,39.97,39.91,15.14,10.94,32.4,31.99,27.78,29.55,33.96,29,10.6,31.52,31.11,26.97,28.73,32.94,28.26,10.53,31.25,30.84,26.76,28.46,32.74,28.05,10.46,31.11,30.63,26.56,28.26,32.54,27.85,313,467
"2019-04-16 13:45:00.0",788730,3720,132.1,33.54,33.56,0.552,0.553,1.805,12.0569,39.97,39.91,15.14,10.73,32.06,31.45,27.17,28.94,33.22,28.46,10.46,31.18,30.57,26.42,28.12,32.2,27.65,10.39,30.97,30.29,26.22,27.85,31.99,27.44,10.32,30.77,30.09,26.02,27.65,31.79,27.24,313,467
"2019-04-16 13:45:20.0",788731,3720,132.2,33.59,33.61,0.553,0.554,1.803,12.0625,39.97,39.91,15.17,10.53,31.86,30.97,26.69,28.32,32.54,27.92,10.26,31.04,30.16,25.95,27.58,31.58,27.1,10.19,30.84,29.95,25.74,27.31,31.38,26.9,10.12,30.63,29.75,25.61,27.17,31.18,26.76,313,467
"2019-04-16 13:45:40.0",788732,3720,132.3,33.64,33.66,0.554,0.554,1.8,12.0569,39.97,39.91,15.17,10.46,31.92,30.91,26.56,28.19,32.26,27.71,10.19,31.18,30.16,25.88,27.44,31.45,26.97,10.12,30.97,30.02,25.74,27.31,31.25,26.76,10.05,30.77,29.82,25.54,27.17,31.11,26.63,313,467
"2019-04-16 13:46:00.0",788733,3730,132.3,33.69,33.72,0.555,0.555,1.798,12.0457,39.97,39.91,15.17,10.46,32.2,31.25,26.83,28.46,32.47,27.85,10.19,31.38,30.43,26.15,27.71,31.65,27.17,10.12,31.18,30.23,25.95,27.58,31.52,27.03,10.12,30.97,30.02,25.81,27.37,31.31,26.9,314,466
"2019-04-16 13:46:20.0",788734,3730,132.4,33.74,33.77,0.555,0.556,1.795,12.0457,39.97,39.91,15.19,10.6,32.33,31.45,27.03,28.73,32.81,28.19,10.32,31.52,30.63,26.35,27.98,31.99,27.51,10.26,31.31,30.5,26.22,27.85,31.79,27.37,10.19,31.11,30.29,26.08,27.71,31.65,27.24,314,466
"2019-04-16 13:46:40.0",788735,3730,132.5,33.8,33.82,0.556,0.557,1.793,12.0402,39.97,39.91,15.19,10.6,32.33,31.52,27.17,28.94,33.08,28.39,10.32,31.45,30.7,26.49,28.12,32.2,27.71,10.26,31.25,30.5,26.29,27.92,31.99,27.51,10.19,31.04,30.29,26.15,27.78,31.79,27.37,314,466
"2019-04-16 13:47:00.0",788736,3730,132.6,33.85,33.87,0.557,0.557,1.79,12.0402,39.97,39.91,15.19,10.46,31.79,31.11,26.83,28.53,32.88,28.19,10.12,30.97,30.29,26.15,27.71,31.92,27.44,10.05,30.7,30.09,25.95,27.58,31.79,27.24,9.98,30.5,29.89,25.81,27.37,31.58,27.1,314,466
"2019-04-16 13:47:20.0",788737,3730,132.6,33.9,33.92,0.558,0.558,1.788,12.0457,39.97,39.91,15.21,10.32,31.72,31.11,26.83,28.53,32.94,28.19,10.05,30.84,30.23,26.08,27.71,31.99,27.37,9.98,30.63,30.02,25.95,27.58,31.79,27.24,9.92,30.43,29.82,25.74,27.37,31.65,27.1,314,466
"2019-04-16 13:47:40.0",788738,3730,132.7,33.95,33.98,0.558,0.559,1.786,12.0457,39.97,39.91,15.21,10.32,31.86,31.31,27.1,28.73,33.22,28.32,10.05,31.04,30.5,26.35,28.05,32.33,27.65,9.98,30.84,30.36,26.22,27.85,32.2,27.51,9.92,30.7,30.16,26.08,27.71,32.06,27.37,314,466
"2019-04-16 13:48:00.0",788739,3730,132.8,34,34.03,0.559,0.56,1.783,12.0569,39.97,39.91,15.21,10.46,32.4,31.99,27.65,29.41,33.89,28.87,10.19,31.65,31.18,26.97,28.66,33.01,28.19,10.19,31.38,30.97,26.83,28.53,32.88,28.05,10.12,31.25,30.84,26.69,28.39,32.74,27.92,315,465
"2019-04-16 13:48:20.0",788740,3730,132.9,34.06,34.08,0.56,0.56,1.781,12.0569,39.97,39.91,15.24,10.73,33.01,32.74,28.39,30.23,34.78,29.68,10.46,32.2,31.86,27.71,29.41,33.83,28.94,10.39,31.99,31.72,27.51,29.28,33.69,28.8,10.39,31.86,31.59,27.44,29.14,33.55,28.66,315,465
"2019-04-16 13:48:40.0",788741,3730,132.9,34.11,34.13,0.561,0.561,1.778,12.0513,39.97,39.91,15.24,11.14,33.83,33.62,29.28,31.18,35.73,30.63,10.87,33.08,32.88,28.6,30.43,34.91,29.89,10.8,32.88,32.67,28.46,30.23,34.78,29.75,10.8,32.74,32.6,28.32,30.16,34.64,29.68,315,465
"2019-04-16 13:49:00.0",788742,3730,133,34.16,34.18,0.561,0.562,1.776,12.0569,39.97,39.91,15.24,11.55,34.71,34.57,30.16,32.13,36.75,31.65,11.28,33.83,33.76,29.41,31.31,35.86,30.77,11.28,33.62,33.55,29.21,31.11,35.59,30.63,11.21,33.42,33.35,29.07,30.97,35.46,30.5,315,465
"2019-04-16 13:49:20.0",788743,3730,133.1,34.21,34.23,0.562,0.563,1.774,12.0569,39.97,39.91,15.26,11.82,35.12,35.05,30.57,32.54,37.15,32.06,11.55,34.17,34.1,29.68,31.65,36.14,31.18,11.41,33.96,33.83,29.48,31.38,35.93,30.97,11.34,33.76,33.62,29.34,31.25,35.73,30.84,315,465
"2019-04-16 13:49:40.0",788744,3740,133.2,34.26,34.29,0.563,0.563,1.771,12.0457,39.97,39.91,15.26,11.89,35.12,35.05,30.57,32.54,37.15,32.13,11.55,34.17,34.03,29.68,31.59,36.07,31.18,11.41,33.96,33.83,29.48,31.31,35.86,30.97,11.41,33.69,33.55,29.28,31.18,35.66,30.84,316,464
"2019-04-16 13:50:00.0",788745,3740,133.2,34.31,34.34,0.564,0.564,1.769,12.0457,39.97,39.91,15.26,12.02,35.39,35.32,30.77,32.74,37.43,32.4,11.68,34.44,34.37,29.95,31.86,36.41,31.52,11.62,34.23,34.17,29.75,31.65,36.2,31.31,11.55,34.1,33.96,29.62,31.52,36.07,31.25,316,464
"2019-04-16 13:50:20.0",788746,3740,133.3,34.36,34.39,0.564,0.565,1.767,12.0457,39.97,39.91,15.26,12.23,35.8,35.73,31.18,33.15,37.83,32.88,11.89,34.85,34.78,30.36,32.33,36.88,32.06,11.82,34.57,34.57,30.16,32.06,36.61,31.86,11.75,34.44,34.37,30.02,31.92,36.54,31.72,316,464
"2019-04-16 13:50:40.0",788747,3740,133.4,34.42,34.44,0.565,0.566,1.765,12.0402,39.97,39.91,15.29,12.63,36.54,36.54,31.92,34.03,38.72,33.69,12.29,35.59,35.66,31.11,33.15,37.77,32.88,12.23,35.39,35.46,30.97,32.94,37.56,32.74,12.23,35.25,35.32,30.84,32.81,37.43,32.67,316,464
"2019-04-16 13:51:00.0",788748,3740,133.5,34.47,34.49,0.566,0.566,1.762,12.0402,39.97,39.91,15.29,13.11,37.36,37.43,32.67,34.78,39.53,34.57,12.84,36.41,36.48,31.86,33.89,38.51,33.69,12.77,36.2,36.2,31.65,33.76,38.31,33.55,12.7,36,36,31.52,33.55,38.11,33.42,316,464
"2019-04-16 13:51:20.0",788749,3740,133.6,34.52,34.54,0.567,0.567,1.76,12.0457,39.97,39.91,15.29,13.25,37.22,37.29,32.54,34.71,39.53,34.57,12.84,36.14,36.14,31.59,33.62,38.31,33.55,12.77,35.86,35.86,31.31,33.35,38.04,33.35,12.7,35.59,35.59,31.11,33.15,37.83,33.15,316,464
"2019-04-16 13:51:40.0",788750,3750,133.6,34.57,34.59,0.567,0.568,1.758,12.0513,39.97,39.91,15.31,12.97,36.54,36.41,31.79,33.83,38.65,33.89,12.63,35.52,35.39,30.84,32.81,37.49,32.94,12.57,35.32,35.12,30.63,32.6,37.29,32.74,12.5,35.12,34.91,30.5,32.47,37.09,32.6,317,463
"2019-04-16 13:52:00.0",788751,3750,133.7,34.62,34.64,0.568,0.568,1.756,12.0513,39.97,39.91,15.31,12.77,36.14,35.93,31.25,33.28,38.04,33.49,12.43,35.12,34.85,30.36,32.33,36.95,32.54,12.36,34.91,34.64,30.16,32.13,36.75,32.33,12.29,34.71,34.51,30.02,31.92,36.54,32.2,317,463
"2019-04-16 13:52:20.0",788752,3750,133.8,34.67,34.69,0.569,0.569,1.753,12.0569,39.97,39.91,15.31,12.91,36.61,36.34,31.59,33.62,38.24,33.76,12.63,35.66,35.32,30.77,32.74,37.29,32.88,12.5,35.46,35.19,30.57,32.54,37.02,32.67,12.43,35.25,34.98,30.43,32.4,36.88,32.54,317,463
"2019-04-16 13:52:40.0",788753,3750,133.9,34.72,34.74,0.57,0.57,1.751,12.0569,39.97,39.92,15.34,13.18,37.22,36.95,32.2,34.23,38.79,34.3,12.84,36.2,36,31.31,33.28,37.7,33.42,12.7,36,35.73,31.11,33.08,37.56,33.22,12.63,35.8,35.52,30.91,32.88,37.29,33.01,317,463
"2019-04-16 13:53:00.0",788754,3750,133.9,34.77,34.8,0.57,0.571,1.749,12.0569,39.97,39.91,15.34,13.25,37.36,37.16,32.26,34.37,38.92,34.44,12.84,36.34,36.07,31.38,33.35,37.83,33.56,12.77,36.07,35.8,31.11,33.08,37.56,33.28,12.7,35.86,35.59,30.97,32.94,37.36,33.08,317,463
"2019-04-16 13:53:20.0",788755,3750,134,34.82,34.85,0.571,0.571,1.747,12.0457,39.99,39.91,15.34,13.11,37.16,36.82,31.99,34.03,38.65,34.23,12.7,36.07,35.73,31.04,33.01,37.49,33.28,12.63,35.8,35.52,30.84,32.81,37.36,33.01,12.5,35.52,35.25,30.63,32.6,37.09,32.81,318,462
"2019-04-16 13:53:40.0",788756,3750,134.1,34.87,34.9,0.572,0.572,1.744,12.0457,39.99,39.91,15.34,12.91,36.68,36.34,31.59,33.62,38.38,33.89,12.5,35.66,35.32,30.7,32.6,37.22,33.01,12.43,35.32,35.05,30.5,32.4,37.02,32.74,12.29,35.05,34.78,30.23,32.13,36.82,32.54,318,462
"2019-04-16 13:54:00.0",788757,3750,134.2,34.92,34.95,0.572,0.573,1.742,12.0457,39.99,39.92,15.36,12.77,36.27,35.93,31.31,33.28,38.17,33.76,12.36,35.19,34.91,30.43,32.33,37.16,32.81,12.29,34.98,34.71,30.23,32.13,36.88,32.67,12.23,34.78,34.51,30.09,31.92,36.75,32.54,318,462
"2019-04-16 13:54:20.0",788758,3750,134.3,34.98,35,0.573,0.574,1.74,12.0457,39.99,39.91,15.36,12.84,36.27,36,31.31,33.28,38.24,33.83,12.43,35.32,34.98,30.43,32.33,37.16,32.94,12.36,35.12,34.78,30.23,32.2,36.95,32.74,12.29,34.85,34.57,30.09,31.92,36.75,32.6,318,462
"2019-04-16 13:54:40.0",788759,3750,134.3,35.03,35.05,0.574,0.574,1.738,12.0457,40,39.91,15.39,12.7,36.07,35.66,31.04,32.94,37.9,33.56,12.36,35.05,34.64,30.09,31.99,36.82,32.6,12.23,34.85,34.44,29.96,31.79,36.54,32.33,12.16,34.57,34.17,29.68,31.59,36.34,32.13,318,462
"2019-04-16 13:55:00.0",788760,3760,134.4,35.08,35.1,0.575,0.575,1.736,12.0569,39.99,39.91,15.39,12.43,35.59,35.12,30.5,32.33,37.29,32.94,12.02,34.51,34.1,29.55,31.38,36.14,32.06,11.95,34.3,33.83,29.34,31.18,35.93,31.79,11.89,34.1,33.62,29.14,30.97,35.73,31.59,319,461
"2019-04-16 13:55:20.0",788761,3760,134.5,35.13,35.15,0.575,0.576,1.734,12.0569,39.99,39.91,15.41,12.23,35.19,34.71,30.16,31.99,37.02,32.67,11.82,34.17,33.69,29.28,31.04,35.93,31.79,11.75,33.96,33.49,29.07,30.84,35.66,31.52,11.68,33.69,33.28,28.87,30.63,35.52,31.38,319,461
"2019-04-16 13:55:40.0",788762,3760,134.6,35.18,35.2,0.576,0.576,1.731,12.062,39.99,39.91,15.41,12.36,35.59,35.25,30.63,32.54,37.63,33.22,12.09,34.71,34.37,29.89,31.72,36.68,32.47,12.02,34.51,34.17,29.68,31.52,36.48,32.26,11.95,34.37,34.03,29.55,31.38,36.41,32.13,319,461
"2019-04-16 13:56:00.0",788763,3760,134.7,35.23,35.25,0.577,0.577,1.729,12.0565,40,39.91,15.41,13.11,37.22,37.02,32.26,34.3,39.46,34.91,12.84,36.41,36.2,31.52,33.56,38.58,34.17,12.77,36.2,36.07,31.45,33.35,38.38,33.96,12.77,36.07,35.93,31.31,33.28,38.31,33.89,319,461
"2019-04-16 13:56:20.0",788764,3760,134.7,35.28,35.3,0.578,0.578,1.727,12.0565,40,39.91,15.41,13.99,39.06,39.06,34.1,36.27,41.5,36.82,13.72,38.17,38.17,33.35,35.46,40.62,36,13.72,38.04,38.04,33.22,35.32,40.48,35.93,13.65,37.9,37.9,33.15,35.19,40.35,35.8,319,461
"2019-04-16 13:56:40.0",788765,3760,134.8,35.33,35.35,0.578,0.579,1.725,12.0565,39.99,39.91,15.43,15.28,41.57,41.77,36.61,38.92,44.36,39.46,15.01,40.76,41.09,36,38.31,43.54,38.79,15.01,40.55,40.89,35.86,38.17,43.4,38.72,15.01,40.48,40.82,35.8,38.11,43.34,38.65,319,461
"2019-04-16 13:57:00.0",788766,3770,134.9,35.38,35.4,0.579,0.579,1.723,12.0453,40,39.91,15.43,17.25,45.17,45.92,40.42,43.06,48.43,43.54,16.98,44.29,45.1,39.74,42.32,47.62,42.86,16.98,44.15,44.97,39.6,42.18,47.48,42.72,16.98,44.02,44.83,39.46,42.05,47.41,42.66,320,460
"2019-04-16 13:57:20.0",788767,3770,135,35.43,35.45,0.58,0.58,1.721,12.0454,40,39.91,15.46,19.56,48.97,50.13,44.29,47.28,52.57,47.82,19.29,48.09,49.25,43.47,46.39,51.62,47,19.22,47.82,49.04,43.27,46.19,51.35,46.8,19.22,47.62,48.77,43.13,45.99,51.22,46.66,320,460
"2019-04-16 13:57:40.0",788768,3770,135.1,35.48,35.5,0.58,0.581,1.719,12.0454,40,39.91,15.46,21.06,51.01,52.1,45.99,49.11,54.27,49.72,20.45,49.38,50.33,44.42,47.48,52.44,48.09,20.31,48.91,49.86,44.02,47,52.03,47.68,20.11,48.5,49.38,43.61,46.53,51.56,47.28,320,460
"2019-04-16 13:58:00.0",788769,3770,135.1,35.53,35.55,0.581,0.581,1.717,12.0454,40,39.91,15.46,19.83,48.02,48.36,42.52,45.37,50.4,46.26,19.09,46.26,46.46,40.76,43.47,48.36,44.49,18.88,45.78,45.99,40.35,43,47.96,44.02,18.68,45.37,45.51,39.94,42.59,47.41,43.54,320,460
"2019-04-16 13:58:20.0",788770,3770,135.2,35.58,35.6,0.582,0.582,1.715,12.0454,40,39.91,15.48,17.8,44.22,43.61,37.97,40.42,45.24,41.43,17.05,42.45,41.77,36.27,38.65,43.34,39.74,16.85,41.98,41.3,35.86,38.17,42.93,39.33,16.71,41.64,40.89,35.52,37.83,42.52,38.92,320,460
"2019-04-16 13:58:40.0",788771,3770,135.3,35.63,35.65,0.582,0.583,1.713,12.051,40,39.91,15.48,15.89,41.09,39.8,34.3,36.41,41.09,37.43,15.28,39.6,38.24,32.94,34.91,39.46,35.93,15.15,39.26,37.9,32.6,34.57,39.12,35.59,15.01,38.99,37.63,32.33,34.3,38.85,35.32,321,459
"2019-04-16 13:59:00.0",788772,3770,135.4,35.68,35.7,0.583,0.584,1.71,12.0511,40,39.9,15.51,14.81,39.8,38.24,32.74,34.64,39.19,35.46,14.33,38.65,37.02,31.65,33.56,37.97,34.23,14.2,38.31,36.75,31.45,33.28,37.63,34.03,14.13,38.11,36.54,31.25,33.15,37.49,33.89,321,459
"2019-04-16 13:59:20.0",788773,3770,135.5,35.72,35.75,0.584,0.584,1.708,12.0566,40,39.9,15.51,14.94,40.48,39.06,33.56,35.52,40.01,36.07,14.54,39.53,38.11,32.74,34.64,39.06,35.25,14.54,39.26,37.9,32.54,34.51,38.85,35.05,14.47,39.12,37.77,32.47,34.37,38.79,34.98,321,459
"2019-04-16 13:59:40.0",788774,3770,135.5,35.77,35.8,0.585,0.585,1.706,12.0566,40,39.9,15.51,16.1,43,42.05,36.27,38.45,43,38.85,15.83,42.05,41.16,35.52,37.7,42.11,38.11,15.76,41.84,40.96,35.39,37.49,41.91,37.97,15.76,41.64,40.82,35.25,37.43,41.84,37.83,321,459
