"TOA5","","","1764","CR1000.Std.24","CPU:MFRSR_10012018V2.8.CR1","13574","TableHdr","PbCdlComm-1.6.0 (2016/01/26)"
"TIMESTAMP","RECORD","loggerID""headID""xpgmVerID""xlat""xlon""xSiteElev""xFULLREV""xCRXHSTEPS""xSCANseconds""xSCANnAvg""xSCANtrough""xHOMEoffset""xALLTIMEband"
"TS","RN","--""--""--""deg""deg""m""--""--""sec""--""--""--""--"
"","","Smp""Smp""Smp""Smp""Smp""Smp""Smp""Smp""Smp""Smp""Smp""Smp""Smp"
"2019-04-15 12:00:00.0",371,1764,180054423,2.8,-32.1259,-64.7287,1160,800,20,20,1,10,0,-1
"TOA5","","","1764","CR1000.Std.24","CPU:MFRSR_10012018V2.8.CR1","13574","Table155","PbCdlComm-1.6.0 (2016/01/26)"
"TIMESTAMP","RECORD","xoset""az""el""al""cosz""cosasz""pamass""vBat""Thead""THTC""Tlogger""Dnadir(1)""Dnadir(2)""Dnadir(3)""Dnadir(4)""Dnadir(5)""Dnadir(6)""Dnadir(7)""Deast(1)""Deast(2)""Deast(3)""Deast(4)""Deast(5)""Deast(6)""Deast(7)""Dsun(1)""Dsun(2)""Dsun(3)""Dsun(4)""Dsun(5)""Dsun(6)""Dsun(7)""Dwest(1)""Dwest(2)""Dwest(3)""Dwest(4)""Dwest(5)""Dwest(6)""Dwest(7)""kount""khome"
"TS","RN","sec""deg""deg""deg""--""--""--""Volt""degC""degC""degC""mV""mV""mV""mV""mV""mV""mV""mV""mV""mV""mV""mV""mV""mV""mV""mV""mV""mV""mV""mV""mV""mV""mV""mV""mV""mV""mV""mV""--""--"
"","","Smp""Smp""Smp""Smp""Smp""Smp""Smp""Smp""Smp""Smp""Smp""Smp""Smp""Smp""Smp""Smp""Smp""Smp""Smp""Smp""Smp""Smp""Smp""Smp""Smp""Smp""Smp""Smp""Smp""Smp""Smp""Smp""Smp""Smp""Smp""Smp""Smp""Smp""Smp""Smp""Smp"
"2019-04-15 18:00:00.0",785175,4730,-146.5,41.65,41.66,0.665,0.665,1.502,12.0377,40.08,39.92,20.96,9.91,46.63,43.71,36.99,38.89,42.62,18.87,9.3,44.12,41.2,34.89,36.72,40.38,17.71,9.37,44.39,41.54,35.16,36.99,40.66,17.92,9.43,44.66,41.74,35.29,37.19,40.79,18.05,454,326
"2019-04-15 18:00:20.0",785176,4730,-146.4,41.61,41.62,0.664,0.664,1.503,12.0544,40.08,39.92,20.96,9.91,46.7,43.85,37.13,39.09,42.9,18.8,9.3,44.39,41.61,35.23,37.06,40.72,17.85,8.89,43.78,40.99,34.68,36.52,40.32,17.58,8.96,44.52,41.74,35.36,37.19,40.86,17.85,455,325
"2019-04-15 18:00:40.0",785177,4730,-146.3,41.57,41.59,0.663,0.664,1.505,12.0543,40.05,39.92,20.96,9.5,46.08,43.37,36.85,38.75,42.83,18.66,8.89,43.57,40.93,34.75,36.51,40.45,17.58,8.76,43.44,40.79,34.61,36.38,40.32,17.44,8.82,43.78,41.06,34.82,36.72,40.65,17.65,455,325
"2019-04-15 18:01:00.0",785178,4730,-146.2,41.53,41.55,0.663,0.663,1.506,12.0543,40.05,39.92,20.96,9.5,45.81,43.17,36.65,38.62,42.76,18.46,8.82,43.23,40.65,34.48,36.31,40.32,17.31,8.96,43.57,40.99,34.75,36.58,40.59,17.51,8.76,43.44,40.72,34.55,36.31,40.38,17.38,455,325
"2019-04-15 18:01:20.0",785179,4730,-146.1,41.49,41.51,0.662,0.663,1.507,12.0488,40.05,39.92,20.96,9.64,46.02,43.51,36.99,38.89,43.1,18.66,9.09,43.57,41.13,34.95,36.79,40.79,17.58,9.16,43.78,41.27,35.09,36.92,40.99,17.71,8.89,43.57,40.99,34.68,36.51,40.59,17.44,455,325
"2019-04-15 18:01:40.0",785180,4730,-146,41.45,41.47,0.662,0.662,1.508,12.0488,40.05,39.92,20.96,10.11,47.03,44.66,38.01,39.98,44.12,19.28,9.37,44.46,42.22,35.9,37.8,41.81,18.26,9.16,43.78,41.4,35.23,37.13,41.2,17.85,9.03,44.12,41.67,35.29,37.19,41.13,17.78,455,325
"2019-04-15 18:02:00.0",785181,4740,-145.9,41.41,41.43,0.661,0.662,1.509,12.0432,40.05,39.92,20.93,10.32,47.58,45.34,38.69,40.72,44.93,19.89,10.25,46.29,44.32,37.8,39.84,43.84,19.61,9.5,44.18,41.88,35.63,37.53,41.67,18.19,10.52,47.03,45.07,38.55,40.59,44.59,20.09,456,324
"2019-04-15 18:02:20.0",785182,4740,-145.8,41.37,41.39,0.661,0.661,1.51,12.0543,40.05,39.92,20.93,12.83,53.69,52.4,45.07,47.51,51.18,24.23,11.54,50.43,48.94,41.88,44.05,47.38,22.06,9.77,44.52,42.22,35.97,37.87,42.15,18.46,11.2,50.16,48.53,41.54,43.64,47.1,21.72,456,324
"2019-04-15 18:02:40.0",785183,4740,-145.8,41.33,41.35,0.66,0.661,1.512,12.0432,40.05,39.92,20.93,14.25,55.32,54.09,46.63,49.21,53.01,25.52,11.74,49.62,47.99,41.06,43.17,46.83,21.72,10.25,44.86,42.76,36.52,38.48,42.9,18.87,11.06,48.53,46.7,39.84,41.95,45.75,20.84,456,324
"2019-04-15 18:03:00.0",785184,4740,-145.7,41.29,41.31,0.66,0.66,1.513,12.0432,40.05,39.92,20.93,12.28,50.7,49.14,42.22,44.52,48.6,22.33,11.27,47.38,45.75,39.16,41.2,45.2,20.43,10.79,45.2,43.17,36.85,38.89,43.3,19.14,11.33,47.71,45.95,39.43,41.54,45.54,20.63,456,324
"2019-04-15 18:03:20.0",785185,4740,-145.6,41.25,41.27,0.659,0.66,1.514,12.0432,40.05,39.92,20.93,12.76,50.09,48.53,41.67,43.98,48.33,22.06,11.54,46.49,44.73,38.35,40.45,44.8,20.09,11.27,45.68,43.71,37.4,39.43,43.91,19.48,11.61,46.76,44.93,38.55,40.72,45,20.23,456,324
"2019-04-15 18:03:40.0",785186,4750,-145.5,41.21,41.23,0.659,0.659,1.515,12.0543,40.05,39.92,20.93,13.1,50.43,48.8,42.01,44.25,48.6,22.19,12.15,47.78,46.09,39.43,41.61,45.68,20.63,11.74,46.02,43.98,37.6,39.57,43.98,19.55,12.76,49.28,47.65,40.93,43.23,47.24,21.79,457,323
"2019-04-15 18:04:00.0",785187,4750,-145.4,41.17,41.19,0.658,0.659,1.516,12.0543,40.04,39.92,20.93,13.98,52.26,50.84,43.64,46.02,50.09,23.08,14.8,51.72,50.57,43.64,46.09,50.09,23.82,12.29,46.29,44.25,37.81,39.91,44.32,19.75,14.39,51.31,49.89,43.03,45.41,49.41,23.28,457,323
"2019-04-15 18:04:20.0",785188,4750,-145.3,41.13,41.15,0.658,0.658,1.518,12.0487,40.04,39.92,20.93,14.32,50.7,49.28,42.42,44.73,49.34,22.67,12.83,47.1,45.41,39.03,41.13,45.54,20.63,12.49,46.63,44.8,38.35,40.39,44.86,20.09,13.17,47.85,46.22,39.77,42.01,46.49,21.24,457,323
"2019-04-15 18:04:40.0",785189,4750,-145.2,41.09,41.11,0.657,0.657,1.519,12.0487,40.04,39.92,20.93,14.32,50.5,48.87,42.01,44.25,48.87,22.4,13.03,46.97,45.14,38.69,40.72,45.27,20.43,13.03,47.17,45.34,38.82,40.93,45.34,20.57,13.51,48.05,46.36,39.77,41.95,46.43,21.24,457,323
"2019-04-15 18:05:00.0",785190,4750,-145.1,41.05,41.07,0.657,0.657,1.52,12.0487,40.05,39.92,20.91,14.53,50.77,49.07,42.15,44.39,48.94,22.6,13.44,47.44,45.61,39.1,41.2,45.68,20.91,13.44,47.72,45.95,39.37,41.4,45.88,21.04,13.85,48.46,46.7,40.05,42.22,46.63,21.52,457,323
"2019-04-15 18:05:20.0",785191,4750,-145,41.01,41.03,0.656,0.656,1.521,12.0487,40.05,39.92,20.91,14.93,51.31,49.62,42.62,44.86,49.34,23.08,13.91,48.19,46.43,39.77,41.95,46.29,21.52,13.91,48.6,46.77,39.98,42.15,46.43,21.58,14.19,49.07,47.24,40.52,42.69,47.04,21.99,457,323
"2019-04-15 18:05:40.0",785192,4750,-144.9,40.97,40.99,0.656,0.656,1.523,12.0431,40.05,39.92,20.91,15.27,51.85,50.16,42.96,45.27,49.62,23.48,14.32,49,47.1,40.38,42.56,46.7,22.06,14.46,49.41,47.65,40.72,42.96,47.1,22.33,14.39,49.41,47.51,40.66,42.83,47.04,22.19,458,322
"2019-04-15 18:06:00.0",785193,4750,-144.8,40.93,40.95,0.655,0.655,1.524,12.0431,40.05,39.92,20.91,15.81,52.81,51.04,43.78,46.15,50.29,24.3,15,50.16,48.33,41.4,43.64,47.71,23.01,15.07,50.43,48.66,41.67,43.91,47.92,23.21,14.86,50.02,48.12,41.2,43.44,47.44,22.81,458,322
"2019-04-15 18:06:20.0",785194,4750,-144.7,40.89,40.9,0.655,0.655,1.525,12.0431,40.05,39.92,20.91,16.56,54.3,52.53,45.14,47.65,51.58,25.52,15.81,51.72,50.02,42.96,45.34,49.14,24.37,15.54,51.18,49.28,42.22,44.46,48.33,23.76,15.48,51.31,49.41,42.35,44.73,48.53,23.82,458,322
"2019-04-15 18:06:40.0",785195,4750,-144.6,40.85,40.86,0.654,0.654,1.526,12.0431,40.05,39.92,20.91,17.24,55.45,53.69,46.15,48.66,52.47,26.47,16.36,52.74,50.9,43.71,46.15,49.75,25.18,15.88,51.72,49.68,42.49,44.8,48.53,24.16,16.15,52.53,50.57,43.37,45.81,49.41,24.84,458,322
"2019-04-15 18:07:00.0",785196,4750,-144.5,40.8,40.82,0.653,0.654,1.528,12.0431,40.05,39.92,20.91,17.99,57.28,55.52,47.65,50.36,53.76,27.83,16.9,54.3,52.47,44.93,47.44,50.63,26.06,16.56,53.14,50.97,43.64,46.09,49.41,25.25,17.17,55.32,53.48,45.81,48.39,51.52,26.67,458,322
"2019-04-15 18:07:20.0",785197,4760,-144.4,40.76,40.78,0.653,0.653,1.529,12.0543,40.05,39.92,20.91,18.87,59.93,58.23,50.02,52.8,55.59,29.52,17.58,55.93,54.09,46.36,48.94,51.79,27.28,17.24,54.37,52.19,44.66,47.17,50.29,26.33,18.05,57.08,55.32,47.44,50.16,52.94,28.17,459,321
"2019-04-15 18:07:40.0",785198,4760,-144.3,40.72,40.74,0.652,0.653,1.53,12.0543,40.05,39.92,20.91,19.41,59.59,57.69,49.61,52.46,55.32,29.86,17.99,55.72,53.62,45.95,48.6,51.45,27.49,17.85,55.32,53.08,45.41,47.99,50.84,27.15,18.53,57.01,54.98,47.17,49.95,52.67,28.51,459,321
"2019-04-15 18:08:00.0",785199,4760,-144.2,40.68,40.7,0.652,0.652,1.531,12.0487,40.05,39.92,20.91,19.48,59.46,57.28,49.14,51.92,54.43,29.73,18.05,55.52,53.21,45.47,48.05,50.63,27.35,18.05,55.45,52.94,45.2,47.78,50.29,27.28,18.53,56.74,54.43,46.56,49.27,51.72,28.23,459,321
"2019-04-15 18:08:20.0",785200,4760,-144.1,40.64,40.66,0.651,0.652,1.533,12.0487,40.05,39.92,20.91,19.07,58.91,56.47,48.19,50.9,53.08,29.05,17.65,55.65,53.01,45.07,47.51,49.48,26.88,17.65,54.43,51.65,43.91,46.36,48.66,26.47,18.19,57.15,54.5,46.36,48.87,50.7,27.76,459,321
"2019-04-15 18:08:40.0",785201,4760,-144.1,40.6,40.62,0.651,0.651,1.534,12.0487,40.05,39.92,20.91,18.8,58.51,55.79,47.51,50.09,51.92,28.44,17.58,54.84,52.06,44.18,46.56,48.46,26.47,17.1,53.28,50.16,42.49,44.8,46.97,25.45,17.99,55.72,52.87,45,47.44,49.27,27.01,459,321
"2019-04-15 18:09:00.0",785202,4760,-144,40.56,40.57,0.65,0.65,1.535,12.0654,40.05,39.92,20.91,18.46,57.08,54.03,45.75,48.26,50.16,27.35,16.97,53.14,49.89,42.08,44.25,46.22,24.98,16.7,52.26,48.8,41.13,43.37,45.34,24.43,17.58,54.57,51.31,43.37,45.75,47.51,25.86,459,321
"2019-04-15 18:09:20.0",785203,4770,-143.9,40.51,40.53,0.65,0.65,1.537,12.0431,40.05,39.92,20.91,18.05,56.4,53.01,44.79,47.1,48.8,26.47,16.22,52.19,48.6,40.79,42.83,44.52,23.89,16.36,51.79,48.12,40.45,42.56,44.32,23.82,17.24,54.36,50.97,42.89,45.2,46.7,25.38,460,320
"2019-04-15 18:09:40.0",785204,4770,-143.8,40.47,40.49,0.649,0.649,1.538,12.0431,40.05,39.92,20.91,17.71,55.93,52.46,44.18,46.42,47.98,25.99,15.95,51.45,47.78,39.98,42.01,43.57,23.35,16.02,51.31,47.58,39.91,42.01,43.57,23.48,16.97,53.69,50.22,42.28,44.52,45.95,24.98,460,320
"2019-04-15 18:10:00.0",785205,4770,-143.7,40.43,40.45,0.649,0.649,1.539,12.0431,40.05,39.92,20.91,16.83,54.36,50.63,42.56,44.73,46.15,24.84,15.2,50.09,46.08,38.42,40.32,41.74,22.26,15.34,50.09,46.08,38.48,40.45,41.94,22.33,15.88,51.72,47.85,40.04,42.08,43.44,23.28,460,320
"2019-04-15 18:10:20.0",785206,4770,-143.6,40.39,40.41,0.648,0.648,1.54,12.0431,40.05,39.92,20.91,15.75,52.12,47.98,40.04,41.94,43.3,23.01,14.39,48.66,44.39,36.79,38.55,39.84,21.04,14.73,48.94,44.73,37.19,39.03,40.38,21.38,14.86,49.95,45.75,38.01,39.84,41.06,21.79,460,320
"2019-04-15 18:10:40.0",785207,4770,-143.5,40.35,40.37,0.647,0.648,1.542,12.0431,40.05,39.92,20.91,15.07,50.9,46.56,38.62,40.45,41.74,22.06,14.12,47.92,43.5,35.97,37.74,39.03,20.56,14.25,48.12,43.78,36.24,38.01,39.3,20.77,14.39,48.66,44.25,36.65,38.35,39.7,20.9,460,320
"2019-04-15 18:11:00.0",785208,4770,-143.4,40.31,40.32,0.647,0.647,1.543,12.0542,40.05,39.92,20.88,14.86,50.16,45.68,37.87,39.64,40.99,21.65,14.12,47.65,43.23,35.7,37.46,38.75,20.5,14.18,47.92,43.5,35.97,37.74,39.03,20.63,14.25,48.12,43.64,36.04,37.8,39.16,20.7,461,319
"2019-04-15 18:11:20.0",785209,4770,-143.3,40.26,40.28,0.646,0.647,1.544,12.0487,40.05,39.92,20.88,15,50.29,45.81,37.94,39.77,41.06,21.85,14.25,47.92,43.57,36.04,37.8,39.09,20.84,14.39,48.19,43.84,36.31,38.08,39.36,20.97,14.32,48.19,43.71,36.17,37.94,39.3,20.9,461,319
"2019-04-15 18:11:40.0",785210,4770,-143.2,40.22,40.24,0.646,0.646,1.546,12.0487,40.05,39.92,20.88,15.34,51.04,46.69,38.75,40.59,41.88,22.6,14.73,48.66,44.46,36.85,38.69,39.98,21.51,14.8,48.8,44.52,36.92,38.75,40.11,21.65,14.73,48.8,44.46,36.85,38.69,39.98,21.51,461,319
"2019-04-15 18:12:00.0",785211,4770,-143.1,40.18,40.2,0.645,0.645,1.547,12.0487,40.05,39.92,20.88,15.88,51.79,47.51,39.5,41.47,42.76,23.42,15.27,49.41,45.34,37.74,39.64,40.93,22.4,15.27,49.41,45.2,37.6,39.43,40.86,22.26,15.2,49.41,45.2,37.53,39.43,40.79,22.26,461,319
"2019-04-15 18:12:20.0",785212,4770,-143,40.14,40.15,0.645,0.645,1.548,12.0542,40.05,39.92,20.88,16.15,52.13,47.92,39.91,41.88,43.23,23.82,15.54,49.68,45.61,38.01,39.98,41.4,22.81,15.61,49.82,45.81,38.14,40.11,41.54,22.87,15.47,49.82,45.68,38.01,39.91,41.33,22.74,461,319
"2019-04-15 18:12:40.0",785213,4780,-142.9,40.09,40.11,0.644,0.644,1.55,12.0431,40.05,39.92,20.88,16.7,52.6,48.53,40.59,42.69,44.12,24.57,16.02,49.95,46.15,38.62,40.66,42.22,23.42,16.09,50.16,46.29,38.62,40.66,42.22,23.42,15.95,50.16,46.15,38.55,40.59,42.08,23.35,462,318
"2019-04-15 18:13:00.0",785214,4780,-142.9,40.05,40.07,0.643,0.644,1.551,12.0431,40.05,39.92,20.88,16.97,52.53,48.66,40.72,42.9,44.39,24.84,16.29,49.95,46.22,38.76,40.86,42.49,23.62,16.22,50.02,46.22,38.69,40.72,42.35,23.55,16.29,50.23,46.42,38.82,40.93,42.49,23.69,462,318
"2019-04-15 18:13:20.0",785215,4780,-142.8,40.01,40.03,0.643,0.643,1.553,12.0375,40.05,39.92,20.88,17.04,52.06,48.26,40.52,42.69,44.39,24.84,16.29,49.41,45.81,38.48,40.59,42.35,23.62,16.36,49.61,46.02,38.62,40.79,42.49,23.69,16.43,49.82,46.22,38.82,40.93,42.69,23.82,462,318
"2019-04-15 18:13:40.0",785216,4780,-142.7,39.97,39.98,0.642,0.643,1.554,12.0431,40.05,39.92,20.88,16.83,51.04,47.44,39.91,42.08,43.98,24.43,16.15,48.53,45.14,38.01,40.11,42.08,23.35,16.22,48.8,45.34,38.21,40.32,42.22,23.42,16.29,49.07,45.61,38.42,40.52,42.42,23.62,462,318
"2019-04-15 18:14:00.0",785217,4780,-142.6,39.92,39.94,0.642,0.642,1.555,12.0431,40.06,39.92,20.91,16.63,49.89,46.42,39.16,41.33,43.44,23.96,15.95,47.58,44.32,37.4,39.5,41.74,22.94,16.09,47.85,44.66,37.74,39.91,42.08,23.14,16.15,48.12,44.93,37.94,40.11,42.28,23.28,462,318
"2019-04-15 18:14:20.0",785218,4780,-142.5,39.88,39.9,0.641,0.641,1.557,12.0375,40.05,39.92,20.91,16.36,48.6,45.34,38.35,40.52,42.96,23.48,15.81,46.63,43.64,36.92,39.09,41.54,22.6,15.88,46.76,43.78,37.06,39.23,41.67,22.67,15.95,47.03,44.05,37.26,39.37,41.81,22.87,462,318
"2019-04-15 18:14:40.0",785219,4800,-142.4,39.84,39.85,0.641,0.641,1.558,12.0542,40.06,39.92,20.91,16.15,47.71,44.73,37.94,40.11,42.76,23.21,15.75,45.95,43.23,36.72,38.89,41.61,22.53,15.61,45.81,43.03,36.58,38.69,41.4,22.4,15.75,46.15,43.37,36.85,38.96,41.67,22.6,463,317
"2019-04-15 18:15:00.0",785220,4800,-142.3,39.79,39.81,0.64,0.64,1.56,12.0487,40.05,39.92,20.91,16.09,47.24,44.59,37.94,40.18,43.1,23.28,15.68,45.61,43.1,36.79,38.96,41.88,22.6,15.54,45.41,42.96,36.65,38.82,41.74,22.53,15.61,45.61,43.1,36.72,38.96,41.81,22.6,463,317
"2019-04-15 18:15:20.0",785221,4800,-142.2,39.75,39.77,0.639,0.64,1.561,12.0542,40.05,39.92,20.88,16.02,46.97,44.66,38.14,40.45,43.64,23.48,15.54,45.34,43.23,36.99,39.23,42.35,22.8,15.41,45.13,42.96,36.72,38.96,42.15,22.6,15.47,45.34,43.1,36.92,39.09,42.28,22.8,463,317
"2019-04-15 18:15:40.0",785222,4800,-142.1,39.71,39.73,0.639,0.639,1.562,12.0542,40.05,39.92,20.88,15.81,46.69,44.73,38.35,40.65,43.98,23.69,15.27,45.07,43.23,37.13,39.43,42.62,22.94,15.27,45.13,43.3,37.19,39.43,42.69,22.94,15.27,45.13,43.3,37.19,39.43,42.69,22.94,463,317
"2019-04-15 18:16:00.0",785223,4800,-142,39.66,39.68,0.638,0.639,1.564,12.0598,40.05,39.92,20.85,15.54,46.36,44.66,38.48,40.86,44.32,23.69,14.93,44.52,43.03,37.06,39.36,42.69,22.8,14.93,44.66,43.1,37.19,39.43,42.83,22.87,14.86,44.52,42.96,36.99,39.23,42.69,22.74,463,317
"2019-04-15 18:16:20.0",785224,4800,-141.9,39.62,39.64,0.638,0.638,1.565,12.0431,40.03,39.92,20.85,14.86,45.2,43.71,37.67,39.98,43.57,23.01,14.25,43.51,42.15,36.38,38.55,42.01,22.13,14.25,43.57,42.22,36.45,38.62,42.08,22.13,14.25,43.71,42.28,36.45,38.69,42.22,22.19,464,316
"2019-04-15 18:16:40.0",785225,4800,-141.9,39.58,39.59,0.637,0.637,1.567,12.0431,40.05,39.92,20.85,14.46,44.46,43.17,37.26,39.57,43.23,22.6,13.91,42.76,41.54,35.9,38.08,41.67,21.79,13.91,42.76,41.6,35.97,38.14,41.74,21.79,13.98,43.03,41.88,36.18,38.41,42.01,21.92,464,316
"2019-04-15 18:17:00.0",785226,4800,-141.8,39.53,39.55,0.637,0.637,1.568,12.0375,40.04,39.92,20.85,14.12,43.71,42.62,36.85,39.09,42.83,22.26,13.51,41.94,40.86,35.36,37.53,41.13,21.38,13.57,42.15,41.06,35.5,37.67,41.33,21.45,13.64,42.35,41.2,35.7,37.87,41.54,21.51,464,316
"2019-04-15 18:17:20.0",785227,4800,-141.7,39.49,39.51,0.636,0.636,1.569,12.0375,40.03,39.92,20.85,13.71,43.03,41.94,36.31,38.55,42.28,21.92,13.17,41.33,40.38,34.89,37.06,40.65,21.04,13.23,41.4,40.38,34.95,37.12,40.79,21.11,13.23,41.6,40.52,35.09,37.19,40.86,21.11,464,316
"2019-04-15 18:17:40.0",785228,4800,-141.6,39.44,39.46,0.635,0.636,1.571,12.0431,40.03,39.92,20.83,13.37,42.35,41.26,35.77,37.87,41.67,21.45,12.9,40.65,39.64,34.34,36.38,40.11,20.63,12.9,40.72,39.7,34.34,36.45,40.18,20.63,12.96,40.93,39.91,34.55,36.65,40.38,20.77,464,316
"2019-04-15 18:18:00.0",785229,4800,-141.5,39.4,39.42,0.635,0.635,1.572,12.0431,40.03,39.92,20.83,13.1,41.67,40.65,35.16,37.26,41.06,21.04,12.56,40.04,38.96,33.73,35.77,39.43,20.09,12.56,40.04,38.96,33.66,35.77,39.43,20.09,12.62,40.31,39.23,33.94,36.04,39.7,20.23,464,316
"2019-04-15 18:18:20.0",785230,4810,-141.4,39.36,39.38,0.634,0.634,1.574,12.0542,40.03,39.92,20.83,12.56,40.65,39.43,34.07,36.11,39.91,20.16,12.01,39.09,37.94,32.78,34.75,38.35,19.28,12.01,39.03,37.8,32.65,34.68,38.28,19.21,12.08,39.23,38.08,32.92,34.89,38.55,19.34,465,315
"2019-04-15 18:18:40.0",785231,4810,-141.3,39.31,39.33,0.634,0.634,1.575,12.0542,40.03,39.92,20.83,11.95,39.5,38.28,32.98,34.95,38.69,19.21,11.54,38.14,36.92,31.83,33.73,37.26,18.53,11.47,38.14,36.85,31.83,33.73,37.26,18.53,11.54,38.35,37.06,31.97,33.94,37.46,18.6,465,315
"2019-04-15 18:19:00.0",785232,4810,-141.2,39.27,39.29,0.633,0.633,1.577,12.0542,40.03,39.92,20.83,11.47,38.62,37.33,32.17,34.14,37.74,18.66,11.06,37.46,36.11,31.15,32.98,36.45,18.05,11.06,37.46,36.17,31.15,33.05,36.51,18.05,11.06,37.6,36.31,31.29,33.19,36.65,18.12,465,315
"2019-04-15 18:19:20.0",785233,4810,-141.1,39.22,39.24,0.632,0.633,1.578,12.0542,40.03,39.92,20.83,10.93,37.74,36.45,31.36,33.26,36.85,18.05,10.59,36.38,35.22,30.34,32.17,35.56,17.44,10.59,36.51,35.22,30.41,32.17,35.63,17.58,10.59,36.58,35.29,30.41,32.24,35.7,17.58,465,315
"2019-04-15 18:19:40.0",785234,4810,-141,39.18,39.2,0.632,0.632,1.58,12.0487,40.03,39.92,20.8,10.18,36.11,34.88,30,31.83,35.5,17.17,9.84,34.82,33.66,28.98,30.68,34.27,16.56,9.84,34.82,33.66,28.98,30.68,34.27,16.56,9.77,34.88,33.73,29.05,30.74,34.34,16.63,465,315
"2019-04-15 18:20:00.0",785235,4820,-141,39.13,39.15,0.631,0.631,1.581,12.0431,40.03,39.92,20.8,9.43,34.34,33.19,28.57,30.27,34.07,16.15,9.03,33.05,31.97,27.56,29.18,32.85,15.61,9.09,33.05,31.97,27.56,29.18,32.85,15.61,9.09,33.12,32.03,27.62,29.25,32.98,15.68,466,314
"2019-04-15 18:20:20.0",785236,4820,-140.9,39.09,39.11,0.631,0.631,1.583,12.0431,40.03,39.92,20.8,9.03,33.19,32.17,27.69,29.32,33.12,15.61,8.69,32.1,31.02,26.74,28.37,32.03,15.07,8.69,32.17,31.15,26.81,28.44,32.1,15.13,8.76,32.31,31.22,26.94,28.51,32.17,15.2,466,314
"2019-04-15 18:20:40.0",785237,4820,-140.8,39.04,39.06,0.63,0.63,1.584,12.0431,40.03,39.91,20.77,8.62,32.44,31.42,27.08,28.71,32.51,15.2,8.35,31.29,30.34,26.2,27.76,31.42,14.66,8.28,31.36,30.41,26.27,27.76,31.42,14.73,8.35,31.42,30.47,26.27,27.83,31.49,14.73,466,314
"2019-04-15 18:21:00.0",785238,4820,-140.7,39,39.02,0.629,0.63,1.586,12.0431,40.03,39.91,20.77,8.08,31.22,30.27,26.13,27.69,31.56,14.59,7.737,30.07,29.12,25.11,26.6,30.27,13.98,7.737,30.07,29.18,25.11,26.6,30.27,13.98,7.737,30.13,29.25,25.25,26.67,30.34,14.05,466,314
"2019-04-15 18:21:20.0",785239,4820,-140.6,38.96,38.97,0.629,0.629,1.587,12.0431,40.03,39.91,20.74,6.923,28.17,27.28,23.55,24.84,28.98,13.03,6.312,26.2,25.32,21.85,23.08,27.08,12.01,6.244,26.13,25.25,21.79,23.01,27.01,12.01,6.244,26.06,25.18,21.72,22.94,27.01,11.94,466,314
"2019-04-15 18:21:40.0",785240,4820,-140.5,38.91,38.93,0.628,0.628,1.589,12.0542,40.03,39.91,20.74,6.651,26.94,26.13,22.53,23.82,28.03,12.42,6.787,27.08,26.27,22.67,24.03,27.96,12.56,6.923,27.42,26.6,23.01,24.3,28.23,12.69,7.058,27.83,26.94,23.28,24.64,28.57,12.96,467,313
"2019-04-15 18:22:00.0",785241,4820,-140.4,38.87,38.89,0.627,0.628,1.59,12.0487,40.03,39.91,20.74,7.873,30.07,29.32,25.38,26.88,30.81,14.25,7.533,28.98,28.23,24.5,25.99,29.66,13.78,7.533,29.05,28.37,24.57,26.06,29.79,13.78,7.601,29.18,28.44,24.64,26.13,29.86,13.85,467,313
"2019-04-15 18:22:20.0",785242,4820,-140.3,38.82,38.84,0.627,0.627,1.592,12.0487,40.01,39.89,20.72,7.398,29.18,28.44,24.64,26.13,30,13.71,7.262,28.44,27.69,24.09,25.52,29.25,13.44,7.33,28.64,27.89,24.23,25.72,29.46,13.51,7.398,28.84,28.1,24.43,25.86,29.59,13.57,467,313
"2019-04-15 18:22:40.0",785243,4820,-140.2,38.78,38.8,0.626,0.627,1.594,12.0542,40.01,39.89,20.72,7.466,29.52,28.78,24.98,26.47,30.34,13.78,7.194,28.5,27.83,24.09,25.65,29.25,13.23,7.194,28.64,27.89,24.16,25.72,29.39,13.3,7.194,28.71,28.03,24.3,25.79,29.46,13.3,467,313
"2019-04-15 18:23:00.0",785244,4820,-140.2,38.73,38.75,0.626,0.626,1.595,12.0487,40.01,39.89,20.69,6.719,28.17,27.42,23.75,25.18,29.05,12.83,6.448,27.15,26.47,22.94,24.36,28.03,12.35,6.515,27.28,26.6,23.08,24.5,28.17,12.42,6.583,27.49,26.81,23.21,24.64,28.37,12.49,467,313
"2019-04-15 18:23:20.0",785245,4820,-140.1,38.69,38.7,0.625,0.625,1.597,12.0487,40.01,39.88,20.69,6.651,27.96,27.22,23.62,25.04,28.84,12.62,6.244,26.6,25.93,22.46,23.82,27.62,11.94,6.244,26.74,25.99,22.53,23.89,27.62,12.01,6.244,26.81,26.13,22.6,23.96,27.76,12.01,467,313
"2019-04-15 18:23:40.0",785246,4830,-140,38.64,38.66,0.624,0.625,1.598,12.0431,40.01,39.88,20.66,5.972,26.54,25.79,22.33,23.69,27.62,11.74,5.701,25.38,24.77,21.45,22.67,26.54,11.2,5.769,25.52,24.91,21.51,22.8,26.67,11.27,5.769,25.72,24.98,21.65,22.94,26.81,11.33,468,312
"2019-04-15 18:24:00.0",785247,4830,-139.9,38.59,38.61,0.624,0.624,1.6,12.0375,40,39.88,20.64,6.04,26.74,25.93,22.46,23.75,27.69,11.61,5.837,25.86,25.11,21.72,23.01,26.74,11.2,5.837,26.06,25.38,21.92,23.21,26.94,11.27,5.905,26.2,25.52,22.06,23.35,27.08,11.33,468,312
"2019-04-15 18:24:20.0",785248,4830,-139.8,38.55,38.57,0.623,0.623,1.601,12.0431,39.98,39.88,20.61,5.905,27.08,26.27,22.67,23.96,27.76,11.47,5.633,26.06,25.25,21.85,23.08,26.74,10.99,5.701,26.33,25.52,22.06,23.35,26.94,11.06,5.701,26.54,25.65,22.19,23.48,27.08,11.13,468,312
"2019-04-15 18:24:40.0",785249,4830,-139.7,38.5,38.52,0.623,0.623,1.603,12.0375,39.97,39.88,20.61,5.565,26.94,26.13,22.53,23.82,27.55,11.06,5.294,25.72,24.84,21.45,22.67,26.27,10.52,5.362,25.99,25.11,21.65,22.87,26.54,10.66,5.362,26.2,25.32,21.85,23.08,26.67,10.72,468,312
"2019-04-15 18:25:00.0",785250,4830,-139.6,38.46,38.48,0.622,0.622,1.605,12.0431,39.97,39.88,20.58,5.362,26.67,25.86,22.26,23.48,27.28,10.86,5.158,25.59,24.77,21.38,22.53,26.2,10.38,5.226,25.93,25.11,21.58,22.8,26.47,10.52,5.294,26.13,25.32,21.79,23.08,26.67,10.66,468,312
"2019-04-15 18:25:20.0",785251,4830,-139.6,38.41,38.43,0.621,0.622,1.606,12.0486,39.97,39.89,20.56,5.429,26.47,25.65,22.13,23.35,27.22,10.79,5.226,25.38,24.64,21.24,22.46,26.27,10.38,5.362,25.79,25.04,21.58,22.8,26.6,10.52,5.429,26.06,25.38,21.85,23.08,26.88,10.72,469,311
"2019-04-15 18:25:40.0",785252,4830,-139.5,38.37,38.39,0.621,0.621,1.608,12.0486,39.97,39.9,20.53,6.651,29.45,28.84,24.91,26.4,30.13,12.62,6.583,28.78,28.17,24.36,25.79,29.45,12.42,6.787,29.32,28.71,24.91,26.33,30,12.76,6.923,29.79,29.18,25.31,26.81,30.41,12.96,469,311
"2019-04-15 18:26:00.0",785253,4830,-139.4,38.32,38.34,0.62,0.62,1.609,12.0542,39.97,39.88,20.5,7.873,32.37,31.97,27.76,29.45,33.12,14.59,7.601,31.02,30.54,26.54,28.17,31.76,13.98,7.737,31.56,31.15,27.08,28.71,32.31,14.39,7.941,31.97,31.63,27.49,29.12,32.71,14.59,469,311
"2019-04-15 18:26:20.0",785254,4830,-139.3,38.27,38.29,0.619,0.62,1.611,12.0486,39.97,39.92,20.5,9.09,34.88,34.68,30.2,32.1,35.77,16.49,8.89,33.66,33.53,29.25,31.08,34.75,16.02,9.16,34.41,34.27,29.93,31.76,35.43,16.49,9.37,35.02,34.95,30.47,32.44,36.04,16.9,469,311
"2019-04-15 18:26:40.0",785255,4830,-139.2,38.23,38.25,0.619,0.619,1.613,12.0542,39.97,39.9,20.48,11.2,38.96,39.16,34.27,36.51,40.25,19.68,10.45,36.45,36.65,32.1,34.14,37.87,18.39,10.66,37.19,37.4,32.78,34.82,38.55,18.87,10.93,37.73,37.94,33.26,35.36,39.09,19.21,469,311
"2019-04-15 18:27:00.0",785256,4830,-139.1,38.18,38.2,0.618,0.618,1.614,12.0598,39.97,39.92,20.45,11.81,39.77,40.11,35.22,37.4,41.33,20.7,10.79,36.92,37.12,32.51,34.61,38.48,19,10.99,37.53,37.8,33.05,35.22,39.09,19.41,11.13,37.94,38.21,33.46,35.56,39.43,19.61,469,311
"2019-04-15 18:27:20.0",785257,4840,-139,38.13,38.15,0.618,0.618,1.616,12.0431,39.97,39.89,20.42,12.01,40.11,40.31,35.36,37.6,41.6,20.9,11.88,39.02,39.23,34.48,36.72,40.59,20.5,12.08,39.7,39.97,35.09,37.4,41.13,20.97,12.35,40.31,40.59,35.63,37.94,41.74,21.31,470,310
"2019-04-15 18:27:40.0",785258,4840,-138.9,38.09,38.11,0.617,0.617,1.618,12.0431,39.97,39.91,20.4,12.69,41.6,41.74,36.58,38.89,42.76,21.99,11.94,39.36,39.43,34.55,36.72,40.52,20.7,12.08,39.77,39.84,34.88,37.06,40.92,20.9,12.15,40.04,40.18,35.16,37.33,41.2,21.17,470,310
"2019-04-15 18:28:00.0",785259,4840,-138.9,38.04,38.06,0.616,0.617,1.619,12.0375,39.97,39.91,20.4,12.01,39.91,39.77,34.75,36.92,40.99,20.9,11.27,37.73,37.6,32.78,34.82,38.82,19.75,11.33,37.94,37.8,32.98,35.02,39.02,19.82,11.4,38.14,38.01,33.12,35.22,39.16,19.95,470,310
"2019-04-15 18:28:20.0",785260,4840,-138.8,38,38.02,0.616,0.616,1.621,12.0375,39.97,39.91,20.37,11.4,38.28,38.14,33.26,35.36,39.64,20.09,10.93,36.58,36.45,31.83,33.8,38.01,19.27,10.99,36.92,36.85,32.1,34.07,38.28,19.41,11.13,37.26,37.06,32.37,34.34,38.55,19.55,470,310
"2019-04-15 18:28:40.0",785261,4840,-138.7,37.95,37.97,0.615,0.615,1.623,12.0431,39.97,39.91,20.34,11.61,38.55,38.41,33.46,35.5,39.77,20.22,11.2,37.26,36.99,32.24,34.27,38.35,19.55,11.33,37.67,37.4,32.58,34.61,38.68,19.75,11.47,37.94,37.73,32.92,34.88,39.02,19.89,470,310
"2019-04-15 18:29:00.0",785262,4840,-138.6,37.9,37.92,0.614,0.615,1.624,12.0486,39.97,39.92,20.31,12.08,39.64,39.3,34.21,36.31,40.38,20.7,11.54,38.01,37.67,32.71,34.75,38.62,19.82,11.61,38.28,37.94,32.98,34.95,38.89,19.95,11.67,38.62,38.14,33.19,35.22,39.09,20.09,471,309
"2019-04-15 18:29:20.0",785263,4840,-138.5,37.86,37.88,0.614,0.614,1.626,12.0486,39.97,39.92,20.29,11.67,38.89,38.41,33.32,35.36,39.36,20.09,11.06,37.06,36.45,31.63,33.53,37.46,19.07,11.13,37.19,36.72,31.83,33.73,37.67,19.14,11.13,37.4,36.92,32.03,33.93,37.87,19.27,471,309
"2019-04-15 18:29:40.0",785264,4840,-138.4,37.81,37.83,0.613,0.613,1.628,12.0486,39.97,39.92,20.26,10.93,37.19,36.65,31.76,33.59,37.8,19.07,10.32,35.36,34.75,30.07,31.9,35.97,18.05,10.38,35.56,34.95,30.27,32.03,36.17,18.12,10.45,35.77,35.29,30.54,32.31,36.45,18.32,471,309
"2019-04-15 18:30:00.0",785265,4840,-138.3,37.76,37.78,0.612,0.613,1.629,12.0654,39.97,39.92,20.24,10.52,36.17,35.56,30.81,32.51,36.78,18.39,9.84,34.21,33.53,28.98,30.68,34.82,17.24,9.98,34.41,33.87,29.25,30.95,35.16,17.44,10.04,34.75,34.14,29.52,31.22,35.36,17.58,471,309
"2019-04-15 18:30:20.0",785266,4840,-138.3,37.72,37.74,0.612,0.612,1.631,12.0486,39.97,39.92,20.24,10.04,35.22,34.54,29.79,31.49,35.77,17.71,9.5,33.39,32.58,28.1,29.73,33.93,16.7,9.57,33.53,32.78,28.23,29.93,34.07,16.83,9.64,33.8,33.05,28.57,30.2,34.34,16.97,471,309
"2019-04-15 18:30:40.0",785267,4860,-138.2,37.67,37.69,0.611,0.611,1.633,12.0375,39.97,39.92,20.18,9.84,34.61,33.87,29.18,30.81,35.09,17.37,9.23,32.78,32.1,27.62,29.18,33.39,16.42,9.3,32.98,32.24,27.76,29.39,33.59,16.56,9.37,33.32,32.58,28.03,29.66,33.87,16.7,472,308
"2019-04-15 18:31:00.0",785268,4860,-138.1,37.62,37.64,0.61,0.611,1.635,12.0375,39.97,39.92,20.18,9.64,34.48,33.87,29.18,30.81,35.09,17.37,8.96,32.24,31.63,27.28,28.84,32.98,16.29,8.82,31.83,31.15,26.88,28.37,32.71,16.02,9.09,32.58,31.97,27.55,29.12,33.39,16.49,472,308
"2019-04-15 18:31:20.0",785269,4860,-138,37.57,37.59,0.61,0.61,1.636,12.0375,39.97,39.92,20.15,9.16,32.78,32.24,27.83,29.32,33.8,16.63,8.62,30.81,30.2,26.06,27.49,31.9,15.54,8.35,30.2,29.45,25.45,26.81,31.36,15.2,8.55,30.74,30.07,25.93,27.42,31.9,15.47,472,308
"2019-04-15 18:31:40.0",785270,4860,-137.9,37.53,37.55,0.609,0.609,1.638,12.0375,39.97,39.92,20.13,8.62,31.22,30.54,26.33,27.76,32.58,15.68,8.21,29.79,29.12,25.11,26.47,31.08,15,8.21,29.73,29.05,25.11,26.47,31.15,14.93,8.21,29.86,29.18,25.18,26.6,31.29,15,472,308
"2019-04-15 18:32:00.0",785271,4860,-137.8,37.48,37.5,0.608,0.609,1.64,12.0375,39.97,39.92,20.1,9.64,34.54,34.34,29.73,31.36,35.77,17.85,9.84,34.41,34.41,30,31.69,35.9,18.19,9.23,32.1,31.69,27.49,29.05,33.66,16.76,10.25,35.43,35.5,30.95,32.78,36.85,18.8,472,308
"2019-04-15 18:32:20.0",785272,4860,-137.8,37.43,37.45,0.608,0.608,1.642,12.0375,39.97,39.92,20.08,11.27,37.19,37.26,32.58,34.41,38.96,20.09,10.25,34.48,34.34,29.93,31.63,36.11,18.46,10.04,33.87,33.59,29.18,30.88,35.5,18.12,9.98,33.93,33.66,29.25,30.95,35.56,18.05,472,308
"2019-04-15 18:32:40.0",785273,4860,-137.7,37.38,37.4,0.607,0.607,1.643,12.0486,39.97,39.92,20.08,11.2,36.72,36.58,31.97,33.8,38.68,19.95,10.86,35.5,35.36,30.81,32.64,37.4,19.34,10.86,35.5,35.29,30.81,32.58,37.4,19.27,10.93,35.7,35.56,31.02,32.85,37.6,19.41,473,307
"2019-04-15 18:33:00.0",785274,4860,-137.6,37.34,37.36,0.606,0.607,1.645,12.0486,39.97,39.92,20.02,12.96,40.72,40.92,35.77,37.94,42.69,22.53,12.62,39.57,39.7,34.68,36.72,41.33,21.85,12.42,38.55,38.62,33.73,35.77,40.52,21.31,12.49,39.43,39.5,34.48,36.51,41.13,21.65,473,307
"2019-04-15 18:33:20.0",785275,4860,-137.5,37.29,37.31,0.606,0.606,1.647,12.0486,39.97,39.92,20,16.08,47.98,48.87,42.89,45.47,49.68,27.15,15.95,46.76,47.64,41.81,44.39,48.53,26.6,14.46,42.08,42.35,37.06,39.36,44.18,23.75,15.41,45.81,46.56,40.79,43.23,47.51,25.86,473,307
"2019-04-15 18:33:40.0",785276,4860,-137.4,37.24,37.26,0.605,0.605,1.649,12.0542,39.97,39.92,19.97,17.17,48.32,49.14,43.16,45.88,50.63,27.55,16.15,45.47,46.08,40.45,43.03,47.71,25.93,15.47,43.84,44.11,38.68,41.06,46.01,24.77,15.41,44.11,44.45,39.02,41.47,46.35,24.91,473,307
"2019-04-15 18:34:00.0",785277,4860,-137.3,37.19,37.21,0.604,0.605,1.651,12.0486,39.98,39.91,19.97,16.83,46.63,47.03,41.27,43.84,49.14,26.61,16.36,44.79,45.2,39.64,42.15,47.37,25.72,16.09,44.18,44.39,38.96,41.33,46.76,25.32,15.95,43.84,44.12,38.69,41.13,46.56,25.04,473,307
"2019-04-15 18:34:20.0",785278,4870,-137.3,37.14,37.17,0.604,0.604,1.652,12.0431,39.98,39.91,19.94,18.8,49.34,50.29,44.39,47.24,52.94,28.98,18.05,47.31,48.12,42.42,45.13,50.77,27.76,17.1,45.07,45.47,39.91,42.42,48.32,26.2,17.17,46.02,46.63,41.06,43.64,49.34,26.67,474,306
"2019-04-15 18:34:40.0",785279,4870,-137.2,37.1,37.12,0.603,0.603,1.654,12.0431,39.98,39.91,19.94,18.46,49.21,49.82,43.71,46.42,52.19,28.44,17.37,46.42,46.83,41.06,43.64,49.27,26.81,17.04,45.41,45.61,39.98,42.42,48.26,26.13,16.97,45.74,45.95,40.25,42.69,48.46,26.2,474,306
"2019-04-15 18:35:00.0",785280,4870,-137.1,37.05,37.07,0.602,0.603,1.656,12.0375,39.99,39.91,19.92,18.46,48.87,49.07,43.03,45.61,51.38,28.03,17.24,45.81,45.74,39.98,42.42,48.05,26.06,17.1,45.34,45.2,39.43,41.88,47.58,25.79,17.17,45.74,45.54,39.77,42.22,47.92,25.93,474,306
"2019-04-15 18:35:20.0",785281,4870,-137,37,37.02,0.602,0.602,1.658,12.0319,39.99,39.91,19.89,19.41,50.43,50.63,44.25,47.03,52.67,28.91,18.39,47.78,47.78,41.74,44.32,49.75,27.28,18.19,47.31,47.1,41.13,43.64,49.21,26.94,18.53,48.12,48.05,41.94,44.59,50.09,27.42,474,306
"2019-04-15 18:35:40.0",785282,4870,-136.9,36.95,36.97,0.601,0.601,1.66,12.0375,40,39.92,19.84,21.24,54.84,55.38,48.53,51.58,56.67,31.63,20.36,53.14,53.69,47.04,49.95,54.7,30.61,19,49.34,49.07,42.76,45.41,50.63,27.83,21.38,55.72,56.54,49.61,52.8,57.28,32.31,474,306
"2019-04-15 18:36:00.0",785283,4870,-136.8,36.9,36.92,0.6,0.601,1.662,12.0431,40,39.92,19.84,29.05,70.93,73.91,65.56,69.91,73.37,42.96,26.47,65.9,68.35,60.47,64.41,67.74,39.57,20.9,53.14,53.01,46.29,49.28,53.96,30.34,27.08,67.26,69.77,61.83,65.9,69.23,40.45,474,306
"2019-04-15 18:36:20.0",785284,4880,-136.8,36.86,36.88,0.6,0.6,1.663,12.0486,40,39.92,19.81,37.13,82.7,88.4,79.95,85.9,89.4,54.37,39.57,84.2,91.1,83.1,89.7,93.3,57.49,22.87,56.54,56.47,49.41,52.74,56.94,32.92,42.22,87.8,95.2,87.1,93.9,97.5,60.34,475,305
"2019-04-15 18:36:40.0",785285,4880,-136.7,36.81,36.83,0.599,0.599,1.665,12.0486,40,39.92,19.78,49.95,97.9,107.2,99,107.2,110.7,69.64,42.15,87.1,93.9,85.7,92.5,95.1,59.18,22.81,58.3,57.83,50.36,53.75,56.88,33.33,39.91,85.4,91.4,83.1,89.7,91.9,57.08,475,305
"2019-04-15 18:37:00.0",785286,4880,-136.6,36.76,36.78,0.598,0.599,1.667,12.0431,40,39.92,19.78,31.22,77.58,80.3,71.33,76.36,77.51,47.24,26.61,68.35,69.3,60.75,64.75,65.7,39.64,22.13,58.51,57.42,49.61,52.87,54.91,32.58,27.9,70.45,71.74,63.19,67.53,68.55,41.74,475,305
"2019-04-15 18:37:20.0",785287,4880,-136.5,36.71,36.73,0.598,0.598,1.669,12.0542,40,39.92,19.76,24.64,66.65,66.11,57.29,60.95,61.7,37.33,21.58,59.8,58.31,49.96,53.01,53.83,32.38,20.29,56.54,54.3,46.29,49.21,50.3,30.14,21.92,60.61,59.12,50.77,53.96,54.78,33.12,475,305
"2019-04-15 18:37:40.0",785288,4880,-136.4,36.66,36.68,0.597,0.597,1.671,12.0486,40.01,39.92,19.73,20.16,57.56,54.84,46.43,49.14,49.75,29.93,18.46,52.94,49.75,41.88,44.26,45,26.88,18.53,53.01,49.82,41.88,44.39,45.14,27.01,18.67,53.62,50.43,42.42,44.87,45.54,27.29,475,305
"2019-04-15 18:38:00.0",785289,4880,-136.3,36.61,36.63,0.596,0.597,1.673,12.0375,40.01,39.92,19.73,17.72,52.33,48.46,40.45,42.69,43.24,25.79,16.36,48.67,44.66,37.06,39.1,39.71,23.62,16.29,48.67,44.53,36.92,38.89,39.5,23.55,16.36,48.87,44.73,37.06,39.03,39.64,23.62,476,304
"2019-04-15 18:38:20.0",785290,4880,-136.3,36.56,36.58,0.596,0.596,1.675,12.0431,40.01,39.92,19.7,15.2,47.45,42.76,34.96,36.79,37.26,21.92,14.12,44.39,39.64,32.31,33.94,34.48,20.16,14.05,44.32,39.37,32.04,33.67,34.21,20.09,14.05,44.46,39.5,32.17,33.73,34.28,20.09,476,304
"2019-04-15 18:38:40.0",785291,4880,-136.2,36.51,36.54,0.595,0.595,1.677,12.0375,40.03,39.92,19.7,13.17,43.24,38.01,30.68,32.11,32.72,18.8,12.22,40.52,35.43,28.44,29.8,30.41,17.38,12.15,40.39,35.16,28.24,29.53,30.2,17.17,12.01,40.32,35.09,28.1,29.39,30.07,17.1,476,304
"2019-04-15 18:39:00.0",785292,4880,-136.1,36.47,36.49,0.594,0.595,1.679,12.0375,40.03,39.92,19.68,11.13,39.23,33.74,26.88,27.97,28.78,15.82,10.32,36.99,31.63,25.12,26.13,26.95,14.66,10.25,36.79,31.43,24.84,25.86,26.81,14.46,10.25,36.99,31.56,24.98,26,26.88,14.53,476,304
"2019-04-15 18:39:20.0",785293,4880,-136,36.42,36.44,0.594,0.594,1.681,12.0375,40.01,39.92,19.68,9.91,36.79,31.29,24.71,25.66,26.74,13.98,9.23,34.82,29.46,23.15,24.03,25.05,13.03,9.16,34.75,29.32,23.01,23.83,24.91,12.9,9.16,34.96,29.46,23.08,23.89,24.98,12.9,476,304
"2019-04-15 18:39:40.0",785294,4890,-135.9,36.37,36.39,0.593,0.593,1.682,12.0486,40.01,39.92,19.65,8.82,35.5,29.66,23.15,23.89,24.78,12.69,8.28,33.8,28.1,21.72,22.4,23.21,11.81,8.28,33.87,28.1,21.72,22.4,23.21,11.81,8.28,34.08,28.24,21.86,22.54,23.28,11.88,477,303
"2019-04-15 18:40:00.0",785295,4890,-135.8,36.32,36.34,0.592,0.593,1.684,12.0486,40.01,39.92,19.65,8.76,35.84,29.87,23.15,23.89,24.5,12.63,8.35,34.41,28.58,22.06,22.81,23.35,12.08,8.42,34.62,28.71,22.2,22.94,23.49,12.15,8.48,34.96,28.98,22.47,23.15,23.69,12.29,477,303
"2019-04-15 18:40:20.0",785296,4890,-135.8,36.27,36.29,0.592,0.592,1.686,12.0486,40,39.92,19.63,9.44,37.67,31.77,24.84,25.73,26.07,13.85,9.16,36.32,30.55,23.89,24.71,25.05,13.3,9.23,36.52,30.82,24.03,24.84,25.18,13.44,9.37,36.93,31.16,24.37,25.18,25.52,13.71,477,303
"2019-04-15 18:40:40.0",785297,4890,-135.7,36.22,36.24,0.591,0.591,1.688,12.0491,40,39.92,19.63,10.93,40.66,35.16,27.9,28.99,29.19,15.95,10.59,39.17,33.74,26.81,27.9,28.03,15.34,10.66,39.44,34.01,27.02,28.1,28.24,15.54,10.66,39.64,34.21,27.15,28.24,28.37,15.61,477,303
"2019-04-15 18:41:00.0",785298,4890,-135.6,36.17,36.19,0.59,0.59,1.69,12.0491,40,39.92,19.6,12.63,44.05,38.9,31.36,32.72,32.79,18.4,12.29,42.29,37.33,30.07,31.43,31.5,17.65,12.35,42.49,37.47,30.21,31.56,31.63,17.72,12.49,43.04,38.01,30.61,32.04,32.04,17.99,477,303
"2019-04-15 18:41:20.0",785299,4890,-135.5,36.12,36.14,0.589,0.59,1.692,12.0491,40,39.92,19.6,14.73,47.86,43.31,35.43,37.13,37.06,21.25,14.12,45.62,41.14,33.67,35.37,35.37,20.23,14.12,45.55,41.07,33.53,35.16,35.23,20.16,14.46,46.5,42.09,34.48,36.18,36.18,20.77,477,303
"2019-04-15 18:41:40.0",785300,4900,-135.4,36.07,36.09,0.589,0.589,1.694,12.0379,40,39.92,19.57,16.7,51.05,47.18,39.17,41.27,41.34,24.03,15.61,47.92,44.05,36.38,38.29,38.49,22.2,15.61,47.79,43.72,36.11,38.01,38.29,22.06,16.29,49.42,45.68,37.95,39.98,40.12,23.28,478,302
"2019-04-15 18:42:00.0",785301,4900,-135.4,36.02,36.04,0.588,0.588,1.696,12.0435,40,39.92,19.57,18.6,54.58,51.45,43.1,45.48,45.68,26.68,17.78,52.06,49.08,41.14,43.38,43.72,25.32,17.45,50.44,47.18,39.44,41.68,42.36,24.51,18.46,53.56,50.71,42.7,45.14,45.48,26.61,478,302
"2019-04-15 18:42:20.0",785302,4900,-135.3,35.97,35.99,0.587,0.588,1.698,12.0383,40.01,39.91,19.55,20.77,58.24,56,47.45,50.17,50.71,29.8,18.67,53.08,50.44,42.49,44.87,45.69,26.47,18.33,51.73,48.88,41.14,43.45,44.53,25.73,19.14,53.83,51.32,43.31,45.75,46.57,27.15,478,302
"2019-04-15 18:42:40.0",785303,4900,-135.2,35.92,35.94,0.587,0.587,1.7,12.0438,40.01,39.91,19.55,19.21,54.17,51.18,42.97,45.35,46.5,26.75,17.65,50.3,47.11,39.37,41.48,42.77,24.3,17.58,50.23,46.98,39.24,41.34,42.7,24.3,17.79,50.78,47.52,39.71,41.82,43.11,24.57,478,302
"2019-04-15 18:43:00.0",785304,4900,-135.1,35.87,35.89,0.586,0.586,1.702,12.0438,40.01,39.91,19.52,18.33,53.36,49.96,41.61,43.78,44.94,25.66,16.9,49.89,46.43,38.56,40.53,41.82,23.62,17.04,49.69,46.16,38.29,40.32,41.75,23.56,17.45,51.25,47.86,39.78,41.82,43.04,24.44,478,302
"2019-04-15 18:43:20.0",785305,4900,-135,35.82,35.84,0.585,0.586,1.704,12.0494,40.01,39.91,19.52,17.72,52.95,49.28,40.8,42.83,43.99,24.91,16.36,49.49,45.75,37.74,39.51,40.87,22.88,15.88,48.54,44.53,36.66,38.35,39.78,22.2,16.02,49.35,45.35,37.27,38.96,40.19,22.47,479,301
"2019-04-15 18:43:40.0",785306,4900,-135,35.77,35.79,0.585,0.585,1.707,12.0494,40.01,39.91,19.52,15.95,50.84,46.64,38.15,39.85,40.93,22.81,15.21,48.06,44.06,36.11,37.74,39.1,21.65,15.27,48.26,44.19,36.25,37.88,39.24,21.79,15.55,49.08,45.07,37,38.69,39.92,22.2,479,301
"2019-04-15 18:44:00.0",785307,4900,-134.9,35.72,35.74,0.584,0.584,1.709,12.0497,40,39.91,19.49,18.74,56.07,53.22,44.6,46.84,47.99,27.43,18.33,54.72,52.34,43.92,46.23,47.38,27.09,17.45,51.05,47.86,39.98,42.09,43.85,24.85,19.14,55.73,53.36,45.01,47.45,48.74,27.97,479,301
"2019-04-15 18:44:20.0",785308,4900,-134.8,35.67,35.69,0.583,0.583,1.711,12.0497,40,39.91,19.49,22.67,62.11,60.62,51.73,54.72,56.28,32.72,21.04,57.7,56.07,47.72,50.44,52.34,30.21,19.96,54.31,51.93,43.99,46.5,48.88,27.97,21.59,58.79,57.23,48.74,51.59,53.43,30.96,479,301
"2019-04-15 18:44:40.0",785309,4900,-134.7,35.62,35.64,0.582,0.583,1.713,12.0497,40,39.91,19.47,23.96,62.59,61.64,52.95,56.07,58.25,34.01,22.4,58.52,57.57,49.42,52.41,54.72,31.77,20.64,54.1,52.14,44.4,46.98,49.83,28.65,22.47,58.86,57.84,49.69,52.68,55.05,32.11,479,301
"2019-04-15 18:45:00.0",785310,4900,-134.6,35.57,35.59,0.582,0.582,1.715,12.0608,40,39.91,19.47,23.56,61.64,60.82,52.27,55.33,57.7,33.6,21.11,55.73,54.31,46.37,49.08,51.73,29.87,20.5,53.49,51.59,43.99,46.5,49.56,28.58,20.57,55.05,53.29,45.41,47.99,50.71,29.19,479,301
"2019-04-15 18:45:20.0",785311,4910,-134.6,35.52,35.54,0.581,0.581,1.717,12.0385,40,39.91,19.44,23.35,60.55,59.67,51.39,54.44,57.09,33.33,22.4,58.65,57.84,49.83,52.81,55.19,32.25,21.79,55.39,53.9,46.3,49.22,52.2,30.34,23.56,61.16,60.62,52.41,55.6,57.84,33.94,480,300
"2019-04-15 18:45:40.0",785312,4910,-134.5,35.47,35.49,0.58,0.581,1.719,12.0447,40.01,39.91,19.44,29.67,70.74,72.09,63.41,67.75,70.06,42.16,27.49,65.92,66.87,58.72,62.66,64.97,38.9,26.14,60.55,60.28,52.68,56.35,59.47,35.44,29.46,68.9,70.26,62.05,66.39,68.56,41.34,480,300
"2019-04-15 18:46:00.0",785313,4910,-134.4,35.42,35.44,0.58,0.58,1.721,12.0447,40.03,39.91,19.42,34.21,76.71,79.77,71.14,76.37,78.68,48,29.53,68.29,69.85,61.71,66.05,68.29,41.21,26.61,60.96,60.83,53.22,56.96,60.01,35.91,29.06,67.61,68.84,60.83,65.1,67.41,40.66,480,300
"2019-04-15 18:46:20.0",785314,4910,-134.3,35.37,35.39,0.579,0.579,1.723,12.0447,40.01,39.91,19.42,33.47,75.62,78.27,69.65,74.74,76.58,46.84,35.44,78.41,82.7,74.34,79.97,81.6,50.37,26.88,61.17,61.1,53.56,57.43,60.28,36.39,36.73,79.97,84.5,76.37,82.4,84.3,52.34,480,300
"2019-04-15 18:46:40.0",785315,4910,-134.2,35.32,35.34,0.578,0.578,1.725,12.0391,40.04,39.91,19.42,33.2,77.73,80.8,71.82,76.98,77.87,47.59,26.48,66.39,67.21,58.79,62.66,63.54,38.08,23.15,57.7,56.68,49.15,52.48,54.65,32.45,25.19,65.03,65.31,57.02,60.76,61.57,36.73,480,300
"2019-04-15 18:47:00.0",785316,4920,-134.2,35.27,35.29,0.577,0.578,1.727,12.0503,40.04,39.91,19.42,21.86,58.99,57.16,48.88,51.8,53.22,31.23,20.16,54.58,52.2,44.33,46.98,48.61,28.31,20.23,54.31,51.8,43.99,46.71,48.4,28.31,20.57,55.53,53.15,45.14,47.86,49.35,28.92,481,299
"2019-04-15 18:47:20.0",785317,4920,-134.1,35.22,35.24,0.577,0.577,1.73,12.0499,40.04,39.91,19.44,21.66,58.04,55.6,47.25,50.1,51.8,30.35,19.89,53.97,51.39,43.45,46.1,47.93,27.7,20.3,54.45,51.93,44.06,46.77,48.74,28.24,20.91,56.14,53.83,45.76,48.54,50.37,29.33,481,299
"2019-04-15 18:47:40.0",785318,4920,-134,35.17,35.19,0.576,0.576,1.732,12.0499,40.04,39.91,19.42,21.66,58.52,56.55,48.2,51.12,53.16,30.62,19.62,53.97,51.73,43.92,46.57,48.67,27.56,19.89,54.17,51.93,44.13,46.84,49.08,27.83,20.3,55.67,53.56,45.55,48.34,50.37,28.58,481,299
"2019-04-15 18:48:00.0",785319,4920,-133.9,35.12,35.14,0.575,0.576,1.734,12.0444,40.04,39.91,19.42,20.23,56.14,54.11,46.03,48.74,51.12,28.51,18.53,51.66,49.42,41.95,44.47,47.05,25.86,18.6,51.93,49.69,42.16,44.74,47.32,26.14,18.8,52.48,50.3,42.77,45.28,47.86,26.41,481,299
"2019-04-15 18:48:20.0",785320,4920,-133.8,35.06,35.09,0.575,0.575,1.736,12.0499,40.04,39.91,19.36,18.87,53.29,51.19,43.45,45.96,48.74,26.61,17.79,50.24,48.06,40.73,43.18,45.96,24.98,17.72,50.17,47.93,40.66,43.04,45.82,24.85,17.92,50.78,48.61,41.21,43.72,46.5,25.25,481,299
"2019-04-15 18:48:40.0",785321,4920,-133.8,35.01,35.04,0.574,0.574,1.738,12.0388,40.04,39.91,19.36,18.4,52.27,50.17,42.57,45.08,47.86,25.93,17.31,49.29,47.05,39.85,42.23,45.01,24.24,17.51,49.9,47.66,40.32,42.7,45.48,24.58,17.72,50.37,48.2,40.8,43.24,45.96,24.85,482,298
"2019-04-15 18:49:00.0",785322,4920,-133.7,34.96,34.99,0.573,0.573,1.741,12.0394,40.04,39.91,19.36,18.53,52.55,50.37,42.63,45.21,47.86,26,17.52,49.97,47.66,40.33,42.77,45.35,24.51,17.65,50.17,47.86,40.53,42.91,45.55,24.64,17.79,50.58,48.34,40.94,43.38,45.96,24.85,482,298
"2019-04-15 18:49:20.0",785323,4920,-133.6,34.91,34.93,0.572,0.573,1.743,12.0505,40.04,39.91,19.36,18.4,52.82,50.58,42.84,45.35,47.86,25.87,17.65,50.51,48.2,40.8,43.24,45.69,24.64,17.79,50.92,48.68,41.21,43.65,46.1,24.91,17.99,51.46,49.22,41.68,44.13,46.57,25.19,482,298
"2019-04-15 18:49:40.0",785324,4920,-133.5,34.86,34.88,0.572,0.572,1.745,12.0338,40.04,39.91,19.36,19.96,55.46,53.43,45.48,48.27,50.37,27.9,19.48,53.63,51.59,43.92,46.64,48.61,27.09,19.55,53.7,51.59,43.92,46.64,48.61,27.16,19.82,54.45,52.41,44.6,47.39,49.29,27.63,482,298
"2019-04-15 18:50:00.0",785325,4920,-133.5,34.81,34.83,0.571,0.571,1.747,12.0449,40.04,39.91,19.36,22.27,60.15,58.52,50.1,53.29,54.65,31.3,21.59,57.84,56.28,48.13,51.26,52.68,30.07,21.25,56.96,55.06,46.98,49.97,51.46,29.46,21.72,58.59,56.89,48.61,51.73,52.95,30.41,482,298
"2019-04-15 18:50:20.0",785326,4930,-133.4,34.76,34.78,0.57,0.57,1.749,12.0394,40.04,39.91,19.34,27.16,70.26,70.6,61.37,65.58,65.92,38.9,28.85,71.69,73.18,64.36,68.91,69.18,41.21,22.95,59.13,57.5,49.29,52.55,53.9,31.36,28.99,72.3,73.66,64.76,69.38,69.58,41.48,482,298
"2019-04-15 18:50:40.0",785327,4930,-133.3,34.71,34.73,0.569,0.57,1.752,12.0565,40.04,39.91,19.34,32.52,77.87,79.97,70.6,75.76,75.97,45.69,28.78,70.88,72.03,63.14,67.62,67.89,40.39,23.42,59.54,57.84,49.63,53.02,54.24,31.57,30.41,74,75.9,67.07,72.03,72.3,43.31,483,297
"2019-04-15 18:51:00.0",785328,4930,-133.2,34.66,34.68,0.569,0.569,1.754,12.051,40.04,39.91,19.34,32.79,77.46,79.57,70.33,75.63,75.97,45.62,29.74,71.96,73.46,64.63,69.25,69.45,41.41,23.9,59.4,57.64,49.42,52.82,54.11,31.5,31.02,73.46,75.29,66.53,71.55,71.96,43.18,483,297
"2019-04-15 18:51:20.0",785329,4930,-133.1,34.6,34.63,0.568,0.568,1.756,12.051,40.04,39.91,19.34,41.75,88.2,93.4,84.4,91.3,92.1,56.69,39.51,83.9,88.9,80.2,86.7,87.3,53.56,23.9,58.79,56.75,48.54,51.87,53.02,30.89,39.38,83.8,88.6,79.97,86.5,87.2,53.5,483,297
"2019-04-15 18:51:40.0",785330,4930,-133.1,34.55,34.58,0.567,0.567,1.758,12.0565,40.04,39.91,19.34,36.39,81.3,84.5,75.36,81.2,81.3,49.56,30.69,72.64,74.27,65.44,70.33,70.33,42.36,23.42,58.11,55.94,47.66,50.85,51.73,30.21,31.91,74.2,76.1,67.35,72.5,72.64,43.99,483,297
"2019-04-15 18:52:00.0",785331,4930,-133,34.5,34.52,0.566,0.567,1.761,12.0621,40.04,39.91,19.34,35.1,79.9,82.5,73.18,78.75,78.61,47.93,36.46,79.97,83.6,74.81,80.8,80.9,49.42,23.01,57.43,54.92,46.71,49.76,50.44,29.6,38.83,82.6,86.8,78,84.3,84.5,52,483,297
"2019-04-15 18:52:20.0",785332,4940,-132.9,34.45,34.47,0.566,0.566,1.763,12.0458,40.05,39.91,19.34,35.23,79.57,81.9,72.44,77.87,77.46,47.25,29.19,70.74,71.62,62.59,67.01,66.53,39.99,23.08,57.84,55.47,47.25,50.44,50.98,30.07,30.62,72.57,73.86,64.97,69.72,69.38,42.02,484,296
"2019-04-15 18:52:40.0",785333,4940,-132.8,34.4,34.42,0.565,0.565,1.765,12.0458,40.05,39.91,19.34,30.96,74.07,74.88,65.58,70.2,69.86,42.16,27.63,68.23,68.43,59.47,63.54,63.2,37.75,23.56,58.66,56.55,48.34,51.6,52.21,30.82,27.83,68.64,68.77,59.81,64.02,63.68,38.22,484,296
"2019-04-15 18:53:00.0",785334,4940,-132.8,34.35,34.37,0.564,0.565,1.768,12.0402,40.05,39.91,19.34,29.74,72.3,72.78,63.48,68.02,67.69,40.73,24.98,63.75,62.87,54.18,57.77,57.57,34.22,23.15,58.38,56.35,48.13,51.46,51.93,30.69,24.92,63.95,63,54.24,57.98,57.71,34.35,484,296
"2019-04-15 18:53:20.0",785335,4940,-132.7,34.29,34.32,0.563,0.564,1.77,12.0402,40.05,39.91,19.34,25.39,64.29,63,54.24,57.91,58.04,34.62,23.08,59.2,57.43,49.08,52.34,52.68,31.16,23.01,58.38,56.35,48.13,51.39,51.93,30.75,23.35,60.08,58.38,50.03,53.36,53.63,31.91,484,296
"2019-04-15 18:53:40.0",785336,4940,-132.6,34.24,34.26,0.563,0.563,1.772,12.0458,40.05,39.91,19.34,24.58,62.59,61.17,52.48,56.01,56.35,33.54,22.54,58.04,56.14,48,51.19,51.73,30.55,22.61,58.11,56.14,48,51.19,51.8,30.69,22.74,58.86,57.03,48.74,52,52.48,31.09,484,296
"2019-04-15 18:54:00.0",785337,4940,-132.5,34.19,34.21,0.562,0.562,1.775,12.0405,40.04,39.91,19.31,23.42,60.76,59.13,50.65,53.97,54.58,32.25,21.72,56.69,54.79,46.71,49.83,50.58,29.67,21.93,57.03,55.06,46.98,50.17,50.92,29.94,22.06,57.57,55.67,47.59,50.71,51.46,30.28,484,296
"2019-04-15 18:54:20.0",785338,4950,-132.5,34.14,34.16,0.561,0.562,1.777,12.0572,40.04,39.91,19.31,22.74,59.54,57.91,49.56,52.82,53.7,31.5,21.25,55.8,54.04,46.16,49.22,50.17,29.26,21.52,56.35,54.52,46.57,49.69,50.71,29.67,21.66,56.82,55.06,47.05,50.17,51.19,29.87,485,295
"2019-04-15 18:54:40.0",785339,4950,-132.4,34.08,34.11,0.56,0.561,1.78,12.0628,40.04,39.91,19.31,22.4,58.86,57.3,49.15,52.34,53.5,31.16,21.11,55.47,53.77,46.03,49.08,50.24,29.19,21.32,55.8,54.24,46.44,49.56,50.78,29.46,21.52,56.55,54.99,47.12,50.24,51.46,29.94,485,295
"2019-04-15 18:55:00.0",785340,4950,-132.3,34.03,34.06,0.56,0.56,1.782,12.0516,40.04,39.91,19.34,22.34,58.59,57.3,49.22,52.41,53.84,31.23,21.11,55.4,53.97,46.3,49.36,50.78,29.33,21.39,55.67,54.24,46.57,49.76,51.26,29.67,21.59,56.55,55.26,47.45,50.58,52,30.14,485,295
"2019-04-15 18:55:20.0",785341,4950,-132.2,33.98,34,0.559,0.559,1.784,12.0572,40.04,39.91,19.34,22.47,58.32,57.3,49.36,52.61,54.24,31.36,21.32,55.26,54.11,46.5,49.69,51.39,29.6,21.59,55.6,54.52,46.91,50.1,51.94,29.94,21.86,56.55,55.53,47.86,51.05,52.75,30.48,485,295
"2019-04-15 18:55:40.0",785342,4950,-132.1,33.93,33.95,0.558,0.558,1.787,12.0574,40.04,39.9,19.36,22.74,58.39,57.71,49.83,53.23,55.19,31.77,21.59,55.33,54.45,47.05,50.24,52.21,30.01,21.93,55.81,54.99,47.52,50.78,52.89,30.41,22.2,56.62,56.01,48.41,51.73,53.7,30.96,485,295
"2019-04-15 18:56:00.0",785343,4950,-132.1,33.88,33.9,0.557,0.558,1.789,12.0407,40.04,39.9,19.36,23.01,58.32,57.91,50.24,53.63,55.87,32.11,21.79,55.19,54.65,47.25,50.58,52.89,30.28,22.13,55.81,55.26,47.93,51.26,53.56,30.75,22.47,56.69,56.28,48.88,52.21,54.52,31.3,486,294
"2019-04-15 18:56:20.0",785344,4950,-132,33.82,33.85,0.557,0.557,1.792,12.0463,40.04,39.9,19.36,23.29,58.45,58.32,50.65,54.18,56.62,32.52,22,55.26,54.99,47.73,51.05,53.5,30.62,22.34,55.81,55.53,48.27,51.6,54.11,31.09,22.74,56.89,56.76,49.36,52.82,55.26,31.7,486,294
"2019-04-15 18:56:40.0",785345,4950,-131.9,33.77,33.79,0.556,0.556,1.794,12.0463,40.04,39.9,19.36,23.63,58.72,58.79,51.26,54.79,57.37,32.93,22.27,55.4,55.26,48.07,51.46,54.11,31.03,22.54,55.81,55.67,48.54,51.94,54.58,31.36,23.08,57.16,57.23,49.9,53.43,55.94,32.18,486,294
"2019-04-15 18:57:00.0",785346,4950,-131.8,33.72,33.74,0.555,0.555,1.796,12.0407,40.04,39.9,19.36,23.9,59.13,59.47,51.94,55.53,58.25,33.54,22.4,55.74,55.87,48.68,52.14,54.79,31.5,22.61,55.74,55.81,48.68,52.14,54.92,31.57,23.35,57.64,58.05,50.71,54.31,56.96,32.79,486,294
"2019-04-15 18:57:20.0",785347,4950,-131.8,33.67,33.69,0.554,0.555,1.799,12.0409,40.06,39.9,19.36,24.58,60.56,61.37,53.7,57.5,60.08,34.76,23.01,57.3,57.84,50.58,54.11,56.69,32.72,22.74,56.01,56.28,49.15,52.61,55.47,32.04,24.1,59.68,60.49,53.02,56.76,59.2,34.28,486,294
"2019-04-15 18:57:40.0",785348,4960,-131.7,33.61,33.64,0.554,0.554,1.801,12.052,40.07,39.9,19.36,25.73,63.54,64.97,57.1,61.1,63.41,36.93,24.1,59.95,61.17,53.63,57.37,59.61,34.69,23.15,56.55,56.96,49.9,53.5,56.35,32.72,25.26,62.46,64.02,56.21,60.22,62.32,36.46,487,293
"2019-04-15 18:58:00.0",785349,4960,-131.6,33.56,33.58,0.553,0.553,1.804,12.052,40.07,39.9,19.39,27.29,66.94,68.98,60.76,65.11,66.94,39.51,25.87,63.54,65.38,57.5,61.58,63.48,37.34,23.69,57.3,57.84,50.65,54.31,57.16,33.54,27.5,66.53,68.77,60.69,65.04,66.8,39.58,487,293
"2019-04-15 18:58:20.0",785350,4960,-131.5,33.51,33.53,0.552,0.552,1.806,12.052,40.07,39.9,19.39,27.83,67.01,68.98,60.76,65.04,66.87,39.78,25.59,61.92,63.27,55.47,59.4,61.37,36.39,24.3,57.84,58.45,51.19,54.92,57.57,34.22,26.34,63.41,64.83,56.96,61.03,62.93,37.61,487,293
"2019-04-15 18:58:40.0",785351,4960,-131.5,33.45,33.48,0.551,0.552,1.809,12.0576,40.07,39.9,19.39,26.14,62.59,63.54,55.67,59.68,61.78,36.93,23.9,57.71,58.05,50.71,54.31,56.48,33.67,24.17,57.37,57.64,50.44,54.11,56.55,33.81,25.12,59.88,60.49,52.95,56.82,58.86,35.3,487,293
"2019-04-15 18:59:00.0",785352,4960,-131.4,33.4,33.43,0.551,0.551,1.811,12.0577,40.07,39.9,19.39,24.92,59.74,60.01,52.41,56.08,58.32,34.9,22.81,54.99,54.79,47.66,51.05,53.36,31.7,23.08,55.4,55.26,48.07,51.53,53.9,32.18,23.69,56.89,56.89,49.56,53.09,55.33,33.06,487,293
"2019-04-15 18:59:20.0",785353,4960,-131.3,33.35,33.37,0.55,0.55,1.814,12.0522,40.07,39.9,19.39,23.08,56.35,56.08,48.68,52.07,54.24,32.18,21.18,52,51.32,44.47,47.59,49.83,29.33,21.45,52.55,51.87,44.94,48.07,50.37,29.74,21.93,53.63,53.09,46.03,49.29,51.46,30.41,487,293
"2019-04-15 18:59:40.0",785354,4970,-131.2,33.29,33.32,0.549,0.549,1.816,12.0466,40.07,39.9,19.39,21.32,53.02,52.21,45.08,48.13,50.37,29.53,19.62,49.08,47.93,41.28,44.13,46.5,27.02,19.89,49.63,48.47,41.82,44.67,46.98,27.43,20.23,50.51,49.49,42.63,45.55,47.79,27.97,488,292
