"TOA5","","","1764","CR1000.Std.24","CPU:MFRSR_10012018V2.8.CR1","13574","TableHdr","PbCdlComm-1.6.0 (2016/01/26)"
"TIMESTAMP","RECORD","loggerID""headID""xpgmVerID""xlat""xlon""xSiteElev""xFULLREV""xCRXHSTEPS""xSCANseconds""xSCANnAvg""xSCANtrough""xHOMEoffset""xALLTIMEband"
"TS","RN","--""--""--""deg""deg""m""--""--""sec""--""--""--""--"
"","","Smp""Smp""Smp""Smp""Smp""Smp""Smp""Smp""Smp""Smp""Smp""Smp""Smp"
"2019-04-16 12:00:00.0",373,1764,180054423,2.8,-32.1259,-64.7287,1160,800,20,20,1,10,0,-1
"TOA5","","","1764","CR1000.Std.24","CPU:MFRSR_10012018V2.8.CR1","13574","Table155","PbCdlComm-1.6.0 (2016/01/26)"
"TIMESTAMP","RECORD","xoset""az""el""al""cosz""cosasz""pamass""vBat""Thead""THTC""Tlogger""Dnadir(1)""Dnadir(2)""Dnadir(3)""Dnadir(4)""Dnadir(5)""Dnadir(6)""Dnadir(7)""Deast(1)""Deast(2)""Deast(3)""Deast(4)""Deast(5)""Deast(6)""Deast(7)""Dsun(1)""Dsun(2)""Dsun(3)""Dsun(4)""Dsun(5)""Dsun(6)""Dsun(7)""Dwest(1)""Dwest(2)""Dwest(3)""Dwest(4)""Dwest(5)""Dwest(6)""Dwest(7)""kount""khome"
"TS","RN","sec""deg""deg""deg""--""--""--""Volt""degC""degC""degC""mV""mV""mV""mV""mV""mV""mV""mV""mV""mV""mV""mV""mV""mV""mV""mV""mV""mV""mV""mV""mV""mV""mV""mV""mV""mV""mV""mV""--""--"
"","","Smp""Smp""Smp""Smp""Smp""Smp""Smp""Smp""Smp""Smp""Smp""Smp""Smp""Smp""Smp""Smp""Smp""Smp""Smp""Smp""Smp""Smp""Smp""Smp""Smp""Smp""Smp""Smp""Smp""Smp""Smp""Smp""Smp""Smp""Smp""Smp""Smp""Smp""Smp""Smp""Smp"
"2019-04-16 17:00:00.0",789315,4490,-165.9,46.47,46.48,0.725,0.725,1.378,12.0542,40.19,39.94,22.61,31.49,84.1,80.4,67.6,70.38,66.65,66.78,27.28,75.4,71.4,59.66,62.17,59.11,59.11,15.95,47.58,40.25,31.83,32.78,32.78,30.74,37.8,91.6,90.2,77.37,81.1,77.17,78.59,421,359
"2019-04-16 17:00:20.0",789316,4490,-165.8,46.45,46.46,0.725,0.725,1.378,12.0542,40.19,39.94,22.64,67.12,133.9,140,125,133,128.5,135.5,65.76,129.2,135.9,122.2,130.3,126.4,134,16.49,47.44,40.25,31.9,33.05,33.26,31.76,76.96,143.3,152.8,138.7,148.6,145,154.4,421,359
"2019-04-16 17:00:40.0",789317,4500,-165.7,46.43,46.45,0.725,0.725,1.378,12.0486,40.19,39.94,22.64,78.32,146.9,156.4,141.6,151.8,148,157.9,75.13,141.4,149.9,134.9,143.7,138.7,147.4,16.22,46.63,39.16,30.95,32.17,32.17,30.95,65.7,128.5,135,121.2,129.2,125.1,132.8,422,358
"2019-04-16 17:01:00.0",789318,4500,-165.6,46.41,46.43,0.724,0.724,1.379,12.0486,40.19,39.92,22.67,50.15,114.2,115.2,100.1,105.3,99.6,103.9,37.26,93.6,91.9,77.98,81.2,75.74,77.64,13.85,43.91,35.83,27.55,28.23,27.83,26.33,42.01,100.5,100.1,86.1,90.4,85,88.1,422,358
"2019-04-16 17:01:20.0",789319,4500,-165.5,46.39,46.41,0.724,0.724,1.379,12.0486,40.19,39.94,22.7,75.6,143.1,151.1,135.8,145.2,140.6,150.1,75.47,140.2,149,134.7,144,139.5,148.8,11.61,40.99,32.03,23.48,23.62,23.08,21.31,75.94,140.7,149.2,135,144.3,140,149.6,422,358
"2019-04-16 17:01:40.0",789320,4500,-165.3,46.38,46.39,0.724,0.724,1.38,12.0486,40.19,39.94,22.73,55.31,119,121.2,106.2,112,106.4,111.6,40.45,95.9,95.6,82.8,87.2,82.4,85.5,10.52,40.52,31.49,22.94,22.94,22.06,20.09,53.07,114.1,117.1,103.5,109.9,105,110.9,422,358
"2019-04-16 17:02:00.0",789321,4500,-165.2,46.36,46.37,0.724,0.724,1.38,12.0431,40.18,39.94,22.73,22.06,70.79,64.07,51.58,52.87,47.85,47.58,24.98,73.98,68.82,56.33,58.09,53.07,53.34,11.2,41.6,32.85,24.3,24.43,23.35,21.45,20.84,68.41,61.9,49.75,51.04,46.15,45.74,422,358
"2019-04-16 17:02:20.0",789322,4510,-165.1,46.34,46.36,0.723,0.724,1.38,12.0542,40.17,39.94,22.75,73.09,145.2,152.8,137,145.9,139.5,148.7,64.14,131.4,137.8,122.9,130.6,124.5,132,12.96,43.16,34.68,26.13,26.54,25.99,24.77,61.15,124.9,129.4,114.7,121.8,115.9,122.8,423,357
"2019-04-16 17:02:40.0",789323,4500,-165,46.32,46.34,0.723,0.723,1.381,12.0542,40.17,39.94,22.78,61.22,124,127.3,112.4,119.2,114.7,121.6,60.61,122.9,127.2,112.9,120.1,116,123.5,13.91,44.18,35.83,27.22,27.62,27.35,26.6,58.84,122.2,126.2,112.2,119.2,115.1,123.2,423,357
"2019-04-16 17:03:00.0",789324,4500,-164.9,46.3,46.32,0.723,0.723,1.381,12.0542,40.17,39.94,22.78,80.7,148.2,156.6,141.2,150.9,146.8,158.3,78.73,144.3,153.5,138.8,148.2,143.5,154.3,14.25,44.66,36.11,27.42,27.89,27.49,26.88,78.25,143.3,151.8,137.2,146.7,142.6,153.4,423,357
"2019-04-16 17:03:20.0",789325,4500,-164.8,46.29,46.3,0.723,0.723,1.382,12.0542,40.17,39.94,22.81,80.4,148.1,156.4,140.3,149.8,145.2,156.6,77.78,143.8,151.9,136.5,145.6,141.4,152.3,14.05,44.32,35.49,26.67,27.08,26.6,25.86,77.78,142.9,151.1,136.1,145.3,141,151.9,423,357
"2019-04-16 17:03:40.0",789326,4500,-164.6,46.27,46.28,0.723,0.723,1.382,12.0598,40.17,39.94,22.84,79.2,145.9,153.5,138,147.5,142.9,154.1,76.96,142,150.1,135,144.3,139.6,150.3,13.44,43.5,34.34,25.59,25.99,25.25,24.36,77.44,141.8,149.9,135.1,144.4,140,151,423,357
"2019-04-16 17:04:00.0",789327,4510,-164.5,46.25,46.26,0.722,0.723,1.383,12.0427,40.16,39.94,22.84,63.05,127.3,130.9,115.7,123,117.5,125.6,72.28,136.8,142.9,127.6,136.1,130.8,140.4,13.17,43.3,34.27,25.72,26.2,25.11,24.3,71.94,136.6,143.3,128.2,137,132.1,142.1,424,356
"2019-04-16 17:04:20.0",789328,4510,-164.4,46.23,46.24,0.722,0.722,1.383,12.0482,40.16,39.94,22.87,60.2,121.8,123.7,108.8,115,109.4,116.6,31.15,81.6,78.18,65.83,68.82,64.27,66.24,12.08,41.81,32.44,23.96,24.36,23.48,22.4,42.76,101.5,101.6,88.4,93.7,88.7,94.1,424,356
"2019-04-16 17:04:40.0",789329,4510,-164.3,46.21,46.23,0.722,0.722,1.383,12.0427,40.16,39.94,22.87,61.08,123.9,127.7,113.1,120.1,115.2,122.7,74.86,142.3,149.8,134.8,143.8,138.3,149,11.74,40.86,31.35,22.94,23.21,22.46,21.38,68.55,130.8,136.3,121.3,128.7,124,132.6,424,356
"2019-04-16 17:05:00.0",789330,4510,-164.2,46.19,46.21,0.722,0.722,1.384,12.0482,40.16,39.94,22.9,53,112.8,113.1,98.3,103.9,99,105.3,61.9,124.1,128,113.5,120.7,115.9,124.5,10.38,39.36,29.25,20.56,20.5,19.55,18.32,68.82,132.5,138.2,123.4,131.7,127,137.4,424,356
"2019-04-16 17:05:20.0",789331,4510,-164.1,46.17,46.19,0.721,0.722,1.384,12.0482,40.16,39.94,22.92,74.93,139.9,146.1,130.7,139.3,134.9,146.3,73.7,136.7,143.5,128.8,137.5,133.1,144.4,9.57,38.35,27.96,19.21,18.94,18.05,16.76,74.18,137,143.7,129,137.8,133.4,144.9,424,356
"2019-04-16 17:05:40.0",789332,4510,-164,46.15,46.17,0.721,0.721,1.385,12.0423,40.16,39.94,22.92,73.84,139.3,145.4,129.8,138.3,133.2,144.4,73.03,136.6,143.2,128.5,137.1,132.3,143.3,8.96,37.53,27.01,18.32,17.92,17.1,15.68,73.3,136.8,143.3,128.5,137.2,132.5,143.5,424,356
"2019-04-16 17:06:00.0",789333,4520,-163.8,46.13,46.15,0.721,0.721,1.385,12.0535,40.16,39.94,22.95,73.43,138.5,144.3,128.8,137.2,132.6,143.5,72.48,135.7,142.3,127.5,136,131.1,142.2,8.75,36.99,26.4,17.85,17.44,16.63,15.07,73.03,136.1,142.7,127.7,136.5,131.7,143.1,425,355
"2019-04-16 17:06:20.0",789334,4520,-163.7,46.11,46.13,0.721,0.721,1.386,12.0535,40.16,39.94,22.98,73.43,138.4,144.4,128.8,137.3,132.4,143.2,72.55,135.8,142.6,127.5,136.2,131.4,141.8,8.89,36.85,26.4,17.85,17.51,16.76,15.2,73.23,136.2,142.9,128,136.8,132,143.1,425,355
"2019-04-16 17:06:40.0",789335,4520,-163.6,46.09,46.11,0.72,0.721,1.386,12.0535,40.16,39.94,22.98,73.77,138.5,144.4,129.2,137.8,133,144.4,72.62,135.7,142.3,127.4,135.9,131.3,142.3,9.16,36.92,26.6,18.12,17.78,17.03,15.41,73.43,136.4,143.1,128.3,136.9,132.3,143.6,425,355
"2019-04-16 17:07:00.0",789336,4520,-163.5,46.07,46.09,0.72,0.72,1.387,12.0535,40.16,39.94,22.98,73.84,138.8,145,129.4,137.8,133.1,144.4,72.69,135.9,142.5,127.9,136.6,131.6,142.7,9.3,37.26,26.94,18.53,18.26,17.37,15.68,73.5,136.8,143.6,128.8,137.3,132.6,143.8,425,355
"2019-04-16 17:07:20.0",789337,4520,-163.4,46.05,46.07,0.72,0.72,1.387,12.0532,40.16,39.94,23.01,74.18,139.3,145.4,130.1,138.7,133.7,144.6,72.89,136.4,143.2,128.4,137.1,132.1,142.8,9.71,37.87,27.76,19.21,19.07,18.05,16.42,73.91,137.6,144.5,129.7,138.5,133.4,144.4,425,355
"2019-04-16 17:07:40.0",789338,4520,-163.3,46.03,46.05,0.72,0.72,1.388,12.0476,40.19,39.94,23.04,74.86,140.9,147.3,131.5,140.4,135.2,146.8,73.3,137.5,144.3,129.4,138.2,133.2,144.4,10.45,38.96,29.05,20.5,20.36,19.48,17.92,74.72,138.7,145.8,130.9,139.7,134.7,146.3,426,354
"2019-04-16 17:08:00.0",789339,4520,-163.2,46.01,46.03,0.719,0.72,1.388,12.0476,40.19,39.94,23.04,75.94,141.6,148.2,132.7,141.6,136.8,148.2,74.18,137.9,145,130.1,139,134.2,145.4,11.47,40.25,30.54,21.92,21.99,21.11,19.75,75.74,139.5,147,132.1,141.1,136.4,147.8,426,354
"2019-04-16 17:08:20.0",789340,4520,-163,45.99,46.01,0.719,0.719,1.389,12.0476,40.19,39.94,23.07,77.03,143.6,150.5,134.9,143.9,138.8,150.1,75.54,140.5,148,133.1,141.8,137.4,148,12.49,41.81,32.37,23.62,23.82,23.08,21.85,76.89,142,149.6,134.4,143.5,138.8,149.9,426,354
"2019-04-16 17:08:40.0",789341,4520,-162.9,45.97,45.99,0.719,0.719,1.389,12.0476,40.19,39.94,23.1,78.18,145.9,153,136.9,145.8,141.2,152,76.96,142.7,150.4,135.3,144.4,139.8,150.5,13.51,43.3,34.14,25.38,25.65,25.18,24.03,77.98,143.8,151.7,136.2,145.4,140.8,151.8,426,354
"2019-04-16 17:09:00.0",789342,4530,-162.8,45.95,45.96,0.719,0.719,1.389,12.0419,40.19,39.94,23.1,79.27,147.1,154.7,138.9,147.9,143.4,154.1,78.25,144.3,152.6,137,146.5,142,152.6,14.66,44.93,36.11,27.22,27.69,27.42,26.26,78.93,145.1,153.2,138,147.3,143,153.6,426,354
"2019-04-16 17:09:20.0",789343,4520,-162.7,45.93,45.94,0.718,0.719,1.39,12.0474,40.19,39.94,23.12,80.6,148.8,156.8,140.8,150.5,146.2,156.5,79.34,145.7,154.2,138.9,148.5,144.2,154.7,16.15,46.76,38.41,29.59,30.2,30.4,29.39,80.5,146.9,155.6,140.3,149.7,146,156.6,426,354
"2019-04-16 17:09:40.0",789344,4530,-162.6,45.91,45.92,0.718,0.718,1.39,12.053,40.19,39.94,23.12,82.3,151,159.6,143.6,153.5,150,160.6,80.3,147.2,156,140.8,150.5,146.7,157,17.71,49,41.26,32.58,33.59,34.14,33.32,81.9,149,158.3,142.9,152.8,149.1,159.6,427,353
"2019-04-16 17:10:00.0",789345,4530,-162.5,45.89,45.9,0.718,0.718,1.391,12.053,40.19,39.94,23.15,68.34,138.3,144.2,128.1,135.7,131.1,139,61.62,128.5,133.4,118.2,125.4,121,128.1,18.26,50.56,43.44,34.68,35.9,36.51,35.43,60.27,127.8,132.5,117.2,124.1,119.9,126.3,427,353
"2019-04-16 17:10:20.0",789346,4530,-162.4,45.86,45.88,0.718,0.718,1.391,12.0586,40.19,39.94,23.15,26.81,79.07,73.91,60.47,62.78,59.25,58.3,21.92,68.75,62.85,50.83,52.39,49.61,48.73,18.26,51.17,44.32,35.7,37.12,37.8,36.45,24.5,72.96,68.07,56.06,58.23,55.58,54.97,427,353
"2019-04-16 17:10:40.0",789347,4530,-162.2,45.84,45.86,0.717,0.718,1.392,12.0584,40.19,39.94,23.18,60.81,129.5,133.4,117.7,124.8,120.3,126.9,26.33,75.33,70.78,58.43,60.47,57.89,57.55,19,51.98,45.47,36.78,38.21,39.16,37.73,26.54,75.67,71.26,59.25,61.69,59.31,58.7,427,353
"2019-04-16 17:11:00.0",789348,4530,-162.1,45.82,45.84,0.717,0.717,1.392,12.064,40.19,39.94,23.21,34.14,92.1,89.4,75.6,79.13,75.74,76.82,45.4,109.1,110.2,95.7,101,96.3,100.8,20.22,53.61,47.23,38.34,39.84,41.06,39.97,51.37,116.4,118.9,104,110,105.7,110.6,427,353
"2019-04-16 17:11:20.0",789349,4540,-162,45.8,45.82,0.717,0.717,1.393,12.0473,40.19,39.94,23.21,83.5,157.4,167.8,151.3,161.7,158.7,169.6,82.5,152.6,162.9,147.3,157.3,154.7,165.6,21.99,55.58,49.41,40.31,42.01,43.77,43.03,86.3,156.8,168,152.4,163.3,161,172.4,428,352
"2019-04-16 17:11:40.0",789350,4540,-161.9,45.78,45.79,0.717,0.717,1.393,12.0473,40.19,39.94,23.24,89.7,161.6,172.9,156.4,167.3,165.4,177.3,87,156.3,167.4,151.6,162.2,160.2,171.4,22.8,56.19,49.81,40.45,42.08,44.11,43.37,87.8,157.3,168.2,152.4,163.1,161.5,172.9,428,352
"2019-04-16 17:12:00.0",789351,4540,-161.8,45.76,45.77,0.716,0.717,1.394,12.0473,40.19,39.94,23.24,89.4,161.7,172,155.1,166.1,163.6,175.2,87.1,156.9,167.5,151.2,161.7,159.5,170.4,22.46,55.72,49,39.63,41.13,43.03,42.08,87,156.8,167.4,151.3,161.4,159.2,170.5,428,352
"2019-04-16 17:12:20.0",789352,4540,-161.7,45.73,45.75,0.716,0.716,1.395,12.0471,40.18,39.94,23.27,87.7,159.2,168.8,151.9,162.5,159.8,171.5,86,155.3,165.2,149.2,159.7,157.2,168.4,21.24,53.68,46.55,37.19,38.55,40.24,39.16,85,154,163.7,147.7,157.9,155.3,166.7,428,352
"2019-04-16 17:12:40.0",789353,4540,-161.6,45.71,45.73,0.716,0.716,1.395,12.0471,40.18,39.94,23.29,85.3,155.5,164.5,147.9,157.9,155.1,166.7,84.1,152.1,161.7,145.7,155.7,152.8,164.6,19.41,50.97,43.3,34.14,35.15,36.65,35.42,83,150.6,159.6,144,154.1,151.5,162.9,428,352
"2019-04-16 17:13:00.0",789354,4550,-161.5,45.69,45.7,0.716,0.716,1.396,12.0583,40.18,39.94,23.32,82.9,151.5,160.1,143.7,153.7,150.8,162.3,81.7,148.3,157.4,142,151.6,148.6,160.4,17.71,48.32,40.18,31.22,32.03,33.32,31.9,81.3,147.6,156.4,140.7,150.2,147.6,159.4,429,351
"2019-04-16 17:13:20.0",789355,4550,-161.3,45.67,45.68,0.715,0.715,1.396,12.0527,40.18,39.94,23.32,81,148.6,156.6,140.5,150,146.8,159,80,145.9,154.4,139.3,148.5,145.4,157.5,16.08,45.94,37.33,28.57,29.11,30.27,28.64,79.67,145.4,153.6,138.3,147.7,144.7,156.7,429,351
"2019-04-16 17:13:40.0",789356,4550,-161.2,45.64,45.66,0.715,0.715,1.397,12.0527,40.18,39.94,23.32,78.99,145.4,153,137.2,146.3,143.3,155.3,78.04,142.6,150.7,135.7,145,141.7,153.6,14.32,43.36,34.27,25.58,25.92,26.87,25.18,77.91,142.2,150.3,134.8,144.3,141.1,153.3,429,351
"2019-04-16 17:14:00.0",789357,4550,-161.1,45.62,45.64,0.715,0.715,1.397,12.0582,40.19,39.94,23.35,76.96,142.7,149.8,134.1,143,139.5,151.7,76.21,140.3,148,133,141.9,138.6,150.5,12.42,40.92,31.35,22.8,22.94,23.48,21.72,75.94,139.6,147,132,141.1,137.6,149.8,429,351
"2019-04-16 17:14:20.0",789358,4550,-161,45.6,45.61,0.714,0.715,1.398,12.0526,40.19,39.94,23.38,75.19,140.6,147.3,131.7,140.6,136.7,148.1,74.51,138.3,145.7,130.6,139.5,135.5,147.1,10.79,39.02,29.18,20.7,20.63,20.83,19,74.24,137.8,144.9,129.8,138.6,134.8,146.2,429,351
"2019-04-16 17:14:40.0",789359,4550,-160.9,45.57,45.59,0.714,0.714,1.398,12.0526,40.19,39.94,23.38,73.97,139,145.4,130,138.6,134.3,145.7,73.36,137,144.1,129,137.6,133.4,145,9.77,37.8,27.76,19.27,19.07,18.93,17.03,73.09,136.3,143.2,128.5,136.9,132.7,144.2,429,351
"2019-04-16 17:15:00.0",789360,4550,-160.8,45.55,45.57,0.714,0.714,1.399,12.047,40.19,39.94,23.41,73.09,138.2,144.1,128.7,137.1,132.7,143.8,72.34,135.7,142.4,127.7,136.1,131.5,142.7,8.89,36.78,26.47,18.05,17.78,17.3,15.4,72.34,135.4,142,127.2,135.7,131.3,142.6,430,350
"2019-04-16 17:15:20.0",789361,4550,-160.7,45.53,45.54,0.714,0.714,1.399,12.047,40.19,39.94,23.44,72.21,137.1,142.9,127.6,135.9,131.2,142.2,71.53,134.8,141.5,126.6,134.6,130.2,141.2,8.08,35.9,25.38,16.97,16.56,15.74,13.91,71.53,134.5,140.7,126.2,134.2,129.5,141.2,430,350
"2019-04-16 17:15:40.0",789362,4550,-160.6,45.5,45.52,0.713,0.713,1.4,12.0465,40.19,39.94,23.44,71.46,135.8,141.6,126.4,134.4,129.5,140.7,70.78,133.3,139.7,124.9,133.4,128.5,139.7,7.397,35.02,24.29,15.88,15.4,14.39,12.62,70.91,133.3,139.7,124.9,133.3,128.7,140,430,350
"2019-04-16 17:16:00.0",789363,4550,-160.4,45.48,45.5,0.713,0.713,1.401,12.0465,40.19,39.94,23.47,70.98,134.7,140.2,125.1,133.2,128.1,139.2,70.3,132.4,138.6,124.1,132.3,127.1,138,7.125,34.81,23.95,15.61,15.07,13.71,12.08,70.58,132.7,138.8,124.3,132.7,127.6,138.7,430,350
"2019-04-16 17:16:20.0",789364,4550,-160.3,45.46,45.47,0.713,0.713,1.401,12.0465,40.19,39.94,23.47,70.71,135,140.3,125.1,133.1,127.7,138.7,69.9,131.7,138,123.5,131.8,126.4,137.2,6.718,34.68,23.82,15.34,14.79,13.23,11.88,70.17,132.1,138.3,123.6,131.8,126.5,137.3,430,350
"2019-04-16 17:16:40.0",789365,4560,-160.2,45.43,45.45,0.712,0.713,1.402,12.0521,40.19,39.94,23.5,70.17,133.5,138.7,123.6,131.9,126.8,137.1,69.29,130.6,136.7,122.4,130.8,125.5,136.1,6.447,34.47,23.48,15,14.39,12.76,11.54,69.83,131.5,137.6,123,131.1,126.1,136.8,431,349
"2019-04-16 17:17:00.0",789366,4560,-160.1,45.41,45.42,0.712,0.712,1.402,12.0577,40.19,39.94,23.52,70.1,133.3,138.7,123.8,131.9,126.6,137.4,69.01,130.5,136.3,122.1,130.2,125.1,135.9,6.243,34.2,23.07,14.59,13.98,12.28,11.2,69.83,131.4,137.4,122.8,131.2,126,136.8,431,349
"2019-04-16 17:17:20.0",789367,4560,-160,45.39,45.4,0.712,0.712,1.403,12.0517,40.19,39.94,23.52,69.83,133.1,138.6,123.3,131.4,125.9,136.9,69.22,131,136.9,122.4,130.5,125.1,135.9,6.107,33.93,22.8,14.32,13.64,11.94,10.93,69.56,131,136.8,122.3,130.6,125.5,136.3,431,349
"2019-04-16 17:17:40.0",789368,4560,-159.9,45.36,45.38,0.712,0.712,1.403,12.0573,40.19,39.94,23.55,70.24,133.7,138.9,123.8,131.9,126.4,137.1,69.56,131.2,137.2,122.9,131,125.7,136.5,6.515,34.13,23.07,14.73,14.05,12.35,11.54,69.56,131.1,136.8,122.2,130.3,125.1,135.9,431,349
"2019-04-16 17:18:00.0",789369,4560,-159.8,45.34,45.35,0.711,0.711,1.404,12.0573,40.19,39.94,23.55,70.57,134.2,139.5,124.3,132.3,127,137.8,70.03,131.4,137.5,123,131.2,126,136.8,6.922,34.41,23.34,14.86,14.25,12.62,11.81,69.76,131,136.8,122.4,130.7,125.5,136.1,431,349
"2019-04-16 17:18:20.0",789370,4560,-159.7,45.31,45.33,0.711,0.711,1.405,12.0573,40.19,39.94,23.58,70.17,133.5,138.5,123.3,131.4,125.9,136.5,70.03,131.9,137.8,123.2,131.6,126.4,136.7,7.329,34.81,23.82,15.34,14.86,13.37,12.62,66.84,128.1,133.1,118.2,125.9,120.9,131,431,349
"2019-04-16 17:18:40.0",789371,4570,-159.5,45.29,45.3,0.711,0.711,1.405,12.0406,40.19,39.94,23.61,69.29,133.6,138.9,123.8,132.1,126.6,137.1,70.57,132.1,138.4,124,132.5,127.4,138.1,7.532,34.95,24.02,15.68,15.13,13.84,13.16,70.1,131.9,137.8,123.5,131.9,126.8,137.5,432,348
"2019-04-16 17:19:00.0",789372,4570,-159.4,45.26,45.28,0.71,0.711,1.406,12.0458,40.19,39.95,23.61,71.12,134.6,140,124.9,133.1,128.1,139.1,70.44,132.5,138.6,124,132.4,126.9,138.2,6.99,34.4,23.41,15,14.45,13.03,12.28,69.62,131.6,137.6,122.8,131,125.8,136.7,432,348
"2019-04-16 17:19:20.0",789373,4570,-159.3,45.24,45.25,0.71,0.71,1.406,12.0458,40.19,39.95,23.61,69.9,132.8,138.2,123.2,131.4,126.1,136.4,69.15,130.3,136.4,122.1,130.2,125,135.3,6.039,33.52,22.33,13.91,13.3,11.74,10.86,68.88,129.6,135.4,121.1,129.3,124.3,134.6,432,348
"2019-04-16 17:19:40.0",789374,4570,-159.2,45.21,45.23,0.71,0.71,1.407,12.0458,40.19,39.95,23.64,68.95,131.2,136.3,121.5,129.5,124.3,134.4,68.4,129.1,134.6,120.5,128.5,123.2,133.4,5.293,32.64,21.24,12.89,12.15,10.52,9.5,68.4,128.9,134.5,120.2,128.4,123.5,133.6,432,348
"2019-04-16 17:20:00.0",789375,4570,-159.1,45.19,45.2,0.709,0.71,1.408,12.0458,40.19,39.95,23.64,68.47,130.9,135.9,121,128.9,123.5,133.2,67.86,129.2,134.7,120.3,128.3,123.1,132.6,4.75,31.96,20.49,12.15,11.4,9.7,8.62,67.93,129.4,134.9,120.2,128.6,123.2,132.9,432,348
"2019-04-16 17:20:20.0",789376,4570,-159,45.16,45.18,0.709,0.709,1.408,12.0569,40.19,39.95,23.67,68,130.8,135.7,120.7,128.5,123.2,132.3,67.25,128.5,134.1,119.7,127.8,122.4,131.6,4.411,31.42,19.88,11.67,10.79,9.23,8.01,67.59,128.8,134.1,119.8,127.7,122.4,131.9,433,347
"2019-04-16 17:20:40.0",789377,4570,-158.9,45.14,45.15,0.709,0.709,1.409,12.0567,40.18,39.95,23.67,67.66,130.7,135.4,120.4,128.3,122.8,132.7,66.98,128.3,133.8,119.7,127.6,122,131.8,4.072,31.08,19.48,11.26,10.31,8.69,7.464,67.32,128.5,133.9,119.4,127.4,121.7,132,433,347
"2019-04-16 17:21:00.0",789378,4570,-158.8,45.11,45.13,0.708,0.709,1.41,12.0567,40.18,39.95,23.7,67.38,130.2,135,120,127.8,122.3,132,66.64,127.7,133.3,118.8,126.8,121.5,130.9,3.8,30.74,19.07,10.93,9.98,8.35,7.057,66.98,127.8,133.3,119,127,121.7,131.2,433,347
"2019-04-16 17:21:20.0",789379,4570,-158.7,45.08,45.1,0.708,0.708,1.41,12.0511,40.18,39.95,23.7,66.91,129.7,134.4,119.6,127.6,122.1,132.1,66.37,127.4,132.7,118.3,126.3,120.9,130.7,3.597,30.54,18.8,10.65,9.7,8.01,6.65,66.77,127.6,133.1,118.8,126.6,121.3,131.3,433,347
"2019-04-16 17:21:40.0",789380,4570,-158.6,45.06,45.07,0.708,0.708,1.411,12.0567,40.18,39.95,23.72,66.91,129.7,134.4,119.6,127.4,121.8,131.6,66.3,127.5,132.8,118.5,126.2,120.9,130.3,3.393,30.33,18.66,10.52,9.5,7.804,6.447,66.5,127.8,133.3,118.7,126.6,121.3,130.9,433,347
"2019-04-16 17:22:00.0",789381,4580,-158.4,45.03,45.05,0.708,0.708,1.411,12.0455,40.18,39.95,23.72,66.77,129.7,134.4,119.5,127.2,121.6,131.9,66.03,127,132.5,118.1,126.1,120.4,130.6,3.257,30.26,18.53,10.38,9.36,7.6,6.311,66.43,127.4,132.8,118.5,126.5,121.1,131.3,434,346
"2019-04-16 17:22:20.0",789382,4580,-158.3,45.01,45.02,0.707,0.707,1.412,12.0453,40.18,39.95,23.75,66.91,129.5,134.4,119.3,127.2,121.5,131.7,66.37,127.2,132.6,118.4,126.2,120.8,130.8,3.257,30.26,18.59,10.45,9.43,7.6,6.311,66.91,127.6,133.1,118.9,127,121.6,131.8,434,346
"2019-04-16 17:22:40.0",789383,4590,-158.2,44.98,45,0.707,0.707,1.413,12.0453,40.18,39.95,23.75,68.2,130.2,135.4,121.1,129.8,124.5,135.1,67.99,129.4,136.1,122.1,130.6,125.1,135.7,4.275,31.42,20.09,11.94,11.2,9.57,8.62,67.86,129.9,136.4,122.3,130.4,124.5,135.5,434,346
"2019-04-16 17:23:00.0",789384,4580,-158.1,44.95,44.97,0.707,0.707,1.413,12.0509,40.18,39.95,23.78,35.42,97.7,95.1,80.5,84.1,76.48,81.5,28.84,86.5,83.7,70.57,73.76,67.04,71.45,5.564,33.18,22.46,14.39,13.84,11.94,11.2,36.03,96.8,96,82.4,86.9,80,85.8,434,346
"2019-04-16 17:23:20.0",789385,4590,-158,44.93,44.94,0.706,0.706,1.414,12.0453,40.18,39.95,23.78,38.14,95.5,93.6,79.87,83.7,77.63,82.4,32.1,86.5,83.9,71.05,74.37,68.74,72.74,7.397,35.69,25.51,17.37,17.1,15.4,15.06,34.13,90.5,88.3,75.05,78.85,72.81,77.22,434,346
"2019-04-16 17:23:40.0",789386,4590,-157.9,44.9,44.92,0.706,0.706,1.415,12.0453,40.18,39.93,23.78,12.69,51.64,42.34,31.89,32.23,28.16,28.64,9.57,43.77,34.74,25.58,25.65,22.46,22.46,7.939,37.05,27.21,19,18.86,16.83,16.42,7.804,40.65,31.01,22.19,22.05,18.93,18.46,434,346
"2019-04-16 17:24:00.0",789387,4590,-157.8,44.87,44.89,0.706,0.706,1.415,12.0507,40.16,39.91,23.81,11.6,47.36,38.2,28.7,29.04,26.53,26.74,10.59,45.33,36.71,27.62,27.75,25.04,25.18,8.75,37.93,28.3,20.22,20.29,18.73,18.39,9.7,43.84,34.74,25.79,25.99,23.28,23.07,435,345
"2019-04-16 17:24:20.0",789388,4610,-157.7,44.85,44.86,0.705,0.705,1.416,12.0563,40.16,39.91,23.81,23.68,72.54,66.77,54.56,56.59,51.23,54.08,29.65,82,78.31,65.35,68.13,61.68,65.89,9.09,38.48,28.98,20.83,20.9,19.34,19.07,30.88,83.5,79.94,66.64,69.49,62.84,66.77,435,345
"2019-04-16 17:24:40.0",789389,4610,-157.6,44.82,44.84,0.705,0.705,1.417,12.0563,40.16,39.91,23.84,50.49,112.8,114.1,99.4,105,98.6,106.8,52.86,112.2,115,101.3,107.5,101.7,110.7,8.89,38.34,28.7,20.43,20.43,18.93,18.59,58.29,119.3,123.6,109.9,117.2,111.8,122.2,435,345
"2019-04-16 17:25:00.0",789390,4590,-157.5,44.79,44.81,0.705,0.705,1.417,12.0563,40.16,39.91,23.84,72.4,133.9,140.4,126.3,135.2,131.3,144.7,71.86,131.9,139.1,125.3,134.2,130.2,143.6,8.35,37.8,27.82,19.34,19.07,17.58,17.03,70.71,130.4,137,123.2,131.9,127.8,140.9,435,345
"2019-04-16 17:25:20.0",789391,4610,-157.3,44.77,44.78,0.704,0.704,1.418,12.0507,40.16,39.91,23.84,58.83,123.8,127.2,111.9,118.6,112.7,123.1,44.51,105.7,106.3,91.7,96.6,90.1,96.8,7.939,37.93,28.03,19.48,19.2,17.58,16.9,33.52,91.3,88.6,74.51,77.63,70.91,74.98,435,345
"2019-04-16 17:25:40.0",789392,4610,-157.2,44.74,44.76,0.704,0.704,1.419,12.0451,40.15,39.92,23.84,40.31,99.6,97.4,82.7,86.5,80.6,86.2,41.6,99.8,99,84.8,89,83.7,89.9,8.14,38.2,28.3,19.68,19.48,17.85,17.24,42.55,101.3,101.1,87.1,91.7,85.9,92.4,436,344
"2019-04-16 17:26:00.0",789393,4610,-157.1,44.71,44.73,0.704,0.704,1.419,12.0395,40.15,39.95,23.87,69.89,131.6,137.4,123,131.4,127.4,140,70.91,130.3,137,123.1,131.7,128,140.9,8.21,37.66,27.62,18.86,18.59,17.3,16.69,69.42,127.9,133.9,120,128.5,124.7,137,436,344
"2019-04-16 17:26:20.0",789394,4610,-157,44.68,44.7,0.703,0.703,1.42,12.0506,40.15,39.95,23.87,70.98,133.7,139.7,124.9,133.3,128.9,141.6,70.37,131.6,138.4,124.2,132.7,128.3,140.9,7.668,37.12,26.8,18.12,17.71,16.29,15.47,69.08,129.9,136.3,121.9,130.2,125.7,137.9,436,344
"2019-04-16 17:26:40.0",789395,4610,-156.9,44.66,44.67,0.703,0.703,1.421,12.0451,40.15,39.95,23.87,70.23,133.8,139.9,124.6,133.1,128.2,140.7,69.69,131.7,138.4,124,132.3,127,139.9,7.261,36.64,26.26,17.51,17.03,15.54,14.66,68.6,129.8,136,121.7,130.1,125.2,137.9,436,344
"2019-04-16 17:27:00.0",789396,4610,-156.8,44.63,44.64,0.703,0.703,1.421,12.0395,40.15,39.95,23.9,70.03,134,139.9,124.5,132.9,127.7,140.7,69.42,131.6,138.3,123.8,132.3,127,139.9,7.193,36.37,25.92,17.24,16.76,15.13,14.11,68.74,130.3,136.7,122.2,130.4,125.5,138.3,436,344
"2019-04-16 17:27:20.0",789397,4610,-156.7,44.6,44.62,0.702,0.702,1.422,12.0449,40.15,39.95,23.9,69.96,134,139.7,124.5,132.7,127.4,140.6,69.35,131.8,138.3,123.6,131.9,126.5,139.5,7.125,36.1,25.51,16.9,16.42,14.66,13.71,68.94,131,137.3,122.6,130.9,125.6,138.7,436,344
"2019-04-16 17:27:40.0",789398,4610,-156.6,44.57,44.59,0.702,0.702,1.423,12.0505,40.15,39.95,23.9,69.89,133.6,139.2,124.1,132.5,127,139.9,68.94,131,137.5,122.8,131,125.6,138.2,7.125,35.76,25.24,16.69,16.22,14.52,13.5,69.42,131,137.5,123.2,131.2,126.1,138.9,437,343
"2019-04-16 17:28:00.0",789399,4610,-156.5,44.54,44.56,0.701,0.702,1.424,12.0505,40.15,39.95,23.9,70.16,132.7,138.4,123.6,132,127,139.9,69.01,129.9,136.3,122,130.4,125.3,137.6,7.532,36.1,25.65,17.17,16.76,15.13,14.39,69.96,130.6,137.2,122.9,131.4,126.8,139.6,437,343
"2019-04-16 17:28:20.0",789400,4610,-156.4,44.52,44.53,0.701,0.701,1.424,12.0561,40.17,39.95,23.9,70.71,132.1,138,123.5,132,127.4,139.7,50.15,108.5,110.5,97,103.1,97.9,107,7.6,36.37,25.99,17.58,17.24,15.47,14.86,54.9,113.9,117.5,104.4,111.4,107.2,117.6,437,343
"2019-04-16 17:28:40.0",789401,4610,-156.3,44.49,44.5,0.701,0.701,1.425,12.0561,40.18,39.95,23.9,72.06,134,140.7,126.3,135,130.4,142.9,70.64,132.5,140,125.9,134.6,129.3,141.5,8.48,37.12,27.08,18.66,18.46,16.76,16.35,72.47,134.8,142.6,128.5,137.4,132.5,145.1,437,343
"2019-04-16 17:29:00.0",789402,4610,-156.2,44.46,44.48,0.7,0.701,1.426,12.056,40.15,39.95,23.93,12.55,54.49,45.12,33.79,33.79,29.18,29.11,11.4,52.86,44.11,32.98,32.91,27.96,27.55,8.96,38.54,29.04,20.76,20.76,18.73,18.32,12.08,53,44.51,33.66,33.93,29.25,29.18,437,343
"2019-04-16 17:29:20.0",789403,4630,-156.1,44.43,44.45,0.7,0.7,1.426,12.0449,40.15,39.95,23.93,13.77,53.13,44.92,34.74,35.42,31.76,32.3,11.26,48.59,40.24,30.4,30.74,27.01,27.01,10.25,39.97,30.87,22.66,22.87,21.04,21.1,12.62,51.77,43.84,33.86,34.47,30.4,30.81,438,342
"2019-04-16 17:29:40.0",789404,4630,-155.9,44.4,44.42,0.7,0.7,1.427,12.0449,40.15,39.93,23.96,17.37,65.41,58.02,45.53,46.41,40.37,41.05,17.37,65.35,58.63,46.28,47.3,41.12,41.94,10.25,40.78,31.82,23.48,23.68,21.44,21.31,19.95,71.18,65.41,52.72,54.22,47.43,48.72,438,342
"2019-04-16 17:30:00.0",789405,4620,-155.8,44.37,44.39,0.699,0.7,1.428,12.0393,40.15,39.92,23.93,25.11,75.25,69.35,56.19,57.88,51.5,54.29,20.9,66.77,60.53,48.52,49.74,44.31,46.14,10.31,41.05,32.3,23.82,24.09,21.85,21.65,17.17,60.19,53.2,41.94,42.82,37.73,38.68,438,342
"2019-04-16 17:30:20.0",789406,4630,-155.7,44.34,44.36,0.699,0.699,1.429,12.0393,40.15,39.92,23.96,13.77,50.15,42.07,32.71,33.45,30.54,31.21,11.74,44.85,36.64,27.82,28.36,25.85,26.19,10.52,41.26,32.57,24.16,24.5,22.26,22.05,11.74,45.33,37.12,28.3,28.84,26.19,26.46,438,342
"2019-04-16 17:30:40.0",789407,4630,-155.6,44.31,44.33,0.699,0.699,1.429,12.0448,40.15,39.92,23.96,13.5,50.82,42.61,32.84,33.52,30.26,30.67,11.6,47.02,38.81,29.38,29.79,26.53,26.53,10.65,41.66,33.11,24.7,25.04,22.87,22.73,12.08,48.72,40.71,31.15,31.62,28.09,28.23,438,342
"2019-04-16 17:31:00.0",789408,4630,-155.5,44.28,44.3,0.698,0.698,1.43,12.0504,40.14,39.92,23.96,16.08,60.6,53.13,41.53,42.34,37.46,38.14,13.91,56.46,48.79,37.52,37.86,32.91,33.32,10.86,42.41,33.93,25.45,25.85,23.82,23.89,16.83,61.61,54.83,43.36,44.24,39.15,40.1,439,341
"2019-04-16 17:31:20.0",789409,4630,-155.4,44.26,44.27,0.698,0.698,1.431,12.0504,40.13,39.92,23.96,29.18,82.7,78.37,65.07,67.65,61.89,65.21,40.65,98.4,98.3,84.8,89.4,83.7,89.4,11.94,43.29,34.88,26.33,26.8,24.97,25.45,50.69,111.1,113.9,100.1,106.2,100.7,108.4,439,341
"2019-04-16 17:31:40.0",789410,4630,-155.3,44.23,44.24,0.697,0.698,1.432,12.0504,40.13,39.92,23.96,77.49,141.8,150.5,136,145.8,141.3,154.4,73.29,134.5,142.6,128.8,137.9,133.5,145.8,13.23,43.7,35.29,26.74,27.41,25.79,26.53,76.41,137.1,146,132.5,142.2,138.4,151.3,439,341
"2019-04-16 17:32:00.0",789411,4630,-155.2,44.2,44.21,0.697,0.697,1.432,12.0504,40.13,39.92,23.96,75.66,140,147.8,132.7,142,137.5,150,67.38,129.5,135.6,120.6,128.3,123.1,133.7,12.21,43.29,34.74,26.26,26.87,25.17,25.72,68.81,131.4,137.9,123.1,131.2,125.3,136,439,341
"2019-04-16 17:32:20.0",789412,4630,-155.1,44.17,44.18,0.697,0.697,1.433,12.0503,40.13,39.92,23.96,18.93,68.13,61.21,48.65,49.6,43.97,44.79,17.37,62.7,56.05,44.38,44.99,39.76,39.97,11.26,42.48,34.06,25.65,26.12,23.95,24.16,18.66,64.87,58.76,47.3,48.45,43.22,43.77,439,341
"2019-04-16 17:32:40.0",789413,4630,-155,44.14,44.15,0.696,0.697,1.434,12.0503,40.13,39.92,23.96,16.01,55.51,48.18,38.07,39.09,35.49,36.57,13.03,48.86,41.05,31.49,32.1,28.64,29.11,12.01,42.68,34.47,26.12,26.67,24.84,25.17,13.37,50.15,42.55,32.91,33.66,30.13,30.47,439,341
"2019-04-16 17:33:00.0",789414,4640,-154.9,44.11,44.12,0.696,0.696,1.435,12.0392,40.13,39.92,23.96,15.27,55.24,47.43,36.98,37.8,33.93,34.54,12.35,49.2,41.05,31.21,31.55,27.89,27.89,11.6,42.61,34.34,25.99,26.46,24.22,24.29,13.03,50.96,43.16,33.25,33.79,29.79,29.65,440,340
"2019-04-16 17:33:20.0",789415,4640,-154.8,44.08,44.09,0.696,0.696,1.435,12.0447,40.13,39.92,23.96,13.5,53.34,45.46,35.08,35.62,31.76,31.69,11.26,47.36,39.36,29.86,30.13,26.67,26.46,10.38,41.39,32.98,24.63,24.9,22.73,22.46,11.2,47.23,39.15,29.72,30.06,26.53,26.06,440,340
"2019-04-16 17:33:40.0",789416,4640,-154.7,44.05,44.06,0.695,0.695,1.436,12.0392,40.13,39.92,23.96,12.42,49.67,41.66,31.89,32.44,29.11,28.97,10.72,45.19,37.12,27.96,28.23,25.04,24.77,10.31,41.12,32.77,24.43,24.77,22.73,22.46,10.65,45.46,37.39,28.16,28.36,25.11,24.56,440,340
"2019-04-16 17:34:00.0",789417,4640,-154.6,44.02,44.03,0.695,0.695,1.437,12.0391,40.12,39.92,23.96,13.71,53.88,46.07,35.42,35.9,32.03,31.82,12.01,50.42,42.55,32.16,32.3,28.36,27.96,10.72,41.87,33.72,25.31,25.72,23.68,23.48,12.35,51.71,43.9,33.59,33.72,29.72,29.25,440,340
"2019-04-16 17:34:20.0",789418,4640,-154.5,43.99,44,0.694,0.695,1.438,12.0391,40.09,39.92,23.93,16.76,60.66,53.47,42,42.75,38.41,38.95,15,56.19,48.79,37.8,38.27,34.27,34.61,11.87,43.09,35.42,27.21,27.89,26.06,26.26,14.93,56.66,49.33,38.34,38.95,34.81,35.01,440,340
"2019-04-16 17:34:40.0",789419,4640,-154.3,43.96,43.97,0.694,0.694,1.439,12.0503,40.09,39.92,23.93,35.83,98.4,98.5,85.2,90.1,83.5,89.7,45.12,109.5,112.5,98.7,104.6,97.8,105.9,11.87,43.29,35.56,27.41,28.16,26.67,27.21,47.36,111.6,115,101.2,107.5,100.8,109.3,441,339
"2019-04-16 17:35:00.0",789420,4640,-154.2,43.92,43.94,0.694,0.694,1.439,12.0503,40.09,39.92,23.93,28.02,78.58,74.51,61.95,64.26,59.1,61.89,11.67,49.06,41.39,31.62,32.03,28.43,28.64,10.31,41.6,33.25,24.84,25.24,23.34,23.34,11.81,48.18,40.51,31.15,31.76,28.57,29.11,441,339
"2019-04-16 17:35:20.0",789421,4640,-154.1,43.89,43.91,0.693,0.694,1.44,12.0558,40.09,39.92,23.93,12.08,46.35,38.2,29.18,29.72,27.62,28.02,9.5,40.37,32.03,23.68,23.95,22.05,21.99,9.3,39.9,31.21,22.87,22.94,20.97,20.76,10.18,41.32,32.98,24.56,24.84,22.87,23.07,441,339
"2019-04-16 17:35:40.0",789422,4640,-154,43.86,43.88,0.693,0.693,1.441,12.0502,40.1,39.92,23.93,10.92,43.97,35.22,26.19,26.46,24.5,24.5,8.82,38.95,30.2,21.92,21.92,20.09,19.81,8.75,38.81,29.99,21.71,21.65,19.75,19.34,9.23,39.7,30.87,22.53,22.53,20.63,20.42,441,339
"2019-04-16 17:36:00.0",789423,4640,-153.9,43.83,43.85,0.693,0.693,1.442,12.0502,40.1,39.92,23.9,10.52,42.89,34,25.04,25.17,23.21,23,8.82,38.47,29.72,21.44,21.37,19.61,19.14,8.62,38.2,29.31,21.04,21.04,19.07,18.52,8.75,38.61,29.65,21.37,21.31,19.34,18.93,441,339
"2019-04-16 17:36:20.0",789424,4640,-153.8,43.8,43.82,0.692,0.692,1.443,12.0502,40.1,39.92,23.9,10.31,42.27,33.39,24.5,24.63,22.46,22.12,8.75,38.34,29.59,21.31,21.31,19.34,18.8,8.62,38,29.11,20.9,20.9,18.93,18.39,8.41,38.34,29.45,21.1,21.04,18.93,18.52,441,339
"2019-04-16 17:36:40.0",789425,4650,-153.7,43.77,43.79,0.692,0.692,1.443,12.0391,40.1,39.92,23.9,10.38,44.11,35.22,26.06,26.12,23.68,23.34,8.89,41.05,32.3,23.48,23.41,20.97,20.42,8.69,38.2,29.38,21.24,21.24,19.41,18.86,9.02,42.21,33.45,24.5,24.43,21.78,21.37,442,338
"2019-04-16 17:37:00.0",789426,4650,-153.6,43.74,43.75,0.691,0.692,1.444,12.0391,40.1,39.92,23.9,13.64,54.42,46.55,35.9,36.44,32.64,32.77,10.79,48.45,40.51,30.6,30.81,27.07,26.8,9.77,39.97,31.55,23.41,23.75,21.92,21.78,11.67,50.15,42.55,32.71,33.11,29.25,29.31,442,338
"2019-04-16 17:37:20.0",789427,4650,-153.5,43.71,43.72,0.691,0.691,1.445,12.0446,40.1,39.92,23.87,23.27,72.74,67.92,55.64,57.68,52.32,54.69,36.17,91,90.6,77.7,81.9,76.27,81.6,12.08,43.02,35.29,27.14,27.89,26.33,27.01,53.88,116,120.2,106.1,112.7,106.7,115.4,442,338
"2019-04-16 17:37:40.0",789428,4650,-153.4,43.67,43.69,0.691,0.691,1.446,12.0391,40.1,39.92,23.87,44.04,109.3,111.5,97.4,102.9,96.4,103.4,36.37,96.6,97.1,83.8,88.1,81.6,86.7,13.77,45.46,38.14,29.86,30.94,29.45,30.54,38.54,99,99.7,86.4,91.1,84.4,90,442,338
"2019-04-16 17:38:00.0",789429,4650,-153.3,43.64,43.66,0.69,0.69,1.447,12.0391,40.1,39.92,23.84,35.35,93,91.5,77.97,81.8,75.25,79.94,27.82,79.73,76.81,64.33,66.84,60.6,63.65,15,46.69,39.49,31.21,32.5,30.81,32.1,28.97,80.8,78.04,65.75,68.54,62.5,65.89,442,338
"2019-04-16 17:38:20.0",789430,4650,-153.2,43.61,43.63,0.69,0.69,1.448,12.0502,40.1,39.92,23.84,33.86,89.7,87.5,73.96,77.42,70.91,75.46,30.47,84.1,81.4,67.99,70.77,63.99,67.72,15.2,46.96,39.83,31.55,32.84,31.08,32.44,30.94,84.2,81.7,68.74,71.93,65.55,69.69,443,337
"2019-04-16 17:38:40.0",789431,4650,-153.1,43.58,43.6,0.689,0.69,1.448,12.0502,40.1,39.92,23.84,39.83,102.9,102.9,88.6,93.2,86.3,92.1,31.96,90.2,88.7,75.19,78.37,71.45,75.46,13.91,45.4,37.8,29.52,30.6,28.64,29.86,33.52,93.4,92.7,79.26,83.4,76.34,81.2,443,337
"2019-04-16 17:39:00.0",789432,4650,-153,43.55,43.56,0.689,0.689,1.449,12.0502,40.1,39.92,23.81,33.66,95.9,94.3,80,84.1,76.81,82.1,30.54,89.5,87.3,73.49,76.81,69.55,73.96,12.08,43.29,35.22,26.94,27.75,25.58,26.26,30.33,88.3,86.2,72.81,76.34,69.21,73.35,443,337
"2019-04-16 17:39:20.0",789433,4650,-152.9,43.52,43.53,0.689,0.689,1.45,12.0557,40.1,39.92,23.81,45.53,112.5,114.6,99.7,105.7,98.1,105.9,40.44,102.3,103.3,89.1,94.3,87,93.6,10.92,41.8,33.39,25.11,25.65,23.48,24.02,45.6,109.6,112.2,98.3,104.3,97.6,105.4,443,337
"2019-04-16 17:39:40.0",789434,4650,-152.8,43.48,43.5,0.688,0.688,1.451,12.0557,40.1,39.92,23.78,52.18,117.3,120.6,106.1,112.7,106.3,115,56.46,118.7,123,108.6,115.4,109.2,118,10.25,40.85,32.16,23.82,24.29,22.12,22.53,58.49,121.2,126.3,111.8,119.4,113.2,122.1,443,337
"2019-04-16 17:40:00.0",789435,4660,-152.7,43.45,43.47,0.688,0.688,1.452,12.039,40.1,39.92,23.78,62.43,126.3,131.9,117.5,125.4,119.8,129.3,62.7,123.2,128.9,115,122.8,117.3,126.7,10.04,40.65,31.82,23.48,23.95,21.85,22.32,64.6,126.1,132.8,119.2,127.6,122.3,132.4,444,336
"2019-04-16 17:40:20.0",789436,4670,-152.6,43.42,43.44,0.687,0.688,1.453,12.039,40.1,39.93,23.78,73.56,135.8,143.7,129.3,138.6,134.2,145.6,69.89,128.9,136.3,122.3,131,126.3,136.7,10.31,40.24,31.28,23,23.41,21.51,21.99,72.2,132,140.2,126.5,135.7,131.3,142.4,444,336
"2019-04-16 17:40:40.0",789437,4670,-152.5,43.38,43.4,0.687,0.687,1.454,12.039,40.12,39.92,23.78,73.35,134.4,141.8,127.7,136.8,132.3,143.9,69.69,128.1,135.3,121.6,130.2,125.5,136.1,10.18,39.02,29.79,21.58,21.92,20.09,20.63,71.86,131.2,139.2,125.7,134.8,130.3,141.8,444,336
"2019-04-16 17:41:00.0",789438,4670,-152.4,43.35,43.37,0.686,0.687,1.454,12.0502,40.12,39.95,23.75,72.06,133.1,140.1,125.7,134.6,129.9,141.1,68.4,127.2,134.1,120.3,128.6,123.6,133.8,8.89,36.64,26.74,18.52,18.52,16.69,17.03,70.23,129.2,136.5,122.9,131.4,126.7,137.7,444,336
"2019-04-16 17:41:20.0",789439,4670,-152.3,43.32,43.34,0.686,0.686,1.455,12.039,40.12,39.95,23.75,69.42,129.9,135.9,121.5,129.9,124.6,135,66.64,125.3,131.6,117.8,125.8,120.2,129.9,6.854,34.06,23.41,15.13,14.72,12.69,12.55,67.65,126.1,132.4,118.3,126.6,121.7,131.6,444,336
"2019-04-16 17:41:40.0",789440,4670,-152.2,43.29,43.3,0.686,0.686,1.456,12.039,40.12,39.95,23.75,66.7,126.3,131.4,117.3,125.3,120,129.7,64.94,122.8,128.5,114.7,122.8,117.1,126.8,4.818,31.96,20.76,12.49,11.67,9.43,8.89,65.35,123.1,128.9,115.1,123,117.9,127.6,444,336
"2019-04-16 17:42:00.0",789441,4670,-152.1,43.25,43.27,0.685,0.685,1.457,12.0502,40.15,39.95,23.75,64.8,123.9,128.9,114.7,122.3,116.8,126.9,63.72,121.2,126.6,113.1,120.7,115.4,125.3,3.529,30.6,19.14,10.86,9.91,7.6,6.854,63.99,121.3,126.6,113.1,120.7,115.6,125.6,445,335
"2019-04-16 17:42:20.0",789442,4670,-151.9,43.22,43.24,0.685,0.685,1.458,12.0613,40.15,39.95,23.75,63.99,123.4,128,113.9,121.5,116,126.3,63.17,120.8,126.3,112.4,120,114.9,125,2.85,29.86,18.19,9.91,8.89,6.65,5.768,63.51,121.3,126.6,113,120.4,115.2,125.4,445,335
"2019-04-16 17:42:40.0",789443,4670,-151.8,43.19,43.2,0.684,0.685,1.459,12.0501,40.15,39.95,23.75,63.51,123.1,127.8,113.4,120.8,115.5,125.5,62.9,120.9,126,112.4,119.9,114.5,124.6,2.375,29.38,17.57,9.36,8.28,6.039,5.089,63.24,121,126.1,112.5,120.2,114.9,125.1,445,335
"2019-04-16 17:43:00.0",789444,4670,-151.7,43.15,43.17,0.684,0.684,1.46,12.0557,40.15,39.95,23.75,63.11,122.6,127.1,112.8,120.4,114.9,124.7,62.56,120.5,125.5,111.9,119.2,113.9,123.9,2.104,29.11,17.24,9.02,7.871,5.632,4.614,62.9,120.5,125.7,112,119.7,114.3,124.2,445,335
"2019-04-16 17:43:20.0",789445,4670,-151.6,43.12,43.14,0.684,0.684,1.461,12.0557,40.15,39.95,23.75,62.9,121.7,126.2,112.2,119.5,114.3,124,62.43,119.4,124.4,111,118.7,113.6,123.2,2.036,29.04,17.17,8.96,7.803,5.564,4.546,62.63,119.4,124.6,111.1,118.7,113.7,123.5,445,335
"2019-04-16 17:43:40.0",789446,4680,-151.5,43.09,43.1,0.683,0.683,1.462,12.039,40.15,39.95,23.75,62.97,121.7,126.2,112.1,119.6,114.3,123.8,62.29,119.4,124.6,111.1,118.6,113.5,122.8,2.171,29.25,17.44,9.23,8.07,5.836,4.75,62.9,119.8,125.1,111.6,119.2,114.1,123.5,446,334
"2019-04-16 17:44:00.0",789447,4680,-151.4,43.05,43.07,0.683,0.683,1.463,12.039,40.15,39.95,23.75,63.24,121.9,126.4,112.3,119.8,114.6,123.9,62.5,119.2,124.7,111.1,118.7,113.5,122.8,2.307,29.52,17.78,9.5,8.35,6.107,5.021,63.11,119.8,125.1,111.6,119.4,114.3,123.7,446,334
"2019-04-16 17:44:20.0",789448,4680,-151.3,43.02,43.04,0.682,0.682,1.463,12.039,40.17,39.95,23.75,63.45,121.5,125.9,111.9,119.6,114.7,123.7,62.77,119.4,124.5,111.1,118.7,113.7,122.7,2.579,29.72,18.05,9.7,8.62,6.379,5.429,63.31,119.9,125.2,111.9,119.4,114.6,123.5,446,334
"2019-04-16 17:44:40.0",789449,4680,-151.2,42.98,43,0.682,0.682,1.464,12.0446,40.17,39.95,23.75,64.33,123.3,128.6,114.5,122.5,117.2,126.3,63.58,121.3,127.2,113.8,121.6,116.6,125.5,2.986,30.06,18.52,10.25,9.23,7.125,6.311,63.79,121.9,127.8,114.2,122,116.8,125.9,446,334
"2019-04-16 17:45:00.0",789450,4680,-151.1,42.95,42.97,0.681,0.682,1.465,12.0446,40.18,39.95,23.75,46.89,102.2,102.7,89.2,94.9,89.4,96.2,57.14,114.1,118.2,104.7,111.6,106.1,114.4,3.325,30.54,19.2,10.99,10.04,8.01,7.193,57.54,115.4,119.3,105.7,112.6,106.8,115.2,446,334
"2019-04-16 17:45:20.0",789451,4680,-151,42.92,42.93,0.681,0.681,1.466,12.0557,40.15,39.95,23.75,50.69,106.7,108.5,94.9,100.7,95.1,102.3,61.68,119.8,125.1,111.7,119.2,113.8,123,3.8,31.08,19.88,11.6,10.79,8.55,7.803,62.43,120.1,125.4,111.8,119.4,114.2,123.4,446,334
"2019-04-16 17:45:40.0",789452,4690,-150.9,42.88,42.9,0.68,0.681,1.467,12.0557,40.18,39.95,23.75,60.39,118.2,122.3,108.6,115.9,110.9,119.9,62.84,119.3,124.5,111.2,119,114.1,123.3,4.139,31.55,20.36,12.01,11.2,8.96,8.07,62.56,118.5,123.6,110.5,117.9,113.2,122.3,447,333
"2019-04-16 17:46:00.0",789453,4690,-150.8,42.85,42.86,0.68,0.68,1.468,12.0557,40.18,39.95,23.78,65.01,123.2,128.5,114.5,122.2,117.3,126.7,64.46,120.7,126.6,113.3,121.3,116.5,125.8,4.479,32.03,20.97,12.62,11.81,9.7,8.75,64.19,120.3,125.9,112.6,120.6,115.8,125.1,447,333
"2019-04-16 17:46:20.0",789454,4690,-150.7,42.81,42.83,0.68,0.68,1.469,12.0501,40.18,39.95,23.78,65.28,124,129.3,115.2,123.1,118.1,127.6,64.73,121.8,127.7,114.3,122.3,117.3,126.9,4.75,32.37,21.37,13.03,12.21,10.11,9.09,64.6,121.5,127.3,113.9,121.9,117.2,126.8,447,333
"2019-04-16 17:46:40.0",789455,4690,-150.6,42.78,42.8,0.679,0.679,1.47,12.0557,40.18,39.95,23.78,65.41,124.7,130,115.9,123.7,118.4,128,64.87,122.4,128.3,114.7,122.8,117.6,127.4,4.818,32.44,21.44,13.03,12.28,10.18,9.09,64.8,122.2,128.2,114.7,122.5,117.5,127.2,447,333
"2019-04-16 17:47:00.0",789456,4690,-150.5,42.74,42.76,0.679,0.679,1.471,12.0557,40.17,39.95,23.78,65.21,124.4,129.9,115.7,123.6,118.4,128.4,64.8,122.3,128.5,114.8,122.7,117.5,127.4,4.614,32.23,21.17,12.82,12.08,9.91,8.89,64.73,122.1,128,114.5,122.3,117.3,127.2,447,333
"2019-04-16 17:47:20.0",789457,4690,-150.4,42.71,42.73,0.678,0.678,1.472,12.0446,40.18,39.95,23.78,64.94,123.8,129.2,115.2,123,117.9,127.4,64.4,121.5,127.5,114.1,122,117,126.6,4.479,31.96,20.9,12.62,11.81,9.7,8.62,64.53,121.5,127.2,113.9,121.5,117,126.5,448,332
"2019-04-16 17:47:40.0",789458,4690,-150.3,42.67,42.69,0.678,0.678,1.473,12.0446,40.18,39.95,23.78,64.8,123.4,128.9,114.9,122.8,117.6,127,64.26,121.5,127.6,114.3,122.2,117.1,126.3,4.343,31.89,20.83,12.49,11.67,9.64,8.48,64.4,121.4,127.3,113.7,121.6,116.8,126.5,448,332
"2019-04-16 17:48:00.0",789459,4690,-150.2,42.64,42.66,0.677,0.678,1.474,12.0446,40.18,39.95,23.78,64.8,123.8,129.1,115.1,122.8,117.7,126.7,64.19,121.6,127.6,114.1,121.9,116.8,125.9,4.275,31.82,20.76,12.42,11.6,9.5,8.41,64.26,121.3,127.2,113.9,121.7,116.8,125.8,448,332
"2019-04-16 17:48:20.0",789460,4690,-150.1,42.6,42.62,0.677,0.677,1.475,12.039,40.18,39.95,23.81,64.73,123.8,129.2,115,122.8,117.7,126.6,64.19,121.9,127.8,114.3,122.2,116.9,125.7,4.275,31.89,20.9,12.55,11.74,9.64,8.48,64.26,121.7,127.6,114.1,122,116.8,125.5,448,332
"2019-04-16 17:48:40.0",789461,4690,-150,42.57,42.59,0.676,0.677,1.476,12.0446,40.18,39.95,23.81,64.73,124.1,129.5,115.3,123.1,117.8,126.3,64.19,122.1,128.3,114.5,122.5,117.1,125.6,4.411,31.96,20.97,12.62,11.87,9.7,8.62,64.26,122,128.2,114.5,122.2,117.1,125.7,448,332
"2019-04-16 17:49:00.0",789462,4690,-149.9,42.53,42.55,0.676,0.676,1.477,12.0557,40.18,39.95,23.84,64.8,124.7,129.9,115.9,123.4,118.1,126.6,64.19,122.4,128.4,114.8,122.4,117.3,125.6,4.411,31.96,20.97,12.69,11.94,9.77,8.55,64.33,122.3,128.5,114.5,122.3,117.1,125.8,449,331
"2019-04-16 17:49:20.0",789463,4690,-149.8,42.5,42.51,0.676,0.676,1.478,12.0557,40.18,39.95,23.84,64.67,124.7,130,115.6,123.4,117.9,126.5,64.06,122.5,128.6,114.7,122.5,117.1,125.7,4.343,31.82,20.83,12.62,11.81,9.7,8.41,64.26,122.5,128.5,114.7,122.5,117.2,126,449,331
"2019-04-16 17:49:40.0",789464,4690,-149.7,42.46,42.48,0.675,0.675,1.479,12.0557,40.18,39.95,23.84,64.53,124.6,130.1,115.5,123.4,117.9,126.8,63.92,122.3,128.5,114.6,122.4,116.9,125.8,4.207,31.62,20.56,12.35,11.54,9.43,8.14,64.12,122.4,128.4,114.6,122.4,117.1,126.1,449,331
"2019-04-16 17:50:00.0",789465,4690,-149.6,42.43,42.44,0.675,0.675,1.48,12.0557,40.18,39.95,23.84,64.26,124.1,129.4,115,122.8,117.3,126.3,63.58,122,128,114.2,121.9,116.3,125.1,3.936,31.21,20.15,11.94,11.13,8.96,7.668,63.72,121.9,127.8,114,121.7,116.5,125.5,449,331
"2019-04-16 17:50:20.0",789466,4690,-149.5,42.39,42.41,0.674,0.674,1.481,12.0501,40.18,39.95,23.87,63.72,123.4,128.4,114.3,122,116.7,125.9,63.11,120.9,126.9,113.2,121,115.7,124.7,3.529,30.74,19.61,11.4,10.52,8.48,7.125,63.45,120.9,126.9,113.3,120.9,115.7,124.9,449,331
"2019-04-16 17:50:40.0",789467,4690,-149.4,42.35,42.37,0.674,0.674,1.482,12.0501,40.18,39.95,23.87,63.45,123,128.1,114,121.7,116.2,124.5,62.97,120.7,126.5,112.9,120.6,115.2,123.8,3.257,30.33,19.14,10.99,10.11,8.01,6.65,63.11,120.7,126.4,112.8,120.4,115.2,123.8,449,331
"2019-04-16 17:51:00.0",789468,4700,-149.3,42.32,42.34,0.673,0.673,1.483,12.0445,40.18,39.95,23.9,63.24,122.1,127.2,113.3,120.9,115.6,124,62.7,120,125.8,112.4,120,114.7,122.9,3.189,30.13,18.86,10.72,9.84,7.803,6.446,63.04,120,125.9,112.5,120.2,115.2,123.3,450,330
"2019-04-16 17:51:20.0",789469,4700,-149.2,42.28,42.3,0.673,0.673,1.484,12.0445,40.18,39.95,23.9,63.11,121.4,126.3,112.6,120.2,114.9,122.8,62.63,119.2,125.1,111.8,119.6,114.5,122.1,3.054,29.99,18.66,10.52,9.57,7.6,6.243,62.97,119.4,125.3,111.8,119.6,114.7,122.3,450,330
"2019-04-16 17:51:40.0",789470,4700,-149.1,42.25,42.26,0.672,0.673,1.485,12.0501,40.18,39.95,23.9,62.97,121.1,126.2,112.4,119.9,114.9,122.5,62.56,119.1,124.8,111.6,119.3,114.2,121.7,2.986,29.86,18.46,10.38,9.36,7.396,6.107,62.9,119.2,124.8,111.7,119.4,114.5,122,450,330
"2019-04-16 17:52:00.0",789471,4700,-149,42.21,42.23,0.672,0.672,1.486,12.0445,40.21,39.95,23.93,63.04,120.6,125.7,111.9,119.6,114.5,122.2,62.56,118.8,124.5,111.4,118.8,113.7,121.7,2.918,29.86,18.39,10.25,9.3,7.261,6.039,62.7,118.8,124.2,111.1,118.9,114.2,121.8,450,330
"2019-04-16 17:52:20.0",789472,4700,-148.9,42.17,42.19,0.671,0.672,1.487,12.0445,40.2,39.95,23.93,62.97,120.7,125.7,111.9,119.4,114.4,122.2,62.56,118.9,124.7,111.4,119,114.1,121.7,2.986,29.86,18.39,10.25,9.3,7.261,6.107,62.7,118.7,124.2,111.1,118.8,114,121.9,450,330
"2019-04-16 17:52:40.0",789473,4700,-148.8,42.14,42.15,0.671,0.671,1.488,12.0501,40.19,39.95,23.96,63.04,120.6,125.7,111.9,119.5,114.7,122.3,62.5,118.6,124.4,111.3,118.9,113.9,121.3,3.121,29.99,18.52,10.38,9.36,7.396,6.243,62.7,118.5,124.1,111,118.7,113.9,121.5,451,329
"2019-04-16 17:53:00.0",789474,4700,-148.7,42.1,42.12,0.67,0.671,1.489,12.0557,40.2,39.95,23.96,63.04,120.4,125.5,111.8,119.5,114.5,122.4,62.56,118.1,123.8,110.8,118.5,113.6,121.4,3.121,29.99,18.52,10.38,9.36,7.396,6.243,62.63,117.9,123.4,110.4,118.1,113.4,121.2,451,329
"2019-04-16 17:53:20.0",789475,4700,-148.6,42.06,42.08,0.67,0.67,1.49,12.0501,40.2,39.95,23.99,62.83,120.3,125.4,111.6,119.3,114.1,122,62.43,118.8,124.4,111.1,118.5,113.5,121.3,2.986,29.92,18.46,10.25,9.23,7.193,5.971,62.56,118.6,124.1,110.8,118.5,113.7,121.8,451,329
"2019-04-16 17:53:40.0",789476,4700,-148.5,42.03,42.04,0.669,0.67,1.491,12.0501,40.17,39.95,23.99,62.83,120.7,125.5,111.6,119.2,114,122.8,62.36,118.8,124.7,111.2,118.8,113.7,122.4,2.918,29.99,18.52,10.31,9.3,7.193,5.971,62.5,118.5,124.2,110.9,118.6,113.7,122.4,451,329
"2019-04-16 17:54:00.0",789477,4700,-148.4,41.99,42.01,0.669,0.669,1.492,12.0501,40.17,39.95,24.01,62.83,120.9,126,111.9,119.5,114.3,123.5,62.43,119.2,124.9,111.4,119,113.7,122.7,2.986,30.06,18.66,10.38,9.43,7.261,6.107,62.56,119,124.7,111.3,119,113.9,123.2,451,329
"2019-04-16 17:54:20.0",789478,4700,-148.3,41.95,41.97,0.669,0.669,1.493,12.0557,40.17,39.95,24.01,62.77,121.3,126.4,112.3,119.8,114.5,124,62.5,119.7,125.3,111.6,119.4,114.1,123.6,3.054,30.13,18.8,10.52,9.5,7.328,6.175,62.63,119.4,125.1,111.6,119.1,113.9,123.4,451,329
"2019-04-16 17:54:40.0",789479,4710,-148.2,41.92,41.93,0.668,0.668,1.494,12.039,40.17,39.95,24.01,62.97,121.9,126.8,112.6,120.1,114.6,124,62.43,120,125.5,111.7,119.4,114,123.2,3.189,30.2,18.86,10.59,9.64,7.396,6.311,62.77,119.8,125.5,111.8,119.4,114,123.6,452,328
"2019-04-16 17:55:00.0",789480,4710,-148.1,41.88,41.9,0.668,0.668,1.495,12.0445,40.17,39.95,24.04,63.17,121.7,126.9,112.4,119.9,114.5,123.8,62.56,119.8,125.3,111.8,119.3,113.9,122.9,3.393,30.4,19,10.72,9.77,7.532,6.446,62.9,119.5,125.1,111.7,119.1,113.9,123.2,452,328
"2019-04-16 17:55:20.0",789481,4710,-148,41.84,41.86,0.667,0.667,1.497,12.0445,40.17,39.95,24.07,63.24,121,125.9,112,119.6,114.5,123.4,62.56,119,124.7,111.1,118.6,113.6,122.6,3.461,30.47,19.14,10.86,9.91,7.668,6.514,62.9,118.9,124.8,111.3,119,113.9,123.1,452,328
"2019-04-16 17:55:40.0",789482,4710,-147.9,41.8,41.82,0.667,0.667,1.498,12.0445,40.17,39.95,24.07,63.17,120.6,125.5,111.8,119.6,114.7,123.9,62.56,118.3,124.2,111,118.7,113.7,123,3.529,30.74,19.34,11.06,10.11,7.871,6.786,62.9,118.5,124.5,111,119,114.1,123.3,452,328
"2019-04-16 17:56:00.0",789483,4710,-147.8,41.77,41.78,0.666,0.666,1.499,12.0445,40.17,39.95,24.07,58.9,114.4,118.4,105,112,107.2,115.8,62.09,117,122.7,109.6,117.1,112.2,121.7,3.529,30.87,19.54,11.26,10.25,8.01,6.853,62.7,117.3,123,109.9,117.6,113.1,122.3,452,328
"2019-04-16 17:56:20.0",789484,4720,-147.7,41.73,41.75,0.666,0.666,1.5,12.0557,40.17,39.95,24.1,63.04,119.8,124.9,111.3,118.8,114,123,62.29,117.3,123.1,110,117.7,112.8,121.5,3.596,31.01,19.75,11.47,10.52,8.21,7.057,62.77,117.5,123.3,110.3,118,113.5,122.3,453,327
"2019-04-16 17:56:40.0",789485,4720,-147.6,41.69,41.71,0.665,0.665,1.501,12.0557,40.17,39.95,24.13,63.11,120.1,125.2,111.4,119.1,114.1,122.7,62.36,117.7,123.4,110.3,117.9,113,121.3,3.732,31.35,20.15,11.81,10.92,8.62,7.396,62.77,118.1,123.9,110.7,118.5,113.8,122.1,453,327
"2019-04-16 17:57:00.0",789486,4720,-147.5,41.65,41.67,0.665,0.665,1.502,12.0557,40.17,39.95,24.13,63.11,120,125.4,111.8,119.3,114.7,122.7,62.56,117.9,123.6,110.5,118.5,113.7,121.5,3.936,31.62,20.49,12.08,11.2,8.89,7.668,62.7,117.9,123.8,110.7,118.4,113.8,121.8,453,327
"2019-04-16 17:57:20.0",789487,4720,-147.4,41.61,41.63,0.664,0.664,1.503,12.0557,40.17,39.95,24.13,63.38,119.9,125.1,111.6,119.4,114.7,122.5,62.77,117.6,123.6,110.5,118.3,113.7,121.3,4.207,32.03,21.04,12.69,11.81,9.5,8.28,62.9,117.8,123.8,110.9,118.5,113.9,121.4,453,327
"2019-04-16 17:57:40.0",789488,4720,-147.4,41.57,41.59,0.664,0.664,1.504,12.0501,40.17,39.95,24.16,63.99,121.1,126.6,113,120.9,116,123.4,63.38,118.9,125.1,112,119.7,114.9,122.2,4.682,32.71,21.92,13.5,12.76,10.45,9.16,63.38,118.7,125.1,112,119.9,115.2,122.6,453,327
"2019-04-16 17:58:00.0",789489,4730,-147.3,41.54,41.55,0.663,0.663,1.505,12.0445,40.17,39.95,24.16,64.8,122.3,128.3,114.5,122.5,117.7,124.8,63.99,119.6,126.2,113.2,121.1,116.4,123.6,5.496,33.59,23.07,14.72,14.11,11.81,10.59,64.33,119.8,126.3,113.3,121.3,116.8,124.2,454,326
"2019-04-16 17:58:20.0",789490,4730,-147.2,41.5,41.52,0.663,0.663,1.507,12.0445,40.17,39.95,24.19,66.23,123.6,130.3,116.9,125.3,120.9,128.1,65.14,120.6,128,115.3,123.5,119,126.1,6.582,34.74,24.7,16.42,16.01,13.91,12.69,65.55,121.3,128.7,116,124.4,120,127.3,454,326
"2019-04-16 17:58:40.0",789491,4730,-147.1,41.46,41.48,0.662,0.662,1.508,12.0445,40.17,39.95,24.22,61.34,119.7,124.9,110.6,117.6,111.6,117.5,13.71,51.37,43.5,32.91,33.05,28.23,27.41,6.989,36.24,26.8,18.66,18.46,16.01,14.59,11.13,49.54,41.32,31.01,31.21,26.46,25.45,454,326
"2019-04-16 17:59:00.0",789492,4730,-147,41.42,41.44,0.662,0.662,1.509,12.039,40.17,39.95,24.22,11.67,51.5,43.29,32.71,33.05,28.5,27.21,10.18,47.3,39.22,29.31,29.45,25.31,24.16,7.939,37.52,28.64,20.42,20.49,18.19,16.83,9.77,46.75,38.68,28.97,29.25,25.11,23.75,454,326
"2019-04-16 17:59:20.0",789493,4730,-146.9,41.38,41.4,0.661,0.661,1.51,12.0445,40.17,39.93,24.25,12.42,50.35,42.95,33.39,34.2,30.6,29.52,10.92,46.62,39.42,30.4,30.94,27.41,26.4,9.16,38.88,30.54,22.6,22.94,20.76,19.61,11.6,48.86,42.07,32.91,33.72,29.86,28.7,454,326
"2019-04-16 17:59:40.0",789494,4730,-146.8,41.34,41.36,0.661,0.661,1.511,12.0445,40.17,39.92,24.25,29.72,81.2,78.51,65.96,68.87,62.9,63.92,22.12,68.81,64.73,53.27,55.17,49.54,49.6,10.65,40.71,32.91,24.97,25.58,23.61,22.8,22.39,70.23,66.5,55.1,57.34,51.71,51.77,454,326
