"TOA5","","","1764","CR1000.Std.24","CPU:MFRSR_10012018V2.8.CR1","13574","TableHdr","PbCdlComm-1.6.0 (2016/01/26)"
"TIMESTAMP","RECORD","loggerID""headID""xpgmVerID""xlat""xlon""xSiteElev""xFULLREV""xCRXHSTEPS""xSCANseconds""xSCANnAvg""xSCANtrough""xHOMEoffset""xALLTIMEband"
"TS","RN","--""--""--""deg""deg""m""--""--""sec""--""--""--""--"
"","","Smp""Smp""Smp""Smp""Smp""Smp""Smp""Smp""Smp""Smp""Smp""Smp""Smp"
"2019-04-15 00:00:00.0",370,1764,180054423,2.8,-32.1259,-64.7287,1160,800,20,20,1,10,0,-1
"TOA5","","","1764","CR1000.Std.24","CPU:MFRSR_10012018V2.8.CR1","13574","Table155","PbCdlComm-1.6.0 (2016/01/26)"
"TIMESTAMP","RECORD","xoset""az""el""al""cosz""cosasz""pamass""vBat""Thead""THTC""Tlogger""Dnadir(1)""Dnadir(2)""Dnadir(3)""Dnadir(4)""Dnadir(5)""Dnadir(6)""Dnadir(7)""Deast(1)""Deast(2)""Deast(3)""Deast(4)""Deast(5)""Deast(6)""Deast(7)""Dsun(1)""Dsun(2)""Dsun(3)""Dsun(4)""Dsun(5)""Dsun(6)""Dsun(7)""Dwest(1)""Dwest(2)""Dwest(3)""Dwest(4)""Dwest(5)""Dwest(6)""Dwest(7)""kount""khome"
"TS","RN","sec""deg""deg""deg""--""--""--""Volt""degC""degC""degC""mV""mV""mV""mV""mV""mV""mV""mV""mV""mV""mV""mV""mV""mV""mV""mV""mV""mV""mV""mV""mV""mV""mV""mV""mV""mV""mV""mV""--""--"
"","","Smp""Smp""Smp""Smp""Smp""Smp""Smp""Smp""Smp""Smp""Smp""Smp""Smp""Smp""Smp""Smp""Smp""Smp""Smp""Smp""Smp""Smp""Smp""Smp""Smp""Smp""Smp""Smp""Smp""Smp""Smp""Smp""Smp""Smp""Smp""Smp""Smp""Smp""Smp""Smp""Smp"
"2019-04-15 01:00:00.0",782115,-9999,-75.88,-38.58,-38.58,-0.624,-9999,-9999,12.0431,40.09,39.91,21.53,-0.738,-0.815,-0.839,-0.77,-0.79,-0.796,-0.687,-0.734,-0.782,-0.819,-0.758,-0.77,-0.754,-0.695,-0.73,-0.803,-0.827,-0.758,-0.786,-0.772,-0.704,-0.728,-0.815,-0.823,-0.742,-0.784,-0.788,-0.677,0,700
"2019-04-15 01:00:20.0",782116,-9999,-75.82,-38.65,-38.65,-0.625,-9999,-9999,12.0375,40.09,39.91,21.53,-0.734,-0.823,-0.823,-0.774,-0.815,-0.764,-0.689,-0.732,-0.786,-0.829,-0.78,-0.784,-0.778,-0.708,-0.726,-0.794,-0.835,-0.784,-0.766,-0.768,-0.667,-0.734,-0.788,-0.805,-0.764,-0.772,-0.75,-0.693,0,0
"2019-04-15 01:00:40.0",782117,-9999,-75.76,-38.72,-38.72,-0.625,-9999,-9999,12.0375,40.08,39.91,21.53,-0.742,-0.811,-0.857,-0.764,-0.79,-0.762,-0.667,-0.728,-0.821,-0.831,-0.76,-0.778,-0.754,-0.704,-0.726,-0.799,-0.825,-0.756,-0.782,-0.748,-0.659,-0.72,-0.799,-0.851,-0.742,-0.778,-0.782,-0.677,0,0
"2019-04-15 01:01:00.0",782118,-9999,-75.71,-38.79,-38.79,-0.626,-9999,-9999,12.0431,40.08,39.91,21.53,-0.736,-0.796,-0.841,-0.76,-0.794,-0.801,-0.701,-0.73,-0.825,-0.829,-0.76,-0.786,-0.79,-0.716,-0.732,-0.823,-0.831,-0.756,-0.768,-0.782,-0.663,-0.728,-0.829,-0.831,-0.74,-0.768,-0.768,-0.685,0,0
"2019-04-15 01:01:20.0",782119,-9999,-75.65,-38.86,-38.86,-0.627,-9999,-9999,12.0431,40.08,39.91,21.53,-0.74,-0.79,-0.811,-0.766,-0.784,-0.76,-0.699,-0.728,-0.817,-0.825,-0.786,-0.809,-0.752,-0.673,-0.726,-0.79,-0.831,-0.768,-0.776,-0.746,-0.679,-0.722,-0.799,-0.829,-0.754,-0.784,-0.778,-0.661,0,0
"2019-04-15 01:01:40.0",782120,-9999,-75.59,-38.92,-38.92,-0.628,-9999,-9999,12.0431,40.08,39.91,21.53,-0.732,-0.79,-0.833,-0.774,-0.782,-0.799,-0.706,-0.73,-0.796,-0.823,-0.76,-0.784,-0.788,-0.669,-0.726,-0.803,-0.827,-0.76,-0.776,-0.78,-0.679,-0.732,-0.803,-0.823,-0.762,-0.776,-0.764,-0.693,0,700
"2019-04-15 01:02:00.0",782121,-9999,-75.53,-38.99,-38.99,-0.629,-9999,-9999,12.0431,40.08,39.91,21.53,-0.732,-0.833,-0.837,-0.756,-0.796,-0.764,-0.706,-0.633,-0.699,-0.736,-0.693,-0.673,-0.671,-0.582,-0.631,-0.691,-0.732,-0.671,-0.683,-0.653,-0.59,-0.635,-0.693,-0.73,-0.667,-0.697,-0.691,-0.564,0,0
"2019-04-15 01:02:20.0",782122,-9999,-75.47,-39.06,-39.06,-0.63,-9999,-9999,12.0431,40.09,39.92,21.56,-0.645,-0.691,-0.746,-0.667,-0.687,-0.704,-0.613,-0.631,-0.722,-0.734,-0.661,-0.695,-0.661,-0.598,-0.631,-0.722,-0.738,-0.661,-0.681,-0.661,-0.57,-0.633,-0.728,-0.73,-0.661,-0.695,-0.679,-0.606,0,0
"2019-04-15 01:02:40.0",782123,-9999,-75.41,-39.13,-39.13,-0.631,-9999,-9999,12.0431,40.09,39.92,21.56,-0.641,-0.714,-0.742,-0.675,-0.716,-0.681,-0.594,-0.641,-0.728,-0.738,-0.655,-0.726,-0.665,-0.594,-0.635,-0.679,-0.734,-0.671,-0.689,-0.661,-0.596,-0.633,-0.685,-0.734,-0.663,-0.689,-0.675,-0.606,0,0
"2019-04-15 01:03:00.0",782124,-9999,-75.35,-39.2,-39.2,-0.632,-9999,-9999,12.0431,40.09,39.92,21.56,-0.641,-0.714,-0.766,-0.699,-0.697,-0.661,-0.6,-0.629,-0.712,-0.734,-0.659,-0.695,-0.701,-0.57,-0.629,-0.699,-0.726,-0.645,-0.704,-0.681,-0.608,-0.633,-0.708,-0.73,-0.661,-0.685,-0.667,-0.566,0,0
"2019-04-15 01:03:20.0",782125,-9999,-75.3,-39.27,-39.27,-0.633,-9999,-9999,12.0431,40.09,39.92,21.56,-0.645,-0.738,-0.77,-0.701,-0.699,-0.667,-0.604,-0.637,-0.72,-0.728,-0.665,-0.722,-0.685,-0.592,-0.627,-0.706,-0.732,-0.661,-0.669,-0.671,-0.608,-0.635,-0.701,-0.734,-0.659,-0.683,-0.645,-0.566,0,700
"2019-04-15 01:03:40.0",782126,-9999,-75.24,-39.33,-39.33,-0.634,-9999,-9999,12.0431,40.09,39.92,21.56,-0.655,-0.742,-0.758,-0.691,-0.714,-0.681,-0.59,-0.645,-0.742,-0.748,-0.689,-0.708,-0.718,-0.582,-0.641,-0.726,-0.754,-0.699,-0.706,-0.712,-0.596,-0.645,-0.724,-0.748,-0.679,-0.697,-0.704,-0.596,0,0
"2019-04-15 01:04:00.0",782127,-9999,-75.18,-39.4,-39.4,-0.635,-9999,-9999,12.0431,40.08,39.92,21.56,-0.661,-0.736,-0.764,-0.714,-0.712,-0.695,-0.584,-0.649,-0.74,-0.746,-0.673,-0.699,-0.673,-0.58,-0.641,-0.718,-0.738,-0.706,-0.697,-0.667,-0.572,-0.649,-0.718,-0.748,-0.677,-0.724,-0.71,-0.6,0,0
"2019-04-15 01:04:20.0",782128,-9999,-75.12,-39.47,-39.47,-0.636,-9999,-9999,12.0431,40.08,39.92,21.56,-0.73,-0.79,-0.831,-0.76,-0.813,-0.788,-0.659,-0.718,-0.79,-0.823,-0.74,-0.776,-0.784,-0.683,-0.716,-0.774,-0.843,-0.744,-0.794,-0.778,-0.677,-0.72,-0.782,-0.845,-0.736,-0.796,-0.756,-0.683,0,0
"2019-04-15 01:04:40.0",782129,-9999,-75.06,-39.54,-39.54,-0.637,-9999,-9999,12.0431,40.08,39.92,21.56,-0.73,-0.811,-0.837,-0.788,-0.77,-0.75,-0.699,-0.724,-0.815,-0.827,-0.752,-0.776,-0.774,-0.685,-0.722,-0.792,-0.823,-0.756,-0.776,-0.784,-0.677,-0.72,-0.805,-0.796,-0.732,-0.772,-0.78,-0.659,0,0
"2019-04-15 01:05:00.0",782130,-9999,-75,-39.61,-39.61,-0.638,-9999,-9999,12.0431,40.08,39.92,21.56,-0.738,-0.786,-0.853,-0.762,-0.79,-0.776,-0.695,-0.722,-0.788,-0.829,-0.75,-0.776,-0.754,-0.701,-0.72,-0.796,-0.821,-0.752,-0.774,-0.748,-0.659,-0.722,-0.78,-0.799,-0.758,-0.786,-0.744,-0.671,0,700
"2019-04-15 01:05:20.0",782131,-9999,-74.94,-39.68,-39.68,-0.638,-9999,-9999,12.0431,40.08,39.92,21.56,-0.74,-0.825,-0.837,-0.768,-0.792,-0.801,-0.663,-0.72,-0.774,-0.825,-0.756,-0.778,-0.764,-0.683,-0.726,-0.803,-0.825,-0.74,-0.776,-0.762,-0.687,-0.726,-0.819,-0.843,-0.74,-0.766,-0.754,-0.651,0,0
"2019-04-15 01:05:40.0",782132,-9999,-74.88,-39.74,-39.74,-0.639,-9999,-9999,12.0431,40.08,39.92,21.56,-0.734,-0.79,-0.835,-0.762,-0.79,-0.776,-0.665,-0.718,-0.778,-0.845,-0.756,-0.76,-0.762,-0.695,-0.722,-0.803,-0.829,-0.756,-0.776,-0.76,-0.679,-0.72,-0.815,-0.825,-0.756,-0.778,-0.764,-0.667,0,0
"2019-04-15 01:06:00.0",782133,-9999,-74.82,-39.81,-39.81,-0.64,-9999,-9999,12.0431,40.08,39.92,21.56,-0.73,-0.786,-0.831,-0.764,-0.792,-0.776,-0.679,-0.72,-0.778,-0.819,-0.754,-0.799,-0.75,-0.673,-0.724,-0.815,-0.829,-0.752,-0.774,-0.736,-0.683,-0.641,-0.724,-0.74,-0.651,-0.679,-0.669,-0.574,0,0
"2019-04-15 01:06:20.0",782134,-9999,-74.76,-39.88,-39.88,-0.641,-9999,-9999,12.0375,40.08,39.92,21.56,-0.655,-0.706,-0.754,-0.689,-0.708,-0.671,-0.623,-0.643,-0.697,-0.736,-0.671,-0.697,-0.683,-0.6,-0.639,-0.734,-0.722,-0.659,-0.72,-0.679,-0.613,-0.643,-0.738,-0.742,-0.659,-0.699,-0.681,-0.598,0,0
"2019-04-15 01:06:40.0",782135,-9999,-74.7,-39.95,-39.95,-0.642,-9999,-9999,12.0431,40.08,39.92,21.59,-0.655,-0.716,-0.754,-0.689,-0.71,-0.677,-0.598,-0.645,-0.704,-0.72,-0.679,-0.71,-0.71,-0.592,-0.645,-0.738,-0.748,-0.675,-0.722,-0.697,-0.602,-0.641,-0.734,-0.744,-0.681,-0.708,-0.704,-0.613,0,700
"2019-04-15 01:07:00.0",782136,-9999,-74.64,-40.02,-40.02,-0.643,-9999,-9999,12.0375,40.08,39.92,21.59,-0.657,-0.726,-0.762,-0.669,-0.695,-0.695,-0.596,-0.643,-0.726,-0.772,-0.679,-0.697,-0.712,-0.602,-0.635,-0.701,-0.748,-0.681,-0.701,-0.697,-0.613,-0.641,-0.72,-0.74,-0.701,-0.683,-0.685,-0.576,0,0
"2019-04-15 01:07:20.0",782137,-9999,-74.58,-40.08,-40.08,-0.644,-9999,-9999,12.0431,40.08,39.92,21.59,-0.73,-0.778,-0.825,-0.786,-0.803,-0.75,-0.669,-0.72,-0.772,-0.817,-0.756,-0.762,-0.754,-0.665,-0.726,-0.801,-0.817,-0.744,-0.772,-0.742,-0.673,-0.726,-0.819,-0.827,-0.748,-0.768,-0.744,-0.685,0,0
"2019-04-15 01:07:40.0",782138,-9999,-74.52,-40.15,-40.15,-0.645,-9999,-9999,12.0431,40.08,39.92,21.59,-0.728,-0.792,-0.847,-0.77,-0.813,-0.76,-0.697,-0.726,-0.78,-0.827,-0.778,-0.76,-0.75,-0.683,-0.722,-0.792,-0.813,-0.75,-0.78,-0.744,-0.683,-0.72,-0.815,-0.841,-0.754,-0.796,-0.742,-0.649,0,0
"2019-04-15 01:08:00.0",782139,-9999,-74.46,-40.22,-40.22,-0.646,-9999,-9999,12.0431,40.08,39.92,21.59,-0.726,-0.792,-0.833,-0.766,-0.768,-0.766,-0.669,-0.724,-0.778,-0.827,-0.752,-0.778,-0.78,-0.699,-0.72,-0.811,-0.837,-0.734,-0.77,-0.736,-0.657,-0.722,-0.809,-0.819,-0.754,-0.784,-0.776,-0.683,0,0
"2019-04-15 01:08:20.0",782140,-9999,-74.4,-40.29,-40.29,-0.647,-9999,-9999,12.0431,40.08,39.92,21.59,-0.734,-0.782,-0.825,-0.762,-0.811,-0.79,-0.661,-0.718,-0.803,-0.813,-0.75,-0.77,-0.75,-0.699,-0.72,-0.77,-0.807,-0.75,-0.799,-0.742,-0.651,-0.718,-0.796,-0.823,-0.746,-0.776,-0.744,-0.663,0,700
"2019-04-15 01:08:40.0",782141,-9999,-74.34,-40.36,-40.36,-0.648,-9999,-9999,12.0431,40.08,39.92,21.59,-0.734,-0.811,-0.835,-0.764,-0.79,-0.752,-0.704,-0.722,-0.807,-0.843,-0.772,-0.766,-0.764,-0.685,-0.724,-0.794,-0.825,-0.748,-0.774,-0.764,-0.689,-0.726,-0.801,-0.821,-0.78,-0.786,-0.76,-0.655,0,0
"2019-04-15 01:09:00.0",782142,-9999,-74.28,-40.42,-40.42,-0.648,-9999,-9999,12.0431,40.08,39.92,21.59,-0.734,-0.831,-0.839,-0.768,-0.819,-0.778,-0.708,-0.72,-0.823,-0.827,-0.762,-0.784,-0.774,-0.687,-0.72,-0.799,-0.821,-0.742,-0.774,-0.762,-0.695,-0.724,-0.801,-0.809,-0.76,-0.762,-0.766,-0.657,0,0
"2019-04-15 01:09:20.0",782143,-9999,-74.22,-40.49,-40.49,-0.649,-9999,-9999,12.0375,40.08,39.92,21.59,-0.742,-0.827,-0.827,-0.766,-0.79,-0.77,-0.655,-0.722,-0.784,-0.825,-0.756,-0.784,-0.774,-0.689,-0.724,-0.825,-0.829,-0.758,-0.778,-0.784,-0.669,-0.722,-0.813,-0.829,-0.762,-0.782,-0.762,-0.691,0,0
"2019-04-15 01:09:40.0",782144,-9999,-74.16,-40.56,-40.56,-0.65,-9999,-9999,12.0431,40.08,39.92,21.59,-0.734,-0.815,-0.845,-0.77,-0.794,-0.796,-0.685,-0.718,-0.792,-0.839,-0.756,-0.803,-0.75,-0.667,-0.72,-0.782,-0.823,-0.752,-0.758,-0.758,-0.673,-0.724,-0.788,-0.815,-0.754,-0.772,-0.74,-0.679,0,0
"2019-04-15 01:10:00.0",782145,-9999,-74.1,-40.63,-40.63,-0.651,-9999,-9999,12.0431,40.08,39.92,21.62,-0.734,-0.813,-0.847,-0.792,-0.796,-0.796,-0.673,-0.724,-0.801,-0.827,-0.74,-0.776,-0.75,-0.701,-0.72,-0.784,-0.831,-0.758,-0.776,-0.748,-0.657,-0.72,-0.782,-0.825,-0.758,-0.78,-0.748,-0.669,0,700
"2019-04-15 01:10:20.0",782146,-9999,-74.04,-40.7,-40.7,-0.652,-9999,-9999,12.0431,40.08,39.92,21.62,-0.732,-0.825,-0.829,-0.766,-0.788,-0.794,-0.681,-0.722,-0.813,-0.829,-0.772,-0.774,-0.748,-0.663,-0.722,-0.799,-0.841,-0.75,-0.776,-0.76,-0.681,-0.724,-0.801,-0.827,-0.782,-0.762,-0.748,-0.685,0,0
"2019-04-15 01:10:40.0",782147,-9999,-73.98,-40.76,-40.76,-0.653,-9999,-9999,12.0431,40.08,39.92,21.62,-0.732,-0.796,-0.835,-0.794,-0.817,-0.754,-0.667,-0.722,-0.803,-0.821,-0.752,-0.774,-0.748,-0.685,-0.72,-0.78,-0.823,-0.752,-0.776,-0.754,-0.695,-0.716,-0.799,-0.827,-0.762,-0.782,-0.748,-0.649,0,0
"2019-04-15 01:11:00.0",782148,-9999,-73.92,-40.83,-40.83,-0.654,-9999,-9999,12.0431,40.08,39.92,21.62,-0.726,-0.805,-0.835,-0.766,-0.794,-0.76,-0.706,-0.722,-0.801,-0.823,-0.784,-0.778,-0.766,-0.679,-0.718,-0.803,-0.821,-0.752,-0.801,-0.756,-0.695,-0.722,-0.782,-0.827,-0.758,-0.776,-0.764,-0.665,0,0
"2019-04-15 01:11:20.0",782149,-9999,-73.86,-40.9,-40.9,-0.655,-9999,-9999,12.0431,40.08,39.92,21.62,-0.73,-0.829,-0.841,-0.75,-0.811,-0.756,-0.701,-0.722,-0.796,-0.825,-0.782,-0.776,-0.746,-0.687,-0.718,-0.799,-0.823,-0.754,-0.764,-0.746,-0.677,-0.722,-0.784,-0.823,-0.756,-0.778,-0.762,-0.699,0,0
"2019-04-15 01:11:40.0",782150,-9999,-73.79,-40.97,-40.97,-0.656,-9999,-9999,12.0431,40.08,39.92,21.62,-0.732,-0.835,-0.843,-0.774,-0.794,-0.762,-0.687,-0.72,-0.821,-0.807,-0.762,-0.776,-0.766,-0.699,-0.718,-0.796,-0.819,-0.752,-0.799,-0.752,-0.677,-0.718,-0.776,-0.815,-0.754,-0.77,-0.76,-0.647,0,700
"2019-04-15 01:12:00.0",782151,-9999,-73.73,-41.04,-41.04,-0.657,-9999,-9999,12.0431,40.08,39.92,21.62,-0.734,-0.821,-0.825,-0.75,-0.786,-0.77,-0.657,-0.724,-0.815,-0.827,-0.76,-0.782,-0.754,-0.708,-0.722,-0.788,-0.825,-0.774,-0.776,-0.744,-0.685,-0.722,-0.796,-0.819,-0.756,-0.778,-0.756,-0.645,0,0
"2019-04-15 01:12:20.0",782152,-9999,-73.67,-41.1,-41.1,-0.657,-9999,-9999,12.0431,40.08,39.92,21.62,-0.736,-0.831,-0.839,-0.792,-0.79,-0.799,-0.691,-0.718,-0.811,-0.805,-0.756,-0.778,-0.762,-0.693,-0.722,-0.815,-0.827,-0.754,-0.772,-0.764,-0.693,-0.726,-0.794,-0.821,-0.752,-0.76,-0.748,-0.647,0,0
"2019-04-15 01:12:40.0",782153,-9999,-73.61,-41.17,-41.17,-0.658,-9999,-9999,12.0431,40.08,39.92,21.62,-0.732,-0.794,-0.831,-0.762,-0.774,-0.75,-0.683,-0.722,-0.796,-0.845,-0.76,-0.782,-0.794,-0.687,-0.726,-0.786,-0.829,-0.756,-0.782,-0.784,-0.675,-0.728,-0.782,-0.827,-0.762,-0.776,-0.77,-0.691,0,0
"2019-04-15 01:13:00.0",782154,-9999,-73.55,-41.24,-41.24,-0.659,-9999,-9999,12.0431,40.08,39.92,21.62,-0.74,-0.833,-0.855,-0.746,-0.79,-0.754,-0.665,-0.72,-0.811,-0.825,-0.768,-0.805,-0.79,-0.704,-0.724,-0.811,-0.831,-0.762,-0.768,-0.784,-0.697,-0.718,-0.813,-0.823,-0.764,-0.784,-0.786,-0.657,0,0
"2019-04-15 01:13:20.0",782155,-9999,-73.49,-41.31,-41.31,-0.66,-9999,-9999,12.0542,40.08,39.92,21.62,-0.732,-0.817,-0.841,-0.758,-0.774,-0.778,-0.669,-0.726,-0.805,-0.831,-0.762,-0.786,-0.756,-0.663,-0.72,-0.803,-0.803,-0.758,-0.805,-0.758,-0.661,-0.724,-0.78,-0.815,-0.766,-0.784,-0.77,-0.677,0,700
"2019-04-15 01:13:40.0",782156,-9999,-73.42,-41.37,-41.37,-0.661,-9999,-9999,12.0431,40.08,39.92,21.62,-0.736,-0.805,-0.835,-0.77,-0.794,-0.764,-0.687,-0.724,-0.782,-0.823,-0.76,-0.784,-0.752,-0.701,-0.718,-0.801,-0.805,-0.76,-0.778,-0.748,-0.695,-0.724,-0.819,-0.825,-0.762,-0.805,-0.744,-0.655,0,0
"2019-04-15 01:14:00.0",782157,-9999,-73.36,-41.44,-41.44,-0.662,-9999,-9999,12.0431,40.08,39.92,21.62,-0.738,-0.817,-0.841,-0.768,-0.799,-0.778,-0.701,-0.724,-0.819,-0.831,-0.758,-0.78,-0.77,-0.683,-0.722,-0.796,-0.831,-0.754,-0.776,-0.76,-0.677,-0.724,-0.799,-0.825,-0.76,-0.801,-0.744,-0.683,0,0
"2019-04-15 01:14:20.0",782158,-9999,-73.3,-41.51,-41.51,-0.663,-9999,-9999,12.0431,40.08,39.92,21.62,-0.73,-0.803,-0.845,-0.768,-0.776,-0.764,-0.683,-0.724,-0.799,-0.835,-0.762,-0.784,-0.75,-0.667,-0.724,-0.805,-0.833,-0.762,-0.766,-0.75,-0.661,-0.726,-0.805,-0.831,-0.754,-0.784,-0.786,-0.679,0,0
"2019-04-15 01:14:40.0",782159,-9999,-73.24,-41.58,-41.58,-0.664,-9999,-9999,12.0431,40.08,39.92,21.64,-0.728,-0.79,-0.839,-0.77,-0.811,-0.76,-0.685,-0.722,-0.794,-0.825,-0.756,-0.776,-0.752,-0.697,-0.718,-0.766,-0.823,-0.756,-0.774,-0.748,-0.687,-0.724,-0.778,-0.799,-0.758,-0.778,-0.738,-0.661,0,0
"2019-04-15 01:15:00.0",782160,-9999,-73.18,-41.64,-41.64,-0.665,-9999,-9999,12.0375,40.08,39.92,21.62,-0.742,-0.79,-0.837,-0.772,-0.792,-0.788,-0.706,-0.722,-0.784,-0.809,-0.758,-0.764,-0.792,-0.667,-0.728,-0.796,-0.823,-0.756,-0.784,-0.782,-0.681,-0.724,-0.805,-0.819,-0.754,-0.776,-0.784,-0.673,0,700
"2019-04-15 01:15:20.0",782161,-9999,-73.11,-41.71,-41.71,-0.665,-9999,-9999,12.0375,40.08,39.92,21.64,-0.736,-0.831,-0.845,-0.748,-0.815,-0.794,-0.687,-0.72,-0.782,-0.831,-0.76,-0.776,-0.756,-0.704,-0.72,-0.811,-0.839,-0.752,-0.758,-0.744,-0.677,-0.724,-0.817,-0.817,-0.75,-0.782,-0.75,-0.653,0,0
"2019-04-15 01:15:40.0",782162,-9999,-73.05,-41.78,-41.78,-0.666,-9999,-9999,12.0431,40.08,39.91,21.64,-0.734,-0.831,-0.859,-0.77,-0.772,-0.758,-0.704,-0.73,-0.815,-0.819,-0.754,-0.76,-0.782,-0.683,-0.728,-0.796,-0.817,-0.748,-0.782,-0.78,-0.675,-0.722,-0.799,-0.821,-0.774,-0.776,-0.78,-0.699,0,0
"2019-04-15 01:16:00.0",782163,-9999,-72.99,-41.85,-41.85,-0.667,-9999,-9999,12.0431,40.08,39.91,21.64,-0.734,-0.811,-0.831,-0.79,-0.813,-0.796,-0.701,-0.722,-0.796,-0.819,-0.754,-0.774,-0.764,-0.665,-0.722,-0.801,-0.817,-0.75,-0.774,-0.758,-0.655,-0.726,-0.776,-0.819,-0.752,-0.782,-0.764,-0.667,0,0
"2019-04-15 01:16:20.0",782164,-9999,-72.93,-41.92,-41.92,-0.668,-9999,-9999,12.0375,40.08,39.91,21.64,-0.738,-0.831,-0.841,-0.752,-0.792,-0.794,-0.697,-0.722,-0.786,-0.833,-0.756,-0.776,-0.792,-0.708,-0.722,-0.821,-0.833,-0.758,-0.796,-0.79,-0.657,-0.724,-0.813,-0.823,-0.76,-0.792,-0.768,-0.675,0,0
"2019-04-15 01:16:40.0",782165,-9999,-72.86,-41.98,-41.98,-0.669,-9999,-9999,12.0431,40.08,39.91,21.64,-0.73,-0.817,-0.839,-0.75,-0.78,-0.756,-0.685,-0.72,-0.817,-0.825,-0.752,-0.799,-0.748,-0.663,-0.722,-0.796,-0.801,-0.754,-0.762,-0.748,-0.661,-0.72,-0.784,-0.807,-0.756,-0.776,-0.782,-0.667,0,700
"2019-04-15 01:17:00.0",782166,-9999,-72.8,-42.05,-42.05,-0.67,-9999,-9999,12.0431,40.08,39.91,21.64,-0.744,-0.821,-0.839,-0.766,-0.794,-0.792,-0.685,-0.73,-0.825,-0.839,-0.782,-0.786,-0.758,-0.665,-0.734,-0.825,-0.829,-0.758,-0.807,-0.752,-0.687,-0.726,-0.803,-0.833,-0.784,-0.784,-0.782,-0.691,0,0
"2019-04-15 01:17:20.0",782167,-9999,-72.74,-42.12,-42.12,-0.671,-9999,-9999,12.0431,40.08,39.92,21.64,-0.738,-0.813,-0.839,-0.776,-0.815,-0.78,-0.665,-0.724,-0.815,-0.829,-0.78,-0.813,-0.754,-0.665,-0.724,-0.817,-0.829,-0.76,-0.764,-0.746,-0.675,-0.724,-0.796,-0.827,-0.782,-0.78,-0.784,-0.691,0,0
"2019-04-15 01:17:40.0",782168,-9999,-72.67,-42.19,-42.19,-0.672,-9999,-9999,12.0375,40.08,39.92,21.64,-0.744,-0.813,-0.833,-0.77,-0.778,-0.758,-0.683,-0.734,-0.821,-0.851,-0.76,-0.774,-0.762,-0.677,-0.73,-0.823,-0.835,-0.76,-0.786,-0.75,-0.683,-0.732,-0.821,-0.837,-0.766,-0.786,-0.79,-0.693,0,0
"2019-04-15 01:18:00.0",782169,-9999,-72.61,-42.25,-42.25,-0.672,-9999,-9999,12.0431,40.08,39.92,21.64,-0.73,-0.815,-0.849,-0.774,-0.809,-0.801,-0.687,-0.726,-0.799,-0.825,-0.764,-0.803,-0.768,-0.667,-0.722,-0.803,-0.805,-0.742,-0.764,-0.76,-0.683,-0.726,-0.805,-0.796,-0.76,-0.766,-0.746,-0.685,0,0
"2019-04-15 01:18:20.0",782170,-9999,-72.55,-42.32,-42.32,-0.673,-9999,-9999,12.0431,40.08,39.92,21.64,-0.734,-0.835,-0.837,-0.768,-0.782,-0.794,-0.685,-0.726,-0.78,-0.825,-0.758,-0.79,-0.756,-0.683,-0.728,-0.801,-0.815,-0.752,-0.799,-0.754,-0.679,-0.722,-0.825,-0.823,-0.76,-0.782,-0.788,-0.704,0,700
"2019-04-15 01:18:40.0",782171,-9999,-72.48,-42.39,-42.39,-0.674,-9999,-9999,12.0431,40.08,39.92,21.64,-0.734,-0.799,-0.839,-0.774,-0.817,-0.764,-0.706,-0.732,-0.801,-0.831,-0.758,-0.805,-0.792,-0.704,-0.732,-0.782,-0.857,-0.784,-0.786,-0.782,-0.697,-0.728,-0.776,-0.833,-0.758,-0.766,-0.768,-0.655,0,0
"2019-04-15 01:19:00.0",782172,-9999,-72.42,-42.45,-42.45,-0.675,-9999,-9999,12.0375,40.09,39.92,21.64,-0.738,-0.833,-0.841,-0.768,-0.794,-0.758,-0.683,-0.726,-0.807,-0.823,-0.754,-0.782,-0.752,-0.665,-0.724,-0.78,-0.829,-0.764,-0.784,-0.75,-0.661,-0.726,-0.784,-0.807,-0.758,-0.78,-0.784,-0.679,0,0
"2019-04-15 01:19:20.0",782173,-9999,-72.35,-42.52,-42.52,-0.676,-9999,-9999,12.0431,40.09,39.92,21.64,-0.74,-0.825,-0.847,-0.801,-0.799,-0.801,-0.693,-0.722,-0.819,-0.825,-0.766,-0.768,-0.774,-0.685,-0.722,-0.803,-0.811,-0.782,-0.79,-0.764,-0.697,-0.726,-0.807,-0.815,-0.76,-0.79,-0.768,-0.657,0,0
"2019-04-15 01:19:40.0",782174,-9999,-72.29,-42.59,-42.59,-0.677,-9999,-9999,12.0431,40.09,39.92,21.64,-0.738,-0.833,-0.845,-0.799,-0.799,-0.782,-0.691,-0.728,-0.784,-0.805,-0.752,-0.786,-0.772,-0.671,-0.73,-0.815,-0.827,-0.772,-0.786,-0.764,-0.665,-0.726,-0.821,-0.827,-0.766,-0.786,-0.766,-0.679,0,0
"2019-04-15 01:20:00.0",782175,-9999,-72.23,-42.66,-42.66,-0.678,-9999,-9999,12.0431,40.09,39.92,21.64,-0.738,-0.811,-0.835,-0.772,-0.819,-0.778,-0.669,-0.732,-0.827,-0.827,-0.76,-0.784,-0.776,-0.673,-0.724,-0.799,-0.843,-0.756,-0.805,-0.772,-0.675,-0.722,-0.801,-0.823,-0.754,-0.776,-0.75,-0.691,0,700
"2019-04-15 01:20:20.0",782176,-9999,-72.16,-42.72,-42.72,-0.678,-9999,-9999,12.0431,40.09,39.92,21.64,-0.746,-0.799,-0.845,-0.772,-0.794,-0.762,-0.669,-0.728,-0.809,-0.827,-0.742,-0.782,-0.754,-0.671,-0.728,-0.811,-0.807,-0.742,-0.78,-0.746,-0.665,-0.724,-0.807,-0.805,-0.76,-0.78,-0.762,-0.675,0,0
"2019-04-15 01:20:40.0",782177,-9999,-72.1,-42.79,-42.79,-0.679,-9999,-9999,12.0431,40.08,39.92,21.64,-0.744,-0.799,-0.841,-0.774,-0.792,-0.79,-0.667,-0.726,-0.811,-0.849,-0.762,-0.78,-0.79,-0.669,-0.722,-0.803,-0.833,-0.762,-0.774,-0.774,-0.675,-0.728,-0.796,-0.831,-0.76,-0.807,-0.786,-0.683,0,0
"2019-04-15 01:21:00.0",782178,-9999,-72.03,-42.86,-42.86,-0.68,-9999,-9999,12.0431,40.08,39.92,21.64,-0.736,-0.794,-0.845,-0.796,-0.796,-0.805,-0.693,-0.736,-0.803,-0.829,-0.756,-0.78,-0.766,-0.683,-0.732,-0.819,-0.825,-0.754,-0.766,-0.766,-0.685,-0.728,-0.827,-0.827,-0.758,-0.784,-0.75,-0.679,0,0
"2019-04-15 01:21:20.0",782179,-9999,-71.97,-42.92,-42.92,-0.681,-9999,-9999,12.0431,40.08,39.92,21.64,-0.746,-0.813,-0.839,-0.768,-0.792,-0.774,-0.693,-0.728,-0.792,-0.833,-0.762,-0.79,-0.786,-0.671,-0.724,-0.829,-0.825,-0.756,-0.788,-0.79,-0.663,-0.728,-0.835,-0.831,-0.768,-0.782,-0.792,-0.691,0,0
"2019-04-15 01:21:40.0",782180,-9999,-71.91,-42.99,-42.99,-0.682,-9999,-9999,12.0431,40.08,39.92,21.64,-0.746,-0.817,-0.841,-0.768,-0.796,-0.776,-0.71,-0.728,-0.809,-0.811,-0.764,-0.792,-0.76,-0.71,-0.726,-0.807,-0.837,-0.762,-0.782,-0.752,-0.669,-0.726,-0.807,-0.835,-0.776,-0.807,-0.75,-0.675,0,700
"2019-04-15 01:22:00.0",782181,-9999,-71.84,-43.06,-43.06,-0.683,-9999,-9999,12.0431,40.08,39.92,21.64,-0.74,-0.825,-0.833,-0.756,-0.78,-0.774,-0.691,-0.732,-0.784,-0.811,-0.79,-0.811,-0.772,-0.691,-0.73,-0.796,-0.837,-0.782,-0.786,-0.774,-0.691,-0.732,-0.788,-0.835,-0.76,-0.768,-0.774,-0.667,0,0
"2019-04-15 01:22:20.0",782182,-9999,-71.78,-43.13,-43.13,-0.684,-9999,-9999,12.0431,40.09,39.91,21.64,-0.738,-0.817,-0.843,-0.758,-0.796,-0.762,-0.701,-0.73,-0.829,-0.813,-0.766,-0.77,-0.78,-0.671,-0.728,-0.811,-0.833,-0.786,-0.786,-0.77,-0.667,-0.732,-0.811,-0.839,-0.764,-0.79,-0.758,-0.685,0,0
"2019-04-15 01:22:40.0",782183,-9999,-71.71,-43.19,-43.19,-0.684,-9999,-9999,12.0431,40.09,39.91,21.64,-0.738,-0.837,-0.843,-0.778,-0.796,-0.782,-0.677,-0.736,-0.807,-0.829,-0.762,-0.807,-0.796,-0.691,-0.736,-0.819,-0.827,-0.762,-0.788,-0.782,-0.691,-0.728,-0.807,-0.833,-0.766,-0.77,-0.764,-0.667,0,0
"2019-04-15 01:23:00.0",782184,-9999,-71.65,-43.26,-43.26,-0.685,-9999,-9999,12.0542,40.09,39.91,21.64,-0.74,-0.825,-0.817,-0.801,-0.801,-0.809,-0.685,-0.726,-0.803,-0.859,-0.76,-0.79,-0.76,-0.665,-0.728,-0.809,-0.827,-0.76,-0.778,-0.754,-0.661,-0.736,-0.807,-0.831,-0.762,-0.786,-0.79,-0.699,0,0
"2019-04-15 01:23:20.0",782185,-9999,-71.58,-43.33,-43.33,-0.686,-9999,-9999,12.0431,40.09,39.91,21.64,-0.74,-0.811,-0.835,-0.776,-0.811,-0.803,-0.673,-0.726,-0.809,-0.817,-0.762,-0.786,-0.76,-0.716,-0.726,-0.813,-0.837,-0.768,-0.79,-0.76,-0.677,-0.728,-0.807,-0.831,-0.762,-0.788,-0.799,-0.689,0,700
"2019-04-15 01:23:40.0",782186,-9999,-71.52,-43.39,-43.39,-0.687,-9999,-9999,12.0431,40.09,39.91,21.64,-0.742,-0.819,-0.869,-0.776,-0.778,-0.788,-0.675,-0.728,-0.796,-0.837,-0.764,-0.79,-0.794,-0.669,-0.726,-0.811,-0.827,-0.76,-0.782,-0.792,-0.683,-0.732,-0.782,-0.831,-0.78,-0.778,-0.772,-0.693,0,0
"2019-04-15 01:24:00.0",782187,-9999,-71.45,-43.46,-43.46,-0.688,-9999,-9999,12.0431,40.09,39.92,21.64,-0.742,-0.825,-0.857,-0.778,-0.799,-0.77,-0.693,-0.73,-0.823,-0.857,-0.766,-0.79,-0.76,-0.706,-0.736,-0.805,-0.829,-0.762,-0.788,-0.762,-0.665,-0.738,-0.823,-0.853,-0.766,-0.792,-0.784,-0.687,0,0
"2019-04-15 01:24:20.0",782188,-9999,-71.38,-43.53,-43.53,-0.689,-9999,-9999,12.0431,40.09,39.92,21.64,-0.744,-0.807,-0.853,-0.799,-0.805,-0.805,-0.72,-0.732,-0.811,-0.813,-0.768,-0.796,-0.801,-0.71,-0.73,-0.792,-0.843,-0.766,-0.782,-0.794,-0.671,-0.728,-0.805,-0.813,-0.768,-0.799,-0.776,-0.704,0,0
"2019-04-15 01:24:40.0",782189,-9999,-71.32,-43.6,-43.6,-0.69,-9999,-9999,12.0431,40.09,39.92,21.64,-0.746,-0.849,-0.855,-0.774,-0.786,-0.776,-0.681,-0.732,-0.79,-0.837,-0.766,-0.784,-0.76,-0.683,-0.73,-0.784,-0.837,-0.764,-0.813,-0.786,-0.683,-0.732,-0.796,-0.829,-0.766,-0.801,-0.792,-0.681,0,0
"2019-04-15 01:25:00.0",782190,-9999,-71.25,-43.66,-43.66,-0.69,-9999,-9999,12.0431,40.09,39.92,21.64,-0.752,-0.843,-0.847,-0.811,-0.809,-0.807,-0.699,-0.742,-0.796,-0.843,-0.79,-0.79,-0.774,-0.669,-0.742,-0.786,-0.829,-0.784,-0.792,-0.774,-0.683,-0.738,-0.794,-0.835,-0.766,-0.79,-0.756,-0.669,0,700
"2019-04-15 01:25:20.0",782191,-9999,-71.19,-43.73,-43.73,-0.691,-9999,-9999,12.0542,40.09,39.92,21.64,-0.746,-0.807,-0.849,-0.782,-0.803,-0.772,-0.699,-0.742,-0.801,-0.855,-0.768,-0.792,-0.799,-0.691,-0.732,-0.809,-0.851,-0.77,-0.792,-0.79,-0.697,-0.734,-0.813,-0.829,-0.75,-0.79,-0.772,-0.685,0,0
"2019-04-15 01:25:40.0",782192,-9999,-71.12,-43.8,-43.8,-0.692,-9999,-9999,12.0431,40.09,39.92,21.64,-0.75,-0.841,-0.847,-0.782,-0.813,-0.794,-0.71,-0.736,-0.809,-0.857,-0.77,-0.811,-0.762,-0.71,-0.734,-0.79,-0.833,-0.774,-0.792,-0.794,-0.671,-0.734,-0.811,-0.831,-0.766,-0.811,-0.77,-0.704,0,0
"2019-04-15 01:26:00.0",782193,-9999,-71.05,-43.86,-43.86,-0.693,-9999,-9999,12.0431,40.09,39.92,21.64,-0.754,-0.847,-0.851,-0.78,-0.805,-0.809,-0.683,-0.738,-0.792,-0.811,-0.764,-0.815,-0.796,-0.685,-0.728,-0.79,-0.835,-0.766,-0.79,-0.79,-0.704,-0.74,-0.815,-0.835,-0.766,-0.792,-0.754,-0.669,0,0
"2019-04-15 01:26:20.0",782194,-9999,-70.99,-43.93,-43.93,-0.694,-9999,-9999,12.0431,40.09,39.92,21.64,-0.748,-0.833,-0.853,-0.784,-0.805,-0.788,-0.689,-0.736,-0.819,-0.839,-0.772,-0.79,-0.764,-0.679,-0.74,-0.813,-0.843,-0.764,-0.792,-0.792,-0.697,-0.738,-0.815,-0.835,-0.768,-0.796,-0.77,-0.683,0,0
"2019-04-15 01:26:40.0",782195,-9999,-70.92,-44,-44,-0.695,-9999,-9999,12.0431,40.09,39.92,21.64,-0.754,-0.833,-0.849,-0.76,-0.803,-0.78,-0.699,-0.734,-0.809,-0.821,-0.792,-0.776,-0.801,-0.679,-0.736,-0.803,-0.821,-0.772,-0.794,-0.799,-0.693,-0.736,-0.819,-0.839,-0.77,-0.796,-0.762,-0.685,0,700
"2019-04-15 01:27:00.0",782196,-9999,-70.85,-44.06,-44.06,-0.695,-9999,-9999,12.0431,40.09,39.92,21.64,-0.746,-0.845,-0.849,-0.782,-0.807,-0.786,-0.706,-0.736,-0.833,-0.841,-0.77,-0.799,-0.764,-0.714,-0.734,-0.835,-0.833,-0.774,-0.794,-0.764,-0.671,-0.736,-0.839,-0.841,-0.77,-0.796,-0.796,-0.699,0,0
"2019-04-15 01:27:20.0",782197,-9999,-70.79,-44.13,-44.13,-0.696,-9999,-9999,12.0375,40.09,39.91,21.64,-0.748,-0.833,-0.847,-0.782,-0.803,-0.77,-0.716,-0.74,-0.815,-0.871,-0.799,-0.815,-0.803,-0.683,-0.73,-0.821,-0.859,-0.776,-0.792,-0.78,-0.693,-0.74,-0.837,-0.847,-0.78,-0.815,-0.77,-0.667,0,0
"2019-04-15 01:27:40.0",782198,-9999,-70.72,-44.2,-44.2,-0.697,-9999,-9999,12.0431,40.09,39.91,21.64,-0.748,-0.843,-0.853,-0.786,-0.831,-0.799,-0.693,-0.736,-0.831,-0.811,-0.772,-0.794,-0.768,-0.681,-0.74,-0.825,-0.817,-0.786,-0.788,-0.758,-0.691,-0.734,-0.837,-0.839,-0.774,-0.788,-0.794,-0.677,0,0
"2019-04-15 01:28:00.0",782199,-9999,-70.65,-44.26,-44.26,-0.698,-9999,-9999,12.0431,40.09,39.91,21.64,-0.746,-0.829,-0.855,-0.807,-0.788,-0.77,-0.699,-0.74,-0.805,-0.839,-0.754,-0.801,-0.78,-0.685,-0.738,-0.801,-0.841,-0.774,-0.807,-0.78,-0.695,-0.74,-0.796,-0.841,-0.77,-0.794,-0.774,-0.669,0,0
"2019-04-15 01:28:20.0",782200,-9999,-70.59,-44.33,-44.33,-0.699,-9999,-9999,12.0375,40.09,39.91,21.64,-0.752,-0.807,-0.855,-0.786,-0.839,-0.817,-0.687,-0.742,-0.823,-0.825,-0.758,-0.799,-0.77,-0.701,-0.736,-0.827,-0.847,-0.776,-0.803,-0.807,-0.716,-0.736,-0.809,-0.845,-0.778,-0.799,-0.778,-0.695,0,700
"2019-04-15 01:28:40.0",782201,-9999,-70.52,-44.4,-44.4,-0.7,-9999,-9999,12.0431,40.09,39.91,21.64,-0.756,-0.839,-0.825,-0.768,-0.805,-0.811,-0.714,-0.74,-0.811,-0.835,-0.772,-0.794,-0.766,-0.691,-0.744,-0.796,-0.839,-0.794,-0.815,-0.768,-0.695,-0.74,-0.811,-0.833,-0.774,-0.815,-0.794,-0.687,0,0
"2019-04-15 01:29:00.0",782202,-9999,-70.45,-44.46,-44.46,-0.7,-9999,-9999,12.0431,40.07,39.92,21.64,-0.76,-0.847,-0.845,-0.784,-0.792,-0.778,-0.683,-0.742,-0.799,-0.843,-0.756,-0.794,-0.776,-0.71,-0.742,-0.825,-0.841,-0.774,-0.815,-0.764,-0.716,-0.746,-0.835,-0.867,-0.78,-0.794,-0.801,-0.691,0,0
"2019-04-15 01:29:20.0",782203,-9999,-70.39,-44.53,-44.53,-0.701,-9999,-9999,12.0486,40.05,39.92,21.64,-0.754,-0.829,-0.857,-0.786,-0.817,-0.794,-0.728,-0.746,-0.805,-0.851,-0.782,-0.811,-0.786,-0.701,-0.742,-0.811,-0.829,-0.78,-0.803,-0.772,-0.697,-0.748,-0.823,-0.847,-0.78,-0.799,-0.786,-0.699,0,0
"2019-04-15 01:29:40.0",782204,-9999,-70.32,-44.6,-44.6,-0.702,-9999,-9999,12.0431,40.05,39.92,21.62,-0.762,-0.835,-0.863,-0.796,-0.811,-0.778,-0.699,-0.748,-0.807,-0.863,-0.776,-0.803,-0.807,-0.706,-0.742,-0.819,-0.847,-0.772,-0.801,-0.782,-0.712,-0.746,-0.839,-0.847,-0.809,-0.796,-0.811,-0.691,0,0
"2019-04-15 01:30:00.0",782205,-9999,-70.25,-44.66,-44.66,-0.703,-9999,-9999,12.0431,40.05,39.92,21.62,-0.764,-0.817,-0.853,-0.794,-0.833,-0.78,-0.71,-0.75,-0.853,-0.857,-0.772,-0.831,-0.819,-0.71,-0.75,-0.811,-0.849,-0.811,-0.829,-0.794,-0.718,-0.744,-0.829,-0.875,-0.79,-0.805,-0.792,-0.699,0,700
"2019-04-15 01:30:20.0",782206,-9999,-70.18,-44.73,-44.73,-0.704,-9999,-9999,12.0431,40.05,39.92,21.62,-0.76,-0.823,-0.869,-0.801,-0.813,-0.829,-0.708,-0.746,-0.815,-0.881,-0.792,-0.811,-0.801,-0.699,-0.752,-0.813,-0.859,-0.784,-0.837,-0.778,-0.72,-0.746,-0.849,-0.863,-0.786,-0.811,-0.79,-0.704,0,0
"2019-04-15 01:30:40.0",782207,-9999,-70.11,-44.8,-44.8,-0.705,-9999,-9999,12.0431,40.06,39.91,21.62,-0.764,-0.859,-0.873,-0.819,-0.825,-0.794,-0.695,-0.75,-0.849,-0.851,-0.788,-0.807,-0.794,-0.716,-0.754,-0.811,-0.855,-0.782,-0.805,-0.778,-0.687,-0.752,-0.827,-0.857,-0.786,-0.796,-0.79,-0.714,0,0
"2019-04-15 01:31:00.0",782208,-9999,-70.05,-44.86,-44.86,-0.705,-9999,-9999,12.0375,40.06,39.91,21.62,-0.768,-0.855,-0.873,-0.799,-0.821,-0.819,-0.734,-0.756,-0.807,-0.847,-0.809,-0.809,-0.799,-0.724,-0.756,-0.821,-0.875,-0.782,-0.805,-0.799,-0.701,-0.754,-0.843,-0.855,-0.784,-0.811,-0.778,-0.679,0,0
"2019-04-15 01:31:20.0",782209,-9999,-69.98,-44.93,-44.93,-0.706,-9999,-9999,12.0431,40.06,39.91,21.62,-0.764,-0.841,-0.873,-0.807,-0.831,-0.809,-0.704,-0.76,-0.819,-0.841,-0.79,-0.833,-0.796,-0.738,-0.756,-0.827,-0.851,-0.792,-0.807,-0.782,-0.712,-0.756,-0.849,-0.869,-0.813,-0.811,-0.794,-0.683,0,0
"2019-04-15 01:31:40.0",782210,-9999,-69.91,-44.99,-44.99,-0.707,-9999,-9999,12.0431,40.06,39.91,21.62,-0.772,-0.857,-0.871,-0.799,-0.823,-0.807,-0.689,-0.752,-0.827,-0.859,-0.79,-0.811,-0.784,-0.704,-0.756,-0.859,-0.869,-0.788,-0.813,-0.811,-0.724,-0.756,-0.815,-0.857,-0.786,-0.792,-0.774,-0.708,0,700
"2019-04-15 01:32:00.0",782211,-9999,-69.84,-45.06,-45.06,-0.708,-9999,-9999,12.0431,40.06,39.91,21.62,-0.776,-0.847,-0.869,-0.803,-0.827,-0.829,-0.72,-0.758,-0.833,-0.863,-0.801,-0.813,-0.807,-0.728,-0.756,-0.865,-0.869,-0.794,-0.837,-0.823,-0.691,-0.76,-0.837,-0.867,-0.815,-0.813,-0.784,-0.683,0,0
"2019-04-15 01:32:20.0",782212,-9999,-69.77,-45.13,-45.13,-0.709,-9999,-9999,12.0431,40.05,39.92,21.62,-0.764,-0.843,-0.873,-0.815,-0.829,-0.833,-0.726,-0.756,-0.851,-0.863,-0.799,-0.803,-0.809,-0.74,-0.758,-0.819,-0.865,-0.799,-0.815,-0.805,-0.714,-0.76,-0.857,-0.869,-0.796,-0.825,-0.803,-0.71,0,0
"2019-04-15 01:32:40.0",782213,-9999,-69.7,-45.19,-45.19,-0.709,-9999,-9999,12.0431,40.05,39.92,21.62,-0.766,-0.833,-0.877,-0.809,-0.835,-0.815,-0.718,-0.756,-0.857,-0.865,-0.817,-0.821,-0.831,-0.697,-0.762,-0.827,-0.867,-0.801,-0.823,-0.788,-0.72,-0.764,-0.859,-0.887,-0.78,-0.815,-0.803,-0.732,0,0
"2019-04-15 01:33:00.0",782214,-9999,-69.64,-45.26,-45.26,-0.71,-9999,-9999,12.0431,40.05,39.92,21.59,-0.772,-0.831,-0.851,-0.807,-0.831,-0.831,-0.74,-0.766,-0.855,-0.863,-0.796,-0.821,-0.801,-0.728,-0.762,-0.839,-0.863,-0.79,-0.815,-0.796,-0.699,-0.758,-0.835,-0.865,-0.794,-0.796,-0.79,-0.716,0,0
"2019-04-15 01:33:20.0",782215,-9999,-69.57,-45.33,-45.33,-0.711,-9999,-9999,12.0431,40.05,39.92,21.59,-0.774,-0.873,-0.877,-0.813,-0.853,-0.803,-0.724,-0.766,-0.845,-0.871,-0.796,-0.825,-0.833,-0.734,-0.762,-0.865,-0.847,-0.799,-0.825,-0.792,-0.704,-0.756,-0.839,-0.887,-0.799,-0.847,-0.794,-0.697,0,700
"2019-04-15 01:33:40.0",782216,-9999,-69.5,-45.39,-45.39,-0.712,-9999,-9999,12.0431,40.05,39.92,21.59,-0.772,-0.855,-0.883,-0.813,-0.831,-0.815,-0.75,-0.766,-0.825,-0.875,-0.799,-0.821,-0.833,-0.708,-0.764,-0.857,-0.873,-0.79,-0.841,-0.794,-0.736,-0.77,-0.843,-0.867,-0.788,-0.821,-0.794,-0.736,0,0
"2019-04-15 01:34:00.0",782217,-9999,-69.43,-45.46,-45.46,-0.713,-9999,-9999,12.0431,40.05,39.92,21.59,-0.776,-0.869,-0.883,-0.809,-0.857,-0.841,-0.744,-0.762,-0.865,-0.851,-0.805,-0.809,-0.837,-0.728,-0.764,-0.845,-0.867,-0.807,-0.821,-0.79,-0.706,-0.766,-0.819,-0.879,-0.803,-0.813,-0.79,-0.689,0,0
"2019-04-15 01:34:20.0",782218,-9999,-69.36,-45.52,-45.52,-0.714,-9999,-9999,12.0431,40.05,39.92,21.59,-0.772,-0.879,-0.881,-0.803,-0.839,-0.843,-0.706,-0.768,-0.865,-0.877,-0.803,-0.815,-0.833,-0.734,-0.772,-0.845,-0.867,-0.786,-0.821,-0.801,-0.708,-0.778,-0.825,-0.873,-0.805,-0.837,-0.79,-0.699,0,0
"2019-04-15 01:34:40.0",782219,-9999,-69.29,-45.59,-45.59,-0.714,-9999,-9999,12.0431,40.05,39.92,21.56,-0.78,-0.847,-0.861,-0.839,-0.837,-0.839,-0.732,-0.77,-0.849,-0.859,-0.799,-0.827,-0.796,-0.746,-0.772,-0.849,-0.873,-0.809,-0.827,-0.794,-0.734,-0.774,-0.873,-0.873,-0.792,-0.827,-0.796,-0.726,0,0
"2019-04-15 01:35:00.0",782220,-9999,-69.22,-45.66,-45.66,-0.715,-9999,-9999,12.0431,40.05,39.92,21.56,-0.776,-0.881,-0.885,-0.829,-0.841,-0.827,-0.746,-0.774,-0.847,-0.871,-0.794,-0.831,-0.835,-0.74,-0.772,-0.867,-0.877,-0.79,-0.835,-0.807,-0.704,-0.778,-0.867,-0.898,-0.807,-0.823,-0.799,-0.701,0,700
"2019-04-15 01:35:20.0",782221,-9999,-69.15,-45.72,-45.72,-0.716,-9999,-9999,12.0431,40.05,39.92,21.56,-0.778,-0.837,-0.885,-0.839,-0.841,-0.817,-0.726,-0.77,-0.861,-0.869,-0.823,-0.823,-0.833,-0.712,-0.772,-0.843,-0.869,-0.825,-0.813,-0.829,-0.704,-0.77,-0.823,-0.869,-0.803,-0.829,-0.811,-0.699,0,0
"2019-04-15 01:35:40.0",782222,-9999,-69.08,-45.79,-45.79,-0.717,-9999,-9999,12.0431,40.05,39.92,21.56,-0.786,-0.857,-0.885,-0.823,-0.839,-0.845,-0.73,-0.78,-0.867,-0.873,-0.809,-0.815,-0.841,-0.728,-0.772,-0.849,-0.873,-0.799,-0.845,-0.829,-0.732,-0.774,-0.831,-0.898,-0.811,-0.837,-0.833,-0.708,0,0
"2019-04-15 01:36:00.0",782223,-9999,-69.01,-45.85,-45.85,-0.718,-9999,-9999,12.0486,40.05,39.92,21.56,-0.788,-0.843,-0.902,-0.819,-0.845,-0.823,-0.708,-0.776,-0.837,-0.877,-0.796,-0.837,-0.825,-0.732,-0.776,-0.873,-0.885,-0.811,-0.829,-0.809,-0.71,-0.774,-0.857,-0.875,-0.815,-0.831,-0.821,-0.704,0,0
"2019-04-15 01:36:20.0",782224,-9999,-68.94,-45.92,-45.92,-0.718,-9999,-9999,12.0375,40.04,39.92,21.53,-0.786,-0.875,-0.881,-0.813,-0.849,-0.825,-0.73,-0.776,-0.871,-0.883,-0.801,-0.823,-0.809,-0.752,-0.778,-0.851,-0.885,-0.811,-0.839,-0.805,-0.746,-0.776,-0.843,-0.881,-0.811,-0.857,-0.819,-0.738,0,0
"2019-04-15 01:36:40.0",782225,-9999,-68.87,-45.99,-45.99,-0.719,-9999,-9999,12.0431,40.03,39.92,21.53,-0.786,-0.863,-0.892,-0.827,-0.843,-0.827,-0.734,-0.776,-0.867,-0.885,-0.811,-0.817,-0.837,-0.716,-0.776,-0.849,-0.879,-0.835,-0.831,-0.831,-0.71,-0.776,-0.845,-0.879,-0.809,-0.829,-0.835,-0.697,0,700
"2019-04-15 01:37:00.0",782226,-9999,-68.8,-46.05,-46.05,-0.72,-9999,-9999,12.0431,40.03,39.92,21.51,-0.79,-0.849,-0.863,-0.821,-0.845,-0.813,-0.734,-0.784,-0.851,-0.889,-0.799,-0.831,-0.827,-0.742,-0.78,-0.827,-0.879,-0.811,-0.839,-0.813,-0.734,-0.78,-0.837,-0.879,-0.819,-0.833,-0.815,-0.742,0,0
"2019-04-15 01:37:20.0",782227,-9999,-68.72,-46.12,-46.12,-0.721,-9999,-9999,12.0431,40.03,39.92,21.51,-0.792,-0.845,-0.91,-0.829,-0.827,-0.843,-0.716,-0.784,-0.883,-0.883,-0.819,-0.863,-0.803,-0.762,-0.78,-0.853,-0.885,-0.817,-0.821,-0.811,-0.712,-0.782,-0.855,-0.883,-0.817,-0.839,-0.819,-0.722,0,0
"2019-04-15 01:37:40.0",782228,-9999,-68.65,-46.18,-46.18,-0.722,-9999,-9999,12.0431,40.03,39.92,21.51,-0.796,-0.892,-0.896,-0.823,-0.851,-0.817,-0.758,-0.782,-0.861,-0.906,-0.817,-0.839,-0.851,-0.762,-0.78,-0.843,-0.879,-0.813,-0.843,-0.837,-0.744,-0.784,-0.841,-0.887,-0.821,-0.835,-0.827,-0.716,0,0
"2019-04-15 01:38:00.0",782229,-9999,-68.58,-46.25,-46.25,-0.722,-9999,-9999,12.0431,40.03,39.92,21.51,-0.801,-0.889,-0.902,-0.829,-0.853,-0.859,-0.746,-0.782,-0.851,-0.885,-0.811,-0.839,-0.843,-0.746,-0.78,-0.859,-0.881,-0.819,-0.839,-0.843,-0.73,-0.782,-0.833,-0.887,-0.796,-0.829,-0.819,-0.744,0,0
"2019-04-15 01:38:20.0",782230,-9999,-68.51,-46.31,-46.31,-0.723,-9999,-9999,12.0431,40.03,39.92,21.48,-0.794,-0.875,-0.902,-0.831,-0.857,-0.815,-0.74,-0.782,-0.873,-0.875,-0.807,-0.839,-0.847,-0.74,-0.784,-0.855,-0.883,-0.811,-0.821,-0.837,-0.736,-0.776,-0.851,-0.885,-0.813,-0.837,-0.821,-0.752,0,700
"2019-04-15 01:38:40.0",782231,-9999,-68.44,-46.38,-46.38,-0.724,-9999,-9999,12.0431,40.03,39.92,21.48,-0.796,-0.885,-0.9,-0.853,-0.843,-0.845,-0.756,-0.792,-0.871,-0.883,-0.817,-0.843,-0.855,-0.73,-0.78,-0.889,-0.91,-0.815,-0.837,-0.843,-0.72,-0.784,-0.861,-0.904,-0.807,-0.863,-0.827,-0.732,0,0
"2019-04-15 01:39:00.0",782232,-9999,-68.37,-46.45,-46.45,-0.725,-9999,-9999,12.0431,40.03,39.92,21.48,-0.794,-0.904,-0.898,-0.827,-0.831,-0.861,-0.73,-0.788,-0.879,-0.883,-0.815,-0.839,-0.819,-0.742,-0.78,-0.877,-0.885,-0.803,-0.855,-0.851,-0.748,-0.786,-0.885,-0.887,-0.821,-0.865,-0.823,-0.714,0,0
"2019-04-15 01:39:20.0",782233,-9999,-68.3,-46.51,-46.51,-0.726,-9999,-9999,12.0431,40.03,39.92,21.45,-0.799,-0.892,-0.875,-0.827,-0.853,-0.823,-0.77,-0.782,-0.857,-0.885,-0.805,-0.843,-0.833,-0.742,-0.788,-0.877,-0.894,-0.841,-0.839,-0.827,-0.742,-0.782,-0.877,-0.894,-0.819,-0.849,-0.815,-0.756,0,0
"2019-04-15 01:39:40.0",782234,-9999,-68.23,-46.58,-46.58,-0.726,-9999,-9999,12.0375,40.03,39.92,21.45,-0.799,-0.863,-0.894,-0.827,-0.845,-0.849,-0.754,-0.786,-0.887,-0.889,-0.819,-0.837,-0.855,-0.746,-0.786,-0.883,-0.883,-0.823,-0.841,-0.823,-0.75,-0.782,-0.879,-0.885,-0.821,-0.839,-0.817,-0.718,0,0
"2019-04-15 01:40:00.0",782235,-9999,-68.15,-46.64,-46.64,-0.727,-9999,-9999,12.0375,40.03,39.92,21.42,-0.801,-0.887,-0.883,-0.831,-0.853,-0.825,-0.74,-0.788,-0.857,-0.881,-0.821,-0.841,-0.813,-0.748,-0.786,-0.861,-0.879,-0.801,-0.827,-0.805,-0.76,-0.786,-0.859,-0.883,-0.815,-0.825,-0.843,-0.742,0,700
"2019-04-15 01:40:20.0",782236,-9999,-68.08,-46.71,-46.71,-0.728,-9999,-9999,12.0431,40.03,39.92,21.42,-0.801,-0.877,-0.922,-0.837,-0.879,-0.857,-0.73,-0.786,-0.849,-0.898,-0.831,-0.849,-0.853,-0.734,-0.79,-0.845,-0.885,-0.817,-0.841,-0.823,-0.738,-0.788,-0.837,-0.892,-0.805,-0.847,-0.813,-0.748,0,0
"2019-04-15 01:40:40.0",782237,-9999,-68.01,-46.77,-46.77,-0.729,-9999,-9999,12.0431,40.03,39.92,21.42,-0.801,-0.898,-0.9,-0.853,-0.877,-0.817,-0.76,-0.788,-0.867,-0.881,-0.821,-0.839,-0.859,-0.722,-0.784,-0.867,-0.896,-0.827,-0.843,-0.847,-0.724,-0.79,-0.867,-0.896,-0.819,-0.847,-0.831,-0.762,0,0
"2019-04-15 01:41:00.0",782238,-9999,-67.94,-46.84,-46.84,-0.729,-9999,-9999,12.0375,40.03,39.92,21.4,-0.807,-0.894,-0.924,-0.843,-0.863,-0.843,-0.728,-0.786,-0.865,-0.912,-0.845,-0.835,-0.833,-0.762,-0.79,-0.861,-0.912,-0.825,-0.843,-0.831,-0.704,-0.784,-0.865,-0.889,-0.827,-0.849,-0.831,-0.732,0,0
"2019-04-15 01:41:20.0",782239,-9999,-67.86,-46.91,-46.91,-0.73,-9999,-9999,12.0486,40.03,39.92,21.4,-0.796,-0.837,-0.871,-0.853,-0.851,-0.817,-0.722,-0.786,-0.887,-0.896,-0.827,-0.835,-0.847,-0.746,-0.786,-0.871,-0.894,-0.819,-0.867,-0.825,-0.758,-0.79,-0.883,-0.867,-0.805,-0.867,-0.813,-0.716,0,0
"2019-04-15 01:41:40.0",782240,-9999,-67.79,-46.97,-46.97,-0.731,-9999,-9999,12.0375,40.03,39.92,21.4,-0.796,-0.885,-0.898,-0.839,-0.851,-0.831,-0.76,-0.788,-0.849,-0.885,-0.851,-0.841,-0.851,-0.746,-0.784,-0.847,-0.887,-0.823,-0.845,-0.831,-0.718,-0.788,-0.843,-0.889,-0.819,-0.845,-0.823,-0.744,0,700
"2019-04-15 01:42:00.0",782241,-9999,-67.72,-47.04,-47.04,-0.732,-9999,-9999,12.0431,40.03,39.92,21.37,-0.796,-0.902,-0.904,-0.831,-0.855,-0.823,-0.764,-0.786,-0.879,-0.885,-0.819,-0.835,-0.851,-0.764,-0.782,-0.883,-0.889,-0.821,-0.825,-0.819,-0.716,-0.794,-0.877,-0.892,-0.815,-0.827,-0.807,-0.738,0,0
"2019-04-15 01:42:20.0",782242,-9999,-67.65,-47.1,-47.1,-0.733,-9999,-9999,12.0431,40.03,39.92,21.37,-0.799,-0.871,-0.879,-0.841,-0.861,-0.857,-0.744,-0.788,-0.857,-0.894,-0.827,-0.849,-0.855,-0.772,-0.79,-0.859,-0.892,-0.823,-0.847,-0.831,-0.748,-0.79,-0.869,-0.894,-0.825,-0.847,-0.813,-0.738,0,0
"2019-04-15 01:42:40.0",782243,-9999,-67.57,-47.17,-47.17,-0.733,-9999,-9999,12.0431,40.03,39.92,21.37,-0.801,-0.867,-0.906,-0.837,-0.861,-0.857,-0.726,-0.79,-0.849,-0.889,-0.827,-0.847,-0.813,-0.73,-0.782,-0.845,-0.898,-0.827,-0.839,-0.811,-0.74,-0.79,-0.861,-0.916,-0.819,-0.843,-0.849,-0.742,0,0
"2019-04-15 01:43:00.0",782244,-9999,-67.5,-47.23,-47.23,-0.734,-9999,-9999,12.0431,40.03,39.92,21.34,-0.801,-0.865,-0.908,-0.839,-0.875,-0.829,-0.766,-0.788,-0.845,-0.887,-0.823,-0.845,-0.821,-0.736,-0.786,-0.871,-0.889,-0.825,-0.839,-0.853,-0.738,-0.786,-0.847,-0.912,-0.823,-0.843,-0.829,-0.754,0,0
"2019-04-15 01:43:20.0",782245,-9999,-67.42,-47.3,-47.3,-0.735,-9999,-9999,12.0431,40.03,39.92,21.34,-0.796,-0.896,-0.898,-0.835,-0.835,-0.839,-0.742,-0.786,-0.879,-0.885,-0.819,-0.845,-0.831,-0.758,-0.79,-0.873,-0.889,-0.803,-0.843,-0.843,-0.718,-0.782,-0.881,-0.894,-0.819,-0.849,-0.807,-0.726,0,700
"2019-04-15 01:43:40.0",782246,-9999,-67.35,-47.36,-47.36,-0.736,-9999,-9999,12.0431,40.03,39.92,21.34,-0.792,-0.867,-0.902,-0.831,-0.873,-0.825,-0.758,-0.79,-0.861,-0.883,-0.815,-0.851,-0.827,-0.728,-0.786,-0.865,-0.883,-0.821,-0.841,-0.811,-0.74,-0.79,-0.883,-0.887,-0.819,-0.841,-0.843,-0.756,0,0
"2019-04-15 01:44:00.0",782247,-9999,-67.28,-47.43,-47.43,-0.736,-9999,-9999,12.0431,40.03,39.91,21.31,-0.801,-0.894,-0.892,-0.831,-0.847,-0.839,-0.744,-0.796,-0.881,-0.863,-0.821,-0.841,-0.851,-0.766,-0.788,-0.871,-0.892,-0.819,-0.839,-0.821,-0.752,-0.788,-0.885,-0.892,-0.811,-0.865,-0.811,-0.74,0,0
"2019-04-15 01:44:20.0",782248,-9999,-67.2,-47.49,-47.49,-0.737,-9999,-9999,12.0486,40.03,39.91,21.31,-0.799,-0.865,-0.906,-0.837,-0.855,-0.843,-0.734,-0.79,-0.867,-0.9,-0.823,-0.845,-0.841,-0.75,-0.786,-0.867,-0.898,-0.827,-0.845,-0.817,-0.756,-0.786,-0.865,-0.922,-0.827,-0.847,-0.849,-0.72,0,0
"2019-04-15 01:44:40.0",782249,-9999,-67.13,-47.56,-47.56,-0.738,-9999,-9999,12.0431,40.03,39.91,21.29,-0.796,-0.871,-0.922,-0.829,-0.855,-0.839,-0.744,-0.792,-0.861,-0.873,-0.827,-0.845,-0.839,-0.75,-0.788,-0.871,-0.869,-0.831,-0.829,-0.847,-0.726,-0.784,-0.867,-0.889,-0.823,-0.831,-0.831,-0.752,0,0
"2019-04-15 01:45:00.0",782250,-9999,-67.06,-47.62,-47.62,-0.739,-9999,-9999,12.0431,40.03,39.91,21.29,-0.796,-0.896,-0.902,-0.863,-0.853,-0.863,-0.772,-0.792,-0.855,-0.889,-0.829,-0.867,-0.831,-0.728,-0.79,-0.843,-0.865,-0.823,-0.843,-0.813,-0.734,-0.782,-0.835,-0.889,-0.817,-0.845,-0.823,-0.73,0,700
"2019-04-15 01:45:20.0",782251,-9999,-66.98,-47.69,-47.69,-0.74,-9999,-9999,12.0375,40.03,39.91,21.29,-0.803,-0.877,-0.914,-0.837,-0.859,-0.823,-0.77,-0.788,-0.887,-0.887,-0.821,-0.849,-0.829,-0.73,-0.79,-0.883,-0.889,-0.823,-0.839,-0.807,-0.738,-0.786,-0.855,-0.881,-0.821,-0.845,-0.847,-0.73,0,0
"2019-04-15 01:45:40.0",782252,-9999,-66.91,-47.75,-47.75,-0.74,-9999,-9999,12.0431,40.03,39.92,21.29,-0.796,-0.875,-0.904,-0.835,-0.875,-0.833,-0.728,-0.784,-0.887,-0.912,-0.827,-0.829,-0.857,-0.756,-0.79,-0.892,-0.892,-0.845,-0.847,-0.827,-0.726,-0.786,-0.885,-0.871,-0.827,-0.849,-0.817,-0.754,0,0
"2019-04-15 01:46:00.0",782253,-9999,-66.83,-47.82,-47.82,-0.741,-9999,-9999,12.0375,40.03,39.92,21.26,-0.803,-0.853,-0.898,-0.835,-0.883,-0.861,-0.764,-0.79,-0.849,-0.898,-0.829,-0.839,-0.841,-0.732,-0.788,-0.845,-0.892,-0.825,-0.845,-0.813,-0.742,-0.79,-0.859,-0.894,-0.823,-0.847,-0.847,-0.71,0,0
"2019-04-15 01:46:20.0",782254,-9999,-66.76,-47.88,-47.88,-0.742,-9999,-9999,12.0375,40.03,39.92,21.26,-0.796,-0.873,-0.906,-0.861,-0.863,-0.861,-0.732,-0.786,-0.859,-0.867,-0.819,-0.845,-0.813,-0.764,-0.79,-0.857,-0.889,-0.819,-0.841,-0.803,-0.722,-0.796,-0.894,-0.894,-0.819,-0.837,-0.827,-0.742,0,0
"2019-04-15 01:46:40.0",782255,-9999,-66.68,-47.95,-47.95,-0.743,-9999,-9999,12.0431,40.03,39.92,21.23,-0.801,-0.889,-0.883,-0.839,-0.853,-0.859,-0.766,-0.786,-0.841,-0.916,-0.819,-0.841,-0.829,-0.75,-0.79,-0.847,-0.912,-0.819,-0.861,-0.825,-0.754,-0.788,-0.845,-0.889,-0.823,-0.839,-0.809,-0.722,0,700
"2019-04-15 01:47:00.0",782256,-9999,-66.61,-48.01,-48.01,-0.743,-9999,-9999,12.0375,40.03,39.92,21.23,-0.799,-0.881,-0.904,-0.839,-0.863,-0.827,-0.726,-0.784,-0.885,-0.875,-0.833,-0.847,-0.819,-0.766,-0.786,-0.879,-0.871,-0.829,-0.831,-0.809,-0.724,-0.788,-0.879,-0.883,-0.821,-0.839,-0.827,-0.752,0,0
"2019-04-15 01:47:20.0",782257,-9999,-66.53,-48.08,-48.08,-0.744,-9999,-9999,12.0431,40.03,39.92,21.21,-0.803,-0.853,-0.908,-0.831,-0.849,-0.825,-0.728,-0.79,-0.855,-0.881,-0.821,-0.847,-0.857,-0.766,-0.79,-0.853,-0.887,-0.821,-0.843,-0.851,-0.72,-0.788,-0.885,-0.889,-0.821,-0.841,-0.825,-0.74,0,0
"2019-04-15 01:47:40.0",782258,-9999,-66.45,-48.14,-48.14,-0.745,-9999,-9999,12.0431,40.03,39.92,21.21,-0.801,-0.879,-0.904,-0.837,-0.863,-0.835,-0.726,-0.79,-0.839,-0.889,-0.819,-0.845,-0.815,-0.748,-0.788,-0.851,-0.892,-0.823,-0.825,-0.849,-0.754,-0.796,-0.869,-0.881,-0.825,-0.831,-0.827,-0.718,0,0
"2019-04-15 01:48:00.0",782259,-9999,-66.38,-48.21,-48.21,-0.746,-9999,-9999,12.0431,40.03,39.92,21.21,-0.799,-0.896,-0.9,-0.839,-0.837,-0.829,-0.726,-0.788,-0.861,-0.91,-0.819,-0.847,-0.817,-0.746,-0.79,-0.883,-0.912,-0.821,-0.843,-0.827,-0.762,-0.786,-0.847,-0.896,-0.825,-0.851,-0.825,-0.74,0,0
"2019-04-15 01:48:20.0",782260,-9999,-66.3,-48.27,-48.27,-0.746,-9999,-9999,12.0431,40.03,39.92,21.18,-0.799,-0.871,-0.906,-0.833,-0.839,-0.825,-0.748,-0.79,-0.889,-0.871,-0.821,-0.847,-0.837,-0.728,-0.788,-0.887,-0.865,-0.827,-0.843,-0.813,-0.746,-0.79,-0.883,-0.889,-0.833,-0.847,-0.833,-0.754,0,700
"2019-04-15 01:48:40.0",782261,-9999,-66.23,-48.34,-48.34,-0.747,-9999,-9999,12.0431,40.03,39.92,21.18,-0.801,-0.875,-0.908,-0.841,-0.859,-0.863,-0.762,-0.796,-0.875,-0.894,-0.823,-0.867,-0.815,-0.75,-0.788,-0.885,-0.887,-0.803,-0.841,-0.843,-0.758,-0.786,-0.879,-0.904,-0.821,-0.843,-0.825,-0.716,0,0
"2019-04-15 01:49:00.0",782262,-9999,-66.15,-48.4,-48.4,-0.748,-9999,-9999,12.0431,40.03,39.92,21.18,-0.801,-0.879,-0.924,-0.831,-0.859,-0.865,-0.748,-0.786,-0.865,-0.889,-0.821,-0.847,-0.819,-0.726,-0.796,-0.873,-0.892,-0.831,-0.863,-0.849,-0.746,-0.79,-0.867,-0.892,-0.825,-0.871,-0.827,-0.758,0,0
"2019-04-15 01:49:20.0",782263,-9999,-66.07,-48.47,-48.47,-0.749,-9999,-9999,12.0375,40.03,39.92,21.18,-0.803,-0.863,-0.902,-0.839,-0.859,-0.841,-0.73,-0.79,-0.857,-0.889,-0.813,-0.849,-0.811,-0.748,-0.794,-0.861,-0.887,-0.815,-0.843,-0.843,-0.748,-0.788,-0.877,-0.889,-0.829,-0.847,-0.827,-0.714,0,0
"2019-04-15 01:49:40.0",782264,-9999,-66,-48.53,-48.53,-0.749,-9999,-9999,12.0431,40.03,39.92,21.12,-0.801,-0.881,-0.92,-0.839,-0.861,-0.845,-0.726,-0.794,-0.896,-0.896,-0.823,-0.851,-0.821,-0.766,-0.79,-0.887,-0.9,-0.817,-0.829,-0.849,-0.718,-0.788,-0.855,-0.894,-0.805,-0.831,-0.839,-0.738,0,0
"2019-04-15 01:50:00.0",782265,-9999,-65.92,-48.6,-48.6,-0.75,-9999,-9999,12.0375,40.03,39.92,21.12,-0.803,-0.896,-0.902,-0.819,-0.855,-0.841,-0.752,-0.79,-0.859,-0.883,-0.819,-0.825,-0.849,-0.728,-0.79,-0.863,-0.883,-0.829,-0.843,-0.821,-0.738,-0.79,-0.875,-0.894,-0.821,-0.847,-0.811,-0.752,0,700
"2019-04-15 01:50:20.0",782266,-9999,-65.84,-48.66,-48.66,-0.751,-9999,-9999,12.0375,40.03,39.92,21.12,-0.801,-0.887,-0.883,-0.841,-0.843,-0.841,-0.738,-0.794,-0.857,-0.875,-0.825,-0.847,-0.861,-0.754,-0.786,-0.853,-0.898,-0.837,-0.845,-0.853,-0.756,-0.784,-0.863,-0.9,-0.829,-0.847,-0.817,-0.714,0,0
"2019-04-15 01:50:40.0",782267,-9999,-65.77,-48.72,-48.72,-0.752,-9999,-9999,12.0431,40.03,39.92,21.1,-0.809,-0.857,-0.9,-0.821,-0.841,-0.827,-0.76,-0.79,-0.887,-0.894,-0.817,-0.845,-0.833,-0.728,-0.786,-0.881,-0.883,-0.821,-0.845,-0.809,-0.738,-0.788,-0.883,-0.892,-0.809,-0.843,-0.849,-0.74,0,0
"2019-04-15 01:51:00.0",782268,-9999,-65.69,-48.79,-48.79,-0.752,-9999,-9999,12.0431,40.03,39.92,21.1,-0.799,-0.887,-0.904,-0.841,-0.857,-0.843,-0.734,-0.79,-0.851,-0.922,-0.829,-0.847,-0.837,-0.736,-0.786,-0.849,-0.885,-0.825,-0.845,-0.813,-0.736,-0.792,-0.839,-0.863,-0.827,-0.847,-0.849,-0.71,0,0
"2019-04-15 01:51:20.0",782269,-9999,-65.61,-48.85,-48.85,-0.753,-9999,-9999,12.0431,40.03,39.92,21.1,-0.803,-0.904,-0.904,-0.839,-0.877,-0.839,-0.774,-0.796,-0.847,-0.906,-0.825,-0.843,-0.837,-0.77,-0.788,-0.849,-0.892,-0.829,-0.847,-0.813,-0.72,-0.786,-0.867,-0.875,-0.827,-0.843,-0.855,-0.738,0,0
"2019-04-15 01:51:40.0",782270,-9999,-65.53,-48.92,-48.92,-0.754,-9999,-9999,12.0431,40.03,39.92,21.07,-0.803,-0.851,-0.924,-0.835,-0.853,-0.859,-0.734,-0.788,-0.859,-0.898,-0.823,-0.869,-0.853,-0.762,-0.79,-0.861,-0.894,-0.827,-0.865,-0.827,-0.716,-0.784,-0.877,-0.91,-0.829,-0.843,-0.849,-0.75,0,700
"2019-04-15 01:52:00.0",782271,-9999,-65.46,-48.98,-48.98,-0.754,-9999,-9999,12.0375,40.03,39.92,21.07,-0.805,-0.855,-0.906,-0.839,-0.877,-0.827,-0.746,-0.79,-0.853,-0.883,-0.823,-0.847,-0.849,-0.77,-0.796,-0.857,-0.892,-0.819,-0.841,-0.811,-0.726,-0.79,-0.885,-0.914,-0.821,-0.829,-0.847,-0.752,0,0
"2019-04-15 01:52:20.0",782272,-9999,-65.38,-49.05,-49.05,-0.755,-9999,-9999,12.0431,40.03,39.92,21.04,-0.803,-0.879,-0.904,-0.841,-0.883,-0.861,-0.762,-0.792,-0.839,-0.892,-0.813,-0.845,-0.863,-0.736,-0.786,-0.839,-0.912,-0.829,-0.841,-0.827,-0.742,-0.792,-0.849,-0.894,-0.849,-0.825,-0.851,-0.718,0,0
"2019-04-15 01:52:40.0",782273,-9999,-65.3,-49.11,-49.11,-0.756,-9999,-9999,12.0375,40.03,39.92,21.04,-0.805,-0.879,-0.91,-0.833,-0.859,-0.831,-0.738,-0.792,-0.851,-0.904,-0.825,-0.849,-0.841,-0.748,-0.794,-0.859,-0.9,-0.829,-0.851,-0.835,-0.75,-0.79,-0.871,-0.892,-0.833,-0.853,-0.835,-0.76,0,0
"2019-04-15 01:53:00.0",782274,-9999,-65.22,-49.17,-49.17,-0.757,-9999,-9999,12.0375,40.03,39.92,21.04,-0.803,-0.883,-0.906,-0.811,-0.849,-0.861,-0.74,-0.796,-0.851,-0.898,-0.817,-0.847,-0.825,-0.74,-0.79,-0.851,-0.9,-0.827,-0.853,-0.855,-0.744,-0.794,-0.871,-0.9,-0.821,-0.847,-0.817,-0.736,0,0
"2019-04-15 01:53:20.0",782275,-9999,-65.14,-49.24,-49.24,-0.757,-9999,-9999,12.0375,40.03,39.92,21.04,-0.803,-0.902,-0.9,-0.829,-0.843,-0.861,-0.746,-0.79,-0.865,-0.91,-0.827,-0.843,-0.853,-0.752,-0.794,-0.867,-0.906,-0.825,-0.865,-0.807,-0.766,-0.792,-0.883,-0.869,-0.823,-0.849,-0.847,-0.738,0,700
"2019-04-15 01:53:40.0",782276,-9999,-65.06,-49.3,-49.3,-0.758,-9999,-9999,12.0431,40.03,39.92,21.02,-0.809,-0.869,-0.922,-0.841,-0.867,-0.847,-0.732,-0.794,-0.894,-0.924,-0.829,-0.851,-0.839,-0.756,-0.792,-0.894,-0.892,-0.851,-0.849,-0.817,-0.772,-0.794,-0.859,-0.881,-0.829,-0.855,-0.829,-0.742,0,0
"2019-04-15 01:54:00.0",782277,-9999,-64.99,-49.37,-49.37,-0.759,-9999,-9999,12.0375,40.03,39.92,21.02,-0.811,-0.875,-0.924,-0.831,-0.857,-0.825,-0.774,-0.788,-0.873,-0.894,-0.833,-0.847,-0.837,-0.766,-0.794,-0.871,-0.896,-0.827,-0.849,-0.821,-0.76,-0.794,-0.892,-0.892,-0.831,-0.873,-0.851,-0.744,0,0
"2019-04-15 01:54:20.0",782278,-9999,-64.91,-49.43,-49.43,-0.76,-9999,-9999,12.0375,40.03,39.92,20.99,-0.803,-0.859,-0.883,-0.841,-0.841,-0.825,-0.744,-0.799,-0.869,-0.894,-0.825,-0.851,-0.853,-0.736,-0.794,-0.855,-0.9,-0.827,-0.853,-0.815,-0.75,-0.79,-0.857,-0.894,-0.851,-0.849,-0.851,-0.728,0,0
"2019-04-15 01:54:40.0",782279,-9999,-64.83,-49.49,-49.49,-0.76,-9999,-9999,12.0375,40.03,39.92,20.99,-0.809,-0.892,-0.924,-0.839,-0.863,-0.863,-0.736,-0.792,-0.902,-0.896,-0.829,-0.853,-0.863,-0.744,-0.799,-0.9,-0.904,-0.833,-0.855,-0.839,-0.766,-0.799,-0.849,-0.9,-0.833,-0.855,-0.859,-0.748,0,0
"2019-04-15 01:55:00.0",782280,-9999,-64.75,-49.56,-49.56,-0.761,-9999,-9999,12.0431,40.03,39.92,20.96,-0.807,-0.873,-0.918,-0.817,-0.847,-0.821,-0.772,-0.799,-0.863,-0.906,-0.829,-0.831,-0.857,-0.776,-0.794,-0.873,-0.906,-0.831,-0.839,-0.839,-0.758,-0.799,-0.9,-0.906,-0.817,-0.853,-0.857,-0.722,0,700
"2019-04-15 01:55:20.0",782281,-9999,-64.67,-49.62,-49.62,-0.762,-9999,-9999,12.0431,40.03,39.92,20.96,-0.809,-0.867,-0.902,-0.837,-0.861,-0.825,-0.762,-0.796,-0.859,-0.879,-0.847,-0.853,-0.845,-0.75,-0.79,-0.851,-0.91,-0.813,-0.851,-0.827,-0.748,-0.799,-0.877,-0.904,-0.831,-0.841,-0.841,-0.728,0,0
"2019-04-15 01:55:40.0",782282,-9999,-64.59,-49.69,-49.69,-0.763,-9999,-9999,12.0431,40.03,39.92,20.96,-0.807,-0.865,-0.912,-0.837,-0.843,-0.845,-0.748,-0.796,-0.849,-0.904,-0.831,-0.857,-0.841,-0.748,-0.792,-0.869,-0.924,-0.831,-0.865,-0.815,-0.742,-0.799,-0.892,-0.9,-0.857,-0.851,-0.831,-0.724,0,0
"2019-04-15 01:56:00.0",782283,-9999,-64.51,-49.75,-49.75,-0.763,-9999,-9999,12.0375,40.03,39.92,20.93,-0.807,-0.906,-0.914,-0.843,-0.902,-0.851,-0.74,-0.796,-0.853,-0.873,-0.825,-0.831,-0.837,-0.75,-0.792,-0.845,-0.898,-0.825,-0.831,-0.859,-0.742,-0.792,-0.894,-0.894,-0.825,-0.849,-0.831,-0.716,0,0
"2019-04-15 01:56:20.0",782284,-9999,-64.43,-49.81,-49.81,-0.764,-9999,-9999,12.0375,40.03,39.92,20.93,-0.805,-0.865,-0.92,-0.869,-0.859,-0.851,-0.746,-0.796,-0.879,-0.906,-0.821,-0.847,-0.863,-0.774,-0.79,-0.877,-0.881,-0.837,-0.853,-0.837,-0.76,-0.792,-0.894,-0.904,-0.833,-0.847,-0.857,-0.742,0,0
"2019-04-15 01:56:40.0",782285,-9999,-64.35,-49.88,-49.88,-0.765,-9999,-9999,12.0431,40.03,39.92,20.93,-0.809,-0.863,-0.912,-0.847,-0.865,-0.879,-0.754,-0.805,-0.894,-0.904,-0.835,-0.849,-0.843,-0.764,-0.794,-0.879,-0.879,-0.835,-0.857,-0.827,-0.746,-0.794,-0.863,-0.908,-0.833,-0.853,-0.839,-0.764,0,700
"2019-04-15 01:57:00.0",782286,-9999,-64.27,-49.94,-49.94,-0.765,-9999,-9999,12.0431,40.03,39.92,20.93,-0.809,-0.885,-0.908,-0.831,-0.865,-0.865,-0.772,-0.792,-0.896,-0.896,-0.835,-0.855,-0.829,-0.756,-0.803,-0.847,-0.896,-0.829,-0.853,-0.855,-0.744,-0.794,-0.875,-0.896,-0.829,-0.855,-0.815,-0.744,0,0
"2019-04-15 01:57:20.0",782287,-9999,-64.19,-50,-50,-0.766,-9999,-9999,12.0431,40.03,39.92,20.91,-0.811,-0.91,-0.883,-0.845,-0.861,-0.833,-0.776,-0.796,-0.887,-0.922,-0.835,-0.875,-0.865,-0.762,-0.796,-0.855,-0.9,-0.833,-0.851,-0.843,-0.754,-0.801,-0.879,-0.906,-0.831,-0.859,-0.857,-0.76,0,0
"2019-04-15 01:57:40.0",782288,-9999,-64.11,-50.07,-50.07,-0.767,-9999,-9999,12.0431,40.03,39.92,20.91,-0.813,-0.906,-0.912,-0.865,-0.847,-0.865,-0.74,-0.799,-0.859,-0.894,-0.835,-0.857,-0.829,-0.772,-0.792,-0.849,-0.896,-0.827,-0.859,-0.855,-0.722,-0.796,-0.871,-0.896,-0.809,-0.845,-0.821,-0.736,0,0
"2019-04-15 01:58:00.0",782289,-9999,-64.02,-50.13,-50.13,-0.768,-9999,-9999,12.0375,40.03,39.92,20.88,-0.809,-0.898,-0.932,-0.845,-0.863,-0.839,-0.756,-0.794,-0.855,-0.902,-0.833,-0.841,-0.845,-0.766,-0.803,-0.879,-0.914,-0.831,-0.839,-0.827,-0.772,-0.801,-0.904,-0.889,-0.833,-0.883,-0.839,-0.748,0,0
"2019-04-15 01:58:20.0",782290,-9999,-63.94,-50.2,-50.2,-0.768,-9999,-9999,12.0431,40.03,39.92,20.88,-0.811,-0.861,-0.932,-0.871,-0.865,-0.867,-0.76,-0.801,-0.871,-0.9,-0.853,-0.855,-0.865,-0.736,-0.796,-0.887,-0.873,-0.833,-0.855,-0.833,-0.768,-0.796,-0.859,-0.902,-0.817,-0.849,-0.843,-0.75,0,700
"2019-04-15 01:58:40.0",782291,-9999,-63.86,-50.26,-50.26,-0.769,-9999,-9999,12.0431,40.03,39.92,20.88,-0.811,-0.902,-0.912,-0.841,-0.885,-0.843,-0.758,-0.799,-0.881,-0.873,-0.835,-0.851,-0.867,-0.754,-0.794,-0.892,-0.894,-0.827,-0.857,-0.819,-0.734,-0.799,-0.859,-0.896,-0.829,-0.855,-0.837,-0.764,0,0
"2019-04-15 01:59:00.0",782292,-9999,-63.78,-50.32,-50.32,-0.77,-9999,-9999,12.0431,40.03,39.92,20.85,-0.813,-0.898,-0.914,-0.843,-0.865,-0.851,-0.738,-0.801,-0.875,-0.902,-0.833,-0.857,-0.865,-0.754,-0.799,-0.896,-0.887,-0.857,-0.859,-0.839,-0.77,-0.801,-0.857,-0.896,-0.859,-0.859,-0.865,-0.766,0,0
"2019-04-15 01:59:20.0",782293,-9999,-63.7,-50.39,-50.39,-0.77,-9999,-9999,12.0375,40.03,39.92,20.85,-0.811,-0.873,-0.908,-0.831,-0.865,-0.835,-0.77,-0.799,-0.853,-0.9,-0.843,-0.853,-0.829,-0.744,-0.796,-0.873,-0.896,-0.831,-0.859,-0.859,-0.772,-0.803,-0.894,-0.898,-0.835,-0.853,-0.829,-0.74,0,0
"2019-04-15 01:59:40.0",782294,-9999,-63.62,-50.45,-50.45,-0.771,-9999,-9999,12.0542,40.03,39.92,20.83,-0.811,-0.906,-0.914,-0.849,-0.849,-0.875,-0.76,-0.801,-0.896,-0.887,-0.827,-0.853,-0.851,-0.754,-0.794,-0.851,-0.896,-0.815,-0.857,-0.837,-0.75,-0.801,-0.871,-0.922,-0.813,-0.833,-0.855,-0.756,0,0
