"TOA5","","","1764","CR1000.Std.24","CPU:MFRSR_10012018V2.8.CR1","13574","TableHdr","PbCdlComm-1.6.0 (2016/01/26)"
"TIMESTAMP","RECORD","loggerID""headID""xpgmVerID""xlat""xlon""xSiteElev""xFULLREV""xCRXHSTEPS""xSCANseconds""xSCANnAvg""xSCANtrough""xHOMEoffset""xALLTIMEband"
"TS","RN","--""--""--""deg""deg""m""--""--""sec""--""--""--""--"
"","","Smp""Smp""Smp""Smp""Smp""Smp""Smp""Smp""Smp""Smp""Smp""Smp""Smp"
"2019-04-16 12:00:00.0",373,1764,180054423,2.8,-32.1259,-64.7287,1160,800,20,20,1,10,0,-1
"TOA5","","","1764","CR1000.Std.24","CPU:MFRSR_10012018V2.8.CR1","13574","Table155","PbCdlComm-1.6.0 (2016/01/26)"
"TIMESTAMP","RECORD","xoset""az""el""al""cosz""cosasz""pamass""vBat""Thead""THTC""Tlogger""Dnadir(1)""Dnadir(2)""Dnadir(3)""Dnadir(4)""Dnadir(5)""Dnadir(6)""Dnadir(7)""Deast(1)""Deast(2)""Deast(3)""Deast(4)""Deast(5)""Deast(6)""Deast(7)""Dsun(1)""Dsun(2)""Dsun(3)""Dsun(4)""Dsun(5)""Dsun(6)""Dsun(7)""Dwest(1)""Dwest(2)""Dwest(3)""Dwest(4)""Dwest(5)""Dwest(6)""Dwest(7)""kount""khome"
"TS","RN","sec""deg""deg""deg""--""--""--""Volt""degC""degC""degC""mV""mV""mV""mV""mV""mV""mV""mV""mV""mV""mV""mV""mV""mV""mV""mV""mV""mV""mV""mV""mV""mV""mV""mV""mV""mV""mV""mV""--""--"
"","","Smp""Smp""Smp""Smp""Smp""Smp""Smp""Smp""Smp""Smp""Smp""Smp""Smp""Smp""Smp""Smp""Smp""Smp""Smp""Smp""Smp""Smp""Smp""Smp""Smp""Smp""Smp""Smp""Smp""Smp""Smp""Smp""Smp""Smp""Smp""Smp""Smp""Smp""Smp""Smp""Smp"
"2019-04-16 15:00:00.0",788955,4030,152.2,43.33,43.35,0.686,0.686,1.455,12.0584,40.05,39.92,17.36,27.91,64.11,63.16,54.94,58.06,62.95,58.81,26.48,60.51,59.49,51.75,54.6,59.42,55.55,26.35,60.1,59.08,51.34,54.26,59.15,55.21,26.35,60.3,59.35,51.54,54.46,59.28,55.35,355,425
"2019-04-16 15:00:20.0",788956,4030,152.3,43.37,43.38,0.687,0.687,1.454,12.0528,40.05,39.92,17.36,26.62,61.87,60.71,52.7,55.62,60.64,56.3,25.26,58.54,57.25,49.64,52.36,57.32,53.17,25.13,58.2,56.98,49.44,52.15,57.18,52.97,25.26,58.61,57.38,49.78,52.56,57.45,53.17,355,425
"2019-04-16 15:00:40.0",788957,4030,152.4,43.4,43.42,0.687,0.687,1.453,12.0528,40.05,39.92,17.39,26.48,62.27,61.19,53.1,56.02,60.98,56.36,25.06,58.94,57.72,50.05,52.76,57.72,53.31,25.06,58.74,57.59,49.98,52.7,57.72,53.31,25.33,59.56,58.47,50.8,53.58,58.4,53.99,355,425
"2019-04-16 15:01:00.0",788958,4030,152.5,43.43,43.45,0.687,0.688,1.452,12.0584,40.05,39.92,17.39,27.71,65.46,64.85,56.43,59.49,64.31,59.69,26.28,61.93,61.19,53.17,56.09,60.91,56.57,26.28,61.46,60.78,52.9,55.89,60.78,56.36,26.69,62.61,62.07,54.05,57.04,61.73,57.31,355,425
"2019-04-16 15:01:20.0",788959,4030,152.6,43.46,43.48,0.688,0.688,1.451,12.0528,40.05,39.92,17.41,29.74,69.27,69.2,60.44,63.83,68.52,64.11,28.11,65.33,65.06,56.77,59.96,64.65,60.51,28.18,64.92,64.72,56.57,59.83,64.58,60.44,28.52,65.87,65.73,57.45,60.78,65.33,61.25,355,425
"2019-04-16 15:01:40.0",788960,4040,152.7,43.5,43.51,0.688,0.689,1.451,12.0472,40.05,39.92,17.41,30.9,70.69,70.76,61.93,65.53,70.22,66.14,29.13,66.21,66.07,57.72,61.12,65.87,62,29.2,66.28,66.07,57.86,61.32,66.01,62.14,29.4,66.69,66.62,58.33,61.73,66.41,62.54,356,424
"2019-04-16 15:02:00.0",788961,4030,152.8,43.53,43.55,0.689,0.689,1.45,12.0416,40.05,39.92,17.44,30.97,70.01,69.95,61.25,64.78,69.54,65.53,29.13,65.67,65.4,57.18,60.51,65.26,61.46,29.27,65.6,65.33,57.18,60.51,65.33,61.46,29.34,65.87,65.6,57.45,60.78,65.53,61.59,356,424
"2019-04-16 15:02:20.0",788962,4030,152.9,43.56,43.58,0.689,0.689,1.449,12.0416,40.05,39.91,17.44,30.9,69.54,69.4,60.78,64.24,68.93,64.85,28.93,65.26,64.78,56.57,59.83,64.51,60.64,28.86,64.51,64.1,56.09,59.35,64.17,60.3,29.13,65.46,65.12,56.91,60.3,64.92,60.98,356,424
"2019-04-16 15:02:40.0",788963,4040,153,43.59,43.61,0.69,0.69,1.448,12.0416,40.05,39.92,17.44,31.24,71.23,71.1,62.13,65.67,70.01,65.8,29.2,66.82,66.48,57.92,61.18,65.53,61.52,28.79,64.65,64.17,56.09,59.35,64.1,60.1,29.4,66.96,66.68,58.26,61.59,65.94,61.86,356,424
"2019-04-16 15:03:00.0",788964,4040,153.1,43.62,43.64,0.69,0.69,1.447,12.0361,40.05,39.91,17.46,32.53,74.97,75.31,65.87,69.6,73.48,69.27,30.49,70.28,70.35,61.46,64.92,68.86,64.78,29.4,66.21,65.87,57.59,60.91,65.6,61.52,30.35,69.67,69.67,60.91,64.38,68.45,64.31,356,424
"2019-04-16 15:03:20.0",788965,4050,153.2,43.66,43.67,0.69,0.691,1.446,12.0416,40.05,39.91,17.49,33.21,75.24,75.72,66.41,70.22,74.36,70.22,31.51,71.44,71.71,62.81,66.41,70.49,66.55,30.29,67.97,67.91,59.42,62.88,67.36,63.43,31.24,71.03,71.23,62.41,66.01,70.01,66.01,356,424
"2019-04-16 15:03:40.0",788966,4040,153.3,43.69,43.7,0.691,0.691,1.446,12.0528,40.05,39.91,17.49,37.82,88.1,89.8,78.84,83.3,85.8,81.9,36.33,84.2,85.9,75.44,79.79,82.2,78.7,31.51,70.15,70.35,61.73,65.39,69.81,66.07,35.92,83,84.6,74.43,78.84,81.4,77.69,357,423
"2019-04-16 15:04:00.0",788967,4040,153.4,43.72,43.74,0.691,0.691,1.445,12.0528,40.05,39.93,17.51,43.32,96.4,99.7,88.4,93.8,95.9,93,40.54,90.5,93.2,82.4,87.3,89.4,86.7,32.32,70.76,70.96,62.34,66.28,70.55,67.16,38.98,87.1,89.5,79.18,84.1,86.4,83.3,357,423
"2019-04-16 15:04:20.0",788968,4040,153.5,43.75,43.77,0.692,0.692,1.444,12.0583,40.05,39.92,17.51,35.85,80.3,81.1,71.3,75.58,78.7,75.38,32.12,72.66,72.73,63.56,67.16,70.55,67.16,30.35,67.63,67.29,58.87,62.41,66.48,62.88,31.92,72.18,72.25,63.29,66.96,70.35,66.82,357,423
"2019-04-16 15:04:40.0",788969,4040,153.6,43.78,43.8,0.692,0.692,1.443,12.0528,40.07,39.93,17.54,31.24,71.03,70.62,61.59,65.12,68.86,65.12,28.32,64.78,63.83,55.48,58.67,62.61,58.87,28.18,64.1,63.15,55,58.26,62.27,58.53,28.59,65.26,64.44,56.16,59.42,63.29,59.49,357,423
"2019-04-16 15:05:00.0",788970,4040,153.7,43.81,43.83,0.692,0.693,1.442,12.0583,40.07,39.95,17.54,29.4,68.11,67.29,58.53,61.79,65.67,61.66,27.09,63.02,61.93,53.71,56.63,60.64,56.77,27.23,62.61,61.52,53.51,56.5,60.64,56.77,27.57,63.83,62.88,54.66,57.79,61.59,57.72,357,423
"2019-04-16 15:05:20.0",788971,4050,153.8,43.84,43.86,0.693,0.693,1.441,12.0472,40.07,39.95,17.56,29,67.09,66.34,57.72,60.91,65.05,60.98,27.03,62.54,61.45,53.37,56.36,60.57,56.63,27.16,62.54,61.52,53.51,56.57,60.84,56.84,27.5,63.42,62.54,54.39,57.52,61.66,57.65,358,422
"2019-04-16 15:05:40.0",788972,4050,153.9,43.88,43.89,0.693,0.693,1.441,12.0416,40.07,39.92,17.56,28.79,66.48,65.66,57.18,60.37,64.78,60.57,26.89,62.07,61.05,53.03,56.02,60.57,56.5,27.09,62.27,61.32,53.37,56.43,60.91,56.77,27.3,62.81,62,53.92,56.97,61.39,57.31,358,422
"2019-04-16 15:06:00.0",788973,4040,154,43.91,43.92,0.693,0.694,1.44,12.0472,40.07,39.92,17.59,28.38,65.53,64.78,56.36,59.49,64.24,59.89,26.62,61.32,60.37,52.42,55.41,60.16,56.02,26.82,61.45,60.57,52.76,55.75,60.44,56.23,26.96,61.93,61.11,53.24,56.23,60.84,56.63,358,422
"2019-04-16 15:06:20.0",788974,4050,154.1,43.94,43.95,0.694,0.694,1.439,12.0361,40.07,39.92,17.62,28.11,64.78,63.97,55.68,58.87,63.7,59.21,26.42,60.71,59.76,52.02,54.94,59.82,55.48,26.62,60.98,60.1,52.29,55.21,60.1,55.82,26.75,61.39,60.57,52.76,55.75,60.5,56.16,358,422
"2019-04-16 15:06:40.0",788975,4050,154.3,43.97,43.98,0.694,0.694,1.438,12.0416,40.07,39.92,17.62,28.11,64.92,64.24,55.89,59.01,63.83,59.35,26.48,61.11,60.23,52.35,55.27,60.16,55.82,26.62,61.18,60.3,52.49,55.48,60.3,55.95,26.75,61.73,60.98,53.03,56.02,60.71,56.36,358,422
"2019-04-16 15:07:00.0",788976,4050,154.4,44,44.01,0.695,0.695,1.437,12.0528,40.07,39.92,17.64,28.45,66.07,65.46,56.97,60.16,64.92,60.37,26.89,62.34,61.52,53.51,56.43,61.25,56.9,26.96,62.07,61.32,53.37,56.43,61.25,56.9,27.16,62.88,62.2,54.19,57.18,61.86,57.45,359,421
"2019-04-16 15:07:20.0",788977,4050,154.5,44.03,44.05,0.695,0.695,1.437,12.0528,40.07,39.92,17.64,29.27,68.04,67.57,58.94,62.2,66.89,62.34,27.64,64.1,63.56,55.27,58.33,63.02,58.67,27.57,63.56,62.95,54.93,58.06,62.81,58.47,27.84,64.58,64.1,55.89,59.01,63.56,59.21,359,421
"2019-04-16 15:07:40.0",788978,4050,154.6,44.06,44.08,0.695,0.696,1.436,12.0583,40.07,39.92,17.66,30.35,70.62,70.49,61.52,64.92,69.26,64.98,28.72,66.75,66.34,57.79,61.05,65.39,61.25,28.59,65.53,65.19,56.9,60.16,64.78,60.64,28.93,67.09,66.82,58.33,61.59,65.8,61.73,359,421
"2019-04-16 15:08:00.0",788979,4050,154.7,44.09,44.11,0.696,0.696,1.435,12.0528,40.07,39.92,17.69,31.44,72.59,72.52,63.36,66.95,71.1,67.02,29.67,68.24,67.97,59.28,62.61,66.89,63.02,29.47,66.89,66.61,58.26,61.66,66.07,62.2,29.81,68.11,67.9,59.35,62.74,66.95,63.08,359,421
"2019-04-16 15:08:20.0",788980,4050,154.8,44.12,44.14,0.696,0.696,1.434,12.0583,40.07,39.92,17.69,31.71,71.78,71.64,62.61,66.21,70.62,66.75,29.95,67.57,67.23,58.74,62.06,66.48,62.81,29.81,67.02,66.61,58.26,61.59,66.07,62.34,29.88,67.29,66.95,58.47,61.86,66.27,62.61,359,421
"2019-04-16 15:08:40.0",788981,4050,154.9,44.15,44.16,0.697,0.697,1.434,12.0583,40.07,39.92,17.72,31.37,70.55,70.08,61.25,64.85,69.26,65.53,29.74,66.55,65.94,57.58,60.91,65.32,61.79,29.67,66.21,65.6,57.31,60.64,65.12,61.52,29.61,66,65.39,57.11,60.44,64.98,61.32,359,421
"2019-04-16 15:09:00.0",788982,4050,155,44.18,44.19,0.697,0.697,1.433,12.0416,40.07,39.92,17.74,30.62,68.45,67.7,59.08,62.47,67.09,63.29,29.06,64.71,63.76,55.61,58.87,63.42,59.89,28.93,64.24,63.42,55.27,58.47,63.08,59.48,28.79,64.03,63.08,55,58.19,62.81,59.14,360,420
"2019-04-16 15:09:20.0",788983,4070,155.1,44.21,44.22,0.697,0.697,1.432,12.0416,40.06,39.92,17.74,29.47,65.8,64.64,56.36,59.55,64.37,60.43,27.98,62.27,61.05,53.1,56.16,60.91,57.11,27.84,61.86,60.64,52.83,55.82,60.64,56.84,27.7,61.66,60.43,52.56,55.61,60.37,56.5,360,420
"2019-04-16 15:09:40.0",788984,4070,155.2,44.24,44.25,0.698,0.698,1.431,12.0416,40.07,39.92,17.74,28.52,64.03,62.68,54.53,57.51,62.54,58.26,27.09,60.71,59.35,51.54,54.39,59.35,55.21,26.96,60.3,58.94,51.2,54.05,59.01,54.87,26.89,60.23,58.87,51.13,53.98,58.94,54.73,360,420
"2019-04-16 15:10:00.0",788985,4070,155.3,44.27,44.28,0.698,0.698,1.431,12.0416,40.07,39.92,17.77,28.18,63.76,62.47,54.26,57.31,62.34,57.85,26.82,60.5,59.14,51.34,54.19,59.14,54.87,26.69,60.16,58.74,51,53.85,58.87,54.59,26.75,60.23,58.87,51.13,53.98,59.01,54.59,360,420
"2019-04-16 15:10:20.0",788986,4070,155.4,44.3,44.31,0.698,0.699,1.43,12.0416,40.07,39.92,17.79,28.52,64.92,63.69,55.41,58.47,63.49,58.87,27.16,61.59,60.3,52.35,55.27,60.23,55.89,27.09,61.25,60.03,52.15,55,60.1,55.61,27.16,61.45,60.16,52.35,55.21,60.23,55.75,360,420
"2019-04-16 15:10:40.0",788987,4070,155.5,44.33,44.34,0.699,0.699,1.429,12.0528,40.07,39.92,17.79,29.61,67.43,66.55,57.92,61.11,66,61.45,28.18,64.1,63.15,54.93,57.92,62.68,58.4,28.11,63.56,62.61,54.53,57.58,62.47,58.06,28.32,64.24,63.35,55.14,58.19,62.95,58.6,361,419
"2019-04-16 15:11:00.0",788988,4070,155.6,44.35,44.37,0.699,0.699,1.428,12.0528,40.07,39.93,17.82,31.44,72.39,71.84,62.61,66.07,70.35,65.93,29.88,68.79,68.18,59.28,62.47,66.61,62.54,29.67,66.61,66,57.65,60.91,65.6,61.39,30.08,69.06,68.58,59.69,63.01,67.16,62.95,361,419
"2019-04-16 15:11:20.0",788989,4070,155.7,44.38,44.4,0.699,0.7,1.428,12.0528,40.07,39.92,17.84,33.14,74.42,74.35,65.05,68.72,73.06,69.06,31.03,69.47,69.06,60.37,63.76,68.18,64.3,31.03,69.06,68.65,60.03,63.56,68.04,64.17,31.37,70.14,69.87,61.11,64.58,68.99,65.12,361,419
"2019-04-16 15:11:40.0",788990,4070,155.9,44.41,44.43,0.7,0.7,1.427,12.0528,40.07,39.92,17.84,34.16,76.39,76.46,66.95,70.76,74.97,71.23,31.85,71.23,70.96,62,65.46,69.67,66.07,32.05,70.96,70.69,62,65.6,69.94,66.34,32.39,72.11,71.98,63.01,66.68,70.76,67.22,361,419
"2019-04-16 15:12:00.0",788991,4070,156,44.44,44.46,0.7,0.7,1.426,12.0528,40.07,39.93,17.87,35.11,78.56,78.77,68.99,73,76.87,73.34,33.07,74.56,74.42,65.05,68.72,72.45,69.06,33,72.39,72.25,63.35,67.02,71.3,67.9,33.27,75.03,74.97,65.53,69.19,72.86,69.4,361,419
"2019-04-16 15:12:20.0",788992,4070,156.1,44.47,44.49,0.701,0.701,1.425,12.0528,40.07,39.92,17.87,35.92,79.11,79.18,69.47,73.47,77.48,74.15,33.82,74.15,74.01,64.78,68.58,72.59,69.47,33.54,73.34,73.06,64.03,67.7,71.84,68.65,33.48,73.4,73.2,64.03,67.77,71.84,68.65,361,419
"2019-04-16 15:12:40.0",788993,4080,156.2,44.5,44.52,0.701,0.701,1.425,12.0528,40.07,39.92,17.89,36.06,79.31,79.18,69.33,73.34,77.27,74.08,34.16,74.83,74.49,65.12,68.85,72.86,69.94,33.82,73.68,73.27,64.1,67.84,71.91,68.92,33.82,73.95,73.54,64.3,68.11,72.05,69.06,362,418
"2019-04-16 15:13:00.0",788994,4070,156.3,44.53,44.54,0.701,0.701,1.424,12.0472,40.07,39.92,17.92,36.33,81.1,80.9,70.69,74.69,78.16,75.17,34.56,77.75,77.48,67.56,71.37,74.56,71.71,33.68,73.27,72.72,63.49,67.22,71.23,68.38,34.43,77.95,77.68,67.7,71.57,74.56,71.57,362,418
"2019-04-16 15:13:20.0",788995,4080,156.4,44.56,44.57,0.702,0.702,1.423,12.0472,40.07,39.92,17.92,37.01,83.9,83.7,73,77.07,79.85,77.07,34.9,78.09,77.61,67.56,71.37,74.42,71.84,33.48,73.13,72.32,63.15,66.82,70.69,67.9,34.43,76.66,76.12,66.34,70.14,73.34,70.62,362,418
"2019-04-16 15:13:40.0",788996,4080,156.5,44.58,44.6,0.702,0.702,1.423,12.0472,40.07,39.92,17.95,36.4,80.5,79.92,69.74,73.81,77.14,74.56,34.16,74.97,74.15,64.58,68.31,71.84,69.33,33.61,73.47,72.52,63.22,66.88,70.55,68.04,33.82,74.08,73.13,63.76,67.5,71.03,68.45,362,418
"2019-04-16 15:14:00.0",788997,4070,156.6,44.61,44.63,0.702,0.703,1.422,12.0472,40.07,39.92,17.95,35.79,78.63,77.61,67.7,71.64,75.1,72.66,33.54,73.47,72.18,62.81,66.48,70.01,67.7,33.48,73.2,71.91,62.61,66.27,69.8,67.5,33.27,72.79,71.43,62.2,65.8,69.4,66.95,362,418
"2019-04-16 15:14:20.0",788998,4090,156.7,44.64,44.66,0.703,0.703,1.421,12.0583,40.07,39.92,17.97,35.11,77.89,76.59,66.61,70.42,73.61,71.16,32.93,72.93,71.43,61.93,65.46,68.72,66.41,32.93,72.05,70.55,61.32,64.85,68.31,65.93,32.93,72.86,71.37,61.86,65.39,68.65,66.21,363,417
"2019-04-16 15:14:40.0",788999,4090,156.8,44.67,44.68,0.703,0.703,1.42,12.0528,40.07,39.92,17.99,35.45,78.36,77.21,67.16,71.03,74.08,71.77,33.2,73.4,71.98,62.47,66,69.06,66.88,33.14,72.59,71.09,61.79,65.39,68.58,66.41,33.27,73.68,72.25,62.74,66.41,69.33,67.02,363,417
"2019-04-16 15:15:00.0",789000,4080,156.9,44.69,44.71,0.703,0.704,1.42,12.0583,40.07,39.95,17.99,37.69,84.3,83.9,73.2,77.41,79.58,77.68,34.9,78.43,77.61,67.5,71.3,73.61,71.84,34.63,75.37,74.29,64.85,68.72,71.71,69.87,35.31,78.7,78.02,68.11,72.11,74.42,72.52,363,417
"2019-04-16 15:15:20.0",789001,4090,157,44.72,44.74,0.704,0.704,1.419,12.0583,40.07,39.92,18.02,40.13,89.4,89.5,78.29,82.8,84.5,83.1,37.48,86.1,85.9,74.69,78.7,79.92,78.5,35.79,77.27,76.39,66.82,70.82,73.74,72.18,37.82,87.1,87,75.71,79.85,80.9,79.18,363,417
"2019-04-16 15:15:40.0",789002,4090,157.1,44.75,44.77,0.704,0.704,1.418,12.0583,40.07,39.92,18.02,42.3,96.4,97.2,84.9,89.8,90.3,89.5,37.82,87.2,87,75.58,79.65,80.6,79.51,36.12,77.95,77.27,67.63,71.84,74.63,73.34,38.03,86.4,86.3,75.17,79.45,80.6,79.38,363,417
"2019-04-16 15:16:00.0",789003,4090,157.3,44.78,44.79,0.704,0.705,1.418,12.0416,40.07,39.91,18.05,38.91,86.1,85.9,75.1,79.51,81.7,80.5,35.24,78.02,77.14,67.16,71.03,73.54,72.25,35.31,76.8,75.85,66.27,70.21,73.06,71.64,35.51,77.88,77.14,67.29,71.3,73.95,72.52,364,416
"2019-04-16 15:16:20.0",789004,4090,157.4,44.8,44.82,0.705,0.705,1.417,12.0472,40.07,39.91,18.05,37.41,82.7,82,71.64,75.78,78.29,76.87,34.63,76.93,75.92,66,69.74,72.38,70.89,34.49,75.3,74.29,64.71,68.45,71.5,69.94,34.63,77.14,76.12,66.21,70.01,72.59,70.96,364,416
"2019-04-16 15:16:40.0",789005,4090,157.5,44.83,44.85,0.705,0.705,1.416,12.0472,40.09,39.91,18.07,37.41,85.4,84.7,73.67,77.75,79.72,77.95,34.83,78.63,77.68,67.5,71.16,73.61,71.84,34.16,74.35,73.27,63.9,67.56,70.82,69.06,34.56,77.27,76.32,66.41,70.08,72.66,70.82,364,416
"2019-04-16 15:17:00.0",789006,4090,157.6,44.86,44.87,0.705,0.706,1.416,12.0472,40.1,39.91,18.1,36.74,81.3,80.6,70.28,74.35,77.21,75.3,34.36,75.98,74.97,65.19,68.92,71.91,70.01,33.82,73.88,72.79,63.42,67.09,70.42,68.51,34.16,75.71,74.76,65.05,68.72,71.71,69.74,364,416
"2019-04-16 15:17:20.0",789007,4090,157.7,44.89,44.9,0.706,0.706,1.415,12.0472,40.1,39.91,18.12,37.14,82.7,82.2,71.77,75.85,78.63,76.59,34.77,77.14,76.39,66.48,70.21,73.2,71.23,34.09,74.29,73.34,64.03,67.77,71.23,69.19,34.63,76.73,76.05,66.41,70.21,73.2,71.16,364,416
"2019-04-16 15:17:40.0",789008,4090,157.8,44.91,44.93,0.706,0.706,1.414,12.0472,40.1,39.92,18.12,38.5,87.4,87.3,76.12,80.4,82.4,80.5,36.4,83.2,82.8,71.98,75.85,77.88,75.92,34.7,75.24,74.49,65.12,68.99,72.52,70.48,36.4,82.8,82.5,71.84,75.78,77.88,75.85,364,416
"2019-04-16 15:18:00.0",789009,4090,157.9,44.94,44.95,0.706,0.707,1.414,12.0583,40.1,39.91,18.15,41.08,92.9,93.6,82,86.6,88.3,86.6,38.64,87.9,88.2,76.93,81.1,82.8,81.2,36.33,77.68,77.41,67.97,72.11,75.64,73.88,38.43,87.6,87.9,76.73,81.1,82.8,81.1,365,415
"2019-04-16 15:18:20.0",789010,4090,158,44.96,44.98,0.707,0.707,1.413,12.0583,40.1,39.92,18.15,41.9,90.9,91.7,80.7,85.4,88.1,86.8,38.7,83.5,83.6,73.34,77.68,80.6,79.31,37.62,79.58,79.45,69.74,74.01,77.55,76.12,38.23,82.8,83,72.72,77.14,79.99,78.63,365,415
"2019-04-16 15:18:40.0",789011,4090,158.1,44.99,45.01,0.707,0.707,1.412,12.0528,40.1,39.91,18.2,41.62,89.8,90.4,79.45,84.3,87,85.9,38.57,83.5,83.5,73.13,77.48,80.3,79.17,37.62,79.92,79.72,69.94,74.15,77.48,76.32,38.03,82.5,82.4,72.25,76.53,79.31,78.09,365,415
"2019-04-16 15:19:00.0",789012,4090,158.2,45.02,45.03,0.707,0.708,1.412,12.0583,40.1,39.94,18.23,40.88,87.5,87.7,76.87,81.5,84.3,83.4,37.69,80.5,80.1,70.08,74.22,77.34,76.32,37.28,79.04,78.5,68.79,72.93,76.32,75.17,37.62,80.1,79.79,69.94,74.15,77.27,76.12,365,415
"2019-04-16 15:19:20.0",789013,4090,158.4,45.04,45.06,0.708,0.708,1.411,12.0528,40.1,39.92,18.23,40.54,86.6,86.6,75.98,80.5,83.2,82.3,37.55,80.8,80.3,70.14,74.22,77.07,75.98,36.74,77.61,76.93,67.36,71.37,74.76,73.54,37.89,81.7,81.3,71.16,75.44,78.02,76.93,365,415
"2019-04-16 15:19:40.0",789014,4100,158.5,45.07,45.09,0.708,0.708,1.411,12.0416,40.1,39.92,18.25,43.39,96.6,97.4,85.4,90.3,91.3,90.6,39.52,89.2,89.5,77.95,82.2,83.5,82.7,36.8,77.21,76.59,67.16,71.3,74.63,73.47,40.81,91.7,92.3,80.8,85.5,86.7,85.7,366,414
"2019-04-16 15:20:00.0",789015,4100,158.6,45.09,45.11,0.708,0.708,1.41,12.0472,40.1,39.91,18.28,51.81,113.8,116.9,103.1,109.3,108.4,109.4,44.07,99.2,100.7,88,92.8,92.6,92.7,37.28,77.55,77,67.63,71.98,75.51,74.56,45.49,99.5,101.3,89,94.2,94.5,94.8,366,414
"2019-04-16 15:20:20.0",789016,4100,158.7,45.12,45.14,0.709,0.709,1.409,12.0472,40.1,39.91,18.28,47.6,104.5,106.8,94.1,99.7,100.3,100.3,43.32,98.5,100.1,87.7,92.7,93,92.6,37.28,77.82,77.41,68.04,72.38,75.78,74.83,45.49,101.2,103.6,91.3,96.8,97,96.9,366,414
"2019-04-16 15:20:40.0",789017,4100,158.8,45.15,45.16,0.709,0.709,1.409,12.0472,40.1,39.93,18.3,47.39,107.6,110,96.8,102.6,102.7,102.8,42.71,98,99.5,87.1,92.1,92.8,92.1,36.8,77.47,77,67.63,71.84,75.3,74.15,42.51,95.2,96.5,84.9,90,91,90.2,366,414
"2019-04-16 15:21:00.0",789018,4100,158.9,45.17,45.19,0.709,0.709,1.408,12.0416,40.1,39.92,18.33,44.75,98.3,99.8,87.8,93,94.2,93.7,41.56,92.7,93.7,82,86.6,87.7,87,36.73,77.34,76.93,67.56,71.77,75.37,74.15,41.76,93.6,94.9,83.1,88,88.8,88,366,414
"2019-04-16 15:21:20.0",789019,4100,159,45.2,45.21,0.71,0.71,1.407,12.0416,40.1,39.92,18.35,54.93,120,124.7,110.7,117.5,117.1,117.9,50.86,113.5,117.7,104.3,110.5,109.9,110.5,37.82,78.15,78.09,68.85,73.2,77.13,75.98,48.14,108,111.6,99,105,105.1,105.1,366,414
"2019-04-16 15:21:40.0",789020,4100,159.1,45.22,45.24,0.71,0.71,1.407,12.0583,40.1,39.92,18.35,51.06,109,112.2,99.3,105.3,106.3,106.5,42.64,93.1,94.7,83.2,88.1,89.8,89.3,38.64,79.31,79.51,70.14,74.55,78.36,77.13,42.44,90.7,92.1,81.3,86.2,88.5,87.7,367,413
"2019-04-16 15:22:00.0",789021,4100,159.2,45.25,45.26,0.71,0.71,1.406,12.0583,40.1,39.92,18.38,42.91,91.6,92.7,81.6,86.5,89,88.1,38.3,83.4,83.7,73.33,77.61,80.3,78.9,37.82,79.31,79.31,69.8,74.08,77.61,76.18,38.84,83.4,83.9,73.67,78.09,80.9,79.58,367,413
"2019-04-16 15:22:20.0",789022,4100,159.3,45.27,45.29,0.71,0.711,1.406,12.0583,40.1,39.92,18.38,41.96,90.2,91,80.1,84.8,87.3,86.2,38.36,83.9,84.2,73.74,78.02,80.5,79.17,37.82,79.51,79.64,70,74.28,77.68,76.25,38.77,84.2,84.7,74.21,78.69,81.2,79.78,367,413
"2019-04-16 15:22:40.0",789023,4100,159.5,45.3,45.31,0.711,0.711,1.405,12.0528,40.1,39.93,18.4,44.07,94.7,96.2,84.9,90,92.1,91.4,41.01,88.7,89.9,79.17,83.9,86.1,85.2,38.43,80.1,80.4,70.89,75.23,78.69,77.54,40.87,88.5,89.7,79.03,83.9,86,85.1,367,413
"2019-04-16 15:23:00.0",789024,4100,159.6,45.32,45.34,0.711,0.711,1.404,12.0583,40.1,39.93,18.43,46.44,99.1,101.2,89.5,94.9,96.7,96.4,42.91,92.4,94,82.8,87.7,89.6,89,38.7,80.2,80.6,71.02,75.44,78.83,77.81,42.84,94,95.8,84.3,89.4,90.8,90.2,367,413
"2019-04-16 15:23:20.0",789025,4110,159.7,45.35,45.36,0.711,0.712,1.404,12.0472,40.1,39.93,18.46,45.83,96.8,99,87.7,93.2,95.2,94.9,42.57,89.2,90.9,80.6,85.6,88.1,87.7,38.63,79.92,80.3,70.68,75.03,78.49,77.54,40.94,87.5,88.9,78.76,83.7,86.1,85.3,368,412
"2019-04-16 15:23:40.0",789026,4110,159.8,45.37,45.39,0.712,0.712,1.403,12.0472,40.1,39.93,18.48,44.41,94.9,96.5,85.1,90.2,92,91.5,40.67,87.7,88.5,77.68,82.2,84.1,83.3,37.89,78.9,79.03,69.6,73.87,77.13,76.05,39.18,85.8,86.4,75.71,80.1,82.2,81,368,412
"2019-04-16 15:24:00.0",789027,4110,159.9,45.39,45.41,0.712,0.712,1.403,12.0472,40.1,39.93,18.48,40.53,87.5,88.1,77.4,82,84.3,83.2,37.14,81.9,81.9,71.5,75.57,77.81,76.52,36.39,77,76.86,67.56,71.63,74.82,73.46,37.07,81.8,82,71.63,75.77,77.88,76.52,368,412
"2019-04-16 15:24:20.0",789028,4110,160,45.42,45.43,0.712,0.712,1.402,12.0472,40.1,39.93,18.51,38.43,84.2,84.3,73.8,78.08,80.5,79.17,35.31,77.27,76.93,67.22,71.09,73.74,72.24,34.97,74.96,74.48,65.25,69.12,72.24,70.75,35.31,76.93,76.66,67.08,70.95,73.67,72.11,368,412
"2019-04-16 15:24:40.0",789029,4110,160.1,45.44,45.46,0.713,0.713,1.401,12.0472,40.1,39.93,18.53,36.6,79.71,79.44,69.53,73.67,76.52,74.96,34.15,74.21,73.67,64.37,68.1,71.16,69.46,33.88,73.26,72.65,63.55,67.29,70.48,68.64,33.61,73.4,72.79,63.62,67.35,70.41,68.51,368,412
"2019-04-16 15:25:00.0",789030,4120,160.2,45.47,45.48,0.713,0.713,1.401,12.0583,40.1,39.93,18.56,36.12,80.1,79.85,69.87,73.8,76.59,74.62,34.02,75.84,75.43,65.79,69.53,72.24,70.27,33.34,72.38,71.77,62.8,66.54,69.87,67.83,33.34,75.57,75.09,65.45,69.12,71.63,69.46,369,411
"2019-04-16 15:25:20.0",789031,4120,160.4,45.49,45.51,0.713,0.713,1.4,12.0528,40.1,39.92,18.58,35.85,80.6,80.5,70.41,74.48,77.13,75.03,33.68,74.42,74.01,64.64,68.3,71.43,69.32,32.45,71.02,70.34,61.45,65.05,68.58,66.27,32.86,72.58,72.04,62.94,66.54,69.8,67.56,369,411
"2019-04-16 15:25:40.0",789032,4120,160.5,45.51,45.53,0.713,0.714,1.4,12.0528,40.1,39.92,18.58,33.81,75.09,74.55,65.11,68.91,72.38,69.86,31.91,70.68,69.93,61.04,64.57,68.1,65.66,31.23,69.32,68.51,59.75,63.14,66.88,64.23,31.44,69.73,68.98,60.22,63.69,67.35,64.7,369,411
"2019-04-16 15:26:00.0",789033,4120,160.6,45.54,45.55,0.714,0.714,1.399,12.0583,40.1,39.93,18.61,32.52,72.78,72.04,62.87,66.4,70.27,67.28,30.76,68.51,67.69,59,62.33,66.2,63.35,30.62,68.17,67.35,58.73,62.06,65.99,63.01,30.62,68.24,67.35,58.8,62.12,66.06,63.08,369,411
"2019-04-16 15:26:20.0",789034,4120,160.7,45.56,45.57,0.714,0.714,1.399,12.0583,40.1,39.92,18.61,31.71,71.22,70.41,61.45,64.91,68.98,65.66,30.15,67.42,66.54,57.98,61.24,65.38,62.19,30.08,67.15,66.4,57.92,61.17,65.32,62.06,29.94,66.95,66.13,57.64,60.97,65.04,61.79,369,411
"2019-04-16 15:26:40.0",789035,4120,160.8,45.58,45.6,0.714,0.714,1.398,12.0583,40.1,39.92,18.64,31.3,70.68,70,61.11,64.5,68.71,65.18,29.94,67.22,66.54,57.98,61.24,65.45,62.06,29.81,66.74,65.99,57.58,60.83,65.11,61.72,29.6,66.61,65.79,57.37,60.63,64.84,61.31,369,411
"2019-04-16 15:27:00.0",789036,4130,160.9,45.61,45.62,0.715,0.715,1.398,12.0472,40.1,39.92,18.66,31.23,70.95,70.41,61.38,64.77,69.12,65.45,29.94,67.56,66.95,58.39,61.65,65.93,62.4,29.81,67.01,66.33,57.92,61.17,65.59,62.06,29.53,66.67,65.99,57.51,60.7,65.11,61.45,370,410
"2019-04-16 15:27:20.0",789037,4130,161,45.63,45.64,0.715,0.715,1.397,12.0472,40.1,39.92,18.69,31.64,71.7,71.29,62.26,65.79,70.2,66.54,30.28,68.17,67.69,59.14,62.4,66.81,63.35,30.15,67.83,67.22,58.73,62.06,66.47,62.94,29.87,67.28,66.67,58.25,61.51,65.93,62.33,370,410
"2019-04-16 15:27:40.0",789038,4130,161.1,45.65,45.67,0.715,0.715,1.396,12.0472,40.1,39.92,18.69,31.77,72.04,71.56,62.46,65.99,70.41,66.88,30.35,68.44,67.89,59.27,62.6,66.94,63.55,30.21,67.89,67.35,58.8,62.12,66.6,63.14,30.01,67.69,67.08,58.59,61.92,66.27,62.87,370,410
"2019-04-16 15:28:00.0",789039,4130,161.3,45.67,45.69,0.715,0.716,1.396,12.0472,40.1,39.92,18.71,31.23,70.88,70.27,61.31,64.77,69.18,65.65,29.74,67.28,66.6,58.05,61.31,65.72,62.33,29.67,66.94,66.27,57.78,61.04,65.45,62.06,29.53,66.81,66.06,57.64,60.83,65.25,61.78,370,410
"2019-04-16 15:28:20.0",789040,4130,161.4,45.7,45.71,0.716,0.716,1.395,12.0472,40.1,39.92,18.74,30.35,69.32,68.51,59.68,62.94,67.42,63.82,28.86,65.72,64.77,56.42,59.54,63.96,60.49,28.86,65.52,64.64,56.28,59.41,63.75,60.36,28.65,65.31,64.36,56.01,59.14,63.55,60.02,370,410
"2019-04-16 15:28:40.0",789041,4130,161.5,45.72,45.74,0.716,0.716,1.395,12.0583,40.1,39.92,18.74,29.6,68.17,67.22,58.46,61.65,66.13,62.46,28.18,64.64,63.55,55.27,58.32,62.67,59.2,28.11,64.43,63.41,55.13,58.19,62.53,59.07,28.04,64.36,63.28,55.06,58.05,62.4,58.86,371,409
"2019-04-16 15:29:00.0",789042,4130,161.6,45.74,45.76,0.716,0.716,1.394,12.0639,40.1,39.92,18.77,29.06,67.49,66.4,57.71,60.83,65.31,61.65,27.7,63.96,62.8,54.52,57.51,61.85,58.39,27.63,63.75,62.6,54.45,57.37,61.72,58.19,27.56,63.68,62.53,54.32,57.3,61.72,58.12,371,409
"2019-04-16 15:29:20.0",789043,4130,161.7,45.76,45.78,0.716,0.717,1.394,12.0583,40.1,39.92,18.79,28.79,67.08,65.99,57.37,60.49,64.91,61.17,27.43,63.68,62.53,54.32,57.3,61.65,58.05,27.43,63.55,62.53,54.32,57.3,61.58,57.98,27.36,63.55,62.46,54.25,57.23,61.58,57.91,371,409
"2019-04-16 15:29:40.0",789044,4130,161.8,45.79,45.8,0.717,0.717,1.393,12.0583,40.1,39.93,18.79,28.99,67.69,66.74,58.05,61.24,65.59,61.85,27.63,64.3,63.35,55.06,58.05,62.33,58.8,27.63,64.16,63.21,54.99,57.98,62.33,58.66,27.63,64.23,63.28,55.06,58.05,62.33,58.73,371,409
"2019-04-16 15:30:00.0",789045,4130,161.9,45.81,45.82,0.717,0.717,1.393,12.0583,40.1,39.92,18.82,29.6,69.12,68.51,59.68,62.87,67.22,63.48,28.38,65.86,65.11,56.76,59.88,64.09,60.56,28.24,65.52,64.84,56.49,59.61,63.89,60.29,28.24,65.59,64.91,56.56,59.75,63.96,60.36,371,409
"2019-04-16 15:30:20.0",789046,4130,162,45.83,45.85,0.717,0.717,1.392,12.0583,40.1,39.92,18.84,30.48,70.75,70.34,61.38,64.84,68.98,65.38,29.19,67.35,66.88,58.39,61.58,65.79,62.33,29.13,66.94,66.54,58.12,61.31,65.52,62.06,29.13,67.08,66.6,58.19,61.44,65.65,62.12,371,409
"2019-04-16 15:30:40.0",789047,4140,162.2,45.85,45.87,0.718,0.718,1.392,12.0472,40.1,39.92,18.84,31.03,71.7,71.42,62.39,65.86,70,66.4,29.6,68.03,67.69,59.07,62.33,66.54,63.07,29.53,67.49,67.15,58.73,62.05,66.26,62.73,29.53,67.83,67.49,59,62.26,66.47,62.87,372,408
"2019-04-16 15:31:00.0",789048,4140,162.3,45.87,45.89,0.718,0.718,1.391,12.0472,40.1,39.92,18.87,31.1,71.76,71.56,62.53,65.99,70.13,66.4,29.6,67.89,67.55,59,62.26,66.47,62.87,29.47,67.21,66.87,58.46,61.78,66.06,62.39,29.53,67.62,67.28,58.8,62.12,66.26,62.6,372,408
"2019-04-16 15:31:20.0",789049,4140,162.4,45.89,45.91,0.718,0.718,1.391,12.0416,40.1,39.92,18.89,31.3,72.17,72.03,62.94,66.47,70.54,66.74,29.74,68.23,68.03,59.41,62.73,66.94,63.28,29.53,67.35,67.08,58.66,61.99,66.26,62.53,29.6,67.96,67.69,59.2,62.53,66.6,62.87,372,408
"2019-04-16 15:31:40.0",789050,4140,162.5,45.91,45.93,0.718,0.718,1.39,12.0472,40.1,39.92,18.89,32.25,74.28,74.48,65.18,68.84,72.78,69.05,30.69,70.27,70.34,61.51,64.97,69.05,65.45,30.42,69.05,69.05,60.49,63.96,68.1,64.5,30.42,69.73,69.66,60.97,64.5,68.5,64.77,372,408
"2019-04-16 15:32:00.0",789051,4140,162.6,45.94,45.95,0.719,0.719,1.39,12.0472,40.1,39.92,18.92,33.61,77.13,77.53,67.96,71.83,75.57,72.1,31.91,72.92,73.12,64.02,67.62,71.42,68.1,31.57,71.29,71.56,62.8,66.4,70.47,67.01,31.57,72.24,72.44,63.41,67.01,70.81,67.35,372,408
"2019-04-16 15:32:20.0",789052,4150,162.7,45.96,45.97,0.719,0.719,1.389,12.0639,40.09,39.92,18.92,34.56,78.48,79.1,69.45,73.46,77.19,73.87,32.72,73.8,74.21,65.11,68.84,72.78,69.52,32.38,72.51,72.92,64.09,67.82,71.9,68.57,32.25,72.92,73.26,64.29,68.03,71.9,68.5,373,407
"2019-04-16 15:32:40.0",789053,4150,162.8,45.98,45.99,0.719,0.719,1.389,12.0583,40.09,39.92,18.95,35.78,81.4,82.3,72.31,76.45,79.91,76.72,34.22,77.47,78.28,68.78,72.71,76.18,73.19,33.06,73.26,73.73,64.84,68.64,72.71,69.59,33.4,76.65,77.26,67.82,71.69,75.02,71.63,373,407
"2019-04-16 15:33:00.0",789054,4150,163,46,46.01,0.719,0.72,1.388,12.0583,40.09,39.93,18.95,38.97,89.6,91.2,80.2,84.7,87.1,84.4,36.59,83.5,84.8,74.55,78.76,81.5,78.89,33.47,74,74.55,65.58,69.39,73.32,70.4,35.03,80.5,81.5,71.63,75.77,78.62,75.63,373,407
"2019-04-16 15:33:20.0",789055,4150,163.1,46.02,46.03,0.72,0.72,1.388,12.0583,40.09,39.92,18.97,39.11,90,91.5,80.4,84.9,87.2,84.7,37,84.4,85.7,75.36,79.64,82.2,79.84,33.81,74.55,74.95,65.92,69.79,73.73,70.95,35.78,82.4,83.6,73.46,77.74,80.2,77.6,373,407
"2019-04-16 15:33:40.0",789056,4150,163.2,46.04,46.06,0.72,0.72,1.387,12.0583,40.09,39.93,19,39.85,92.1,93.7,82.2,86.7,88.5,86.2,36.66,84,85.2,74.82,78.96,81.3,78.89,33.61,74.27,74.61,65.58,69.45,73.26,70.61,35.98,82.2,83.3,73.26,77.47,79.98,77.4,373,407
"2019-04-16 15:34:00.0",789057,4150,163.3,46.06,46.08,0.72,0.72,1.387,12.0472,40.09,39.94,19,40.6,94.9,96.8,85,89.8,91,88.8,39.72,92.5,94.4,82.7,87.2,88.3,86.2,33.47,73.8,74.07,65.04,68.91,72.71,70,38.16,88.8,90.2,79.09,83.4,84.8,82.6,374,406
"2019-04-16 15:34:20.0",789058,4150,163.4,46.08,46.1,0.72,0.72,1.386,12.0472,40.09,39.92,19.02,39.38,89.2,90.8,79.98,84.7,86.9,84.9,36.46,83.4,84.6,74.27,78.55,80.9,78.76,33.81,74,74.34,65.38,69.25,73.05,70.54,37.14,84.9,86.2,75.84,80.2,82.5,80.1,374,406
"2019-04-16 15:34:40.0",789059,4150,163.5,46.1,46.12,0.721,0.721,1.386,12.0472,40.09,39.92,19.05,38.97,86.6,88,77.6,82.1,85,82.9,35.58,79.37,80.2,70.54,74.61,77.67,75.43,34.35,75.02,75.43,66.47,70.4,74.07,71.69,35.92,79.71,80.7,71.08,75.36,78.28,75.97,374,406
"2019-04-16 15:35:00.0",789060,4150,163.6,46.12,46.14,0.721,0.721,1.385,12.0472,40.09,39.92,19.05,39.04,87.9,89.2,78.48,83.1,85.5,83.5,35.64,81.2,81.9,71.76,75.84,78.48,76.31,34.83,76.24,76.72,67.55,71.56,75.16,72.85,36.32,81.7,82.6,72.51,76.72,79.37,77.19,374,406
"2019-04-16 15:35:20.0",789061,4150,163.8,46.14,46.16,0.721,0.721,1.385,12.0472,40.09,39.91,19.08,39.31,87.5,88.9,78.42,83,85.6,83.8,35.98,81.5,82.3,72.24,76.31,78.82,76.85,35.24,76.85,77.47,68.37,72.51,76.04,73.87,37,83.1,84.3,74.07,78.42,80.9,78.89,374,406
"2019-04-16 15:35:40.0",789062,4150,163.9,46.16,46.18,0.721,0.721,1.385,12.0472,40.1,39.91,19.1,39.17,87.9,89.1,78.35,82.8,85.3,83.4,35.91,81.5,82.1,71.97,76.04,78.55,76.51,34.69,75.56,75.9,66.81,70.81,74.48,72.24,36.46,82.1,83,72.92,77.06,79.57,77.53,374,406
"2019-04-16 15:36:00.0",789063,4160,164,46.18,46.19,0.722,0.722,1.384,12.0583,40.1,39.91,19.1,37.95,86.3,87.2,76.58,80.9,83.2,81.1,34.76,79.43,79.98,69.93,73.8,76.38,74.14,33.4,73.19,73.26,64.36,68.23,71.83,69.45,35.17,79.43,80,70.27,74.27,76.92,74.75,375,405
"2019-04-16 15:36:20.0",789064,4160,164.1,46.2,46.21,0.722,0.722,1.384,12.0583,40.1,39.91,19.1,36.73,84.2,84.9,74.34,78.48,80.9,78.48,33.95,78.48,78.82,68.84,72.58,75.02,72.58,31.98,70.68,70.4,61.71,65.38,69.11,66.4,34.15,78.55,78.89,69.05,72.92,75.29,72.78,375,405
"2019-04-16 15:36:40.0",789065,4160,164.2,46.22,46.23,0.722,0.722,1.383,12.0528,40.1,39.91,19.13,36.59,86.6,87.3,76.17,80.3,81.9,79.3,34.35,80.9,81.3,70.81,74.55,76.58,74,30.76,68.64,68.23,59.68,63.14,66.94,63.95,33.47,78.08,78.21,68.16,71.83,74.21,71.42,375,405
"2019-04-16 15:37:00.0",789066,4160,164.3,46.24,46.25,0.722,0.722,1.383,12.0583,40.1,39.91,19.15,33.27,75.5,75.5,66.06,69.79,73.19,70.2,31.23,70.95,70.74,61.78,65.24,68.77,65.72,29.87,67.28,66.74,58.32,61.65,65.58,62.39,30.62,69.45,69.11,60.36,63.75,67.42,64.16,375,405
"2019-04-16 15:37:20.0",789067,4160,164.4,46.25,46.27,0.722,0.723,1.382,12.0583,40.1,39.91,19.15,33,75.97,76.04,66.53,70.27,73.59,70.4,31.57,72.51,72.58,63.48,67.01,70.4,67.21,29.74,67.21,66.81,58.45,61.71,65.92,62.46,30.62,70.74,70.68,61.85,65.31,68.77,65.31,375,405
"2019-04-16 15:37:40.0",789068,4170,164.6,46.27,46.29,0.723,0.723,1.382,12.0472,40.1,39.91,19.18,34.22,79.64,80.5,70.61,74.48,77.53,74.41,32.86,77.4,78.08,68.3,72.03,74.75,71.69,30.35,68.37,68.37,59.88,63.28,67.48,64.09,31.91,76.11,76.58,66.87,70.47,73.19,69.72,376,404
"2019-04-16 15:38:00.0",789069,4170,164.7,46.29,46.31,0.723,0.723,1.382,12.0472,40.1,39.91,19.23,34.29,77.87,78.55,69.05,72.98,76.65,73.53,32.59,73.53,74.07,65.04,68.77,72.44,69.52,31.3,70.27,70.47,61.92,65.38,69.59,66.33,31.23,71.42,71.69,62.94,66.53,70.34,66.94,376,404
"2019-04-16 15:38:20.0",789070,4170,164.8,46.31,46.33,0.723,0.723,1.381,12.0472,40.1,39.91,19.23,34.96,80.3,81.2,71.35,75.36,78.69,75.77,33.27,76.11,76.79,67.42,71.15,74.55,71.69,32.11,72.03,72.44,63.68,67.35,71.35,68.37,32.32,74.88,75.5,66.19,69.86,73.26,70.13,376,404
"2019-04-16 15:38:40.0",789071,4170,164.9,46.33,46.34,0.723,0.724,1.381,12.0472,40.1,39.91,19.26,35.1,80.3,81.1,71.15,75.16,78.48,75.77,33.13,75.16,75.63,66.4,70.13,73.59,70.95,32.32,72.3,72.71,63.89,67.55,71.49,68.71,32.45,73.8,74.21,65.11,68.84,72.44,69.52,376,404
"2019-04-16 15:39:00.0",789072,4170,165,46.35,46.36,0.724,0.724,1.38,12.0472,40.1,39.93,19.26,34.49,77.8,78.35,68.84,72.78,76.38,73.66,32.32,72.71,72.92,64.02,67.62,71.35,68.71,32.11,71.69,71.97,63.21,66.94,70.74,67.96,32.04,72.03,72.24,63.41,67.08,70.88,68.03,376,404
"2019-04-16 15:39:20.0",789073,4170,165.1,46.37,46.38,0.724,0.724,1.38,12.0472,40.1,39.93,19.28,34.15,77.26,77.6,68.1,72.03,75.56,72.85,31.98,72.17,72.3,63.41,67.01,70.68,67.82,31.98,71.29,71.49,62.8,66.4,70.34,67.55,31.84,71.97,72.1,63.21,66.81,70.47,67.62,376,404
"2019-04-16 15:39:40.0",789074,4170,165.3,46.38,46.4,0.724,0.724,1.379,12.0583,40.1,39.93,19.31,34.08,76.92,77.26,67.76,71.63,75.22,72.37,31.98,71.76,71.9,63.07,66.67,70.47,67.62,31.77,70.74,70.88,62.19,65.79,69.79,66.87,31.84,71.35,71.49,62.73,66.33,70.06,67.21,377,403
"2019-04-16 15:40:00.0",789075,4170,165.4,46.4,46.42,0.724,0.724,1.379,12.0639,40.1,39.93,19.31,33.67,75.43,75.7,66.47,70.27,74.07,71.22,31.71,70.81,70.81,62.12,65.72,69.59,66.67,31.5,69.93,69.93,61.37,64.97,68.98,65.92,31.5,70.27,70.27,61.65,65.24,69.18,66.19,377,403
"2019-04-16 15:40:20.0",789076,4170,165.5,46.42,46.43,0.724,0.725,1.379,12.0583,40.1,39.93,19.34,33.13,74.07,74.14,65.11,68.84,72.78,69.72,31.23,69.59,69.52,60.97,64.5,68.5,65.38,31.16,69.05,69.05,60.56,64.09,68.16,65.11,31.16,69.25,69.11,60.63,64.16,68.23,65.04,377,403
"2019-04-16 15:40:40.0",789077,4170,165.6,46.44,46.45,0.725,0.725,1.378,12.0583,40.1,39.93,19.34,32.59,73.05,72.98,63.95,67.62,71.63,68.3,30.96,68.98,68.84,60.29,63.75,67.76,64.5,30.69,68.1,67.89,59.54,62.94,67.14,63.82,30.55,68.03,67.76,59.34,62.73,66.94,63.55,377,403
"2019-04-16 15:41:00.0",789078,4170,165.7,46.45,46.47,0.725,0.725,1.378,12.0528,40.1,39.92,19.36,32.18,72.24,72.03,63.14,66.74,70.74,67.21,30.62,68.37,68.23,59.74,63.14,67.21,63.75,30.28,67.21,66.94,58.66,62.05,66.19,62.66,29.94,66.94,66.47,58.25,61.58,65.72,62.12,377,403
"2019-04-16 15:41:20.0",789079,4180,165.8,46.47,46.49,0.725,0.725,1.377,12.0416,40.1,39.92,19.39,31.98,72.03,71.9,62.94,66.53,70.54,66.87,30.48,68.3,68.1,59.61,63,67.01,63.48,30.08,67.28,66.94,58.66,61.98,66.06,62.46,29.6,66.67,66.19,57.91,61.17,65.24,61.51,378,402
"2019-04-16 15:41:40.0",789080,4180,166,46.49,46.5,0.725,0.725,1.377,12.0472,40.1,39.92,19.39,32.11,72.92,72.71,63.61,67.21,71.01,67.42,30.48,69.05,68.77,60.15,63.48,67.21,63.75,30.35,68.16,67.89,59.41,62.8,66.74,63.14,30.01,68.3,67.89,59.34,62.6,66.47,62.73,378,402
"2019-04-16 15:42:00.0",789081,4180,166.1,46.51,46.52,0.725,0.726,1.377,12.0472,40.1,39.92,19.42,32.72,75.09,75.02,65.52,69.18,72.64,69.18,30.96,70.34,70.13,61.24,64.7,68.3,64.9,30.82,69.18,68.98,60.42,63.89,67.76,64.29,30.82,69.86,69.72,60.97,64.43,68.16,64.77,378,402
"2019-04-16 15:42:20.0",789082,4180,166.2,46.52,46.54,0.726,0.726,1.376,12.0472,40.1,39.92,19.44,32.79,73.93,73.87,64.7,68.37,72.24,68.91,30.96,69.32,69.05,60.42,63.89,67.76,64.5,30.89,69.18,68.98,60.42,63.82,67.76,64.43,31.03,69.66,69.45,60.83,64.29,68.16,64.84,378,402
"2019-04-16 15:42:40.0",789083,4180,166.3,46.54,46.55,0.726,0.726,1.376,12.0472,40.1,39.92,19.44,32.72,73.66,73.46,64.36,68.03,71.96,68.57,30.89,69.25,68.91,60.29,63.75,67.76,64.43,30.89,69.18,68.84,60.29,63.75,67.69,64.43,30.96,69.38,69.05,60.49,63.89,67.89,64.63,378,402
"2019-04-16 15:43:00.0",789084,4200,166.4,46.56,46.57,0.726,0.726,1.376,12.0583,40.1,39.93,19.44,32.59,73.46,73.19,64.09,67.76,71.83,68.3,30.89,69.18,68.84,60.22,63.61,67.76,64.29,30.89,69.11,68.77,60.22,63.68,67.76,64.36,30.96,69.38,69.05,60.42,63.89,67.96,64.5,379,401
"2019-04-16 15:43:20.0",789085,4200,166.5,46.57,46.59,0.726,0.726,1.375,12.0583,40.1,39.93,19.47,32.79,73.93,73.8,64.63,68.3,72.37,68.77,31.03,69.59,69.32,60.63,64.09,68.23,64.7,31.09,69.38,69.11,60.56,64.02,68.23,64.7,31.23,69.93,69.72,61.1,64.56,68.71,65.11,379,401
"2019-04-16 15:43:40.0",789086,4200,166.7,46.59,46.6,0.726,0.727,1.375,12.0583,40.1,39.92,19.47,33.54,75.77,75.9,66.53,70.27,74.34,70.61,31.64,71.22,71.15,62.26,65.79,69.86,66.26,31.71,70.67,70.67,61.98,65.58,69.72,66.13,31.84,71.63,71.63,62.73,66.33,70.34,66.67,379,401
"2019-04-16 15:44:00.0",789087,4200,166.8,46.6,46.62,0.727,0.727,1.374,12.0583,40.1,39.92,19.49,34.96,79.09,79.64,69.93,73.87,77.6,74.14,32.86,74.07,74.34,65.18,68.84,72.71,69.25,32.72,72.85,73.12,64.23,67.96,72.03,68.64,33,74.21,74.54,65.45,69.18,73.05,69.52,379,401
"2019-04-16 15:44:20.0",789088,4200,166.9,46.62,46.64,0.727,0.727,1.374,12.0583,40.1,39.92,19.52,36.32,83.1,83.9,73.66,77.8,81.1,77.8,33.95,77.53,78.07,68.37,72.1,75.5,72.3,33.47,74.41,74.88,65.85,69.66,73.66,70.34,34.01,77.33,77.94,68.43,72.3,75.77,72.37,379,401
"2019-04-16 15:44:40.0",789089,4200,167,46.64,46.65,0.727,0.727,1.374,12.0583,40.1,39.92,19.52,36.86,84,84.9,74.54,78.69,81.9,78.82,34.42,77.87,78.55,68.84,72.64,76.11,73.05,33.54,74.48,74.95,65.85,69.72,73.8,70.54,34.49,77.8,78.48,68.91,72.85,76.45,73.25,379,401
"2019-04-16 15:45:00.0",789090,4200,167.1,46.65,46.67,0.727,0.727,1.373,12.0472,40.1,39.92,19.55,37.07,83.6,84.7,74.41,78.62,82.1,78.96,34.49,77.74,78.35,68.77,72.58,76.24,73.05,33.54,74.21,74.68,65.72,69.52,73.8,70.4,34.96,78.41,79.23,69.72,73.73,77.4,74.21,380,400
"2019-04-16 15:45:20.0",789091,4200,167.2,46.67,46.68,0.727,0.728,1.373,12.0472,40.1,39.92,19.55,37.95,86,87.3,76.85,81.2,84.6,81.4,35.71,82,83.1,72.92,76.85,80,76.92,33.61,74.14,74.68,65.79,69.72,74.21,70.61,36.73,84.7,86.2,75.9,80.2,83,79.84,380,400
"2019-04-16 15:45:40.0",789092,4200,167.4,46.68,46.7,0.728,0.728,1.373,12.0472,40.1,39.95,19.57,40.19,94,96,84.4,89.1,91.4,88.4,38.77,90.9,92.9,81.5,85.8,88,84.9,33.88,74.68,75.36,66.4,70.34,74.95,71.29,38.36,90.4,92.4,81.2,85.6,87.7,84.5,380,400
"2019-04-16 15:46:00.0",789093,4200,167.5,46.7,46.71,0.728,0.728,1.372,12.0472,40.1,39.92,19.57,40.33,94.6,96.7,84.9,89.5,91.9,88.6,36.8,84.1,85.7,75.43,79.57,83,79.5,34.42,75.9,76.78,67.69,71.63,76.31,72.58,36.39,82.6,84,74,78.28,81.9,78.35,380,400
"2019-04-16 15:46:20.0",789094,4200,167.6,46.71,46.73,0.728,0.728,1.372,12.0472,40.1,39.92,19.6,39.99,90.4,92.3,81.5,86.1,89.5,86.2,37.88,85.5,87.3,76.99,81.3,84.8,81.5,35.71,78.14,79.36,70.13,74.27,78.96,75.36,37.14,84.7,86.4,76.17,80.5,84,80.5,380,400
"2019-04-16 15:46:40.0",789095,4210,167.7,46.73,46.74,0.728,0.728,1.372,12.0695,40.1,39.92,19.6,43.65,100,102.9,90.8,95.8,98.2,95.3,40.06,90.5,93.1,82.2,86.8,89.8,86.8,37.34,80.7,82.4,72.92,77.33,82,78.62,39.04,89.2,91.5,80.8,85.4,88.5,85.2,381,399
"2019-04-16 15:47:00.0",789096,4210,167.8,46.74,46.76,0.728,0.728,1.371,12.0583,40.1,39.93,19.63,43.65,96.5,99.5,88.3,93.6,96.9,94.1,41.41,92.4,95.2,84.2,89,92.1,89.3,38.56,82.5,84.4,74.82,79.36,84,80.8,40.6,92.6,95.2,84,88.9,91.7,88.6,381,399
"2019-04-16 15:47:20.0",789097,4210,167.9,46.76,46.77,0.728,0.729,1.371,12.0583,40.1,39.93,19.63,44.06,97.8,100.7,89.1,94.3,97.4,94.7,40.87,90.5,93,82.2,86.9,90.2,87.4,38.9,83.4,85.3,75.63,80.2,84.8,81.7,39.58,88.3,90.6,80,84.8,88.3,85.1,381,399
"2019-04-16 15:47:40.0",789098,4210,168.1,46.77,46.79,0.729,0.729,1.371,12.0583,40.1,39.92,19.65,43.45,95.8,98.4,87,92.1,95.5,92.7,40.73,89.5,91.8,81.1,85.8,89.3,86.5,39.04,83.6,85.5,75.77,80.3,84.7,81.7,39.65,88,90.1,79.57,84.2,87.8,84.7,381,399
"2019-04-16 15:48:00.0",789099,4210,168.2,46.79,46.8,0.729,0.729,1.37,12.0583,40.1,39.92,19.65,43.38,95,97.6,86.5,91.6,95,92.3,40.87,89.3,91.7,81.1,85.9,89.3,86.7,39.24,83.8,85.6,75.9,80.5,84.9,81.9,40.06,88.3,90.4,79.98,84.7,88.2,85.3,381,399
"2019-04-16 15:48:20.0",789100,4210,168.3,46.8,46.82,0.729,0.729,1.37,12.0583,40.1,39.95,19.68,44.81,99.9,102.9,91,96.3,98.8,96.5,42.91,96.3,99,87.4,92.4,94.7,92.4,39.58,84,86,76.31,80.9,85.2,82.6,42.02,94.7,97.4,86,91,93.4,90.7,381,399
"2019-04-16 15:48:40.0",789101,4220,168.4,46.82,46.83,0.729,0.729,1.37,12.0472,40.1,39.95,19.68,44.27,97.5,100.2,88.7,93.8,96.7,94.4,41.21,90.6,92.9,82.1,86.8,89.9,87.4,39.24,83.6,85.4,75.77,80.3,84.5,81.7,40.6,90,92.1,81.4,86.2,89.2,86.6,382,398
"2019-04-16 15:49:00.0",789102,4220,168.5,46.83,46.84,0.729,0.73,1.369,12.0468,40.1,39.93,19.7,42.91,93.1,95.5,84.6,89.6,93,90.6,39.92,86.4,88.3,78.14,82.7,86.4,83.8,38.9,83.2,84.9,75.22,79.7,83.8,81.1,39.38,85.6,87.5,77.4,82,85.6,82.9,382,398
"2019-04-16 15:49:20.0",789103,4220,168.7,46.84,46.86,0.729,0.73,1.369,12.0468,40.1,39.95,19.7,41.96,91.3,93.4,82.7,87.5,91,88.5,39.17,84.9,86.6,76.58,81.1,84.9,82.1,38.56,82.7,84.3,74.61,79.03,83.2,80.4,38.77,84.2,85.8,75.9,80.4,84.2,81.3,382,398
"2019-04-16 15:49:40.0",789104,4220,168.8,46.86,46.87,0.73,0.73,1.369,12.0468,40.1,39.92,19.73,41.62,90.4,92.5,81.9,86.7,90.3,87.6,38.97,84.6,86.2,76.24,80.7,84.5,81.7,38.7,82.8,84.5,74.82,79.3,83.4,80.6,39.11,84.8,86.6,76.58,81.1,84.9,82,382,398
"2019-04-16 15:50:00.0",789105,4220,168.9,46.87,46.89,0.73,0.73,1.368,12.0468,40.11,39.92,19.76,43.65,95.5,98.1,86.9,92,95,92.6,40.94,90.7,92.9,82.1,86.8,89.8,87.3,39.72,83.8,85.7,76.11,80.8,85.1,82.4,42.43,93.6,96.2,85.2,90.3,92.9,90.6,382,398
"2019-04-16 15:50:20.0",789106,4220,169,46.88,46.9,0.73,0.73,1.368,12.0579,40.1,39.92,19.76,46.98,102.6,106,94.2,99.8,102.3,100.5,42.43,93.5,96.2,85.1,90.1,92.8,90.7,40.26,84.3,86.2,76.65,81.5,85.7,83.2,43.86,94.8,97.9,86.9,92.2,95,93.1,383,397
"2019-04-16 15:50:40.0",789107,4220,169.1,46.9,46.91,0.73,0.73,1.368,12.0576,40.1,39.93,19.76,46.17,99.9,103.1,91.7,97.1,99.9,98.2,41.82,91.8,94.3,83.5,88.3,91.2,89.1,40.26,84.3,86.2,76.65,81.4,85.7,83.3,43.38,93.8,96.7,85.8,91,93.8,91.9,383,397
"2019-04-16 15:51:00.0",789108,4220,169.2,46.91,46.93,0.73,0.73,1.368,12.0576,40.1,39.93,19.78,46.71,102,105.2,93.1,98.6,101,99.3,42.16,93.5,96,84.8,89.6,92.1,90,40.06,83.8,85.7,76.17,80.9,85.1,82.7,43.04,93.6,96.3,85.3,90.4,93.1,91,383,397
"2019-04-16 15:51:20.0",789109,4220,169.4,46.92,46.94,0.73,0.731,1.367,12.0576,40.1,39.93,19.81,45.62,99.5,102.5,90.9,96.3,98.6,96.7,41.69,92.4,94.8,83.7,88.5,90.8,88.6,39.44,82.8,84.6,75.16,79.77,83.8,81.3,42.77,94,96.6,85.5,90.5,92.8,90.7,383,397
"2019-04-16 15:51:40.0",789110,4220,169.5,46.94,46.95,0.731,0.731,1.367,12.0576,40.1,39.93,19.81,46.71,104.4,107.8,95.4,100.9,102.4,100.5,42.84,96.7,99.5,87.7,92.6,94.4,92.1,39.11,82.4,84.2,74.75,79.36,83.4,80.8,42.77,95.2,98,86.7,91.7,93.7,91.4,383,397
"2019-04-16 15:52:00.0",789111,4230,169.6,46.95,46.96,0.731,0.731,1.367,12.0465,40.12,39.95,19.84,44.2,97,99.9,88.5,93.7,96.2,94,40.53,90,92.3,81.5,86.1,88.8,86.3,38.77,82.3,84,74.54,79.09,83.1,80.3,40.87,90.2,92.6,81.9,86.7,89.3,86.8,384,396
"2019-04-16 15:52:20.0",789112,4230,169.7,46.96,46.98,0.731,0.731,1.366,12.041,40.12,39.95,19.84,42.43,92.5,94.8,84,88.9,92.1,89.5,38.9,84.7,86.6,76.51,81.1,84.5,81.7,38.09,81.7,83.3,73.8,78.21,82.2,79.3,38.83,84.4,86.2,76.24,80.8,84.3,81.5,384,396
"2019-04-16 15:52:40.0",789113,4230,169.8,46.98,46.99,0.731,0.731,1.366,12.0466,40.12,39.95,19.86,40.94,90,92.1,81.5,86.2,89.5,86.7,38.02,83.6,85.3,75.36,79.7,83.4,80.2,37.41,80.9,82.4,72.91,77.26,81.4,78.21,37.82,83.1,84.8,74.95,79.36,83,79.84,384,396
"2019-04-16 15:53:00.0",789114,4230,170,46.99,47,0.731,0.731,1.366,12.0466,40.12,39.95,19.86,40.33,90,92.1,81.4,86,89.3,86.1,37.68,84.5,86.3,76.11,80.5,83.8,80.5,36.93,80.2,81.7,72.37,76.72,80.9,77.53,37.68,84.4,86.2,76.04,80.4,83.8,80.5,384,396
"2019-04-16 15:53:20.0",789115,4230,170.1,47,47.01,0.731,0.732,1.366,12.0466,40.12,39.95,19.89,40.06,90.8,92.9,81.9,86.4,89.4,86.2,37.48,85.1,86.8,76.38,80.6,83.8,80.4,36.32,79.23,80.7,71.35,75.63,79.84,76.38,37.34,84.8,86.4,76.04,80.2,83.4,80,384,396
"2019-04-16 15:53:40.0",789116,4230,170.2,47.01,47.03,0.731,0.732,1.365,12.0466,40.12,39.95,19.92,38.97,87,88.8,78.41,83,86.6,83.2,36.59,81.5,83.1,73.32,77.53,81.3,77.8,35.78,78.41,79.77,70.47,74.61,78.89,75.36,36.32,80.8,82.4,72.64,76.85,80.7,77.12,384,396
"2019-04-16 15:54:00.0",789117,4230,170.3,47.02,47.04,0.732,0.732,1.365,12.0519,40.12,39.94,19.92,38.29,84.9,86.6,76.38,80.8,84.7,81.2,36.12,79.84,81.3,71.69,75.83,79.84,76.31,35.37,77.53,78.75,69.59,73.59,77.94,74.27,35.64,78.96,80.2,70.74,74.95,78.96,75.29,385,395
"2019-04-16 15:54:20.0",789118,4230,170.4,47.03,47.05,0.732,0.732,1.365,12.0575,40.12,39.94,19.94,37.48,83.6,84.9,74.82,79.09,83.1,79.3,35.57,79.16,80.3,70.74,74.82,78.82,75.09,34.83,76.51,77.53,68.37,72.37,76.85,72.98,35.17,78.41,79.43,69.93,74,78.01,74.14,385,395
"2019-04-16 15:54:40.0",789119,4230,170.6,47.05,47.06,0.732,0.732,1.365,12.0575,40.12,39.93,19.97,36.86,82.9,84,73.87,78.01,82,78.14,35.17,78.21,79.23,69.72,73.66,77.8,74,34.49,75.7,76.58,67.55,71.49,76.04,72.17,34.76,77.19,78.14,68.84,72.71,76.99,73.12,385,395
"2019-04-16 15:55:00.0",789120,4230,170.7,47.06,47.07,0.732,0.732,1.364,12.0519,40.12,39.94,19.97,36.32,80.3,81.4,71.69,75.83,80.3,76.38,34.69,76.11,77.06,67.96,71.9,76.38,72.51,34.28,75.09,75.97,66.94,70.81,75.49,71.49,34.42,75.63,76.45,67.48,71.35,75.9,71.96,385,395
"2019-04-16 15:55:20.0",789121,4230,170.8,47.07,47.08,0.732,0.732,1.364,12.0575,40.12,39.94,20,36.19,79.98,81.1,71.42,75.49,80.1,75.97,34.49,75.7,76.58,67.48,71.42,76.04,71.96,34.42,75.36,76.31,67.28,71.15,75.83,71.76,34.35,75.43,76.31,67.28,71.22,75.83,71.76,385,395
"2019-04-16 15:55:40.0",789122,4240,170.9,47.08,47.09,0.732,0.732,1.364,12.0457,40.12,39.94,20.02,36.59,80.7,81.9,72.24,76.38,81.1,76.78,34.83,76.38,77.4,68.3,72.24,76.92,72.78,34.96,76.51,77.6,68.5,72.51,77.12,73.05,34.76,76.31,77.26,68.16,72.1,76.78,72.71,386,394
"2019-04-16 15:56:00.0",789123,4240,171,47.09,47.11,0.732,0.733,1.364,12.0457,40.12,39.94,20.02,37.48,83,84.4,74.48,78.75,83.2,79.09,35.64,78.48,79.64,70.2,74.27,78.82,74.82,35.91,78.41,79.64,70.4,74.54,79.16,75.22,35.78,78.82,79.98,70.54,74.61,79.09,75.09,386,394
"2019-04-16 15:56:20.0",789124,4240,171.1,47.1,47.12,0.733,0.733,1.363,12.0457,40.12,39.94,20.05,39.11,86.3,88,77.8,82.3,86.6,82.7,36.93,81.1,82.6,72.91,77.06,81.5,77.6,37.34,80.8,82.3,72.91,77.19,81.8,78.07,37.41,82.1,83.6,73.93,78.28,82.5,78.82,386,394
"2019-04-16 15:56:40.0",789125,4240,171.3,47.11,47.13,0.733,0.733,1.363,12.0457,40.12,39.92,20.08,42.23,93.7,96.1,85,90,93.4,90.2,40.06,89.6,91.7,80.9,85.5,88.8,85.5,39.44,83.6,85.5,75.97,80.6,85.2,82,41.01,91.8,94.1,83,87.8,90.8,87.5,386,394
"2019-04-16 15:57:00.0",789126,4240,171.4,47.12,47.14,0.733,0.733,1.363,12.0457,40.12,39.92,20.08,44.67,96.2,99.1,88,93.3,96.9,94.2,41.35,89,91.2,80.9,85.7,89.5,86.7,40.67,85.3,87.2,77.4,82.2,86.6,83.8,41.35,88.8,90.9,80.6,85.5,89.1,86.4,386,394
"2019-04-16 15:57:20.0",789127,4240,171.5,47.13,47.15,0.733,0.733,1.363,12.0507,40.12,39.95,20.08,44.94,96.7,99.3,88,93.3,96.6,94.4,41.89,90.6,92.6,81.9,86.8,90.1,87.7,40.8,85.3,87,77.19,82,86.2,83.8,42.09,90.9,93,82.4,87.3,90.6,88.2,386,394
"2019-04-16 15:57:40.0",789128,4240,171.6,47.14,47.16,0.733,0.733,1.362,12.0563,40.12,39.95,20.1,48.2,106.6,109.9,97.4,103.1,104.8,103.1,44.74,99.1,102,90.3,95.5,97.4,95.6,40.67,84,85.5,75.9,80.7,84.9,82.6,44.4,97.8,100.5,89,94.2,96.3,94.4,387,393
"2019-04-16 15:58:00.0",789129,4240,171.7,47.15,47.17,0.733,0.733,1.362,12.0563,40.12,39.95,20.13,44.67,95.1,97,85.7,90.8,93.9,91.8,40.46,85,86.4,76.38,80.9,84.6,82.4,38.83,80.7,81.5,72.03,76.45,80.6,78.14,39.78,83.3,84.5,74.75,79.3,83,80.6,387,393
"2019-04-16 15:58:20.0",789130,4240,171.9,47.16,47.18,0.733,0.733,1.362,12.0563,40.12,39.95,20.13,40.06,84.3,84.9,74.95,79.5,83.4,80.8,37,77.74,78.07,68.84,72.91,76.99,74.2,36.53,77.12,77.4,68.16,72.24,76.24,73.39,36.32,76.85,77.06,67.82,71.83,75.83,72.91,387,393
"2019-04-16 15:58:40.0",789131,4240,172,47.17,47.19,0.733,0.734,1.362,12.0563,40.13,39.95,20.15,37.14,79.84,79.98,70.27,74.41,78.35,75.09,34.49,74,73.8,64.77,68.57,72.64,69.32,34.56,74.2,74.07,65.04,68.84,72.91,69.59,34.42,74.14,73.93,64.9,68.71,72.71,69.32,387,393
"2019-04-16 15:59:00.0",789132,4240,172.1,47.18,47.2,0.734,0.734,1.362,12.0559,40.12,39.95,20.18,35.64,77.8,77.8,68.3,72.17,76.17,72.44,33.13,72.17,71.83,62.93,66.53,70.6,66.87,33.6,72.71,72.51,63.68,67.35,71.49,67.75,33.94,73.79,73.73,64.77,68.43,72.44,68.7,387,393
"2019-04-16 15:59:20.0",789133,4260,172.2,47.19,47.21,0.734,0.734,1.361,12.0447,40.12,39.95,20.18,35.85,79.97,80.2,70.26,74.2,77.87,73.86,33.2,74.27,74.07,64.83,68.36,72.1,68.09,33.6,73.32,73.32,64.43,68.23,72.37,68.43,34.35,76.51,76.65,67.21,71.01,74.61,70.67,388,392
"2019-04-16 15:59:40.0",789134,4260,172.3,47.2,47.22,0.734,0.734,1.361,12.0447,40.13,39.95,20.18,36.73,82,82.6,72.57,76.65,80.3,76.31,33.81,75.29,75.42,66.12,69.79,73.79,69.72,34.15,74.61,74.81,65.85,69.72,73.93,69.99,34.83,76.85,77.26,67.89,71.76,75.7,71.83,388,392
