"TOA5","","","1764","CR1000.Std.24","CPU:MFRSR_10012018V2.8.CR1","13574","TableHdr","PbCdlComm-1.6.0 (2016/01/26)"
"TIMESTAMP","RECORD","loggerID""headID""xpgmVerID""xlat""xlon""xSiteElev""xFULLREV""xCRXHSTEPS""xSCANseconds""xSCANnAvg""xSCANtrough""xHOMEoffset""xALLTIMEband"
"TS","RN","--""--""--""deg""deg""m""--""--""sec""--""--""--""--"
"","","Smp""Smp""Smp""Smp""Smp""Smp""Smp""Smp""Smp""Smp""Smp""Smp""Smp"
"2019-04-15 12:00:00.0",371,1764,180054423,2.8,-32.1259,-64.7287,1160,800,20,20,1,10,0,-1
"TOA5","","","1764","CR1000.Std.24","CPU:MFRSR_10012018V2.8.CR1","13574","Table155","PbCdlComm-1.6.0 (2016/01/26)"
"TIMESTAMP","RECORD","xoset""az""el""al""cosz""cosasz""pamass""vBat""Thead""THTC""Tlogger""Dnadir(1)""Dnadir(2)""Dnadir(3)""Dnadir(4)""Dnadir(5)""Dnadir(6)""Dnadir(7)""Deast(1)""Deast(2)""Deast(3)""Deast(4)""Deast(5)""Deast(6)""Deast(7)""Dsun(1)""Dsun(2)""Dsun(3)""Dsun(4)""Dsun(5)""Dsun(6)""Dsun(7)""Dwest(1)""Dwest(2)""Dwest(3)""Dwest(4)""Dwest(5)""Dwest(6)""Dwest(7)""kount""khome"
"TS","RN","sec""deg""deg""deg""--""--""--""Volt""degC""degC""degC""mV""mV""mV""mV""mV""mV""mV""mV""mV""mV""mV""mV""mV""mV""mV""mV""mV""mV""mV""mV""mV""mV""mV""mV""mV""mV""mV""mV""--""--"
"","","Smp""Smp""Smp""Smp""Smp""Smp""Smp""Smp""Smp""Smp""Smp""Smp""Smp""Smp""Smp""Smp""Smp""Smp""Smp""Smp""Smp""Smp""Smp""Smp""Smp""Smp""Smp""Smp""Smp""Smp""Smp""Smp""Smp""Smp""Smp""Smp""Smp""Smp""Smp""Smp""Smp"
"2019-04-15 12:00:00.0",784095,3300,112.2,14.89,14.95,0.257,0.258,3.824,12.0522,39.81,39.9,13.07,-0.951,3.193,3.533,3.057,3.601,4.688,-0.408,-0.951,3.125,3.465,3.057,3.533,4.552,-0.408,-0.951,3.057,3.397,2.989,3.465,4.552,-0.408,-0.951,3.057,3.329,2.989,3.465,4.484,-0.408,255,525
"2019-04-15 12:00:20.0",784096,3300,112.3,14.96,15.02,0.258,0.259,3.809,12.0522,39.81,39.9,13.07,-0.951,3.057,3.329,2.989,3.465,4.484,-0.408,-0.951,2.989,3.329,2.921,3.397,4.416,-0.408,-0.951,2.989,3.261,2.921,3.397,4.416,-0.408,-0.951,2.921,3.261,2.853,3.329,4.348,-0.408,255,525
"2019-04-15 12:00:40.0",784097,3300,112.3,15.02,15.08,0.259,0.26,3.793,12.0524,39.81,39.88,13.05,-0.951,2.921,3.261,2.921,3.397,4.416,-0.408,-0.951,2.853,3.193,2.853,3.329,4.348,-0.408,-0.951,2.853,3.125,2.785,3.261,4.28,-0.408,-0.951,2.853,3.125,2.785,3.261,4.28,-0.408,255,525
"2019-04-15 12:01:00.0",784098,3300,112.4,15.09,15.15,0.26,0.261,3.778,12.0468,39.81,39.88,13.02,-0.951,2.853,3.193,2.853,3.329,4.348,-0.408,-0.951,2.853,3.125,2.785,3.261,4.348,-0.408,-0.951,2.853,3.125,2.785,3.261,4.28,-0.408,-0.951,2.853,3.125,2.785,3.261,4.28,-0.408,255,525
"2019-04-15 12:01:20.0",784099,3300,112.4,15.16,15.21,0.261,0.262,3.762,12.0468,39.81,39.88,13.02,-0.951,2.717,2.989,2.717,3.125,4.212,-0.408,-0.951,2.65,2.921,2.65,3.125,4.144,-0.476,-0.951,2.65,2.921,2.582,3.057,4.076,-0.476,-0.951,2.582,2.853,2.582,3.057,4.076,-0.408,255,525
"2019-04-15 12:01:40.0",784100,3300,112.5,15.22,15.28,0.263,0.264,3.747,12.0524,39.81,39.88,13,-0.951,2.785,3.125,2.785,3.261,4.28,-0.408,-0.951,2.853,3.125,2.785,3.261,4.28,-0.476,-0.951,2.785,3.125,2.853,3.261,4.212,-0.476,-0.951,2.785,3.125,2.853,3.261,4.212,-0.476,255,525
"2019-04-15 12:02:00.0",784101,3310,112.5,15.29,15.34,0.264,0.265,3.732,12.0468,39.81,39.88,12.98,-0.951,2.989,3.329,2.989,3.465,4.416,-0.476,-0.951,2.921,3.261,2.921,3.397,4.348,-0.476,-0.951,2.853,3.193,2.853,3.397,4.28,-0.476,-0.883,2.921,3.261,2.921,3.397,4.348,-0.408,256,524
"2019-04-15 12:02:20.0",784102,3310,112.6,15.35,15.41,0.265,0.266,3.717,12.0415,39.81,39.88,12.98,-0.815,2.989,3.261,2.989,3.465,4.348,-0.408,-0.815,2.921,3.329,2.989,3.465,4.28,-0.408,-0.815,2.921,3.261,2.921,3.397,4.28,-0.408,-0.815,2.921,3.261,2.921,3.397,4.28,-0.408,256,524
"2019-04-15 12:02:40.0",784103,3310,112.6,15.42,15.47,0.266,0.267,3.702,12.0359,39.81,39.88,12.98,-0.815,2.785,3.057,2.785,3.261,4.144,-0.408,-0.815,2.717,2.989,2.717,3.125,4.008,-0.408,-0.883,2.65,2.921,2.65,3.125,4.008,-0.408,-0.883,2.582,2.921,2.65,3.057,3.94,-0.476,256,524
"2019-04-15 12:03:00.0",784104,3310,112.7,15.48,15.54,0.267,0.268,3.688,12.0359,39.81,39.88,12.95,-0.883,2.582,2.853,2.582,3.057,3.94,-0.408,-0.883,2.582,2.853,2.582,3.057,3.94,-0.476,-0.883,2.514,2.853,2.582,3.057,3.94,-0.476,-0.815,2.514,2.853,2.582,2.989,3.872,-0.408,256,524
"2019-04-15 12:03:20.0",784105,3320,112.7,15.55,15.6,0.268,0.269,3.673,12.0359,39.81,39.88,12.95,-0.883,2.717,3.057,2.785,3.261,4.144,-0.476,-0.815,2.785,3.057,2.785,3.261,4.144,-0.476,-0.883,2.785,3.057,2.785,3.261,4.144,-0.408,-0.883,2.717,3.057,2.785,3.261,4.144,-0.408,256,524
"2019-04-15 12:03:40.0",784106,3320,112.8,15.61,15.67,0.269,0.27,3.659,12.0415,39.81,39.9,12.91,-0.883,2.717,3.057,2.785,3.261,4.076,-0.476,-0.883,2.582,2.921,2.717,3.125,3.94,-0.476,-0.883,2.582,2.921,2.65,3.057,3.94,-0.476,-0.883,2.582,2.853,2.65,3.057,3.94,-0.476,257,523
"2019-04-15 12:04:00.0",784107,3320,112.9,15.68,15.73,0.27,0.271,3.644,12.0472,39.81,39.88,12.93,-0.883,2.717,3.057,2.785,3.261,4.076,-0.476,-0.883,2.717,3.057,2.785,3.261,4.008,-0.476,-0.883,2.717,3.057,2.785,3.261,4.008,-0.476,-0.883,2.717,3.057,2.717,3.193,4.008,-0.476,257,523
"2019-04-15 12:04:20.0",784108,3320,112.9,15.74,15.8,0.271,0.272,3.63,12.0528,39.81,39.88,12.88,-0.951,2.785,3.057,2.853,3.329,4.076,-0.543,-0.951,2.717,3.057,2.785,3.261,3.94,-0.611,-0.951,2.717,2.989,2.717,3.193,3.94,-0.543,-0.951,2.717,2.989,2.717,3.193,3.872,-0.543,257,523
"2019-04-15 12:04:40.0",784109,3320,113,15.81,15.86,0.272,0.273,3.616,12.0528,39.82,39.88,12.88,-0.951,2.446,2.717,2.446,2.853,3.601,-0.543,-0.951,2.378,2.582,2.31,2.717,3.465,-0.611,-0.951,2.31,2.514,2.31,2.717,3.397,-0.611,-0.951,2.242,2.514,2.242,2.65,3.397,-0.611,257,523
"2019-04-15 12:05:00.0",784110,3320,113,15.87,15.93,0.273,0.274,3.602,12.0528,39.81,39.88,12.86,-0.951,2.31,2.582,2.31,2.717,3.397,-0.611,-0.951,2.378,2.582,2.31,2.717,3.397,-0.611,-0.951,2.31,2.514,2.242,2.65,3.329,-0.611,-0.951,2.31,2.582,2.242,2.65,3.329,-0.611,257,523
"2019-04-15 12:05:20.0",784111,3330,113.1,15.94,15.99,0.275,0.275,3.588,12.0416,39.82,39.88,12.86,-0.951,2.378,2.582,2.31,2.717,3.329,-0.611,-0.951,2.31,2.582,2.242,2.65,3.329,-0.611,-0.951,2.378,2.514,2.242,2.65,3.261,-0.611,-0.951,2.31,2.514,2.242,2.582,3.261,-0.611,258,522
"2019-04-15 12:05:40.0",784112,3330,113.1,16,16.06,0.276,0.277,3.575,12.0417,39.82,39.88,12.86,-0.951,2.31,2.514,2.242,2.582,3.261,-0.611,-0.951,2.31,2.446,2.174,2.582,3.193,-0.611,-0.951,2.31,2.446,2.174,2.514,3.193,-0.611,-0.951,2.242,2.446,2.106,2.514,3.125,-0.611,258,522
"2019-04-15 12:06:00.0",784113,3320,113.2,16.07,16.12,0.277,0.278,3.561,12.0417,39.82,39.88,12.84,-0.951,2.106,2.31,2.038,2.378,3.057,-0.611,-0.951,2.106,2.242,1.97,2.31,2.989,-0.611,-0.951,2.038,2.242,1.97,2.31,2.921,-0.611,-0.951,2.038,2.174,1.902,2.242,2.853,-0.679,258,522
"2019-04-15 12:06:20.0",784114,3320,113.2,16.13,16.18,0.278,0.279,3.547,12.0417,39.81,39.9,12.84,-0.883,2.174,2.31,2.038,2.378,3.057,-0.543,-0.883,2.174,2.31,1.97,2.378,2.989,-0.543,-0.883,2.106,2.242,1.97,2.31,2.989,-0.543,-0.883,2.106,2.242,1.97,2.31,2.989,-0.543,258,522
"2019-04-15 12:06:40.0",784115,3320,113.3,16.2,16.25,0.279,0.28,3.534,12.0417,39.81,39.9,12.81,-0.883,2.378,2.514,2.174,2.582,3.261,-0.543,-0.883,2.378,2.514,2.242,2.582,3.261,-0.476,-0.883,2.378,2.514,2.242,2.582,3.261,-0.543,-0.883,2.446,2.514,2.242,2.582,3.261,-0.476,258,522
"2019-04-15 12:07:00.0",784116,3320,113.3,16.26,16.31,0.28,0.281,3.521,12.0417,39.81,39.88,12.81,-0.883,2.853,2.989,2.65,3.057,3.737,-0.476,-0.883,2.853,3.057,2.65,3.057,3.804,-0.476,-0.883,2.921,3.057,2.65,3.057,3.737,-0.408,-0.883,2.921,3.057,2.65,3.057,3.737,-0.476,258,522
"2019-04-15 12:07:20.0",784117,3330,113.4,16.33,16.38,0.281,0.282,3.508,12.053,39.83,39.88,12.81,-0.951,2.921,3.057,2.65,3.125,3.804,-0.476,-0.951,2.921,3.057,2.717,3.125,3.804,-0.476,-0.951,2.921,3.057,2.65,3.125,3.804,-0.476,-0.951,2.921,3.057,2.65,3.057,3.804,-0.476,259,521
"2019-04-15 12:07:40.0",784118,3330,113.4,16.39,16.44,0.282,0.283,3.495,12.053,39.82,39.9,12.81,-0.951,2.717,2.853,2.446,2.853,3.669,-0.476,-0.951,2.582,2.717,2.378,2.717,3.533,-0.543,-0.951,2.582,2.65,2.31,2.717,3.465,-0.476,-0.951,2.514,2.65,2.242,2.65,3.397,-0.543,259,521
"2019-04-15 12:08:00.0",784119,3330,113.5,16.45,16.51,0.283,0.284,3.482,12.0474,39.82,39.88,12.79,-0.951,2.446,2.582,2.242,2.582,3.397,-0.476,-0.951,2.378,2.514,2.174,2.514,3.329,-0.476,-0.951,2.378,2.514,2.174,2.514,3.329,-0.543,-0.951,2.378,2.446,2.106,2.514,3.261,-0.476,259,521
"2019-04-15 12:08:20.0",784120,3330,113.5,16.52,16.57,0.284,0.285,3.469,12.053,39.82,39.88,12.79,-0.951,2.582,2.717,2.31,2.717,3.465,-0.476,-0.951,2.514,2.65,2.31,2.65,3.465,-0.476,-0.951,2.514,2.65,2.31,2.65,3.397,-0.543,-0.951,2.514,2.65,2.242,2.65,3.397,-0.476,259,521
"2019-04-15 12:08:40.0",784121,3330,113.6,16.58,16.64,0.285,0.286,3.456,12.0474,39.82,39.88,12.79,-0.951,2.582,2.65,2.31,2.65,3.465,-0.476,-0.951,2.514,2.65,2.31,2.65,3.465,-0.476,-0.951,2.446,2.582,2.242,2.65,3.397,-0.476,-0.951,2.514,2.65,2.242,2.65,3.397,-0.476,259,521
"2019-04-15 12:09:00.0",784122,3340,113.6,16.65,16.7,0.286,0.287,3.443,12.0419,39.82,39.88,12.79,-0.951,2.921,3.125,2.65,3.057,3.805,-0.408,-0.951,2.989,3.125,2.718,3.125,3.873,-0.408,-0.951,3.057,3.125,2.718,3.193,3.873,-0.476,-0.951,2.989,3.193,2.786,3.193,3.873,-0.408,260,520
"2019-04-15 12:09:20.0",784123,3340,113.7,16.71,16.77,0.288,0.288,3.431,12.0419,39.82,39.88,12.77,-0.951,2.989,3.193,2.718,3.125,3.873,-0.408,-0.951,2.921,3.057,2.65,3.057,3.805,-0.476,-0.951,2.921,3.057,2.65,3.057,3.737,-0.408,-0.951,2.853,2.989,2.582,2.989,3.737,-0.476,260,520
"2019-04-15 12:09:40.0",784124,3340,113.7,16.78,16.83,0.289,0.29,3.418,12.0531,39.82,39.88,12.77,-0.951,2.65,2.786,2.446,2.786,3.533,-0.476,-0.951,2.582,2.786,2.378,2.786,3.465,-0.476,-0.951,2.582,2.718,2.378,2.718,3.465,-0.476,-0.951,2.514,2.718,2.378,2.718,3.465,-0.476,260,520
"2019-04-15 12:10:00.0",784125,3340,113.8,16.84,16.89,0.29,0.291,3.406,12.0419,39.82,39.88,12.74,-0.951,2.514,2.65,2.31,2.718,3.397,-0.476,-0.951,2.446,2.582,2.242,2.582,3.261,-0.476,-0.951,2.378,2.582,2.174,2.582,3.193,-0.544,-0.951,2.31,2.514,2.174,2.514,3.193,-0.544,260,520
"2019-04-15 12:10:20.0",784126,3340,113.9,16.91,16.96,0.291,0.292,3.394,12.0419,39.82,39.88,12.74,-0.951,2.106,2.242,1.902,2.242,2.921,-0.544,-0.951,2.038,2.174,1.834,2.174,2.853,-0.544,-0.951,2.038,2.106,1.834,2.174,2.786,-0.611,-0.951,1.97,2.106,1.766,2.106,2.718,-0.544,260,520
"2019-04-15 12:10:40.0",784127,3340,113.9,16.97,17.02,0.292,0.293,3.382,12.042,39.82,39.88,12.74,-0.951,1.902,1.97,1.698,1.97,2.582,-0.611,-0.951,1.834,1.902,1.631,1.902,2.514,-0.611,-0.951,1.766,1.834,1.563,1.902,2.514,-0.611,-0.951,1.766,1.834,1.563,1.834,2.378,-0.611,260,520
"2019-04-15 12:11:00.0",784128,3350,114,17.04,17.09,0.293,0.294,3.37,12.0476,39.83,39.88,12.72,-0.951,1.766,1.834,1.563,1.834,2.446,-0.611,-0.951,1.766,1.834,1.563,1.834,2.378,-0.611,-0.951,1.766,1.766,1.495,1.766,2.31,-0.611,-0.951,1.698,1.766,1.495,1.766,2.31,-0.679,261,519
"2019-04-15 12:11:20.0",784129,3350,114,17.1,17.15,0.294,0.295,3.358,12.0531,39.82,39.88,12.72,-0.951,1.698,1.766,1.495,1.766,2.31,-0.611,-0.951,1.631,1.698,1.427,1.698,2.242,-0.679,-0.951,1.631,1.698,1.427,1.698,2.174,-0.679,-0.951,1.631,1.631,1.427,1.631,2.174,-0.679,261,519
"2019-04-15 12:11:40.0",784130,3350,114.1,17.16,17.22,0.295,0.296,3.346,12.0531,39.85,39.88,12.72,-0.951,1.698,1.698,1.427,1.698,2.174,-0.679,-0.951,1.631,1.631,1.359,1.631,2.106,-0.679,-0.951,1.563,1.631,1.359,1.631,2.038,-0.679,-0.951,1.563,1.631,1.359,1.563,2.038,-0.679,261,519
"2019-04-15 12:12:00.0",784131,3350,114.1,17.23,17.28,0.296,0.297,3.334,12.0531,39.85,39.88,12.7,-0.951,1.427,1.427,1.223,1.427,1.834,-0.679,-0.951,1.427,1.427,1.155,1.359,1.766,-0.679,-0.951,1.359,1.427,1.155,1.359,1.766,-0.679,-0.951,1.359,1.359,1.087,1.359,1.766,-0.679,261,519
"2019-04-15 12:12:20.0",784132,3350,114.2,17.29,17.34,0.297,0.298,3.322,12.0532,39.83,39.89,12.7,-0.951,1.427,1.427,1.155,1.359,1.766,-0.747,-0.951,1.427,1.359,1.155,1.359,1.699,-0.679,-0.951,1.427,1.359,1.087,1.359,1.699,-0.679,-0.951,1.359,1.291,1.087,1.291,1.699,-0.679,261,519
"2019-04-15 12:12:40.0",784133,3350,114.2,17.36,17.41,0.298,0.299,3.311,12.042,39.83,39.88,12.7,-0.951,1.291,1.291,1.087,1.291,1.631,-0.747,-0.951,1.291,1.291,1.019,1.223,1.563,-0.747,-0.951,1.291,1.223,1.019,1.223,1.563,-0.747,-0.951,1.291,1.223,1.019,1.223,1.563,-0.747,262,518
"2019-04-15 12:13:00.0",784134,3350,114.3,17.42,17.47,0.299,0.3,3.299,12.0476,39.85,39.88,12.67,-0.951,1.223,1.155,0.951,1.155,1.495,-0.747,-0.951,1.223,1.223,0.951,1.155,1.495,-0.679,-0.951,1.223,1.155,0.951,1.155,1.427,-0.679,-0.951,1.223,1.155,0.951,1.155,1.427,-0.747,262,518
"2019-04-15 12:13:20.0",784135,3350,114.3,17.49,17.54,0.3,0.301,3.288,12.042,39.85,39.88,12.67,-0.951,1.291,1.223,1.019,1.223,1.495,-0.747,-0.951,1.223,1.223,0.951,1.155,1.427,-0.747,-0.951,1.223,1.223,0.951,1.155,1.495,-0.747,-0.951,1.223,1.155,0.951,1.155,1.427,-0.747,262,518
"2019-04-15 12:13:40.0",784136,3350,114.4,17.55,17.6,0.302,0.302,3.276,12.042,39.83,39.88,12.67,-0.951,1.359,1.291,1.019,1.223,1.495,-0.747,-0.951,1.291,1.223,1.019,1.223,1.495,-0.747,-0.951,1.291,1.223,0.951,1.155,1.495,-0.747,-0.951,1.223,1.223,0.951,1.155,1.427,-0.747,262,518
"2019-04-15 12:14:00.0",784137,3350,114.4,17.61,17.66,0.303,0.303,3.265,12.0425,39.84,39.88,12.65,-0.951,1.223,1.155,0.883,1.087,1.359,-0.747,-0.951,1.223,1.155,0.883,1.087,1.359,-0.747,-0.951,1.223,1.155,0.883,1.087,1.359,-0.747,-0.951,1.223,1.155,0.883,1.087,1.359,-0.679,262,518
"2019-04-15 12:14:20.0",784138,3350,114.5,17.68,17.73,0.304,0.305,3.254,12.0425,39.84,39.88,12.63,-0.951,1.359,1.223,0.951,1.155,1.427,-0.747,-0.951,1.291,1.223,0.951,1.155,1.427,-0.747,-0.951,1.291,1.155,0.951,1.155,1.359,-0.679,-0.951,1.223,1.155,0.951,1.087,1.359,-0.747,262,518
"2019-04-15 12:14:40.0",784139,3360,114.5,17.74,17.79,0.305,0.306,3.243,12.0536,39.83,39.88,12.63,-0.951,1.155,1.087,0.815,1.019,1.291,-0.679,-0.951,1.155,1.087,0.815,1.019,1.291,-0.747,-0.951,1.087,1.087,0.815,0.951,1.291,-0.747,-0.951,1.155,1.019,0.815,0.951,1.223,-0.679,263,517
"2019-04-15 12:15:00.0",784140,3360,114.6,17.81,17.86,0.306,0.307,3.232,12.0481,39.83,39.88,12.63,-0.951,1.019,0.951,0.679,0.883,1.155,-0.747,-0.951,1.019,0.883,0.679,0.815,1.155,-0.747,-0.951,1.019,0.883,0.679,0.815,1.087,-0.747,-0.951,0.951,0.883,0.679,0.815,1.087,-0.747,263,517
"2019-04-15 12:15:20.0",784141,3360,114.7,17.87,17.92,0.307,0.308,3.221,12.0536,39.81,39.88,12.63,-0.951,1.087,1.019,0.747,0.951,1.223,-0.747,-0.951,1.087,1.019,0.747,0.951,1.155,-0.747,-0.951,1.087,1.019,0.747,0.951,1.223,-0.747,-0.951,1.087,0.951,0.747,0.883,1.155,-0.747,263,517
"2019-04-15 12:15:40.0",784142,3360,114.7,17.94,17.98,0.308,0.309,3.21,12.054,39.81,39.88,12.6,-0.951,1.087,1.019,0.747,0.951,1.155,-0.747,-0.951,1.087,0.951,0.747,0.883,1.155,-0.747,-0.951,1.019,0.951,0.679,0.883,1.087,-0.679,-0.951,1.019,0.951,0.679,0.815,1.087,-0.747,263,517
"2019-04-15 12:16:00.0",784143,3360,114.8,18,18.05,0.309,0.31,3.199,12.0484,39.81,39.88,12.6,-0.951,1.087,0.951,0.679,0.883,1.155,-0.679,-0.951,1.019,0.951,0.679,0.883,1.087,-0.747,-0.951,1.019,0.951,0.679,0.883,1.155,-0.747,-0.951,1.019,0.883,0.679,0.815,1.087,-0.747,263,517
"2019-04-15 12:16:20.0",784144,3370,114.8,18.06,18.11,0.31,0.311,3.189,12.0428,39.81,39.88,12.6,-0.951,1.087,0.951,0.679,0.883,1.155,-0.747,-0.951,1.019,0.883,0.679,0.815,1.087,-0.747,-0.951,1.019,0.951,0.679,0.815,1.087,-0.747,-0.951,1.019,0.883,0.679,0.815,1.087,-0.747,264,516
"2019-04-15 12:16:40.0",784145,3370,114.9,18.13,18.18,0.311,0.312,3.178,12.0428,39.81,39.88,12.58,-0.951,1.019,0.951,0.679,0.815,1.155,-0.747,-0.951,1.019,0.883,0.679,0.815,1.087,-0.747,-0.951,1.019,0.883,0.679,0.815,1.087,-0.747,-0.951,0.951,0.883,0.611,0.747,1.087,-0.747,264,516
"2019-04-15 12:17:00.0",784146,3370,114.9,18.19,18.24,0.312,0.313,3.167,12.0373,39.81,39.88,12.58,-0.951,1.019,0.883,0.679,0.815,1.087,-0.747,-0.951,1.019,0.883,0.611,0.747,1.087,-0.747,-0.951,1.019,0.815,0.611,0.747,1.087,-0.679,-0.951,0.951,0.883,0.611,0.747,1.019,-0.747,264,516
"2019-04-15 12:17:20.0",784147,3370,115,18.26,18.3,0.313,0.314,3.157,12.0427,39.82,39.88,12.6,-0.951,0.951,0.883,0.611,0.747,1.087,-0.679,-0.951,0.951,0.883,0.611,0.747,1.087,-0.747,-0.951,0.951,0.815,0.611,0.747,1.019,-0.747,-0.951,0.883,0.815,0.611,0.747,1.019,-0.747,264,516
"2019-04-15 12:17:40.0",784148,3370,115,18.32,18.37,0.314,0.315,3.147,12.0427,39.82,39.89,12.6,-0.951,0.883,0.747,0.544,0.679,1.019,-0.747,-0.951,0.883,0.747,0.544,0.611,1.019,-0.747,-0.951,0.883,0.747,0.476,0.611,0.951,-0.747,-0.951,0.815,0.679,0.476,0.611,0.951,-0.747,264,516
"2019-04-15 12:18:00.0",784149,3370,115.1,18.38,18.43,0.315,0.316,3.136,12.0539,39.82,39.89,12.58,-0.951,0.815,0.679,0.476,0.611,0.951,-0.679,-0.951,0.815,0.679,0.476,0.544,0.951,-0.747,-0.951,0.815,0.679,0.476,0.611,0.951,-0.747,-0.951,0.747,0.679,0.476,0.544,0.951,-0.747,265,515
"2019-04-15 12:18:20.0",784150,3370,115.1,18.45,18.49,0.316,0.317,3.126,12.0539,39.82,39.88,12.56,-0.951,0.815,0.747,0.544,0.611,1.087,-0.747,-0.951,0.815,0.747,0.476,0.611,1.019,-0.747,-0.951,0.815,0.679,0.476,0.611,1.019,-0.679,-0.951,0.815,0.679,0.476,0.611,1.019,-0.679,265,515
"2019-04-15 12:18:40.0",784151,3370,115.2,18.51,18.56,0.317,0.318,3.116,12.0539,39.82,39.88,12.53,-0.951,1.019,0.883,0.611,0.815,1.223,-0.679,-0.951,1.019,0.883,0.679,0.815,1.223,-0.679,-0.951,1.019,0.883,0.679,0.815,1.223,-0.747,-0.951,1.019,0.883,0.679,0.815,1.223,-0.747,265,515
"2019-04-15 12:19:00.0",784152,3370,115.2,18.58,18.62,0.319,0.319,3.106,12.0538,39.81,39.88,12.53,-0.951,1.427,1.359,1.019,1.155,1.631,-0.679,-0.951,1.427,1.291,1.019,1.223,1.631,-0.679,-0.951,1.427,1.291,1.019,1.223,1.563,-0.679,-0.951,1.427,1.291,1.019,1.155,1.563,-0.679,265,515
"2019-04-15 12:19:20.0",784153,3370,115.3,18.64,18.69,0.32,0.32,3.096,12.0538,39.81,39.88,12.53,-0.951,1.699,1.563,1.223,1.427,1.767,-0.679,-0.951,1.767,1.699,1.291,1.495,1.834,-0.611,-0.951,1.834,1.699,1.359,1.563,1.902,-0.679,-0.951,1.902,1.767,1.359,1.563,1.97,-0.611,265,515
"2019-04-15 12:19:40.0",784154,3370,115.4,18.7,18.75,0.321,0.321,3.086,12.0538,39.81,39.88,12.51,-0.951,1.97,1.834,1.427,1.631,1.97,-0.611,-0.951,1.902,1.699,1.359,1.563,1.97,-0.611,-0.951,1.834,1.699,1.359,1.563,1.902,-0.611,-0.951,1.834,1.699,1.291,1.563,1.902,-0.679,265,515
"2019-04-15 12:20:00.0",784155,3380,115.4,18.77,18.81,0.322,0.322,3.076,12.0371,39.81,39.88,12.51,-0.951,2.106,1.902,1.495,1.767,2.106,-0.611,-0.951,2.106,1.902,1.495,1.699,2.106,-0.611,-0.951,2.038,1.902,1.495,1.699,2.038,-0.611,-0.951,2.038,1.834,1.495,1.699,2.038,-0.611,266,514
"2019-04-15 12:20:20.0",784156,3380,115.5,18.83,18.88,0.323,0.324,3.066,12.0426,39.81,39.88,12.49,-0.951,1.902,1.767,1.427,1.631,1.97,-0.679,-0.951,1.902,1.699,1.359,1.563,1.97,-0.611,-0.951,1.902,1.699,1.359,1.563,1.97,-0.679,-0.951,1.902,1.699,1.359,1.563,1.902,-0.679,266,514
"2019-04-15 12:20:40.0",784157,3380,115.5,18.89,18.94,0.324,0.325,3.056,12.043,39.82,39.88,12.51,-0.951,2.038,1.902,1.495,1.699,2.106,-0.612,-0.951,2.038,1.902,1.495,1.699,2.038,-0.612,-0.951,2.038,1.835,1.495,1.699,2.038,-0.679,-0.951,2.038,1.902,1.495,1.699,2.038,-0.679,266,514
"2019-04-15 12:21:00.0",784158,3380,115.6,18.96,19,0.325,0.326,3.047,12.043,39.82,39.88,12.51,-0.951,2.174,1.97,1.563,1.835,2.106,-0.679,-0.951,2.038,1.902,1.563,1.767,2.106,-0.612,-0.951,2.038,1.97,1.495,1.767,2.106,-0.679,-0.951,2.038,1.902,1.495,1.767,2.038,-0.679,266,514
"2019-04-15 12:21:20.0",784159,3380,115.6,19.02,19.07,0.326,0.327,3.037,12.0374,39.82,39.88,12.51,-0.951,2.038,1.902,1.495,1.767,2.106,-0.612,-0.951,2.038,1.835,1.495,1.699,2.038,-0.679,-0.951,1.97,1.835,1.427,1.699,1.97,-0.679,-0.951,1.97,1.767,1.427,1.631,1.97,-0.679,266,514
"2019-04-15 12:21:40.0",784160,3400,115.7,19.08,19.13,0.327,0.328,3.028,12.0485,39.82,39.88,12.49,-0.951,1.835,1.699,1.359,1.563,1.902,-0.679,-0.951,1.767,1.631,1.291,1.495,1.902,-0.679,-0.951,1.767,1.631,1.291,1.495,1.835,-0.679,-0.951,1.767,1.631,1.291,1.427,1.835,-0.679,267,513
"2019-04-15 12:22:00.0",784161,3400,115.7,19.15,19.19,0.328,0.329,3.018,12.0485,39.82,39.88,12.46,-0.951,2.038,1.902,1.495,1.767,2.038,-0.612,-0.951,2.038,1.902,1.495,1.767,2.038,-0.679,-0.951,2.038,1.902,1.495,1.699,2.038,-0.612,-0.951,2.038,1.902,1.495,1.699,2.038,-0.679,267,513
"2019-04-15 12:22:20.0",784162,3400,115.8,19.21,19.26,0.329,0.33,3.009,12.0488,39.82,39.88,12.49,-0.951,2.106,1.902,1.563,1.767,2.106,-0.612,-0.951,1.97,1.902,1.495,1.699,2.038,-0.679,-0.951,1.97,1.835,1.495,1.699,2.038,-0.679,-0.951,1.97,1.835,1.427,1.631,1.97,-0.679,267,513
"2019-04-15 12:22:40.0",784163,3400,115.9,19.27,19.32,0.33,0.331,3,12.0488,39.82,39.88,12.46,-0.951,1.97,1.835,1.427,1.699,2.038,-0.679,-0.951,1.902,1.767,1.427,1.631,1.97,-0.679,-0.951,1.97,1.767,1.427,1.631,1.97,-0.679,-0.951,1.902,1.767,1.359,1.631,1.97,-0.679,267,513
"2019-04-15 12:23:00.0",784164,3400,115.9,19.34,19.38,0.331,0.332,2.99,12.0544,39.82,39.88,12.46,-0.951,1.902,1.699,1.359,1.563,1.97,-0.679,-0.951,1.835,1.699,1.291,1.495,1.902,-0.679,-0.951,1.835,1.631,1.291,1.495,1.902,-0.679,-0.951,1.767,1.631,1.291,1.495,1.902,-0.679,267,513
"2019-04-15 12:23:20.0",784165,3400,116,19.4,19.45,0.332,0.333,2.981,12.0544,39.82,39.88,12.42,-0.951,1.835,1.699,1.359,1.563,1.97,-0.679,-0.951,1.835,1.699,1.359,1.563,1.97,-0.679,-0.951,1.835,1.699,1.291,1.495,1.902,-0.679,-0.951,1.767,1.631,1.291,1.495,1.902,-0.679,267,513
"2019-04-15 12:23:40.0",784166,3400,116,19.46,19.51,0.333,0.334,2.972,12.0432,39.82,39.88,12.42,-0.951,1.902,1.767,1.427,1.631,2.038,-0.612,-0.951,1.835,1.767,1.359,1.563,2.038,-0.679,-0.951,1.835,1.767,1.359,1.563,1.97,-0.679,-0.951,1.902,1.767,1.359,1.563,1.97,-0.679,268,512
"2019-04-15 12:24:00.0",784167,3400,116.1,19.53,19.57,0.334,0.335,2.963,12.0434,39.82,39.89,12.42,-0.951,2.038,1.902,1.563,1.767,2.242,-0.611,-0.951,1.97,1.902,1.495,1.699,2.106,-0.611,-0.951,1.97,1.834,1.495,1.699,2.106,-0.611,-0.951,1.97,1.834,1.427,1.699,2.106,-0.679,268,512
"2019-04-15 12:24:20.0",784168,3400,116.1,19.59,19.64,0.335,0.336,2.954,12.0434,39.82,39.88,12.39,-0.951,2.038,1.902,1.495,1.767,2.242,-0.611,-0.951,1.97,1.834,1.495,1.699,2.174,-0.611,-0.951,1.97,1.834,1.495,1.699,2.174,-0.611,-0.951,1.902,1.834,1.495,1.699,2.174,-0.611,268,512
"2019-04-15 12:24:40.0",784169,3400,116.2,19.65,19.7,0.336,0.337,2.945,12.0379,39.82,39.88,12.39,-0.951,2.038,1.834,1.495,1.699,2.242,-0.611,-0.951,1.97,1.834,1.495,1.631,2.174,-0.611,-0.951,1.97,1.834,1.427,1.631,2.174,-0.611,-0.951,1.902,1.767,1.427,1.631,2.174,-0.611,268,512
"2019-04-15 12:25:00.0",784170,3400,116.2,19.72,19.76,0.337,0.338,2.936,12.0434,39.82,39.88,12.39,-0.951,2.038,1.97,1.563,1.767,2.31,-0.611,-0.951,2.038,1.902,1.563,1.767,2.31,-0.544,-0.951,2.038,1.902,1.563,1.767,2.31,-0.611,-0.951,2.038,1.902,1.563,1.699,2.31,-0.611,268,512
"2019-04-15 12:25:20.0",784171,3410,116.3,19.78,19.83,0.338,0.339,2.927,12.049,39.82,39.88,12.39,-0.951,2.174,2.106,1.699,1.902,2.514,-0.544,-0.951,2.174,2.038,1.699,1.902,2.514,-0.544,-0.951,2.174,2.038,1.631,1.902,2.514,-0.544,-0.951,2.106,1.97,1.631,1.834,2.446,-0.544,269,511
"2019-04-15 12:25:40.0",784172,3400,116.4,19.84,19.89,0.339,0.34,2.919,12.0548,39.82,39.89,12.39,-0.951,2.174,2.038,1.699,1.902,2.582,-0.544,-0.951,2.106,2.038,1.631,1.835,2.514,-0.544,-0.951,2.106,1.97,1.631,1.835,2.514,-0.544,-0.951,2.106,1.97,1.631,1.835,2.514,-0.544,269,511
"2019-04-15 12:26:00.0",784173,3400,116.4,19.91,19.95,0.341,0.341,2.91,12.0548,39.82,39.88,12.39,-0.951,2.242,2.174,1.767,1.97,2.718,-0.544,-0.951,2.242,2.174,1.767,1.97,2.65,-0.476,-0.951,2.242,2.106,1.767,1.97,2.718,-0.544,-0.951,2.242,2.174,1.767,1.97,2.65,-0.544,269,511
"2019-04-15 12:26:20.0",784174,3400,116.5,19.97,20.01,0.342,0.342,2.901,12.0548,39.82,39.88,12.35,-0.951,2.514,2.378,1.97,2.242,2.922,-0.476,-0.951,2.514,2.378,1.97,2.242,2.922,-0.476,-0.951,2.514,2.378,1.97,2.242,2.922,-0.476,-0.951,2.514,2.378,1.97,2.174,2.922,-0.476,269,511
"2019-04-15 12:26:40.0",784175,3400,116.5,20.03,20.08,0.343,0.343,2.893,12.0548,39.82,39.88,12.35,-0.951,2.718,2.582,2.106,2.378,3.058,-0.476,-0.951,2.582,2.514,2.038,2.31,3.058,-0.476,-0.951,2.582,2.514,2.038,2.31,2.99,-0.476,-0.951,2.514,2.446,2.038,2.31,2.99,-0.476,269,511
"2019-04-15 12:27:00.0",784176,3420,116.6,20.1,20.14,0.344,0.344,2.884,12.0436,39.82,39.88,12.35,-0.951,2.514,2.514,2.038,2.31,3.058,-0.476,-0.951,2.514,2.378,1.97,2.242,2.99,-0.476,-0.951,2.514,2.378,1.97,2.242,2.922,-0.476,-0.951,2.446,2.378,1.97,2.174,2.922,-0.476,270,510
"2019-04-15 12:27:20.0",784177,3420,116.6,20.16,20.2,0.345,0.345,2.876,12.0437,39.82,39.89,12.33,-0.951,2.582,2.446,2.038,2.31,3.058,-0.408,-0.951,2.446,2.378,1.97,2.242,2.922,-0.476,-0.951,2.446,2.31,1.97,2.174,2.922,-0.476,-0.951,2.446,2.31,1.902,2.174,2.922,-0.476,270,510
"2019-04-15 12:27:40.0",784178,3420,116.7,20.22,20.27,0.346,0.346,2.867,12.0437,39.82,39.88,12.33,-0.951,2.65,2.582,2.106,2.446,3.125,-0.476,-0.951,2.718,2.65,2.174,2.446,3.125,-0.476,-0.951,2.718,2.65,2.174,2.446,3.193,-0.476,-0.951,2.718,2.65,2.174,2.446,3.193,-0.476,270,510
"2019-04-15 12:28:00.0",784179,3420,116.7,20.29,20.33,0.347,0.347,2.859,12.0437,39.82,39.88,12.33,-0.951,3.261,3.125,2.582,2.922,3.601,-0.408,-0.951,3.193,3.125,2.582,2.922,3.601,-0.408,-0.951,3.193,3.058,2.582,2.854,3.533,-0.408,-0.951,3.125,3.058,2.514,2.854,3.533,-0.408,270,510
"2019-04-15 12:28:20.0",784180,3420,116.8,20.35,20.39,0.348,0.348,2.85,12.0437,39.82,39.88,12.3,-0.951,3.397,3.329,2.786,3.125,3.805,-0.408,-0.951,3.397,3.329,2.786,3.125,3.805,-0.408,-0.951,3.397,3.329,2.786,3.125,3.737,-0.408,-0.951,3.397,3.329,2.718,3.058,3.737,-0.408,270,510
"2019-04-15 12:28:40.0",784181,3420,116.9,20.41,20.46,0.349,0.349,2.842,12.0437,39.82,39.88,12.3,-0.951,3.533,3.465,2.922,3.261,3.941,-0.408,-0.951,3.533,3.465,2.854,3.193,3.941,-0.408,-0.951,3.533,3.397,2.854,3.193,3.873,-0.408,-0.951,3.533,3.397,2.854,3.193,3.873,-0.408,270,510
"2019-04-15 12:29:00.0",784182,3420,116.9,20.48,20.52,0.35,0.35,2.834,12.055,39.82,39.91,12.3,-0.951,4.145,4.009,3.397,3.805,4.484,-0.34,-0.951,4.077,4.009,3.397,3.737,4.416,-0.34,-0.951,4.077,4.009,3.329,3.737,4.416,-0.34,-0.951,4.009,3.941,3.329,3.669,4.349,-0.34,271,509
"2019-04-15 12:29:20.0",784183,3420,117,20.54,20.58,0.351,0.352,2.826,12.055,39.82,39.89,12.3,-0.951,3.873,3.805,3.193,3.601,4.281,-0.34,-0.951,3.805,3.669,3.126,3.465,4.213,-0.34,-0.951,3.737,3.669,3.058,3.397,4.145,-0.34,-0.951,3.669,3.601,2.99,3.329,4.077,-0.34,271,509
"2019-04-15 12:29:40.0",784184,3420,117,20.6,20.64,0.352,0.353,2.818,12.055,39.82,39.88,12.28,-0.951,3.533,3.465,2.922,3.261,4.077,-0.408,-0.951,3.465,3.397,2.854,3.193,4.009,-0.408,-0.951,3.465,3.397,2.854,3.193,4.009,-0.34,-0.951,3.397,3.329,2.854,3.126,3.941,-0.408,271,509
"2019-04-15 12:30:00.0",784185,3420,117.1,20.66,20.71,0.353,0.354,2.81,12.0606,39.82,39.88,12.28,-0.951,3.601,3.533,2.99,3.329,4.145,-0.34,-0.951,3.533,3.465,2.922,3.261,4.145,-0.34,-0.951,3.533,3.465,2.922,3.261,4.077,-0.34,-0.951,3.465,3.397,2.854,3.193,4.077,-0.34,271,509
"2019-04-15 12:30:20.0",784186,3420,117.1,20.73,20.77,0.354,0.355,2.802,12.055,39.82,39.88,12.28,-0.951,3.601,3.533,2.99,3.329,4.213,-0.34,-0.951,3.533,3.533,2.922,3.329,4.213,-0.34,-0.951,3.533,3.465,2.922,3.261,4.145,-0.34,-0.951,3.465,3.397,2.922,3.261,4.145,-0.34,271,509
"2019-04-15 12:30:40.0",784187,3430,117.2,20.79,20.83,0.355,0.356,2.794,12.0439,39.82,39.88,12.26,-0.951,3.805,3.805,3.261,3.601,4.552,-0.272,-0.951,3.873,3.873,3.329,3.669,4.552,-0.272,-0.951,3.873,3.873,3.261,3.669,4.552,-0.272,-0.951,3.941,3.873,3.329,3.669,4.552,-0.272,272,508
"2019-04-15 12:31:00.0",784188,3430,117.2,20.85,20.89,0.356,0.357,2.786,12.0439,39.82,39.88,12.26,-0.951,4.145,4.213,3.601,4.009,4.892,-0.204,-0.951,4.145,4.145,3.533,3.941,4.892,-0.204,-0.951,4.077,4.145,3.533,3.941,4.824,-0.204,-0.951,4.077,4.077,3.533,3.873,4.824,-0.204,272,508
"2019-04-15 12:31:20.0",784189,3430,117.3,20.91,20.96,0.357,0.358,2.778,12.0439,39.82,39.88,12.26,-0.951,4.349,4.417,3.805,4.213,5.232,-0.136,-0.951,4.281,4.349,3.737,4.145,5.096,-0.136,-0.951,4.213,4.281,3.669,4.077,5.028,-0.136,-0.951,4.145,4.213,3.601,4.077,5.028,-0.136,272,508
"2019-04-15 12:31:40.0",784190,3430,117.4,20.98,21.02,0.358,0.359,2.771,12.0439,39.82,39.88,12.23,-0.951,4.756,4.824,4.213,4.688,5.64,-0.068,-0.951,4.824,4.96,4.281,4.756,5.708,-0.068,-0.951,4.892,4.96,4.281,4.824,5.708,-0.068,-0.951,4.892,4.96,4.281,4.824,5.708,-0.068,272,508
"2019-04-15 12:32:00.0",784191,3430,117.4,21.04,21.08,0.359,0.36,2.763,12.0384,39.82,39.88,12.23,-0.951,5.232,5.436,4.688,5.232,6.251,0,-0.951,5.164,5.3,4.62,5.096,6.115,0,-0.951,5.028,5.232,4.552,5.028,6.047,0,-0.951,5.028,5.164,4.484,4.96,5.979,0,272,508
"2019-04-15 12:32:20.0",784192,3430,117.5,21.1,21.14,0.36,0.361,2.755,12.044,39.82,39.89,12.23,-0.951,4.688,4.892,4.281,4.756,5.911,0,-0.951,4.62,4.824,4.213,4.688,5.843,0,-0.951,4.62,4.756,4.145,4.62,5.775,0,-0.951,4.552,4.756,4.145,4.62,5.708,0,272,508
"2019-04-15 12:32:40.0",784193,3430,117.5,21.16,21.21,0.361,0.362,2.747,12.0552,39.82,39.88,12.23,-0.951,4.96,5.164,4.552,5.028,6.183,0,-0.951,4.96,5.232,4.552,5.096,6.183,0.068,-0.951,4.96,5.232,4.552,5.096,6.183,0.068,-0.951,4.96,5.164,4.552,5.096,6.183,0.068,273,507
"2019-04-15 12:33:00.0",784194,3430,117.6,21.23,21.27,0.362,0.363,2.74,12.0496,39.82,39.89,12.21,-0.951,5.64,5.911,5.164,5.775,6.863,0.136,-0.951,5.64,5.911,5.164,5.775,6.863,0.136,-0.951,5.572,5.843,5.164,5.708,6.795,0.136,-0.951,5.572,5.843,5.096,5.708,6.795,0.136,273,507
"2019-04-15 12:33:20.0",784195,3430,117.6,21.29,21.33,0.363,0.364,2.732,12.0552,39.82,39.88,12.21,-0.951,5.708,5.979,5.232,5.843,6.931,0.136,-0.951,5.572,5.843,5.164,5.708,6.795,0.136,-0.951,5.572,5.843,5.096,5.708,6.795,0.136,-0.951,5.572,5.775,5.096,5.64,6.727,0.136,273,507
"2019-04-15 12:33:40.0",784196,3430,117.7,21.35,21.39,0.364,0.365,2.725,12.0496,39.82,39.89,12.21,-0.951,5.843,6.115,5.368,5.979,7.066,0.204,-0.951,5.843,6.115,5.3,5.911,6.999,0.204,-0.951,5.843,6.047,5.3,5.911,6.931,0.204,-0.951,5.843,6.047,5.3,5.843,6.931,0.204,273,507
"2019-04-15 12:34:00.0",784197,3430,117.8,21.41,21.46,0.365,0.366,2.717,12.0552,39.82,39.87,12.21,-0.951,5.843,6.115,5.3,5.911,6.999,0.136,-0.951,5.708,5.843,5.164,5.708,6.727,0.136,-0.951,5.64,5.776,5.096,5.64,6.659,0.136,-0.951,5.572,5.708,5.028,5.572,6.591,0.136,273,507
"2019-04-15 12:34:20.0",784198,3440,117.8,21.48,21.52,0.366,0.367,2.71,12.0441,39.82,39.87,12.21,-0.951,5.436,5.64,4.892,5.436,6.523,0.068,-0.951,5.368,5.504,4.824,5.3,6.319,0.068,-0.951,5.3,5.436,4.756,5.3,6.319,0,-0.951,5.3,5.436,4.688,5.232,6.251,0,274,506
"2019-04-15 12:34:40.0",784199,3440,117.9,21.54,21.58,0.367,0.368,2.703,12.0552,39.82,39.87,12.19,-0.951,5.232,5.368,4.62,5.164,6.183,0,-0.951,5.096,5.232,4.485,5.028,5.979,-0.068,-0.951,5.028,5.164,4.485,4.96,5.911,0,-0.951,5.028,5.096,4.417,4.892,5.911,-0.068,274,506
"2019-04-15 12:35:00.0",784200,3440,117.9,21.6,21.64,0.368,0.369,2.695,12.0441,39.82,39.87,12.19,-0.951,5.436,5.504,4.756,5.3,6.183,0,-0.951,5.504,5.504,4.756,5.3,6.251,0,-0.951,5.504,5.572,4.756,5.3,6.183,0,-0.951,5.504,5.572,4.756,5.3,6.183,0,274,506
"2019-04-15 12:35:20.0",784201,3440,118,21.66,21.7,0.369,0.37,2.688,12.0385,39.82,39.87,12.19,-0.951,5.708,5.708,4.96,5.504,6.319,0,-0.951,5.572,5.572,4.756,5.3,6.115,0,-0.951,5.504,5.504,4.688,5.232,6.115,0,-0.951,5.368,5.368,4.62,5.164,5.979,0,274,506
"2019-04-15 12:35:40.0",784202,3440,118,21.73,21.77,0.37,0.371,2.681,12.0441,39.82,39.87,12.16,-0.951,5.028,5.028,4.349,4.824,5.708,-0.068,-0.951,4.96,4.96,4.213,4.688,5.64,-0.068,-0.951,4.892,4.892,4.213,4.688,5.572,-0.136,-0.951,4.892,4.824,4.145,4.62,5.504,-0.136,274,506
"2019-04-15 12:36:00.0",784203,3440,118.1,21.79,21.83,0.371,0.372,2.674,12.0497,39.82,39.87,12.16,-0.951,5.232,5.232,4.485,4.96,5.843,-0.068,-0.951,5.232,5.232,4.485,4.96,5.776,-0.136,-0.951,5.232,5.232,4.485,4.96,5.776,-0.068,-0.951,5.3,5.232,4.485,4.96,5.776,-0.068,275,505
"2019-04-15 12:36:20.0",784204,3450,118.2,21.85,21.89,0.372,0.373,2.667,12.0497,39.82,39.87,12.16,-0.951,5.776,5.776,4.892,5.436,6.251,-0.068,-0.951,5.708,5.64,4.824,5.368,6.115,-0.068,-0.951,5.572,5.572,4.756,5.3,6.047,0,-0.951,5.572,5.504,4.688,5.232,5.979,-0.068,275,505
"2019-04-15 12:36:40.0",784205,3440,118.2,21.91,21.95,0.373,0.374,2.66,12.0497,39.82,39.87,12.16,-0.951,5.096,5.096,4.349,4.824,5.64,-0.136,-0.951,4.892,4.892,4.145,4.62,5.436,-0.136,-0.951,4.824,4.756,4.077,4.485,5.368,-0.136,-0.951,4.688,4.688,4.009,4.417,5.232,-0.136,275,505
"2019-04-15 12:37:00.0",784206,3440,118.3,21.97,22.01,0.374,0.375,2.653,12.0497,39.82,39.87,12.14,-0.951,4.417,4.349,3.737,4.145,5.028,-0.204,-0.951,4.349,4.281,3.669,4.009,4.892,-0.204,-0.951,4.349,4.213,3.601,4.009,4.892,-0.204,-0.951,4.213,4.213,3.601,3.941,4.892,-0.204,275,505
"2019-04-15 12:37:20.0",784207,3440,118.3,22.04,22.08,0.375,0.376,2.646,12.0553,39.82,39.87,12.14,-0.951,4.552,4.485,3.805,4.213,5.096,-0.204,-0.951,4.485,4.417,3.737,4.145,5.028,-0.204,-0.951,4.485,4.417,3.737,4.145,5.028,-0.204,-0.951,4.485,4.417,3.737,4.145,5.028,-0.204,275,505
"2019-04-15 12:37:40.0",784208,3440,118.4,22.1,22.14,0.376,0.377,2.639,12.0497,39.82,39.87,12.14,-0.951,4.892,4.824,4.077,4.485,5.3,-0.136,-0.951,4.824,4.756,4.009,4.417,5.232,-0.136,-0.951,4.824,4.688,3.941,4.417,5.232,-0.136,-0.951,4.756,4.62,3.941,4.349,5.164,-0.136,275,505
"2019-04-15 12:38:00.0",784209,3460,118.5,22.16,22.2,0.377,0.378,2.632,12.0442,39.82,39.87,12.12,-0.951,4.824,4.688,4.009,4.417,5.232,-0.136,-0.951,4.688,4.552,3.873,4.281,5.096,-0.204,-0.951,4.62,4.485,3.805,4.213,5.028,-0.204,-0.951,4.552,4.417,3.737,4.145,4.96,-0.204,276,504
"2019-04-15 12:38:20.0",784210,3460,118.5,22.22,22.26,0.378,0.379,2.625,12.0442,39.82,39.87,12.12,-0.951,4.485,4.349,3.669,4.077,4.892,-0.204,-0.951,4.349,4.213,3.533,3.941,4.756,-0.204,-0.951,4.349,4.145,3.533,3.941,4.756,-0.272,-0.951,4.281,4.145,3.465,3.873,4.688,-0.272,276,504
"2019-04-15 12:38:40.0",784211,3460,118.6,22.28,22.32,0.379,0.38,2.618,12.0386,39.82,39.87,12.12,-0.951,4.62,4.417,3.737,4.145,4.892,-0.204,-0.951,4.485,4.417,3.669,4.077,4.892,-0.204,-0.951,4.485,4.349,3.669,4.077,4.824,-0.204,-0.951,4.485,4.349,3.669,4.009,4.824,-0.204,276,504
"2019-04-15 12:39:00.0",784212,3460,118.6,22.35,22.39,0.38,0.381,2.611,12.0386,39.82,39.87,12.12,-0.951,4.824,4.688,3.873,4.349,5.096,-0.204,-0.951,4.756,4.553,3.873,4.281,4.96,-0.136,-0.951,4.756,4.553,3.805,4.213,4.96,-0.136,-0.951,4.62,4.485,3.805,4.213,4.892,-0.204,276,504
"2019-04-15 12:39:20.0",784213,3460,118.7,22.41,22.45,0.381,0.382,2.605,12.0498,39.82,39.87,12.12,-0.951,4.824,4.688,3.941,4.349,5.096,-0.136,-0.951,4.756,4.553,3.873,4.281,4.96,-0.204,-0.951,4.688,4.553,3.805,4.213,4.96,-0.136,-0.951,4.688,4.485,3.737,4.145,4.892,-0.204,276,504
"2019-04-15 12:39:40.0",784214,3460,118.7,22.47,22.51,0.382,0.383,2.598,12.0553,39.82,39.87,12.09,-0.951,4.756,4.553,3.805,4.213,4.96,-0.136,-0.951,4.62,4.485,3.737,4.077,4.824,-0.204,-0.951,4.553,4.417,3.669,4.077,4.824,-0.204,-0.951,4.485,4.349,3.669,4.009,4.756,-0.204,277,503
"2019-04-15 12:40:00.0",784215,3460,118.8,22.53,22.57,0.383,0.384,2.591,12.0609,39.82,39.87,12.09,-0.951,4.553,4.349,3.669,4.009,4.756,-0.204,-0.951,4.485,4.281,3.601,3.941,4.688,-0.204,-0.951,4.417,4.213,3.533,3.941,4.62,-0.204,-0.951,4.417,4.213,3.533,3.873,4.62,-0.204,277,503
"2019-04-15 12:40:20.0",784216,3460,118.9,22.59,22.63,0.384,0.385,2.585,12.0553,39.82,39.89,12.09,-0.951,4.62,4.417,3.669,4.077,4.824,-0.204,-0.951,4.485,4.349,3.601,4.009,4.688,-0.204,-0.951,4.485,4.281,3.601,3.941,4.688,-0.204,-0.951,4.485,4.213,3.533,3.941,4.62,-0.204,277,503
"2019-04-15 12:40:40.0",784217,3460,118.9,22.66,22.69,0.385,0.386,2.578,12.0498,39.83,39.87,12.09,-0.951,4.485,4.281,3.601,3.941,4.688,-0.204,-0.951,4.417,4.145,3.465,3.873,4.62,-0.204,-0.951,4.349,4.145,3.465,3.805,4.485,-0.272,-0.951,4.281,4.077,3.397,3.737,4.485,-0.272,277,503
"2019-04-15 12:41:00.0",784218,3460,119,22.72,22.76,0.386,0.387,2.572,12.0498,39.83,39.87,12.07,-0.951,4.145,3.941,3.262,3.601,4.417,-0.272,-0.951,4.009,3.873,3.194,3.533,4.281,-0.204,-0.951,4.009,3.805,3.126,3.465,4.213,-0.272,-0.951,3.941,3.737,3.126,3.465,4.213,-0.272,277,503
"2019-04-15 12:41:20.0",784219,3460,119,22.78,22.82,0.387,0.388,2.565,12.0498,39.83,39.87,12.07,-0.951,3.873,3.669,3.058,3.329,4.145,-0.272,-0.951,3.805,3.533,2.99,3.262,4.077,-0.34,-0.951,3.737,3.533,2.922,3.262,4.009,-0.272,-0.951,3.737,3.533,2.922,3.262,4.009,-0.272,277,503
"2019-04-15 12:41:40.0",784220,3470,119.1,22.84,22.88,0.388,0.389,2.559,12.0442,39.83,39.87,12.07,-0.951,3.873,3.669,3.058,3.329,4.145,-0.272,-0.951,3.737,3.533,2.922,3.262,4.009,-0.272,-0.951,3.737,3.533,2.922,3.194,3.941,-0.34,-0.951,3.669,3.465,2.854,3.194,3.941,-0.34,278,502
"2019-04-15 12:42:00.0",784221,3470,119.2,22.9,22.94,0.389,0.39,2.552,12.0442,39.83,39.87,12.07,-0.951,3.737,3.533,2.854,3.194,4.009,-0.272,-0.951,3.669,3.397,2.786,3.126,3.873,-0.34,-0.951,3.601,3.397,2.786,3.058,3.805,-0.34,-0.951,3.601,3.329,2.786,3.058,3.805,-0.272,278,502
"2019-04-15 12:42:20.0",784222,3470,119.2,22.96,23,0.39,0.391,2.546,12.0442,39.83,39.89,12.05,-0.951,3.805,3.601,2.922,3.262,4.009,-0.272,-0.951,3.737,3.533,2.922,3.194,3.941,-0.272,-0.951,3.737,3.465,2.854,3.194,3.941,-0.272,-0.951,3.669,3.465,2.854,3.126,3.941,-0.272,278,502
"2019-04-15 12:42:40.0",784223,3470,119.3,23.03,23.06,0.391,0.392,2.54,12.0442,39.83,39.87,12.05,-0.951,3.941,3.669,3.058,3.329,4.145,-0.272,-0.951,3.805,3.601,2.99,3.262,4.009,-0.272,-0.951,3.873,3.533,2.922,3.262,4.009,-0.272,-0.951,3.737,3.533,2.922,3.194,3.941,-0.272,278,502
"2019-04-15 12:43:00.0",784224,3470,119.3,23.09,23.12,0.392,0.393,2.533,12.0442,39.83,39.87,12.05,-0.951,3.873,3.601,2.922,3.262,4.077,-0.204,-0.951,3.737,3.465,2.854,3.194,4.009,-0.272,-0.951,3.737,3.465,2.854,3.126,3.941,-0.272,-0.951,3.669,3.397,2.854,3.126,3.941,-0.272,278,502
"2019-04-15 12:43:20.0",784225,3480,119.4,23.15,23.19,0.393,0.394,2.527,12.0554,39.83,39.87,12.05,-0.951,3.737,3.533,2.922,3.194,4.009,-0.204,-0.951,3.737,3.465,2.854,3.126,3.941,-0.204,-0.951,3.669,3.465,2.854,3.126,3.941,-0.204,-0.951,3.669,3.397,2.786,3.058,3.941,-0.272,279,501
"2019-04-15 12:43:40.0",784226,3480,119.5,23.21,23.25,0.394,0.395,2.521,12.0554,39.83,39.87,12.05,-0.951,3.805,3.533,2.922,3.194,4.077,-0.204,-0.951,3.669,3.465,2.854,3.126,4.009,-0.204,-0.951,3.669,3.465,2.854,3.126,4.009,-0.204,-0.951,3.669,3.397,2.854,3.126,3.941,-0.204,279,501
"2019-04-15 12:44:00.0",784227,3480,119.5,23.27,23.31,0.395,0.396,2.515,12.0498,39.83,39.87,12.02,-0.951,4.145,3.873,3.194,3.533,4.417,-0.136,-0.951,4.213,3.941,3.262,3.533,4.417,-0.068,-0.951,4.145,3.873,3.262,3.533,4.417,-0.068,-0.951,4.145,3.873,3.262,3.533,4.417,-0.068,279,501
"2019-04-15 12:44:20.0",784228,3480,119.6,23.33,23.37,0.396,0.397,2.508,12.0554,39.83,39.87,12.02,-0.951,4.892,4.553,3.805,4.145,5.028,0.068,-0.951,4.892,4.553,3.805,4.145,5.028,0.068,-0.951,4.892,4.553,3.805,4.145,5.028,0.068,-0.951,4.824,4.553,3.805,4.145,5.028,0.068,279,501
"2019-04-15 12:44:40.0",784229,3480,119.6,23.39,23.43,0.397,0.398,2.502,12.0498,39.83,39.87,12.02,-0.951,5.368,4.96,4.145,4.553,5.436,0.204,-0.951,5.232,4.96,4.145,4.485,5.368,0.204,-0.951,5.232,4.892,4.077,4.485,5.368,0.204,-0.951,5.164,4.892,4.077,4.417,5.3,0.136,279,501
"2019-04-15 12:45:00.0",784230,3480,119.7,23.46,23.49,0.398,0.399,2.496,12.0442,39.83,39.87,12.02,-0.951,5.436,5.096,4.281,4.688,5.572,0.272,-0.951,5.3,5.028,4.145,4.553,5.504,0.272,-0.951,5.3,4.96,4.145,4.553,5.504,0.272,-0.951,5.232,4.96,4.077,4.485,5.436,0.272,280,500
"2019-04-15 12:45:20.0",784231,3480,119.7,23.52,23.55,0.399,0.4,2.49,12.0442,39.83,39.87,12.02,-0.951,5.436,5.164,4.281,4.688,5.708,0.34,-0.951,5.368,5.096,4.213,4.62,5.64,0.408,-0.951,5.3,5.028,4.213,4.553,5.572,0.34,-0.883,5.3,4.96,4.145,4.553,5.572,0.34,280,500
"2019-04-15 12:45:40.0",784232,3480,119.8,23.58,23.61,0.4,0.401,2.484,12.0387,39.83,39.87,12.02,-0.951,5.504,5.232,4.349,4.756,5.844,0.476,-0.951,5.436,5.164,4.281,4.688,5.776,0.476,-0.951,5.368,5.096,4.281,4.688,5.776,0.476,-0.951,5.3,5.028,4.213,4.62,5.708,0.408,280,500
"2019-04-15 12:46:00.0",784233,3480,119.9,23.64,23.68,0.401,0.402,2.478,12.0442,39.83,39.87,12.02,-0.883,5.776,5.504,4.62,5.028,6.183,0.544,-0.883,5.708,5.436,4.553,4.96,6.115,0.612,-0.883,5.708,5.436,4.553,4.96,6.115,0.544,-0.883,5.708,5.368,4.485,4.96,6.115,0.612,280,500
"2019-04-15 12:46:20.0",784234,3480,119.9,23.7,23.74,0.402,0.403,2.472,12.0442,39.83,39.87,12.02,-0.883,6.251,5.979,5.028,5.436,6.727,0.747,-0.883,6.183,5.979,4.96,5.436,6.659,0.747,-0.883,6.183,5.911,4.96,5.436,6.591,0.747,-0.883,6.183,5.844,4.96,5.436,6.591,0.747,280,500
"2019-04-15 12:46:40.0",784235,3480,120,23.76,23.8,0.403,0.404,2.466,12.0442,39.83,39.88,12,-0.883,6.795,6.455,5.504,5.979,7.27,0.883,-0.883,6.727,6.455,5.436,5.911,7.203,0.951,-0.883,6.659,6.455,5.436,5.911,7.135,0.883,-0.883,6.659,6.387,5.368,5.911,7.135,0.883,280,500
"2019-04-15 12:47:00.0",784236,3490,120,23.82,23.86,0.404,0.404,2.461,12.0554,39.83,39.87,12,-0.883,7.338,7.067,5.911,6.455,7.814,1.087,-0.883,7.27,6.999,5.911,6.455,7.746,1.087,-0.883,7.203,6.931,5.911,6.455,7.746,1.087,-0.883,7.27,6.931,5.844,6.387,7.746,1.155,281,499
"2019-04-15 12:47:20.0",784237,3490,120.1,23.88,23.92,0.405,0.405,2.455,12.0498,39.83,39.87,12,-0.883,8.02,7.746,6.591,7.135,8.56,1.359,-0.883,8.02,7.746,6.523,7.135,8.49,1.359,-0.883,7.95,7.678,6.523,7.135,8.49,1.359,-0.883,7.95,7.678,6.523,7.067,8.43,1.359,281,499
"2019-04-15 12:47:40.0",784238,3490,120.2,23.94,23.98,0.406,0.406,2.449,12.0498,39.83,39.87,12,-0.815,8.63,8.43,7.135,7.814,9.17,1.631,-0.883,8.56,8.36,7.135,7.746,9.17,1.631,-0.815,8.56,8.36,7.067,7.746,9.11,1.631,-0.815,8.49,8.29,7.067,7.678,9.11,1.563,281,499
"2019-04-15 12:48:00.0",784239,3490,120.2,24.01,24.04,0.407,0.407,2.443,12.0498,39.83,39.87,12,-0.815,9.24,9.04,7.746,8.43,9.92,1.835,-0.815,9.24,8.97,7.678,8.36,9.85,1.835,-0.815,9.17,8.97,7.678,8.36,9.78,1.835,-0.815,9.17,8.97,7.678,8.29,9.78,1.835,281,499
"2019-04-15 12:48:20.0",784240,3490,120.3,24.07,24.1,0.408,0.408,2.437,12.0554,39.83,39.88,12,-0.815,9.85,9.65,8.22,8.97,10.53,2.106,-0.815,9.78,9.58,8.22,8.9,10.4,2.106,-0.815,9.72,9.51,8.15,8.9,10.4,2.106,-0.815,9.65,9.44,8.09,8.83,10.33,2.038,281,499
"2019-04-15 12:48:40.0",784241,3500,120.4,24.13,24.16,0.409,0.409,2.432,12.0443,39.83,39.87,12,-0.747,10.33,10.19,8.77,9.51,11.14,2.378,-0.815,10.26,10.12,8.7,9.44,11.01,2.31,-0.747,10.19,10.06,8.63,9.38,10.94,2.378,-0.747,10.12,9.99,8.56,9.31,10.87,2.31,282,498
"2019-04-15 12:49:00.0",784242,3500,120.4,24.19,24.22,0.41,0.41,2.426,12.0387,39.82,39.87,12,-0.747,10.6,10.46,8.97,9.78,11.42,2.514,-0.747,10.4,10.33,8.9,9.65,11.28,2.514,-0.747,10.33,10.26,8.83,9.65,11.21,2.514,-0.747,10.33,10.19,8.77,9.58,11.14,2.446,282,498
"2019-04-15 12:49:20.0",784243,3500,120.5,24.25,24.28,0.411,0.411,2.42,12.0443,39.82,39.87,11.98,-0.747,10.87,10.74,9.24,10.06,11.76,2.65,-0.747,10.74,10.67,9.17,9.99,11.62,2.65,-0.747,10.67,10.6,9.11,9.92,11.62,2.582,-0.747,10.6,10.53,9.11,9.92,11.55,2.65,282,498
"2019-04-15 12:49:40.0",784244,3500,120.5,24.31,24.34,0.412,0.412,2.415,12.0387,39.82,39.87,11.98,-0.747,11.35,11.28,9.72,10.6,12.3,2.854,-0.747,11.21,11.14,9.65,10.46,12.16,2.854,-0.747,11.14,11.08,9.58,10.46,12.09,2.786,-0.747,11.08,11.01,9.51,10.4,12.03,2.854,282,498
"2019-04-15 12:50:00.0",784245,3500,120.6,24.37,24.41,0.413,0.413,2.409,12.0443,39.82,39.87,11.98,-0.679,11.62,11.62,9.99,10.94,12.64,2.99,-0.679,11.55,11.48,9.92,10.8,12.5,2.99,-0.747,11.42,11.35,9.85,10.74,12.43,2.922,-0.747,11.42,11.35,9.78,10.67,12.37,2.854,282,498
"2019-04-15 12:50:20.0",784246,3500,120.7,24.43,24.47,0.414,0.414,2.404,12.0443,39.82,39.87,11.98,-0.679,11.96,11.96,10.33,11.28,13.05,3.058,-0.679,11.76,11.82,10.19,11.14,12.84,3.058,-0.747,11.69,11.69,10.12,11.08,12.77,2.99,-0.747,11.62,11.62,10.06,11.01,12.71,2.99,282,498
"2019-04-15 12:50:40.0",784247,3500,120.7,24.49,24.53,0.415,0.415,2.398,12.0498,39.83,39.87,11.98,-0.679,12.09,12.09,10.53,11.48,13.25,3.126,-0.747,11.82,11.89,10.33,11.28,13.05,3.058,-0.747,11.76,11.82,10.26,11.14,12.98,2.99,-0.747,11.62,11.69,10.12,11.08,12.84,2.922,283,497
"2019-04-15 12:51:00.0",784248,3500,120.8,24.55,24.59,0.416,0.416,2.393,12.0554,39.83,39.87,11.98,-0.747,11.62,11.76,10.26,11.14,13.11,2.922,-0.747,11.35,11.55,10.06,10.94,12.84,2.854,-0.747,11.28,11.42,9.92,10.87,12.71,2.854,-0.747,11.14,11.28,9.85,10.74,12.64,2.786,283,497
"2019-04-15 12:51:20.0",784249,3500,120.8,24.61,24.65,0.416,0.417,2.387,12.0554,39.83,39.87,11.98,-0.747,11.28,11.48,10.06,10.94,12.91,2.786,-0.747,11.08,11.28,9.85,10.74,12.71,2.786,-0.747,11.01,11.21,9.78,10.67,12.64,2.718,-0.747,10.94,11.14,9.72,10.6,12.5,2.65,283,497
"2019-04-15 12:51:40.0",784250,3500,120.9,24.67,24.71,0.417,0.418,2.382,12.061,39.83,39.87,11.98,-0.747,11.28,11.55,10.12,11.01,12.98,2.786,-0.747,11.14,11.35,9.99,10.87,12.84,2.718,-0.747,11.08,11.35,9.92,10.8,12.77,2.65,-0.747,11.01,11.28,9.85,10.74,12.64,2.65,283,497
"2019-04-15 12:52:00.0",784251,3500,121,24.73,24.77,0.418,0.419,2.376,12.0498,39.83,39.87,11.98,-0.747,11.55,11.82,10.4,11.35,13.32,2.718,-0.747,11.42,11.69,10.26,11.21,13.11,2.718,-0.747,11.42,11.62,10.19,11.14,13.05,2.65,-0.747,11.35,11.55,10.12,11.08,12.98,2.65,283,497
"2019-04-15 12:52:20.0",784252,3510,121,24.79,24.83,0.419,0.42,2.371,12.0443,39.83,39.87,11.98,-0.747,11.69,11.89,10.46,11.42,13.32,2.582,-0.747,11.42,11.62,10.19,11.14,13.05,2.582,-0.815,11.35,11.55,10.12,11.08,12.91,2.514,-0.815,11.28,11.48,10.06,11.01,12.84,2.446,284,496
"2019-04-15 12:52:40.0",784253,3510,121.1,24.86,24.89,0.42,0.421,2.366,12.0443,39.83,39.87,11.98,-0.815,11.35,11.55,10.12,11.01,12.84,2.378,-0.815,11.08,11.21,9.85,10.74,12.57,2.242,-0.815,10.94,11.14,9.72,10.6,12.43,2.242,-0.815,10.87,11.01,9.65,10.53,12.3,2.242,284,496
"2019-04-15 12:53:00.0",784254,3510,121.1,24.92,24.95,0.421,0.422,2.36,12.0443,39.83,39.87,11.98,-0.815,10.87,10.94,9.51,10.4,12.23,2.038,-0.815,10.53,10.67,9.31,10.12,11.96,1.971,-0.815,10.46,10.53,9.17,10.06,11.82,1.903,-0.815,10.4,10.46,9.11,9.99,11.76,1.903,284,496
"2019-04-15 12:53:20.0",784255,3510,121.2,24.98,25.01,0.422,0.423,2.355,12.0443,39.83,39.87,11.98,-0.815,10.33,10.4,8.97,9.85,11.69,1.767,-0.815,10.06,10.06,8.77,9.58,11.35,1.767,-0.815,9.92,9.99,8.7,9.51,11.21,1.699,-0.815,9.85,9.92,8.56,9.38,11.14,1.699,284,496
"2019-04-15 12:53:40.0",784256,3510,121.3,25.04,25.07,0.423,0.424,2.35,12.0443,39.83,39.88,11.98,-0.883,9.85,9.92,8.56,9.38,11.14,1.563,-0.883,9.65,9.65,8.36,9.11,10.8,1.563,-0.883,9.51,9.51,8.29,9.04,10.8,1.563,-0.883,9.44,9.44,8.22,8.97,10.67,1.563,284,496
"2019-04-15 12:54:00.0",784257,3520,121.3,25.1,25.13,0.424,0.425,2.345,12.0554,39.83,39.87,11.98,-0.883,9.51,9.51,8.22,8.97,10.74,1.495,-0.883,9.31,9.31,8.02,8.77,10.46,1.427,-0.883,9.24,9.24,7.95,8.7,10.4,1.427,-0.883,9.24,9.17,7.95,8.63,10.33,1.427,285,495
"2019-04-15 12:54:20.0",784258,3520,121.4,25.16,25.19,0.425,0.426,2.34,12.0554,39.83,39.87,11.98,-0.883,9.31,9.31,8.02,8.77,10.53,1.359,-0.883,9.17,9.11,7.882,8.56,10.33,1.359,-0.883,9.11,9.04,7.814,8.49,10.26,1.359,-0.883,9.04,8.97,7.746,8.43,10.12,1.291,285,495
"2019-04-15 12:54:40.0",784259,3520,121.4,25.22,25.25,0.426,0.427,2.334,12.0499,39.83,39.87,11.98,-0.883,9.11,9.11,7.882,8.56,10.33,1.359,-0.883,8.97,8.83,7.678,8.36,10.12,1.291,-0.883,8.9,8.77,7.61,8.29,10.06,1.291,-0.883,8.77,8.77,7.542,8.22,9.99,1.223,285,495
"2019-04-15 12:55:00.0",784260,3520,121.5,25.28,25.31,0.427,0.428,2.329,12.061,39.83,39.87,11.98,-0.883,8.9,8.83,7.678,8.36,10.19,1.291,-0.883,8.7,8.7,7.474,8.15,9.92,1.291,-0.883,8.63,8.56,7.406,8.09,9.92,1.223,-0.883,8.56,8.49,7.338,8.02,9.78,1.223,285,495
"2019-04-15 12:55:20.0",784261,3520,121.6,25.34,25.37,0.428,0.428,2.324,12.0499,39.83,39.87,11.98,-0.883,8.83,8.77,7.61,8.29,10.12,1.291,-0.883,8.7,8.63,7.474,8.15,9.99,1.291,-0.883,8.63,8.56,7.406,8.09,9.92,1.223,-0.883,8.56,8.49,7.406,8.02,9.85,1.223,285,495
"2019-04-15 12:55:40.0",784262,3520,121.6,25.4,25.43,0.429,0.429,2.319,12.0554,39.83,39.87,11.98,-0.883,9.04,9.04,7.814,8.49,10.33,1.359,-0.883,8.97,8.9,7.746,8.43,10.26,1.291,-0.883,8.97,8.9,7.678,8.36,10.19,1.291,-0.883,8.9,8.9,7.678,8.36,10.12,1.291,285,495
"2019-04-15 12:56:00.0",784263,3520,121.7,25.46,25.49,0.43,0.43,2.314,12.0387,39.83,39.87,11.98,-0.883,9.58,9.51,8.22,8.97,10.8,1.427,-0.883,9.51,9.38,8.15,8.9,10.74,1.495,-0.883,9.44,9.38,8.15,8.83,10.67,1.427,-0.883,9.44,9.38,8.09,8.83,10.6,1.427,286,494
"2019-04-15 12:56:20.0",784264,3520,121.8,25.52,25.55,0.431,0.431,2.309,12.0443,39.83,39.87,11.96,-0.815,10.06,10.06,8.7,9.51,11.35,1.563,-0.883,9.99,9.92,8.63,9.38,11.21,1.563,-0.883,9.92,9.85,8.56,9.38,11.14,1.563,-0.883,9.85,9.85,8.56,9.31,11.08,1.563,286,494
"2019-04-15 12:56:40.0",784265,3520,121.8,25.58,25.61,0.432,0.432,2.304,12.0443,39.83,39.87,11.98,-0.815,10.46,10.46,9.11,9.92,11.76,1.699,-0.815,10.4,10.33,8.97,9.78,11.55,1.699,-0.815,10.33,10.26,8.97,9.78,11.55,1.631,-0.815,10.26,10.26,8.9,9.72,11.48,1.631,286,494
"2019-04-15 12:57:00.0",784266,3520,121.9,25.64,25.67,0.433,0.433,2.299,12.0443,39.83,39.88,11.98,-0.815,10.74,10.74,9.38,10.19,12.09,1.767,-0.815,10.6,10.6,9.24,10.06,11.89,1.767,-0.815,10.53,10.53,9.17,9.99,11.82,1.767,-0.815,10.46,10.46,9.11,9.92,11.76,1.699,286,494
"2019-04-15 12:57:20.0",784267,3530,121.9,25.7,25.73,0.434,0.434,2.294,12.0387,39.83,39.87,11.98,-0.815,10.87,10.87,9.44,10.33,12.23,1.835,-0.815,10.67,10.67,9.31,10.19,12.03,1.835,-0.815,10.6,10.6,9.24,10.12,11.96,1.767,-0.815,10.53,10.6,9.17,10.06,11.89,1.767,286,494
"2019-04-15 12:57:40.0",784268,3530,122,25.76,25.79,0.435,0.435,2.289,12.0554,39.83,39.89,11.98,-0.815,10.74,10.8,9.44,10.33,12.23,1.903,-0.815,10.6,10.67,9.24,10.12,12.03,1.835,-0.815,10.53,10.53,9.24,10.06,11.96,1.767,-0.815,10.4,10.46,9.17,9.99,11.89,1.835,287,493
"2019-04-15 12:58:00.0",784269,3530,122.1,25.82,25.85,0.435,0.436,2.284,12.0554,39.83,39.87,11.98,-0.815,10.6,10.67,9.31,10.19,12.16,1.835,-0.815,10.4,10.46,9.17,9.99,11.96,1.835,-0.815,10.33,10.4,9.11,9.92,11.89,1.835,-0.815,10.19,10.33,8.97,9.85,11.76,1.835,287,493
"2019-04-15 12:58:20.0",784270,3530,122.1,25.88,25.91,0.436,0.437,2.28,12.0554,39.83,39.87,11.98,-0.815,10.33,10.4,9.11,9.99,11.96,1.835,-0.815,10.12,10.19,8.9,9.78,11.76,1.835,-0.815,9.99,10.12,8.83,9.65,11.69,1.767,-0.815,9.92,9.99,8.77,9.58,11.55,1.767,287,493
"2019-04-15 12:58:40.0",784271,3530,122.2,25.94,25.97,0.437,0.438,2.275,12.0499,39.83,39.87,11.98,-0.815,10.06,10.12,8.9,9.72,11.76,1.767,-0.815,9.78,9.92,8.7,9.51,11.48,1.699,-0.815,9.72,9.85,8.63,9.38,11.42,1.699,-0.815,9.65,9.72,8.56,9.31,11.35,1.699,287,493
"2019-04-15 12:59:00.0",784272,3530,122.3,26,26.03,0.438,0.439,2.27,12.0499,39.84,39.87,11.98,-0.815,9.78,9.85,8.63,9.44,11.55,1.699,-0.815,9.65,9.65,8.49,9.24,11.28,1.699,-0.815,9.58,9.58,8.36,9.17,11.14,1.631,-0.815,9.44,9.51,8.29,9.11,11.08,1.563,287,493
"2019-04-15 12:59:20.0",784273,3530,122.3,26.05,26.09,0.439,0.44,2.265,12.0554,39.84,39.87,11.98,-0.815,9.65,9.65,8.43,9.17,11.21,1.563,-0.815,9.38,9.44,8.22,9.04,11.01,1.563,-0.815,9.31,9.38,8.15,8.97,10.87,1.495,-0.815,9.24,9.31,8.15,8.83,10.8,1.495,287,493
"2019-04-15 12:59:40.0",784274,3540,122.4,26.11,26.15,0.44,0.441,2.26,12.0443,39.84,39.87,11.98,-0.815,9.44,9.44,8.22,8.97,10.94,1.495,-0.815,9.24,9.24,8.09,8.83,10.67,1.359,-0.815,9.24,9.17,8.02,8.77,10.6,1.427,-0.815,9.11,9.11,7.95,8.63,10.53,1.359,288,492
