"TOA5","","","1764","CR1000.Std.24","CPU:MFRSR_10012018V2.8.CR1","13574","TableHdr","PbCdlComm-1.6.0 (2016/01/26)"
"TIMESTAMP","RECORD","loggerID""headID""xpgmVerID""xlat""xlon""xSiteElev""xFULLREV""xCRXHSTEPS""xSCANseconds""xSCANnAvg""xSCANtrough""xHOMEoffset""xALLTIMEband"
"TS","RN","--""--""--""deg""deg""m""--""--""sec""--""--""--""--"
"","","Smp""Smp""Smp""Smp""Smp""Smp""Smp""Smp""Smp""Smp""Smp""Smp""Smp"
"2019-04-15 12:00:00.0",371,1764,180054423,2.8,-32.1259,-64.7287,1160,800,20,20,1,10,0,-1
"TOA5","","","1764","CR1000.Std.24","CPU:MFRSR_10012018V2.8.CR1","13574","Table155","PbCdlComm-1.6.0 (2016/01/26)"
"TIMESTAMP","RECORD","xoset""az""el""al""cosz""cosasz""pamass""vBat""Thead""THTC""Tlogger""Dnadir(1)""Dnadir(2)""Dnadir(3)""Dnadir(4)""Dnadir(5)""Dnadir(6)""Dnadir(7)""Deast(1)""Deast(2)""Deast(3)""Deast(4)""Deast(5)""Deast(6)""Deast(7)""Dsun(1)""Dsun(2)""Dsun(3)""Dsun(4)""Dsun(5)""Dsun(6)""Dsun(7)""Dwest(1)""Dwest(2)""Dwest(3)""Dwest(4)""Dwest(5)""Dwest(6)""Dwest(7)""kount""khome"
"TS","RN","sec""deg""deg""deg""--""--""--""Volt""degC""degC""degC""mV""mV""mV""mV""mV""mV""mV""mV""mV""mV""mV""mV""mV""mV""mV""mV""mV""mV""mV""mV""mV""mV""mV""mV""mV""mV""mV""mV""--""--"
"","","Smp""Smp""Smp""Smp""Smp""Smp""Smp""Smp""Smp""Smp""Smp""Smp""Smp""Smp""Smp""Smp""Smp""Smp""Smp""Smp""Smp""Smp""Smp""Smp""Smp""Smp""Smp""Smp""Smp""Smp""Smp""Smp""Smp""Smp""Smp""Smp""Smp""Smp""Smp""Smp""Smp"
"2019-04-15 20:00:00.0",785535,5210,-119.3,22.84,22.88,0.388,0.389,2.559,12.0517,40.01,39.91,19.36,10.32,27.56,26.75,22.68,24.58,26.14,13.17,9.98,26.82,26,22,23.9,25.39,12.76,10.12,27.09,26.27,22.2,24.1,25.59,12.9,10.12,27.16,26.34,22.27,24.24,25.73,12.97,521,259
"2019-04-15 20:00:20.0",785536,5210,-119.2,22.78,22.81,0.387,0.388,2.565,12.0517,40.01,39.91,19.34,10.05,27.16,26.27,22.2,24.1,25.73,12.83,9.71,26.34,25.46,21.52,23.35,24.92,12.49,9.78,26.48,25.66,21.66,23.56,25.12,12.56,9.84,26.68,25.8,21.79,23.69,25.26,12.63,521,259
"2019-04-15 20:00:40.0",785537,5210,-119.1,22.72,22.75,0.386,0.387,2.572,12.0463,40.01,39.91,19.34,9.78,26.61,25.73,21.73,23.56,25.26,12.49,9.44,25.73,24.85,20.98,22.74,24.37,12.08,9.5,25.93,25.05,21.18,22.95,24.58,12.22,9.57,26.14,25.19,21.32,23.15,24.71,12.29,521,259
"2019-04-15 20:01:00.0",785538,5220,-119.1,22.65,22.69,0.385,0.386,2.578,12.0407,40.01,39.91,19.34,9.5,26.07,25.26,21.32,23.15,24.85,12.29,9.23,25.26,24.44,20.64,22.4,24.1,11.88,9.3,25.46,24.64,20.77,22.54,24.3,12.02,9.37,25.66,24.78,20.98,22.68,24.44,12.08,522,258
"2019-04-15 20:01:20.0",785539,5220,-119,22.59,22.63,0.384,0.385,2.585,12.0407,40.01,39.91,19.31,9.37,25.73,24.92,21.05,22.88,24.64,12.15,9.1,24.92,24.1,20.37,22.06,23.9,11.75,9.23,25.19,24.3,20.57,22.34,24.1,11.88,9.23,25.32,24.51,20.71,22.47,24.24,11.95,522,258
"2019-04-15 20:01:40.0",785540,5220,-119,22.53,22.57,0.383,0.384,2.592,12.0407,40.01,39.91,19.31,9.3,25.46,24.64,20.77,22.61,24.44,12.02,9.03,24.64,23.83,20.1,21.86,23.69,11.61,9.1,24.78,23.97,20.3,22,23.83,11.68,9.17,24.98,24.17,20.44,22.2,24.03,11.75,522,258
"2019-04-15 20:02:00.0",785541,5220,-118.9,22.47,22.51,0.382,0.383,2.598,12.0463,40.01,39.91,19.31,9.17,25.05,24.3,20.5,22.27,24.17,11.75,8.89,24.3,23.49,19.82,21.52,23.42,11.34,9.1,24.58,23.83,20.1,21.79,23.69,11.54,9.17,24.78,23.97,20.23,21.93,23.83,11.68,522,258
"2019-04-15 20:02:20.0",785542,5220,-118.8,22.41,22.44,0.381,0.382,2.605,12.0409,40.01,39.91,19.31,9.3,25.05,24.24,20.5,22.27,24.17,11.81,9.03,24.3,23.56,19.89,21.59,23.42,11.41,9.1,24.51,23.69,20.03,21.73,23.63,11.54,9.17,24.71,23.9,20.23,21.93,23.83,11.61,522,258
"2019-04-15 20:02:40.0",785543,5230,-118.8,22.34,22.38,0.38,0.381,2.612,12.0521,40.01,39.91,19.31,9.37,25.05,24.24,20.5,22.27,24.24,11.81,9.17,24.51,23.63,19.96,21.73,23.63,11.47,9.23,24.58,23.83,20.1,21.86,23.76,11.54,9.23,24.78,23.97,20.23,22,23.97,11.68,523,257
"2019-04-15 20:03:00.0",785544,5230,-118.7,22.28,22.32,0.379,0.38,2.618,12.0521,40.01,39.91,19.28,9.5,25.26,24.44,20.71,22.47,24.44,11.95,9.37,24.78,23.97,20.23,22,23.9,11.68,9.44,24.92,24.17,20.44,22.2,24.03,11.75,9.5,25.12,24.3,20.5,22.34,24.17,11.88,523,257
"2019-04-15 20:03:20.0",785545,5230,-118.7,22.22,22.26,0.378,0.379,2.625,12.0465,40.01,39.91,19.28,9.84,25.73,24.98,21.11,22.95,24.85,12.22,9.71,25.32,24.51,20.77,22.54,24.37,12.02,9.78,25.46,24.71,20.91,22.74,24.51,12.08,9.84,25.66,24.85,21.05,22.81,24.64,12.22,523,257
"2019-04-15 20:03:40.0",785546,5220,-118.6,22.16,22.2,0.377,0.378,2.632,12.0521,40.01,39.91,19.28,10.18,26.41,25.59,21.66,23.56,25.32,12.56,10.05,25.93,25.12,21.25,23.08,24.78,12.36,10.12,26.14,25.32,21.45,23.35,25.05,12.49,10.18,26.27,25.46,21.59,23.42,25.19,12.56,523,257
"2019-04-15 20:04:00.0",785547,5220,-118.6,22.1,22.13,0.376,0.377,2.639,12.0522,40.01,39.9,19.28,10.52,27.02,26.21,22.2,24.1,25.8,12.9,10.39,26.48,25.66,21.73,23.63,25.26,12.7,10.46,26.75,25.93,21.93,23.9,25.53,12.83,10.59,26.95,26.14,22.13,24.03,25.66,12.9,523,257
"2019-04-15 20:04:20.0",785548,5230,-118.5,22.03,22.07,0.375,0.376,2.646,12.0466,40.01,39.9,19.26,10.86,27.56,26.75,22.61,24.58,26.21,13.24,10.66,27.02,26.21,22.13,24.1,25.66,12.97,10.79,27.29,26.48,22.34,24.37,25.87,13.1,10.86,27.5,26.68,22.54,24.58,26.07,13.24,524,256
"2019-04-15 20:04:40.0",785549,5230,-118.4,21.97,22.01,0.374,0.375,2.653,12.0355,40.01,39.9,19.26,11.2,28.17,27.29,23.08,25.12,26.68,13.58,11,27.56,26.68,22.54,24.58,26,13.31,11.13,27.84,26.95,22.81,24.85,26.27,13.44,11.2,28.04,27.16,22.95,25.05,26.48,13.51,524,256
"2019-04-15 20:05:00.0",785550,5230,-118.4,21.91,21.95,0.373,0.374,2.66,12.0522,40.01,39.9,19.26,11.47,28.58,27.63,23.35,25.39,26.88,13.78,11.13,27.77,26.82,22.61,24.64,26,13.31,11.27,28.17,27.22,22.95,24.98,26.34,13.51,11.34,28.38,27.36,23.08,25.12,26.55,13.58,524,256
"2019-04-15 20:05:20.0",785551,5230,-118.3,21.85,21.89,0.372,0.373,2.667,12.0466,40.01,39.9,19.26,11.47,28.58,27.56,23.22,25.26,26.68,13.65,11.07,27.77,26.68,22.4,24.44,25.73,13.17,11.27,28.11,27.02,22.74,24.78,26.07,13.37,11.34,28.31,27.22,22.95,24.92,26.27,13.51,524,256
"2019-04-15 20:05:40.0",785552,5230,-118.3,21.79,21.83,0.371,0.372,2.674,12.0412,40.01,39.91,19.23,11.27,28.38,27.16,22.81,24.78,26.14,13.31,10.86,27.36,26.21,21.93,23.83,25.19,12.83,11,27.7,26.48,22.2,24.1,25.46,12.97,11,27.9,26.68,22.34,24.24,25.59,12.97,524,256
"2019-04-15 20:06:00.0",785553,5230,-118.2,21.72,21.76,0.37,0.371,2.681,12.0412,40.01,39.91,19.23,10.73,27.5,26.21,21.86,23.69,25.05,12.56,10.25,26.55,25.19,20.91,22.74,24.03,12.02,10.32,26.82,25.39,21.11,22.95,24.24,12.15,10.39,26.95,25.53,21.25,23.01,24.37,12.22,524,256
"2019-04-15 20:06:20.0",785554,5230,-118.1,21.66,21.7,0.369,0.37,2.688,12.0523,40.01,39.91,19.23,10.12,26.61,25.05,20.77,22.47,23.9,11.75,9.71,25.8,24.17,20.03,21.66,23.01,11.34,9.78,25.93,24.37,20.16,21.86,23.22,11.41,9.84,26.07,24.51,20.3,22,23.29,11.41,525,255
"2019-04-15 20:06:40.0",785555,5230,-118.1,21.6,21.64,0.368,0.369,2.696,12.0467,40.01,39.91,19.21,9.71,25.87,24.24,20.03,21.66,23.01,11.13,9.37,25.05,23.42,19.28,20.84,22.27,10.73,9.44,25.26,23.63,19.42,21.05,22.4,10.73,9.44,25.39,23.76,19.55,21.11,22.54,10.86,525,255
"2019-04-15 20:07:00.0",785556,5230,-118,21.54,21.58,0.367,0.368,2.703,12.0523,40.01,39.91,19.21,9.3,25.26,23.49,19.21,20.77,22.2,10.52,8.96,24.58,22.68,18.53,20.03,21.32,10.12,9.03,24.71,22.81,18.6,20.1,21.39,10.18,9.03,24.85,22.95,18.74,20.23,21.52,10.18,525,255
"2019-04-15 20:07:20.0",785557,5230,-118,21.47,21.51,0.366,0.367,2.71,12.0524,40.01,39.9,19.21,8.76,24.78,22.61,18.33,19.76,20.98,9.84,8.49,24.1,21.93,17.65,19.01,20.1,9.44,8.49,24.3,22.06,17.79,19.21,20.23,9.5,8.55,24.44,22.13,17.92,19.28,20.37,9.57,525,255
"2019-04-15 20:07:40.0",785558,5230,-117.9,21.41,21.45,0.365,0.366,2.718,12.0524,40.01,39.9,19.21,8.49,24.78,22.27,17.86,19.21,20.16,9.44,8.21,24.1,21.66,17.31,18.6,19.42,9.1,8.28,24.37,21.86,17.45,18.81,19.62,9.23,8.28,24.58,22,17.58,18.87,19.69,9.3,525,255
"2019-04-15 20:08:00.0",785559,5240,-117.9,21.35,21.39,0.364,0.365,2.725,12.0413,40.01,39.9,19.21,8.42,25.12,22.47,17.92,19.28,19.96,9.44,8.21,24.64,21.93,17.45,18.74,19.35,9.17,8.28,24.85,22.2,17.65,19.01,19.55,9.3,8.35,25.05,22.4,17.79,19.15,19.69,9.44,526,254
"2019-04-15 20:08:20.0",785560,5240,-117.8,21.29,21.33,0.363,0.364,2.733,12.0468,40.01,39.9,19.18,8.62,25.93,23.22,18.53,19.89,20.37,9.78,8.42,25.46,22.68,18.06,19.42,19.82,9.5,8.55,25.73,23.01,18.33,19.69,20.1,9.71,8.62,25.93,23.29,18.53,19.89,20.3,9.84,526,254
"2019-04-15 20:08:40.0",785561,5240,-117.7,21.22,21.27,0.362,0.363,2.74,12.0357,40.01,39.9,19.18,9.03,26.95,24.24,19.42,20.84,21.18,10.39,8.89,26.41,23.76,19.01,20.44,20.71,10.18,9.03,26.82,24.1,19.28,20.77,21.05,10.32,9.1,27.02,24.37,19.48,21.05,21.18,10.46,526,254
"2019-04-15 20:09:00.0",785562,5240,-117.7,21.16,21.2,0.361,0.362,2.748,12.0413,40.02,39.91,19.18,9.78,28.17,25.66,20.64,22.27,22.47,11.27,9.71,27.7,25.19,20.3,21.93,22.13,11.13,9.91,28.11,25.66,20.71,22.34,22.47,11.34,10.05,28.38,25.93,20.91,22.61,22.74,11.47,526,254
"2019-04-15 20:09:20.0",785563,5240,-117.6,21.1,21.14,0.36,0.361,2.755,12.0469,40.02,39.91,19.18,10.93,29.67,27.43,22.34,24.17,24.37,12.49,10.86,29.19,27.02,22,23.83,23.97,12.36,11.07,29.6,27.43,22.4,24.24,24.44,12.63,11.27,29.87,27.77,22.68,24.58,24.71,12.76,526,254
"2019-04-15 20:09:40.0",785564,5240,-117.6,21.04,21.08,0.359,0.36,2.763,12.0469,40.02,39.91,19.18,12.15,31.16,29.26,24.03,26.07,26.27,13.71,12.02,30.48,28.58,23.49,25.53,25.73,13.51,12.22,30.96,29.13,23.97,26,26.21,13.78,12.36,31.23,29.4,24.17,26.27,26.55,13.92,526,254
"2019-04-15 20:10:00.0",785565,5240,-117.5,20.97,21.02,0.358,0.359,2.771,12.058,40.02,39.91,19.15,13.1,32.32,30.55,25.32,27.5,27.77,14.66,12.9,31.57,29.87,24.71,26.95,27.22,14.39,13.1,31.98,30.35,25.12,27.36,27.63,14.66,13.24,32.25,30.62,25.32,27.63,27.84,14.8,527,253
"2019-04-15 20:10:20.0",785566,5240,-117.5,20.91,20.95,0.357,0.358,2.779,12.0525,40.02,39.91,19.15,13.65,32.86,31.3,26,28.31,28.58,15.21,13.37,31.98,30.35,25.19,27.5,27.77,14.8,13.51,32.38,30.75,25.59,27.84,28.11,15,13.65,32.59,31.03,25.73,28.11,28.38,15.07,527,253
"2019-04-15 20:10:40.0",785567,5240,-117.4,20.85,20.89,0.356,0.357,2.786,12.0525,40.02,39.9,19.15,13.78,32.79,31.23,25.93,28.31,28.51,15.21,13.31,31.71,30.08,24.92,27.22,27.5,14.6,13.44,32.18,30.55,25.32,27.63,27.84,14.87,13.58,32.38,30.75,25.53,27.84,28.04,14.94,527,253
"2019-04-15 20:11:00.0",785568,5240,-117.3,20.79,20.83,0.355,0.356,2.794,12.0581,40.02,39.9,19.15,13.37,32.25,30.55,25.32,27.56,27.77,14.73,12.76,31.03,29.26,24.17,26.27,26.55,14.05,12.97,31.43,29.67,24.51,26.68,26.88,14.26,13.04,31.71,30.01,24.71,26.95,27.09,14.39,527,253
"2019-04-15 20:11:20.0",785569,5240,-117.3,20.72,20.77,0.354,0.355,2.802,12.0525,40.02,39.9,19.15,12.63,31.43,29.46,24.24,26.34,26.41,13.92,11.95,30.14,28.04,22.95,24.92,24.98,13.1,12.15,30.55,28.45,23.29,25.32,25.39,13.31,12.22,30.75,28.79,23.56,25.59,25.59,13.44,527,253
"2019-04-15 20:11:40.0",785570,5260,-117.2,20.66,20.7,0.353,0.354,2.81,12.0414,40.02,39.9,19.15,11.88,30.62,28.45,23.22,25.19,25.19,13.1,11.34,29.46,27.16,22.06,23.97,23.97,12.42,11.54,29.87,27.63,22.47,24.44,24.37,12.7,11.68,30.14,27.9,22.81,24.71,24.64,12.83,528,252
"2019-04-15 20:12:00.0",785571,5260,-117.2,20.6,20.64,0.352,0.352,2.818,12.0414,40.02,39.9,19.13,11.61,30.14,27.9,22.74,24.64,24.64,12.76,11,28.92,26.55,21.52,23.35,23.35,12.02,11.2,29.33,27.02,21.93,23.83,23.76,12.29,11.34,29.67,27.36,22.27,24.17,24.1,12.49,528,252
"2019-04-15 20:12:20.0",785572,5260,-117.1,20.53,20.58,0.351,0.351,2.826,12.0414,40.02,39.91,19.13,11.13,29.53,27.22,22.06,23.97,23.83,12.22,10.46,28.17,25.73,20.71,22.47,22.4,11.41,10.66,28.58,26.14,21.11,22.95,22.81,11.68,10.86,28.99,26.61,21.52,23.35,23.22,11.88,528,252
"2019-04-15 20:12:40.0",785573,5260,-117.1,20.47,20.51,0.35,0.35,2.835,12.0414,40.02,39.91,19.13,10.52,28.85,26.41,21.25,23.01,22.88,11.68,9.91,27.56,24.92,20.03,21.66,21.45,10.86,10.05,27.97,25.39,20.37,22,21.86,11.13,10.32,28.38,25.87,20.84,22.54,22.34,11.41,528,252
"2019-04-15 20:13:00.0",785574,5260,-117,20.41,20.45,0.349,0.349,2.843,12.0414,40.02,39.91,19.13,10.18,28.51,25.87,20.77,22.47,22.27,11.27,9.64,27.22,24.58,19.62,21.18,20.98,10.66,9.84,27.7,25.05,20.03,21.66,21.39,10.86,10.05,28.11,25.53,20.5,22.2,21.93,11.13,528,252
"2019-04-15 20:13:20.0",785575,5260,-117,20.35,20.39,0.348,0.348,2.851,12.0637,40.02,39.91,19.1,10.18,28.45,25.87,20.77,22.47,22.27,11.34,9.64,27.22,24.58,19.62,21.25,21.05,10.66,9.84,27.7,25.05,20.1,21.73,21.52,10.93,10.05,28.11,25.53,20.5,22.2,22,11.2,529,251
"2019-04-15 20:13:40.0",785576,5260,-116.9,20.28,20.33,0.347,0.347,2.859,12.0582,40.02,39.91,19.1,10.18,28.38,25.93,20.84,22.54,22.4,11.34,9.64,27.29,24.71,19.76,21.39,21.25,10.79,9.84,27.7,25.12,20.16,21.79,21.66,11,10.05,28.11,25.66,20.64,22.34,22.13,11.27,529,251
"2019-04-15 20:14:00.0",785577,5260,-116.8,20.22,20.26,0.346,0.346,2.868,12.0526,40.02,39.91,19.1,10.18,28.38,26,20.91,22.68,22.61,11.47,9.64,27.29,24.85,19.96,21.59,21.59,10.93,9.84,27.56,25.19,20.3,21.93,21.86,11.07,10.05,28.04,25.73,20.77,22.47,22.4,11.34,529,251
"2019-04-15 20:14:20.0",785578,5260,-116.8,20.16,20.2,0.345,0.345,2.876,12.0526,40.02,39.91,19.1,10.32,28.38,26.21,21.25,23.01,23.08,11.75,9.84,27.36,25.12,20.3,22,22.13,11.2,9.98,27.63,25.39,20.57,22.27,22.34,11.34,10.25,28.04,26,21.05,22.88,22.88,11.61,529,251
"2019-04-15 20:14:40.0",785579,5260,-116.7,20.09,20.14,0.344,0.344,2.885,12.0526,40.02,39.91,19.1,10.52,28.45,26.48,21.59,23.49,23.63,11.95,10.12,27.43,25.46,20.71,22.47,22.68,11.47,10.18,27.63,25.66,20.84,22.61,22.81,11.54,10.46,28.11,26.21,21.39,23.22,23.42,11.88,529,251
"2019-04-15 20:15:00.0",785580,5260,-116.7,20.03,20.07,0.343,0.343,2.893,12.047,40.02,39.91,19.1,10.73,28.45,26.68,21.86,23.83,24.03,12.15,10.32,27.36,25.59,20.98,22.81,23.08,11.68,10.39,27.63,25.8,21.05,22.95,23.15,11.75,10.66,28.04,26.34,21.59,23.49,23.76,12.08,529,251
"2019-04-15 20:15:20.0",785581,5270,-116.6,19.97,20.01,0.341,0.342,2.902,12.0415,40.02,39.91,19.1,10.86,28.38,26.75,22,24.03,24.3,12.29,10.39,27.36,25.66,21.11,22.95,23.29,11.81,10.46,27.5,25.87,21.25,23.08,23.42,11.88,10.73,27.97,26.41,21.73,23.69,23.97,12.15,530,250
"2019-04-15 20:15:40.0",785582,5270,-116.6,19.9,19.95,0.34,0.341,2.91,12.0415,40.02,39.91,19.1,10.86,28.17,26.68,22,23.97,24.3,12.36,10.39,27.16,25.59,20.98,22.88,23.22,11.75,10.46,27.36,25.8,21.18,23.08,23.42,11.81,10.66,27.77,26.27,21.66,23.56,23.9,12.08,530,250
"2019-04-15 20:16:00.0",785583,5270,-116.5,19.84,19.88,0.339,0.34,2.919,12.0415,40.02,39.91,19.08,10.59,27.9,26.34,21.73,23.63,23.97,12.08,10.12,26.82,25.19,20.64,22.47,22.81,11.47,10.25,27.09,25.39,20.84,22.68,23.08,11.61,10.39,27.36,25.8,21.18,23.08,23.42,11.81,530,250
"2019-04-15 20:16:20.0",785584,5270,-116.5,19.78,19.82,0.338,0.339,2.928,12.0471,40.02,39.91,19.08,10.18,27.36,25.66,21.05,22.88,23.22,11.61,9.71,26.27,24.51,19.96,21.66,22.06,11,9.84,26.55,24.78,20.23,22,22.34,11.13,9.91,26.82,25.05,20.44,22.2,22.54,11.34,530,250
"2019-04-15 20:16:40.0",785585,5270,-116.4,19.71,19.76,0.337,0.338,2.937,12.0415,40.02,39.91,19.08,9.64,26.55,24.71,20.1,21.79,22.13,11,9.17,25.46,23.49,19.08,20.64,20.98,10.39,9.23,25.73,23.76,19.28,20.91,21.25,10.52,9.3,25.93,23.97,19.42,21.11,21.39,10.59,530,250
"2019-04-15 20:17:00.0",785586,5280,-116.3,19.65,19.7,0.336,0.337,2.945,12.0638,40.02,39.91,19.08,8.96,25.53,23.49,18.94,20.5,20.77,10.18,8.55,24.58,22.4,17.99,19.55,19.82,9.64,8.62,24.85,22.68,18.26,19.76,20.03,9.78,8.69,24.92,22.81,18.4,19.89,20.16,9.84,531,249
"2019-04-15 20:17:20.0",785587,5280,-116.3,19.59,19.63,0.335,0.336,2.954,12.0527,40.02,39.91,19.05,8.42,24.58,22.4,17.92,19.42,19.76,9.57,8.01,23.63,21.45,17.11,18.53,18.87,9.1,8.08,23.83,21.66,17.31,18.67,19.08,9.17,8.15,23.9,21.73,17.38,18.81,19.15,9.17,531,249
"2019-04-15 20:17:40.0",785588,5280,-116.2,19.52,19.57,0.334,0.335,2.963,12.0471,40.02,39.91,19.05,7.807,23.56,21.25,16.9,18.26,18.67,8.83,7.4,22.61,20.3,16.16,17.45,17.86,8.35,7.4,22.74,20.5,16.29,17.58,17.92,8.42,7.468,22.81,20.57,16.29,17.58,17.99,8.49,531,249
"2019-04-15 20:18:00.0",785589,5280,-116.2,19.46,19.51,0.333,0.334,2.973,12.0471,40.02,39.91,19.05,7.061,22.27,20.03,15.82,17.04,17.45,8.08,6.653,21.45,19.15,15.07,16.23,16.7,7.604,6.721,21.59,19.21,15.14,16.36,16.77,7.74,6.721,21.66,19.28,15.21,16.36,16.84,7.672,531,249
"2019-04-15 20:18:20.0",785590,5280,-116.1,19.4,19.44,0.332,0.333,2.982,12.0527,40.02,39.91,19.05,6.314,21.05,18.74,14.66,15.75,16.29,7.264,5.974,20.16,17.86,13.92,14.94,15.48,6.925,5.974,20.3,17.92,14.05,15.07,15.55,6.925,5.974,20.37,17.99,14.05,15.07,15.61,6.925,531,249
"2019-04-15 20:18:40.0",785591,5280,-116.1,19.33,19.38,0.331,0.332,2.991,12.0527,40.02,39.91,19.05,5.635,19.82,17.38,13.51,14.46,15.07,6.585,5.295,18.94,16.57,12.76,13.65,14.26,6.178,5.363,19.08,16.7,12.9,13.78,14.32,6.178,5.363,19.15,16.7,12.9,13.78,14.39,6.178,531,249
"2019-04-15 20:19:00.0",785592,5280,-116,19.27,19.32,0.33,0.331,3,12.0416,40.02,39.9,19.02,5.092,18.67,16.29,12.56,13.37,13.99,5.974,4.752,17.92,15.48,11.81,12.63,13.24,5.567,4.82,18.06,15.61,12.02,12.76,13.44,5.635,4.888,18.13,15.68,12.02,12.83,13.44,5.703,532,248
"2019-04-15 20:19:20.0",785593,5280,-116,19.21,19.25,0.329,0.33,3.01,12.0416,40.02,39.9,19.02,4.752,17.86,15.41,11.81,12.63,13.24,5.567,4.413,17.04,14.6,11.13,11.88,12.56,5.228,4.481,17.18,14.8,11.34,12.08,12.7,5.295,4.481,17.31,14.87,11.41,12.15,12.83,5.363,532,248
"2019-04-15 20:19:40.0",785594,5280,-115.9,19.14,19.19,0.328,0.329,3.019,12.0416,40.02,39.9,19.02,4.481,17.18,14.87,11.41,12.15,12.9,5.363,4.141,16.36,14.05,10.73,11.41,12.15,5.024,4.277,16.63,14.32,11,11.68,12.42,5.16,4.345,16.77,14.46,11.13,11.81,12.56,5.228,532,248
"2019-04-15 20:20:00.0",785595,5280,-115.8,19.08,19.13,0.327,0.328,3.028,12.0416,40.02,39.9,19.02,4.413,16.7,14.6,11.2,11.95,12.83,5.295,4.006,15.89,13.65,10.46,11.13,12.02,4.956,4.209,16.16,14.05,10.86,11.54,12.36,5.092,4.277,16.29,14.19,10.93,11.68,12.56,5.16,532,248
"2019-04-15 20:20:20.0",785596,5280,-115.8,19.02,19.06,0.326,0.327,3.038,12.0416,40.02,39.9,19,4.345,16.36,14.39,11.2,11.95,12.9,5.363,3.938,15.41,13.44,10.39,11.07,12.08,4.888,4.141,15.75,13.85,10.73,11.47,12.49,5.16,4.209,15.95,14.05,10.93,11.68,12.7,5.228,532,248
"2019-04-15 20:20:40.0",785597,5290,-115.7,18.95,19,0.325,0.326,3.047,12.0527,40.02,39.9,19,4.413,16.16,14.39,11.27,12.08,13.24,5.431,4.006,15.28,13.51,10.46,11.2,12.29,5.024,4.209,15.55,13.92,10.86,11.61,12.76,5.228,4.345,15.82,14.12,11.13,11.88,12.97,5.363,533,247
"2019-04-15 20:21:00.0",785598,5290,-115.7,18.89,18.94,0.324,0.324,3.057,12.0527,40.02,39.9,19,4.549,16.09,14.6,11.61,12.42,13.65,5.635,4.209,15.28,13.78,10.86,11.61,12.83,5.228,4.345,15.61,14.12,11.2,12.02,13.24,5.431,4.481,15.82,14.39,11.41,12.29,13.51,5.635,533,247
"2019-04-15 20:21:20.0",785599,5290,-115.6,18.83,18.87,0.323,0.323,3.067,12.0527,40.02,39.9,19,4.82,16.36,15.07,12.15,13.1,14.46,6.042,4.617,15.68,14.39,11.54,12.36,13.78,5.703,4.684,15.89,14.73,11.81,12.7,14.12,5.839,4.82,16.09,15,12.08,13.04,14.46,5.974,533,247
"2019-04-15 20:21:40.0",785600,5290,-115.6,18.76,18.81,0.322,0.322,3.077,12.0471,40.02,39.9,19,5.363,16.84,15.95,13.04,14.12,15.68,6.518,5.16,16.23,15.28,12.49,13.51,15.14,6.246,5.295,16.36,15.55,12.76,13.78,15.41,6.45,5.431,16.7,15.89,13.1,14.12,15.75,6.585,533,247
"2019-04-15 20:22:00.0",785601,5290,-115.5,18.7,18.74,0.321,0.321,3.086,12.0583,40.02,39.9,19,6.042,17.52,17.04,14.12,15.34,17.18,7.196,5.839,16.9,16.36,13.58,14.8,16.57,6.925,5.974,17.11,16.63,13.85,15.07,16.9,7.061,6.11,17.38,16.97,14.19,15.41,17.31,7.264,533,247
"2019-04-15 20:22:20.0",785602,5300,-115.5,18.63,18.68,0.32,0.32,3.096,12.0416,40.02,39.9,19,6.721,18.33,18.19,15.28,16.63,18.6,7.807,6.45,17.65,17.45,14.6,15.95,17.92,7.468,6.653,17.99,17.79,14.94,16.36,18.33,7.672,6.789,18.26,18.19,15.34,16.77,18.67,7.807,534,246
"2019-04-15 20:22:40.0",785603,5300,-115.4,18.57,18.62,0.318,0.319,3.106,12.0471,40.02,39.9,19,7.536,19.42,19.55,16.63,18.19,20.23,8.49,7.061,18.67,18.67,15.82,17.31,19.28,8.01,7.468,19.08,19.15,16.29,17.86,19.89,8.28,7.74,19.62,19.82,16.97,18.6,20.5,8.62,534,246
"2019-04-15 20:23:00.0",785604,5300,-115.4,18.51,18.55,0.317,0.318,3.117,12.0416,40.02,39.9,18.97,8.55,20.91,21.32,18.26,20.1,22.06,9.3,7.74,19.82,19.89,16.9,18.53,20.37,8.49,8.42,20.37,20.71,17.65,19.42,21.39,8.96,8.89,21.11,21.52,18.53,20.37,22.4,9.44,534,246
"2019-04-15 20:23:20.0",785605,5300,-115.3,18.44,18.49,0.316,0.317,3.127,12.036,40.02,39.9,18.97,9.57,22.2,22.68,19.48,21.45,23.42,9.91,8.35,20.71,20.77,17.58,19.28,21.05,8.83,9.03,21.52,21.66,18.47,20.3,22.13,9.37,9.57,22.27,22.68,19.48,21.45,23.29,9.84,534,246
"2019-04-15 20:23:40.0",785606,5300,-115.2,18.38,18.43,0.315,0.316,3.137,12.0471,40.02,39.9,18.97,9.71,22.95,23.08,19.62,21.59,23.22,9.84,8.55,21.45,21.05,17.65,19.42,20.84,8.76,8.96,21.86,21.52,18.06,19.89,21.32,9.03,9.5,22.74,22.68,19.15,21.05,22.54,9.57,534,246
"2019-04-15 20:24:00.0",785607,5300,-115.2,18.31,18.36,0.314,0.315,3.147,12.0472,40.02,39.91,18.97,9.23,22.88,22.34,18.6,20.37,21.59,9.17,8.21,21.32,20.37,16.7,18.26,19.42,8.15,8.42,21.73,20.77,17.04,18.67,19.69,8.28,8.89,22.47,21.66,17.92,19.62,20.71,8.76,534,246
"2019-04-15 20:24:20.0",785608,5300,-115.1,18.25,18.3,0.313,0.314,3.158,12.0527,40,39.91,18.95,8.49,22.34,21.05,17.18,18.74,19.62,8.28,7.264,20.64,19.01,15.28,16.57,17.31,7.264,7.604,21.11,19.48,15.68,17.04,17.79,7.468,8.01,21.73,20.3,16.43,17.86,18.6,7.875,535,245
"2019-04-15 20:24:40.0",785609,5300,-115.1,18.19,18.23,0.312,0.313,3.168,12.0527,40,39.91,18.95,7.264,21.32,19.42,15.48,16.77,17.31,7.264,6.178,19.62,17.45,13.65,14.73,15.34,6.314,6.45,20.03,17.86,13.99,15.14,15.61,6.45,6.789,20.64,18.6,14.73,15.95,16.43,6.857,535,245
"2019-04-15 20:25:00.0",785610,5300,-115,18.12,18.17,0.311,0.312,3.179,12.0527,39.99,39.91,18.95,6.178,20.23,17.92,13.99,15.07,15.55,6.382,5.431,18.74,16.43,12.63,13.58,14.12,5.703,5.567,19.01,16.57,12.76,13.78,14.26,5.771,5.839,19.55,17.24,13.37,14.39,14.87,6.11,535,245
"2019-04-15 20:25:20.0",785611,5300,-115,18.06,18.11,0.31,0.311,3.189,12.0527,39.99,39.91,18.95,5.567,19.21,16.9,13.1,14.05,14.66,5.907,5.16,18.19,15.89,12.29,13.24,13.85,5.567,5.024,17.99,15.61,12.02,12.9,13.51,5.363,5.295,18.53,16.23,12.56,13.51,14.12,5.635,535,245
"2019-04-15 20:25:40.0",785612,5300,-114.9,17.99,18.04,0.309,0.31,3.2,12.0527,39.99,39.91,18.95,5.16,18.13,15.89,12.29,13.17,13.99,5.567,4.956,17.31,15.21,11.81,12.7,13.58,5.363,4.82,17.18,15.07,11.61,12.49,13.37,5.228,4.956,17.45,15.34,11.88,12.76,13.65,5.363,535,245
"2019-04-15 20:26:00.0",785613,5310,-114.9,17.93,17.98,0.308,0.309,3.211,12.0472,39.99,39.91,18.92,4.956,17.18,15.21,11.81,12.83,13.85,5.363,4.752,16.5,14.66,11.47,12.36,13.51,5.228,4.752,16.43,14.6,11.41,12.36,13.44,5.228,4.752,16.57,14.73,11.47,12.36,13.51,5.228,536,244
"2019-04-15 20:26:20.0",785614,5310,-114.8,17.87,17.92,0.307,0.308,3.222,12.0416,39.99,39.91,18.92,4.888,16.43,14.8,11.68,12.63,13.92,5.363,4.752,15.95,14.39,11.41,12.29,13.71,5.295,4.752,15.95,14.39,11.41,12.36,13.71,5.295,4.752,15.95,14.39,11.41,12.36,13.71,5.228,536,244
"2019-04-15 20:26:40.0",785615,5310,-114.8,17.8,17.85,0.306,0.307,3.233,12.0416,39.99,39.91,18.92,4.956,16.02,14.66,11.75,12.76,14.32,5.499,4.956,15.61,14.39,11.61,12.63,14.19,5.431,4.956,15.68,14.46,11.61,12.7,14.26,5.431,4.956,15.68,14.46,11.61,12.63,14.26,5.499,536,244
"2019-04-15 20:27:00.0",785616,5310,-114.7,17.74,17.79,0.305,0.305,3.244,12.036,39.99,39.91,18.89,5.228,15.89,14.8,12.08,13.17,14.94,5.703,5.16,15.55,14.6,11.88,13.04,14.8,5.635,5.228,15.61,14.66,12.02,13.1,14.87,5.703,5.228,15.61,14.66,12.02,13.17,14.87,5.771,536,244
"2019-04-15 20:27:20.0",785617,5310,-114.7,17.67,17.72,0.304,0.304,3.255,12.0416,39.99,39.91,18.89,5.499,15.82,15,12.42,13.58,15.55,5.974,5.431,15.41,14.73,12.22,13.37,15.28,5.839,5.431,15.55,14.87,12.29,13.44,15.41,5.974,5.499,15.61,14.94,12.36,13.58,15.55,5.974,536,244
"2019-04-15 20:27:40.0",785618,5310,-114.6,17.61,17.66,0.303,0.303,3.266,12.0416,39.99,39.91,18.89,5.703,15.75,15.28,12.7,13.99,16.09,6.178,5.635,15.41,14.94,12.49,13.71,15.89,6.11,5.703,15.48,15.07,12.63,13.85,16.02,6.11,5.771,15.61,15.14,12.7,13.99,16.16,6.178,536,244
"2019-04-15 20:28:00.0",785619,5320,-114.5,17.55,17.6,0.301,0.302,3.277,12.0527,39.99,39.91,18.89,5.974,15.82,15.48,13.04,14.39,16.7,6.45,5.907,15.55,15.28,12.83,14.19,16.43,6.314,5.974,15.68,15.34,12.97,14.32,16.57,6.382,6.042,15.75,15.48,13.04,14.46,16.7,6.382,537,243
"2019-04-15 20:28:20.0",785620,5320,-114.5,17.48,17.53,0.3,0.301,3.288,12.0527,39.99,39.91,18.89,6.246,16.09,15.89,13.51,14.94,17.24,6.653,6.178,15.89,15.75,13.37,14.73,17.04,6.518,6.246,16.02,15.89,13.44,14.87,17.18,6.585,6.314,16.09,15.95,13.51,14.94,17.24,6.585,537,243
"2019-04-15 20:28:40.0",785621,5320,-114.4,17.42,17.47,0.299,0.3,3.3,12.0472,39.99,39.91,18.87,6.585,16.57,16.43,13.99,15.48,17.79,6.857,6.585,16.36,16.29,13.85,15.34,17.52,6.789,6.653,16.43,16.43,13.99,15.48,17.72,6.857,6.653,16.63,16.5,14.05,15.55,17.79,6.925,537,243
"2019-04-15 20:29:00.0",785622,5320,-114.4,17.35,17.4,0.298,0.299,3.311,12.0527,39.99,39.91,18.87,6.925,17.11,16.97,14.46,16.02,18.26,7.061,6.857,16.84,16.77,14.32,15.89,17.99,6.993,6.925,16.97,16.9,14.39,16.02,18.13,7.061,6.993,17.11,17.04,14.46,16.02,18.19,7.061,537,243
"2019-04-15 20:29:20.0",785623,5320,-114.3,17.29,17.34,0.297,0.298,3.323,12.0527,39.99,39.91,18.87,7.196,17.52,17.45,14.87,16.43,18.6,7.264,7.129,17.31,17.18,14.66,16.23,18.33,7.129,7.196,17.45,17.31,14.8,16.36,18.47,7.196,7.264,17.52,17.45,14.8,16.43,18.53,7.196,537,243
"2019-04-15 20:29:40.0",785624,5330,-114.3,17.22,17.27,0.296,0.297,3.335,12.0416,39.99,39.91,18.84,7.4,17.92,17.79,15.07,16.77,18.81,7.264,7.332,17.65,17.52,14.87,16.5,18.53,7.196,7.4,17.79,17.58,15,16.63,18.6,7.196,7.4,17.92,17.72,15.07,16.7,18.67,7.264,538,242
"2019-04-15 20:30:00.0",785625,5330,-114.2,17.16,17.21,0.295,0.296,3.347,12.0416,39.99,39.91,18.84,7.536,18.26,18.06,15.21,16.9,18.94,7.264,7.4,17.92,17.65,14.94,16.57,18.53,7.129,7.468,18.13,17.86,15.07,16.77,18.67,7.196,7.536,18.26,17.99,15.21,16.84,18.81,7.264,538,242
"2019-04-15 20:30:20.0",785626,5330,-114.2,17.09,17.15,0.294,0.295,3.359,12.0416,39.99,39.91,18.84,7.672,18.53,18.19,15.41,17.04,18.94,7.264,7.468,18.13,17.86,15.07,16.7,18.53,7.129,7.604,18.4,17.99,15.21,16.84,18.74,7.196,7.604,18.53,18.13,15.28,16.97,18.87,7.196,538,242
"2019-04-15 20:30:40.0",785627,5330,-114.1,17.03,17.08,0.293,0.294,3.37,12.0416,39.99,39.9,18.82,7.807,18.87,18.4,15.55,17.18,19.01,7.264,7.604,18.47,18.06,15.21,16.84,18.6,7.129,7.672,18.67,18.19,15.28,16.97,18.74,7.196,7.74,18.81,18.33,15.41,17.11,18.94,7.196,538,242
"2019-04-15 20:31:00.0",785628,5330,-114.1,16.97,17.02,0.292,0.293,3.383,12.0416,39.99,39.9,18.82,7.807,19.15,18.6,15.61,17.24,19.01,7.264,7.604,18.74,18.19,15.21,16.77,18.47,7.061,7.672,18.87,18.33,15.34,16.97,18.6,7.061,7.74,19.08,18.47,15.41,17.11,18.74,7.196,538,242
"2019-04-15 20:31:20.0",785629,5330,-114,16.9,16.95,0.291,0.292,3.395,12.0528,39.99,39.9,18.82,7.672,19.42,18.67,15.48,17.11,18.67,7.129,7.468,19.01,18.26,15.07,16.7,18.13,6.857,7.536,19.21,18.47,15.28,16.84,18.33,6.925,7.604,19.35,18.6,15.41,16.97,18.47,6.993,539,241
"2019-04-15 20:31:40.0",785630,5330,-114,16.84,16.89,0.29,0.291,3.407,12.0528,39.99,39.9,18.82,7.807,19.82,19.01,15.75,17.38,18.81,7.129,7.604,19.35,18.53,15.28,16.9,18.26,6.857,7.74,19.62,18.81,15.48,17.11,18.47,6.993,7.807,19.82,19.01,15.68,17.31,18.74,7.061,539,241
"2019-04-15 20:32:00.0",785631,5330,-113.9,16.77,16.82,0.289,0.289,3.419,12.0528,39.99,39.9,18.79,8.15,20.37,19.62,16.29,17.99,19.35,7.332,8.01,19.96,19.15,15.89,17.52,18.94,7.129,8.15,20.16,19.42,16.09,17.79,19.15,7.264,8.28,20.37,19.69,16.36,18.06,19.48,7.4,539,241
"2019-04-15 20:32:20.0",785632,5330,-113.9,16.71,16.76,0.287,0.288,3.432,12.0528,39.99,39.91,18.79,8.83,21.05,20.5,17.11,19.01,20.5,7.74,8.69,20.57,20.1,16.77,18.6,20.1,7.536,8.83,20.77,20.3,16.97,18.81,20.3,7.672,8.96,21.05,20.64,17.24,19.15,20.64,7.807,539,241
"2019-04-15 20:32:40.0",785633,5330,-113.8,16.64,16.7,0.286,0.287,3.444,12.0528,39.99,39.91,18.79,9.64,21.79,21.52,18.13,20.16,21.79,8.28,9.5,21.32,21.05,17.79,19.82,21.39,8.15,9.64,21.52,21.25,17.99,20.03,21.59,8.21,9.78,21.73,21.52,18.19,20.23,21.86,8.35,539,241
"2019-04-15 20:33:00.0",785634,5330,-113.7,16.58,16.63,0.285,0.286,3.457,12.0583,39.99,39.91,18.79,10.32,22.4,22.34,19.01,21.25,22.95,8.76,10.18,22,21.93,18.67,20.84,22.47,8.55,10.32,22.13,22.13,18.81,20.98,22.68,8.69,10.39,22.27,22.27,19.01,21.18,22.81,8.69,539,241
"2019-04-15 20:33:20.0",785635,5340,-113.7,16.51,16.57,0.284,0.285,3.47,12.0416,39.99,39.91,18.79,10.93,23.01,23.15,19.76,22.06,23.76,9.1,10.79,22.54,22.68,19.42,21.66,23.35,8.89,10.86,22.74,22.81,19.55,21.86,23.49,8.96,10.93,22.95,23.01,19.69,22,23.63,9.03,540,240
"2019-04-15 20:33:40.0",785636,5340,-113.6,16.45,16.5,0.283,0.284,3.483,12.0416,40,39.91,18.79,11.27,23.49,23.69,20.23,22.68,24.3,9.3,11.07,22.95,23.08,19.76,22.06,23.69,9.03,11.13,23.22,23.29,19.89,22.27,23.83,9.17,11.2,23.35,23.49,20.03,22.4,24.03,9.23,540,240
"2019-04-15 20:34:00.0",785637,5340,-113.6,16.38,16.44,0.282,0.283,3.496,12.0416,39.99,39.9,18.79,11.13,23.63,23.69,20.16,22.47,23.97,9.17,10.66,22.95,22.81,19.35,21.52,22.95,8.76,10.73,23.22,23.08,19.48,21.79,23.15,8.83,10.79,23.35,23.22,19.62,21.86,23.29,8.89,540,240
"2019-04-15 20:34:20.0",785638,5340,-113.5,16.32,16.37,0.281,0.282,3.509,12.0472,39.99,39.9,18.77,10.52,23.49,23.08,19.35,21.52,22.81,8.69,9.98,22.61,22.06,18.4,20.44,21.66,8.21,10.18,22.95,22.47,18.74,20.84,22,8.35,10.25,23.15,22.61,18.87,20.98,22.2,8.42,540,240
"2019-04-15 20:34:40.0",785639,5340,-113.5,16.26,16.31,0.28,0.281,3.522,12.0416,39.99,39.9,18.77,10.12,23.22,22.61,18.74,20.77,21.93,8.35,9.57,22.34,21.52,17.79,19.69,20.77,7.875,9.84,22.74,22,18.19,20.16,21.25,8.01,9.84,22.88,22.13,18.33,20.3,21.39,8.08,540,240
"2019-04-15 20:35:00.0",785640,5350,-113.4,16.19,16.24,0.279,0.28,3.535,12.0528,39.99,39.9,18.77,9.78,23.01,22.13,18.26,20.23,21.25,8.01,9.23,22.13,21.05,17.24,19.15,20.1,7.604,9.44,22.54,21.52,17.65,19.55,20.5,7.74,9.5,22.68,21.73,17.79,19.76,20.71,7.807,541,239
"2019-04-15 20:35:20.0",785641,5350,-113.4,16.13,16.18,0.278,0.279,3.549,12.0528,39.99,39.9,18.77,9.44,22.81,21.73,17.79,19.69,20.57,7.74,8.89,21.93,20.71,16.84,18.6,19.48,7.264,9.03,22.27,21.05,17.18,18.94,19.82,7.4,9.17,22.47,21.32,17.38,19.21,20.03,7.536,541,239
"2019-04-15 20:35:40.0",785642,5350,-113.3,16.06,16.12,0.277,0.278,3.562,12.0528,39.99,39.91,18.74,9.17,22.68,21.52,17.52,19.35,20.16,7.536,8.76,21.93,20.57,16.63,18.4,19.15,7.196,8.89,22.2,20.91,16.97,18.74,19.55,7.332,9.1,22.47,21.25,17.24,19.15,19.89,7.536,541,239
"2019-04-15 20:36:00.0",785643,5350,-113.3,16,16.05,0.276,0.276,3.576,12.0528,39.99,39.91,18.74,9.3,22.95,21.73,17.72,19.62,20.37,7.74,8.96,22.2,20.91,16.97,18.67,19.48,7.4,9.1,22.47,21.25,17.24,19.08,19.82,7.536,9.3,22.74,21.59,17.58,19.42,20.3,7.672,541,239
"2019-04-15 20:36:20.0",785644,5350,-113.2,15.93,15.99,0.274,0.275,3.589,12.0528,39.99,39.91,18.74,9.57,23.22,22.06,17.99,19.89,20.64,7.875,9.17,22.47,21.18,17.11,18.94,19.69,7.536,9.37,22.81,21.52,17.45,19.35,20.03,7.672,9.5,23.01,21.79,17.72,19.62,20.37,7.807,541,239
"2019-04-15 20:36:40.0",785645,5350,-113.2,15.87,15.92,0.273,0.274,3.603,12.0583,39.99,39.91,18.74,9.78,23.49,22.2,18.06,19.96,20.71,7.943,9.3,22.74,21.25,17.11,18.94,19.55,7.536,9.57,23.08,21.73,17.52,19.35,20.03,7.74,9.71,23.35,22,17.79,19.62,20.3,7.875,541,239
"2019-04-15 20:37:00.0",785646,5350,-113.1,15.8,15.86,0.272,0.273,3.617,12.0416,39.99,39.91,18.74,9.84,23.69,22.2,17.92,19.76,20.37,7.875,9.23,22.81,21.11,16.77,18.53,19.08,7.332,9.57,23.22,21.59,17.31,19.08,19.62,7.604,9.64,23.42,21.86,17.52,19.35,19.89,7.672,542,238
"2019-04-15 20:37:20.0",785647,5350,-113.1,15.74,15.79,0.271,0.272,3.631,12.0416,39.99,39.91,18.71,9.64,23.69,21.93,17.52,19.28,19.76,7.672,8.96,22.74,20.77,16.29,17.92,18.33,7.061,9.17,23.08,21.11,16.7,18.33,18.74,7.264,9.37,23.35,21.52,16.97,18.67,19.08,7.4,542,238
"2019-04-15 20:37:40.0",785648,5350,-113,15.67,15.73,0.27,0.271,3.645,12.0361,39.99,39.91,18.71,9.17,23.56,21.39,16.77,18.4,18.67,7.196,8.55,22.74,20.37,15.82,17.31,17.45,6.721,8.55,22.88,20.5,15.89,17.38,17.45,6.721,8.83,23.29,20.98,16.29,17.79,17.92,6.925,542,238
"2019-04-15 20:38:00.0",785649,5350,-113,15.61,15.66,0.269,0.27,3.66,12.0361,39.99,39.91,18.71,8.55,23.49,20.98,16.09,17.58,17.52,6.721,8.08,22.61,20.03,15.28,16.63,16.57,6.382,8.01,22.81,20.1,15.28,16.57,16.43,6.314,8.21,23.15,20.5,15.61,16.97,16.84,6.45,542,238
"2019-04-15 20:38:20.0",785650,5350,-112.9,15.54,15.6,0.268,0.269,3.674,12.0416,39.99,39.91,18.71,7.943,23.42,20.64,15.61,16.9,16.57,6.382,7.604,22.47,19.69,14.87,16.09,15.82,6.042,7.468,22.74,19.82,14.8,16.02,15.61,5.974,7.604,23.08,20.16,15.07,16.29,15.89,6.11,542,238
"2019-04-15 20:38:40.0",785651,5360,-112.9,15.48,15.53,0.267,0.268,3.689,12.0528,39.99,39.91,18.69,7.332,23.29,20.16,15,16.16,15.48,5.907,6.857,22.27,19.08,14.05,15.14,14.53,5.499,6.857,22.61,19.35,14.19,15.28,14.6,5.567,6.993,22.95,19.69,14.46,15.55,14.87,5.635,543,237
"2019-04-15 20:39:00.0",785652,5360,-112.8,15.41,15.47,0.266,0.267,3.703,12.0528,39.99,39.91,18.69,6.585,23.08,19.62,14.19,15.14,14.26,5.363,5.974,21.93,18.33,13.17,13.99,13.1,4.888,6.11,22.27,18.67,13.37,14.26,13.31,5.024,6.178,22.68,19.08,13.71,14.6,13.58,5.092,543,237
"2019-04-15 20:39:20.0",785653,5360,-112.8,15.35,15.4,0.265,0.266,3.718,12.0528,39.99,39.91,18.69,5.907,22.88,19.08,13.51,14.32,13.17,4.888,5.363,21.73,17.86,12.49,13.24,12.08,4.481,5.363,22.06,18.13,12.7,13.37,12.22,4.549,5.499,22.4,18.53,12.97,13.71,12.49,4.617,543,237
"2019-04-15 20:39:40.0",785654,5360,-112.7,15.28,15.34,0.264,0.265,3.733,12.0528,39.99,39.91,18.69,5.363,22.74,18.74,13.04,13.78,12.49,4.549,4.82,21.45,17.45,11.95,12.56,11.34,4.141,4.82,21.79,17.65,12.15,12.76,11.41,4.209,5.092,22.13,18.13,12.56,13.17,11.88,4.345,543,237
"2019-04-15 20:40:00.0",785655,5360,-112.7,15.22,15.27,0.262,0.263,3.748,12.0528,39.99,39.91,18.66,5.092,22.54,18.47,12.76,13.44,12.02,4.413,4.481,21.39,17.18,11.68,12.22,10.93,3.938,4.413,21.59,17.38,11.81,12.29,10.93,3.938,4.752,22,17.86,12.29,12.83,11.54,4.141,543,237
"2019-04-15 20:40:20.0",785656,5370,-112.6,15.15,15.21,0.261,0.262,3.763,12.0361,39.99,39.91,18.66,4.752,22.47,18.26,12.56,13.17,11.61,4.141,4.209,21.32,16.97,11.47,11.95,10.52,3.734,4.073,21.39,17.04,11.47,11.95,10.39,3.666,4.481,21.93,17.65,12.02,12.63,11.07,3.938,544,236
"2019-04-15 20:40:40.0",785657,5370,-112.5,15.08,15.14,0.26,0.261,3.779,12.0361,39.99,39.91,18.66,4.481,22.27,18.06,12.29,12.76,11.2,4.006,4.006,21.18,16.84,11.34,11.75,10.25,3.598,3.87,21.32,16.84,11.2,11.61,9.98,3.53,4.209,21.73,17.45,11.75,12.22,10.66,3.802,544,236
"2019-04-15 20:41:00.0",785658,5370,-112.5,15.02,15.08,0.259,0.26,3.794,12.0416,39.99,39.91,18.64,4.209,22.13,17.72,11.88,12.36,10.73,3.734,3.734,21.05,16.63,11,11.41,9.78,3.395,3.598,21.11,16.63,10.86,11.2,9.57,3.327,3.87,21.52,17.04,11.34,11.68,10.05,3.53,544,236
"2019-04-15 20:41:20.0",785659,5370,-112.4,14.95,15.01,0.258,0.259,3.81,12.0472,39.99,39.91,18.64,3.802,21.86,17.31,11.41,11.75,9.98,3.462,3.395,20.84,16.23,10.59,10.86,9.17,3.191,3.327,20.98,16.29,10.52,10.79,9.1,3.123,3.53,21.32,16.7,10.86,11.13,9.37,3.259,544,236
"2019-04-15 20:41:40.0",785660,5370,-112.4,14.89,14.95,0.257,0.258,3.826,12.0416,39.99,39.91,18.64,3.395,21.66,16.9,10.93,11.2,9.3,3.191,3.123,20.71,16.02,10.25,10.46,8.69,2.987,3.055,20.84,16.02,10.25,10.46,8.62,2.919,3.191,21.11,16.36,10.52,10.73,8.89,3.055,544,236
"2019-04-15 20:42:00.0",785661,5370,-112.3,14.82,14.88,0.256,0.257,3.841,12.0416,39.99,39.91,18.64,3.123,21.45,16.57,10.59,10.73,8.76,2.987,2.919,20.57,15.75,10.05,10.18,8.35,2.784,2.851,20.77,15.89,10.05,10.18,8.21,2.784,2.987,20.91,16.16,10.25,10.39,8.49,2.851,544,236
"2019-04-15 20:42:20.0",785662,5370,-112.3,14.76,14.82,0.255,0.256,3.857,12.0472,39.99,39.91,18.61,2.919,21.32,16.43,10.39,10.52,8.49,2.851,2.851,20.5,15.68,9.91,10.05,8.15,2.716,2.851,20.71,15.82,9.98,10.12,8.15,2.716,2.851,20.91,16.02,10.12,10.25,8.28,2.784,545,235
"2019-04-15 20:42:40.0",785663,5370,-112.2,14.69,14.75,0.254,0.255,3.874,12.0528,39.99,39.91,18.61,2.919,21.32,16.43,10.32,10.46,8.42,2.851,2.851,20.5,15.68,9.91,10.05,8.15,2.716,2.919,20.84,15.95,10.05,10.25,8.28,2.851,2.919,20.98,16.16,10.18,10.32,8.35,2.851,545,235
"2019-04-15 20:43:00.0",785664,5370,-112.2,14.63,14.69,0.253,0.254,3.89,12.0583,39.99,39.91,18.61,3.055,21.39,16.57,10.52,10.66,8.62,2.919,2.987,20.57,15.82,10.05,10.18,8.35,2.851,3.055,20.91,16.16,10.25,10.46,8.55,2.919,3.055,21.11,16.36,10.39,10.59,8.62,2.919,545,235
"2019-04-15 20:43:20.0",785665,5370,-112.1,14.56,14.62,0.251,0.252,3.906,12.0472,39.99,39.91,18.58,3.327,21.66,16.9,10.86,11.07,9.1,3.123,3.259,20.71,16.09,10.32,10.59,8.76,2.987,3.395,21.11,16.5,10.66,10.93,9.1,3.123,3.395,21.39,16.84,10.86,11.13,9.17,3.259,545,235
"2019-04-15 20:43:40.0",785666,5370,-112.1,14.5,14.56,0.25,0.251,3.923,12.0472,39.99,39.91,18.58,3.938,22,17.52,11.54,11.88,9.98,3.598,3.666,20.98,16.57,10.86,11.2,9.5,3.327,4.073,21.45,17.11,11.41,11.88,10.18,3.666,4.209,21.86,17.58,11.75,12.15,10.52,3.734,545,235
"2019-04-15 20:44:00.0",785667,5380,-112,14.43,14.49,0.249,0.25,3.94,12.0416,39.99,39.91,18.58,5.024,22.61,18.6,12.76,13.51,11.95,4.345,4.413,21.45,17.38,11.81,12.36,10.79,3.87,5.024,21.86,17.92,12.36,13.04,11.61,4.277,5.363,22.4,18.74,13.1,13.92,12.49,4.617,546,234
"2019-04-15 20:44:20.0",785668,5380,-112,14.37,14.43,0.248,0.249,3.956,12.0416,39.99,39.91,18.58,6.178,23.22,19.76,14.19,15.21,13.92,5.16,5.295,21.86,18.26,12.9,13.71,12.29,4.481,5.703,22.13,18.6,13.1,13.99,12.7,4.684,6.45,22.95,19.76,14.32,15.41,14.26,5.295,546,234
"2019-04-15 20:44:40.0",785669,5380,-111.9,14.3,14.36,0.247,0.248,3.973,12.0361,39.99,39.91,18.56,7.264,23.69,20.91,15.48,16.77,15.68,5.839,6.246,22.34,19.28,14.05,15.14,13.99,5.16,6.246,22.34,19.01,13.71,14.73,13.58,5.092,7.4,23.42,20.77,15.55,16.9,15.89,5.974,546,234
"2019-04-15 20:45:00.0",785670,5380,-111.9,14.24,14.3,0.246,0.247,3.991,12.0416,39.99,39.91,18.56,7.943,23.9,21.52,16.36,17.86,16.97,6.314,6.721,22.47,19.76,14.66,15.95,14.87,5.499,6.653,22.34,19.42,14.26,15.41,14.32,5.431,7.807,23.42,21.11,16.09,17.58,16.7,6.314,546,234
"2019-04-15 20:45:20.0",785671,5380,-111.8,14.17,14.23,0.245,0.246,4.008,12.0416,39.99,39.91,18.53,8.08,23.83,21.73,16.7,18.26,17.45,6.585,6.857,22.4,19.89,14.94,16.29,15.34,5.703,6.789,22.27,19.55,14.53,15.75,14.73,5.635,7.807,23.22,21.18,16.23,17.79,16.97,6.45,546,234
"2019-04-15 20:45:40.0",785672,5380,-111.8,14.1,14.17,0.244,0.245,4.025,12.0416,39.99,39.91,18.53,7.943,23.56,21.66,16.77,18.4,17.52,6.585,6.789,22.13,19.82,14.94,16.36,15.34,5.703,6.653,21.93,19.35,14.46,15.75,14.73,5.567,7.536,22.95,20.98,16.16,17.72,16.77,6.382,546,234
"2019-04-15 20:46:00.0",785673,5400,-111.7,14.04,14.1,0.243,0.244,4.043,12.0528,39.99,39.91,18.53,7.672,23.15,21.39,16.57,18.19,17.24,6.45,6.518,21.73,19.48,14.73,16.09,15.07,5.567,6.382,21.59,19.08,14.26,15.55,14.53,5.431,7.264,22.47,20.57,15.82,17.38,16.43,6.11,547,233
"2019-04-15 20:46:20.0",785674,5400,-111.7,13.97,14.04,0.241,0.243,4.061,12.0528,39.99,39.91,18.53,7.4,22.74,20.98,16.23,17.86,16.9,6.314,6.314,21.32,19.15,14.53,15.89,14.87,5.431,6.11,21.11,18.67,13.92,15.21,14.19,5.295,6.925,22.06,20.16,15.55,17.04,16.09,5.974,547,233
"2019-04-15 20:46:40.0",785675,5400,-111.6,13.91,13.97,0.24,0.241,4.079,12.0583,39.99,39.91,18.51,7.196,22.27,20.57,15.95,17.58,16.7,6.178,6.178,20.91,18.81,14.32,15.68,14.8,5.363,5.907,20.77,18.33,13.71,14.94,13.92,5.16,6.721,21.59,19.76,15.21,16.77,15.89,5.839,547,233
"2019-04-15 20:47:00.0",785676,5400,-111.6,13.84,13.9,0.239,0.24,4.097,12.0528,39.99,39.91,18.48,7.332,22.2,20.71,16.23,17.92,17.11,6.246,6.721,21.11,19.48,15.14,16.77,15.95,5.771,5.839,20.44,18.06,13.51,14.73,13.78,5.092,7.536,21.86,20.64,16.36,18.13,17.45,6.382,547,233
"2019-04-15 20:47:20.0",785677,5400,-111.5,13.78,13.84,0.238,0.239,4.116,12.0528,39.99,39.91,18.48,11.07,23.9,24.24,20.5,23.22,23.35,8.28,12.15,23.49,24.37,21.11,24.17,24.78,8.62,5.907,20.23,17.99,13.51,14.8,13.92,5.16,13.92,24.51,26.14,23.15,26.61,27.63,9.71,547,233
"2019-04-15 20:47:40.0",785678,5400,-111.5,13.71,13.77,0.237,0.238,4.134,12.0361,39.99,39.91,18.48,22.4,28.24,33.4,31.91,37.54,40.94,14.12,23.15,27.7,33.13,32.11,37.88,41.68,14.19,6.178,20.23,18.13,13.78,15.07,14.39,5.363,24.17,28.38,34.28,33.33,39.38,43.31,14.87,548,232
"2019-04-15 20:48:00.0",785679,5400,-111.4,13.64,13.71,0.236,0.237,4.153,12.0416,39.99,39.91,18.48,26,29.53,36.19,35.51,42.09,46.44,15.95,25.66,28.58,35.17,34.62,41.14,45.55,15.55,6.585,20.23,18.4,14.12,15.55,15,5.635,26.21,29.13,36.12,35.57,42.23,46.71,16.02,548,232
"2019-04-15 20:48:20.0",785680,5400,-111.4,13.58,13.64,0.235,0.236,4.172,12.0416,39.99,39.91,18.48,27.36,30.08,37.68,37.2,44.2,48.81,16.77,26.61,29.06,36.32,35.98,42.77,47.39,16.23,6.993,20.37,18.74,14.53,16.09,15.68,5.907,27.09,29.6,37.07,36.8,43.72,48.41,16.63,548,232
"2019-04-15 20:48:40.0",785681,5400,-111.3,13.51,13.58,0.234,0.235,4.191,12.0416,39.99,39.91,18.46,28.65,30.82,39.24,39.11,46.51,51.39,17.65,27.9,29.74,37.95,37.88,45.08,49.97,17.04,7.332,20.5,19.15,15,16.63,16.36,6.246,28.31,30.35,38.7,38.7,45.96,50.85,17.45,548,232
"2019-04-15 20:49:00.0",785682,5400,-111.3,13.45,13.51,0.233,0.234,4.21,12.0416,39.99,39.91,18.46,28.99,31.09,39.92,39.85,47.39,52.34,17.99,28.24,30.01,38.49,38.49,45.76,50.71,17.38,7.672,20.57,19.42,15.41,17.18,16.97,6.518,28.65,30.55,39.31,39.24,46.64,51.6,17.72,548,232
"2019-04-15 20:49:20.0",785683,5410,-111.2,13.38,13.45,0.231,0.233,4.229,12.0528,40.02,39.91,18.46,28.45,30.96,39.65,39.31,46.64,51.39,17.72,26.07,29.13,36.8,36.25,42.97,47.25,16.29,8.01,20.57,19.69,15.75,17.58,17.58,6.721,25.93,29.46,37.07,36.39,43.11,47.32,16.36,549,231
"2019-04-15 20:49:40.0",785684,5410,-111.2,13.32,13.38,0.23,0.231,4.249,12.0528,40.02,39.91,18.46,23.63,28.85,35.51,34.22,40.26,43.86,15.28,22.68,27.7,34.01,32.79,38.63,42.09,14.53,8.21,20.57,19.82,15.95,17.86,17.92,6.925,23.35,28.38,34.96,33.81,39.85,43.38,15.14,549,231
"2019-04-15 20:50:00.0",785685,5410,-111.1,13.25,13.32,0.229,0.23,4.269,12.0528,40.02,39.91,18.46,21.93,28.45,34.69,33.13,38.83,41.89,14.6,18.87,26.27,31.23,29.33,34.28,36.66,12.76,8.35,20.44,19.89,16.02,17.99,18.13,6.993,18.53,26.41,31.3,29.33,34.15,36.39,12.76,549,231
"2019-04-15 20:50:20.0",785686,5410,-111.1,13.18,13.25,0.228,0.229,4.289,12.0583,40.02,39.91,18.43,14.73,24.98,28.11,25.32,29.13,30.35,10.86,12.97,23.42,25.66,22.81,26.14,27.09,9.64,8.49,20.37,19.82,16.09,18.06,18.4,6.993,13.37,23.9,26.41,23.49,26.95,27.97,10.05,549,231
"2019-04-15 20:50:40.0",785687,5410,-111,13.12,13.18,0.227,0.228,4.309,12.0528,40.02,39.91,18.46,13.1,24.1,26.61,23.49,26.95,27.77,9.98,11.95,22.81,24.78,21.66,24.85,25.53,9.1,8.69,20.23,19.89,16.16,18.19,18.6,7.061,12.56,23.49,25.73,22.68,26,26.82,9.64,549,231
"2019-04-15 20:51:00.0",785688,5410,-111,13.05,13.12,0.226,0.227,4.329,12.0472,40.05,39.91,18.46,12.56,23.83,26.07,22.95,26.27,27.02,9.78,11.41,22.54,24.24,21.11,24.1,24.71,8.83,8.96,20.23,19.96,16.36,18.47,19.01,7.264,12.22,23.22,25.39,22.27,25.53,26.27,9.5,549,231
"2019-04-15 20:51:20.0",785689,5420,-110.9,12.99,13.05,0.225,0.226,4.35,12.0416,40.05,39.91,18.46,14.05,24.3,27.29,24.44,28.17,29.4,10.52,13.31,23.22,25.93,23.15,26.68,27.9,9.84,9.3,20.3,20.23,16.7,18.94,19.62,7.468,14.66,24.17,27.5,24.85,28.79,30.21,10.73,550,230
"2019-04-15 20:51:40.0",785690,5420,-110.9,12.92,12.99,0.224,0.225,4.371,12.0416,40.05,39.91,18.46,16.77,25.46,29.74,27.36,31.84,33.67,11.95,15.07,23.83,27.36,24.92,28.92,30.55,10.73,9.64,20.37,20.5,17.04,19.35,20.1,7.672,16.02,24.71,28.58,26.27,30.48,32.25,11.47,550,230
"2019-04-15 20:52:00.0",785691,5420,-110.8,12.85,12.92,0.222,0.224,4.392,12.0472,40.05,39.91,18.46,17.11,25.46,29.94,27.7,32.25,34.28,12.08,15.82,24.1,28.04,25.73,30.01,31.91,11.13,9.98,20.44,20.64,17.31,19.69,20.57,7.807,16.84,24.92,29.33,27.16,31.64,33.74,11.95,550,230
"2019-04-15 20:52:20.0",785692,5420,-110.8,12.79,12.86,0.221,0.222,4.413,12.0416,40.03,39.91,18.46,18.53,26,31.23,29.26,34.22,36.66,12.83,18.06,25.05,30.14,28.31,33.13,35.57,12.36,10.12,20.37,20.77,17.45,19.89,20.84,7.943,19.21,26,31.57,29.8,34.96,37.61,13.1,550,230
"2019-04-15 20:52:40.0",785693,5420,-110.7,12.72,12.79,0.22,0.221,4.434,12.0472,40.05,39.91,18.46,18.94,26.07,31.5,29.6,34.62,37.2,12.97,17.11,24.51,29.19,27.22,31.77,34.15,11.81,10.05,20.3,20.71,17.38,19.82,20.77,7.875,17.72,25.19,30.14,28.17,32.93,35.3,12.36,550,230
"2019-04-15 20:53:00.0",785694,5420,-110.7,12.65,12.72,0.219,0.22,4.456,12.0472,40.05,39.91,18.46,16.23,24.85,29.13,26.68,31.03,32.99,11.54,13.92,22.88,26.07,23.49,27.16,28.79,10.12,9.91,20.1,20.5,17.24,19.62,20.57,7.672,14.32,23.42,26.68,24.03,27.77,29.46,10.46,551,229
"2019-04-15 20:53:20.0",785695,5420,-110.6,12.59,12.66,0.218,0.219,4.478,12.0528,40.03,39.91,18.48,12.22,22.34,24.44,21.32,24.37,25.53,9.23,10.73,20.71,22.06,19.01,21.66,22.68,8.21,9.78,19.82,20.3,16.97,19.28,20.23,7.604,11.34,21.39,22.95,19.82,22.68,23.69,8.69,551,229
"2019-04-15 20:53:40.0",785696,5420,-110.6,12.52,12.59,0.217,0.218,4.5,12.0583,40.05,39.91,18.48,11.07,21.25,22.61,19.35,22.13,23.08,8.49,9.98,19.96,20.77,17.65,20.1,21.05,7.74,9.57,19.62,20.03,16.7,19.08,20.03,7.4,10.59,20.64,21.73,18.47,21.05,22.13,8.15,551,229
"2019-04-15 20:54:00.0",785697,5420,-110.5,12.46,12.53,0.216,0.217,4.522,12.0528,40.05,39.91,18.48,10.52,20.64,21.66,18.33,20.91,21.93,8.08,9.44,19.42,19.96,16.7,19.08,20.03,7.4,9.5,19.42,19.76,16.5,18.81,19.82,7.332,10.05,20.03,20.77,17.58,20.03,20.98,7.807,551,229
"2019-04-15 20:54:20.0",785698,5420,-110.5,12.39,12.46,0.215,0.216,4.545,12.0472,40.03,39.91,18.48,10.18,20.23,21.05,17.79,20.23,21.25,7.875,9.17,19.01,19.48,16.29,18.53,19.48,7.129,9.37,19.21,19.62,16.36,18.6,19.69,7.264,9.84,19.69,20.37,17.11,19.55,20.57,7.604,551,229
"2019-04-15 20:54:40.0",785699,5420,-110.4,12.32,12.4,0.213,0.215,4.568,12.0472,40.05,39.91,18.48,10.05,19.96,20.71,17.45,19.89,20.91,7.74,9.03,18.81,19.21,16.02,18.19,19.21,7.061,9.37,19.01,19.48,16.29,18.53,19.55,7.264,9.71,19.48,20.1,16.9,19.28,20.3,7.536,551,229
"2019-04-15 20:55:00.0",785700,5430,-110.4,12.26,12.33,0.212,0.214,4.591,12.0416,40.02,39.91,18.48,9.98,19.76,20.5,17.24,19.69,20.77,7.672,9.03,18.6,18.94,15.82,18.06,19.01,6.993,9.44,18.94,19.42,16.23,18.47,19.62,7.264,9.71,19.28,19.89,16.7,19.08,20.23,7.468,552,228
"2019-04-15 20:55:20.0",785701,5430,-110.3,12.19,12.26,0.211,0.212,4.614,12.0416,40.02,39.91,18.48,9.91,19.62,20.3,17.11,19.55,20.71,7.604,8.96,18.47,18.81,15.68,17.86,18.94,6.925,9.37,18.81,19.28,16.09,18.33,19.48,7.196,9.64,19.15,19.76,16.57,18.94,20.1,7.4,552,228
"2019-04-15 20:55:40.0",785702,5430,-110.3,12.13,12.2,0.21,0.211,4.637,12.0472,40.02,39.91,18.48,9.78,19.35,20.1,16.9,19.35,20.5,7.536,8.83,18.33,18.6,15.55,17.72,18.81,6.857,9.23,18.53,19.01,15.89,18.19,19.28,7.129,9.5,18.87,19.48,16.36,18.74,19.89,7.332,552,228
"2019-04-15 20:56:00.0",785703,5430,-110.2,12.06,12.13,0.209,0.21,4.661,12.0416,40.02,39.91,18.48,9.71,19.15,19.89,16.77,19.15,20.37,7.4,8.83,18.13,18.47,15.41,17.58,18.74,6.789,9.1,18.33,18.81,15.75,17.99,19.15,6.993,9.44,18.67,19.28,16.23,18.6,19.82,7.264,552,228
"2019-04-15 20:56:20.0",785704,5430,-110.2,11.99,12.07,0.208,0.209,4.685,12.0416,40.02,39.91,18.51,9.71,18.94,19.76,16.63,19.08,20.3,7.4,8.83,17.92,18.33,15.28,17.52,18.74,6.721,9.03,18.13,18.6,15.55,17.86,19.08,6.925,9.37,18.47,19.15,16.09,18.4,19.69,7.196,552,228
"2019-04-15 20:56:40.0",785705,5430,-110.1,11.93,12,0.207,0.208,4.709,12.0528,40.02,39.91,18.51,9.64,18.81,19.62,16.57,18.94,20.3,7.332,8.76,17.79,18.26,15.28,17.45,18.67,6.721,8.96,17.99,18.47,15.48,17.72,19.01,6.857,9.3,18.33,19.01,16.02,18.4,19.69,7.129,553,227
"2019-04-15 20:57:00.0",785706,5430,-110.1,11.86,11.93,0.206,0.207,4.734,12.0528,40.02,39.91,18.51,9.57,18.67,19.48,16.5,18.94,20.23,7.332,8.76,17.65,18.19,15.21,17.45,18.67,6.653,8.96,17.79,18.26,15.34,17.52,18.87,6.789,9.3,18.19,18.94,15.95,18.33,19.76,7.129,553,227
"2019-04-15 20:57:20.0",785707,5430,-110,11.79,11.87,0.204,0.206,4.759,12.0639,40.02,39.9,18.51,9.57,18.53,19.48,16.5,18.94,20.37,7.264,8.69,17.58,18.13,15.21,17.45,18.74,6.721,8.89,17.65,18.13,15.21,17.52,18.81,6.789,9.3,18.06,18.87,15.95,18.4,19.76,7.061,553,227
"2019-04-15 20:57:40.0",785708,5430,-110,11.73,11.8,0.203,0.205,4.784,12.0528,40.02,39.9,18.51,9.57,18.4,19.35,16.43,18.87,20.3,7.264,8.69,17.38,17.99,15.14,17.38,18.67,6.653,8.89,17.45,18.06,15.14,17.38,18.81,6.789,9.3,17.92,18.74,15.89,18.33,19.82,7.061,553,227
"2019-04-15 20:58:00.0",785709,5430,-109.9,11.66,11.74,0.202,0.203,4.809,12.0528,40.02,39.9,18.51,9.5,18.19,19.15,16.23,18.74,20.16,7.196,8.62,17.24,17.86,14.94,17.18,18.47,6.585,8.83,17.31,17.86,15,17.24,18.6,6.721,9.23,17.72,18.53,15.75,18.13,19.62,6.993,553,227
"2019-04-15 20:58:20.0",785710,5430,-109.9,11.59,11.67,0.201,0.202,4.835,12.0583,40.02,39.9,18.51,9.37,17.99,18.94,16.02,18.47,19.89,7.129,8.49,17.04,17.65,14.8,16.97,18.26,6.45,8.69,17.11,17.65,14.8,17.04,18.4,6.585,9.1,17.52,18.26,15.48,17.86,19.35,6.857,553,227
"2019-04-15 20:58:40.0",785711,5440,-109.8,11.53,11.6,0.2,0.201,4.861,12.0472,40.02,39.9,18.51,9.17,17.79,18.67,15.82,18.19,19.62,6.993,8.35,16.84,17.45,14.53,16.77,18.06,6.382,8.55,16.9,17.45,14.66,16.84,18.26,6.518,8.89,17.24,18.06,15.28,17.65,19.08,6.789,554,226
"2019-04-15 20:59:00.0",785712,5440,-109.8,11.46,11.54,0.199,0.2,4.887,12.0472,40.02,39.91,18.51,8.96,17.52,18.33,15.48,17.86,19.28,6.789,8.15,16.63,17.18,14.32,16.43,17.72,6.246,8.28,16.7,17.11,14.32,16.5,17.86,6.382,8.69,17.04,17.72,14.94,17.24,18.67,6.585,554,226
"2019-04-15 20:59:20.0",785713,5440,-109.7,11.4,11.47,0.198,0.199,4.913,12.0472,40.02,39.91,18.51,8.76,17.31,18.06,15.28,17.52,18.94,6.585,8.01,16.5,16.97,14.19,16.29,17.52,6.11,8.08,16.43,16.84,14.05,16.16,17.45,6.178,8.42,16.9,17.52,14.73,16.97,18.26,6.45,554,226
"2019-04-15 20:59:40.0",785714,5440,-109.7,11.33,11.41,0.196,0.198,4.94,12.0416,40.02,39.91,18.51,8.62,17.18,17.99,15.21,17.52,18.81,6.518,8.01,16.43,17.04,14.32,16.43,17.72,6.11,7.943,16.23,16.57,13.78,15.89,17.18,6.042,8.42,16.77,17.58,14.8,17.11,18.47,6.382,554,226
