"TOA5","","","1764","CR1000.Std.24","CPU:MFRSR_10012018V2.8.CR1","13574","TableHdr","PbCdlComm-1.6.0 (2016/01/26)"
"TIMESTAMP","RECORD","loggerID""headID""xpgmVerID""xlat""xlon""xSiteElev""xFULLREV""xCRXHSTEPS""xSCANseconds""xSCANnAvg""xSCANtrough""xHOMEoffset""xALLTIMEband"
"TS","RN","--""--""--""deg""deg""m""--""--""sec""--""--""--""--"
"","","Smp""Smp""Smp""Smp""Smp""Smp""Smp""Smp""Smp""Smp""Smp""Smp""Smp"
"2019-04-15 12:00:00.0",371,1764,180054423,2.8,-32.1259,-64.7287,1160,800,20,20,1,10,0,-1
"TOA5","","","1764","CR1000.Std.24","CPU:MFRSR_10012018V2.8.CR1","13574","Table155","PbCdlComm-1.6.0 (2016/01/26)"
"TIMESTAMP","RECORD","xoset""az""el""al""cosz""cosasz""pamass""vBat""Thead""THTC""Tlogger""Dnadir(1)""Dnadir(2)""Dnadir(3)""Dnadir(4)""Dnadir(5)""Dnadir(6)""Dnadir(7)""Deast(1)""Deast(2)""Deast(3)""Deast(4)""Deast(5)""Deast(6)""Deast(7)""Dsun(1)""Dsun(2)""Dsun(3)""Dsun(4)""Dsun(5)""Dsun(6)""Dsun(7)""Dwest(1)""Dwest(2)""Dwest(3)""Dwest(4)""Dwest(5)""Dwest(6)""Dwest(7)""kount""khome"
"TS","RN","sec""deg""deg""deg""--""--""--""Volt""degC""degC""degC""mV""mV""mV""mV""mV""mV""mV""mV""mV""mV""mV""mV""mV""mV""mV""mV""mV""mV""mV""mV""mV""mV""mV""mV""mV""mV""mV""mV""--""--"
"","","Smp""Smp""Smp""Smp""Smp""Smp""Smp""Smp""Smp""Smp""Smp""Smp""Smp""Smp""Smp""Smp""Smp""Smp""Smp""Smp""Smp""Smp""Smp""Smp""Smp""Smp""Smp""Smp""Smp""Smp""Smp""Smp""Smp""Smp""Smp""Smp""Smp""Smp""Smp""Smp""Smp"
"2019-04-15 17:00:00.0",784995,4490,-165.9,46.82,46.84,0.729,0.729,1.369,12.0479,40.08,39.91,17.31,65.47,151.9,159.7,144.1,154.2,153.4,106.2,65.06,147,155.6,141.3,151.5,151.5,105.1,20.71,74.57,67.71,55.08,57.05,57.66,33.07,63.91,144.5,152.4,138.3,148.3,148.4,102.7,421,359
"2019-04-15 17:00:20.0",784996,4490,-165.8,46.81,46.82,0.729,0.729,1.37,12.0535,40.08,39.91,17.34,34.16,103.8,100.3,85.2,89.3,88.1,55.62,21.12,80.1,73.76,60.17,62.07,61.19,35.45,20.44,74.91,67.92,55.15,57.05,57.32,32.6,22.68,81.6,75.79,62.55,64.93,64.38,37.83,421,359
"2019-04-15 17:00:40.0",784997,4500,-165.7,46.79,46.8,0.729,0.729,1.37,12.0478,40.08,39.93,17.36,74.02,160.5,170.6,155.6,167.3,167.8,116.9,68.8,150.5,159.7,145.4,156.1,156.3,108.3,21.32,76.06,69.27,56.5,58.68,59.36,34.02,60.17,137,142.8,128.6,137.6,137.9,94.1,422,358
"2019-04-15 17:01:00.0",784998,4500,-165.5,46.77,46.78,0.729,0.729,1.371,12.0422,40.08,39.91,17.39,76.06,165.6,176,160.3,172,171.8,120.2,75.04,160.5,171.8,157.1,169,169.2,118.3,22.07,77.08,70.29,57.18,59.22,60.03,34.5,76.33,161.8,173.2,158.8,170.5,171.1,119.9,422,358
"2019-04-15 17:01:20.0",784999,4500,-165.4,46.75,46.77,0.728,0.729,1.371,12.0478,40.08,39.91,17.41,77.01,167.9,178.3,162,173.6,173.1,121,75.72,162.7,173.9,158.6,170.3,170.3,118.8,21.87,77.35,70.43,57.11,59.08,59.7,34.23,75.59,162.6,173.7,158.3,169.9,169.8,118.6,422,358
"2019-04-15 17:01:40.0",785000,4500,-165.3,46.73,46.75,0.728,0.728,1.371,12.0478,40.08,39.91,17.44,76.74,166.9,177.1,160.9,172.5,172.2,119.9,75.79,162.2,173.3,158.3,169.9,169.9,118.4,21.8,77.22,70.15,56.84,58.74,59.42,33.96,75.25,161.6,172.5,157.2,168.8,168.8,117.6,422,358
"2019-04-15 17:02:00.0",785001,4500,-165.2,46.72,46.73,0.728,0.728,1.372,12.0422,40.08,39.91,17.46,77.28,168.4,179,162.4,173.9,173.2,120.7,76.33,163.1,174.7,159.3,171,170.8,119.2,21.94,76.74,69.75,56.5,58.34,59.08,33.68,75.79,162,173,157.9,169.4,169.4,118.4,422,358
"2019-04-15 17:02:20.0",785002,4500,-165.1,46.7,46.71,0.728,0.728,1.372,12.0476,40.08,39.95,17.49,78.1,167.3,178,162,173.6,173.7,121.3,76.94,161.2,172.6,157.9,169.6,170.2,119,22.55,76.81,69.95,56.91,58.88,59.76,34.29,75.18,158.3,168.6,153.7,165.2,166.1,116.1,422,358
"2019-04-15 17:02:40.0",785003,4500,-165,46.68,46.7,0.728,0.728,1.373,12.0588,40.08,39.95,17.51,77.35,164.5,174.8,159.2,170.7,170.9,119.2,74.29,157.2,167.8,153.1,164.4,164.8,114.8,23.09,76.81,70.22,57.38,59.42,60.24,34.91,70.56,153.3,162.4,147,157.3,157.2,109,423,357
"2019-04-15 17:03:00.0",785004,4500,-164.8,46.66,46.68,0.727,0.727,1.373,12.0588,40.08,39.95,17.54,78.98,162.2,173.5,159.2,171.4,173.2,121.2,79.93,162.5,176,162.8,175.7,177,124.2,23.56,76.74,70.36,57.66,59.83,60.85,35.45,78.64,161.8,174.3,160.7,173.3,174.3,122.3,423,357
"2019-04-15 17:03:20.0",785005,4500,-164.7,46.64,46.66,0.727,0.727,1.374,12.0532,40.1,39.95,17.59,30.08,96.1,91.6,76.74,79.93,78.71,48.35,28.18,88.5,84.5,71.1,74.16,73.68,44.96,23.84,76.87,70.97,58.47,60.78,61.46,35.92,28.45,89.6,85.2,71.51,74.7,74.16,45.43,423,357
"2019-04-15 17:03:40.0",785006,4500,-164.6,46.62,46.64,0.727,0.727,1.374,12.0588,40.1,39.95,17.62,35.11,103,100.2,85.2,89.3,88.3,55.89,29.68,91.4,88.1,74.7,78.1,77.49,47.94,24.24,77.28,71.71,59.35,61.8,62.41,36.74,29.47,91.4,88,74.43,77.89,77.28,47.74,423,357
"2019-04-15 17:04:00.0",785007,4500,-164.5,46.61,46.62,0.727,0.727,1.374,12.0587,40.1,39.95,17.64,36.4,106,104.1,89.2,93.7,92.5,59.15,32.53,95.1,92.5,78.84,82.5,81.8,51.34,25.19,77.82,72.8,60.64,63.29,63.97,38.03,30.69,91.5,88.4,75.11,78.77,78.57,48.96,423,357
"2019-04-15 17:04:20.0",785008,4510,-164.4,46.59,46.6,0.726,0.727,1.375,12.0531,40.1,39.93,17.69,28.73,85.6,81.2,68.25,71.37,71.92,43.8,25.67,78.1,73.55,61.59,64.31,65.33,38.91,25.47,78.03,73.41,61.46,64.17,64.99,38.78,26.21,78.91,74.36,62.48,65.33,66.21,39.86,424,356
"2019-04-15 17:04:40.0",785009,4510,-164.3,46.57,46.58,0.726,0.726,1.375,12.042,40.1,39.91,17.72,28.52,84.9,80.6,67.98,71.17,71.98,43.8,26.01,78.1,73.88,62.27,65.12,66.41,39.79,25.26,77.21,72.73,61.05,63.83,64.85,38.64,26.28,78.84,74.5,62.68,65.6,66.62,40.27,424,356
"2019-04-15 17:05:00.0",785010,4510,-164.1,46.55,46.56,0.726,0.726,1.376,12.0476,40.1,39.91,17.74,28.25,84.1,80,67.5,70.76,71.71,43.46,25.94,77.96,73.95,62.41,65.4,66.62,39.86,25.47,77.14,72.73,61.19,63.97,65.12,38.91,25.94,78.5,74.36,62.68,65.67,66.62,40.07,424,356
"2019-04-15 17:05:20.0",785011,4510,-164,46.53,46.54,0.726,0.726,1.376,12.042,40.1,39.91,17.77,28.93,87.6,84.1,71.37,74.77,75.31,45.91,27.03,82,78.71,66.89,70.15,70.9,42.99,25.06,76.6,72.19,60.71,63.56,64.79,38.64,26.48,81.6,78.1,66.21,69.4,70.01,42.38,424,356
"2019-04-15 17:05:40.0",785012,4510,-163.9,46.51,46.52,0.725,0.726,1.377,12.0475,40.07,39.91,17.82,29.27,87.6,84.5,72.05,75.65,76.53,46.79,28.25,85.8,82.8,70.62,74.09,74.56,45.77,25.06,76.06,71.85,60.51,63.36,64.85,38.57,27.84,85.6,82.5,70.15,73.54,73.88,45.16,424,356
"2019-04-15 17:06:00.0",785013,4510,-163.8,46.49,46.51,0.725,0.725,1.377,12.0475,40.07,39.91,17.84,29.74,92.2,89.3,75.78,79.38,79.11,48.62,30.02,91.2,88.9,75.99,79.72,79.38,49.3,24.85,75.92,71.71,60.44,63.36,64.85,38.57,29.61,89.2,86.7,73.82,77.41,77.28,47.74,424,356
"2019-04-15 17:06:20.0",785014,4520,-163.7,46.47,46.49,0.725,0.725,1.377,12.0531,40.07,39.91,17.87,28.25,85.2,82,69.74,73.2,74.22,45.29,25.4,78.23,74.49,63.02,66.01,67.16,40.41,24.92,75.99,71.85,60.57,63.49,64.99,38.78,25.47,77.82,74.02,62.75,65.8,67.23,40.47,425,355
"2019-04-15 17:06:40.0",785015,4520,-163.6,46.45,46.46,0.725,0.725,1.378,12.0531,40.07,39.91,17.89,27.37,83.2,79.38,67.16,70.35,71.3,43.33,24.85,77.08,73,61.46,64.24,65.33,39.18,24.45,75.38,71.03,59.69,62.41,63.7,38.03,24.79,76.87,72.8,61.32,64.24,65.4,39.25,425,355
"2019-04-15 17:07:00.0",785016,4520,-163.5,46.43,46.44,0.725,0.725,1.378,12.0586,40.07,39.91,17.92,27.3,83.2,79.18,66.96,70.08,70.9,43.26,25.26,77.55,73.41,61.8,64.72,65.73,39.73,24.31,75.38,70.9,59.42,62.07,63.22,37.82,24.58,76.67,72.53,61.12,64.04,65.12,39.18,425,355
"2019-04-15 17:07:20.0",785017,4520,-163.3,46.41,46.42,0.724,0.724,1.379,12.053,40.07,39.91,17.95,28.05,86.2,82.6,70.08,73.41,73.68,45.43,26.21,82,78.43,66.28,69.33,69.4,42.51,24.11,75.31,70.62,59.01,61.59,62.68,37.48,25.87,82.3,78.7,66.55,69.74,69.74,42.58,425,355
"2019-04-15 17:07:40.0",785018,4520,-163.2,46.39,46.4,0.724,0.724,1.379,12.0586,40.07,39.91,17.97,38.03,107.3,106.4,92,97.1,96.1,62.41,49.16,119.5,122.6,108.9,116.1,115.6,77.96,24.51,75.78,70.96,59.28,61.93,63.02,37.89,63.49,138.3,146,132.9,142.9,144,99.4,425,355
"2019-04-15 17:08:00.0",785019,4520,-163.1,46.37,46.38,0.724,0.724,1.38,12.0474,40.07,39.91,18.02,79.99,160.1,172.4,159.1,171.7,173.4,121.8,80.9,158.5,172,159.4,172.3,174,122.5,25.8,77.48,72.59,60.71,63.49,64.65,39.39,83.3,160.1,174.4,162.5,175.8,178.4,126,426,354
"2019-04-15 17:08:20.0",785020,4520,-163,46.35,46.36,0.724,0.724,1.38,12.0474,40.07,39.91,18.05,72.59,152.5,162,147.7,158.6,159.2,110.9,70.96,148,157.3,143.1,153.6,153.6,106.6,26.42,78.98,73.95,61.66,64.38,65.26,39.73,67.97,144.2,152.9,139.2,149.7,150.3,104.2,426,354
"2019-04-15 17:08:40.0",785021,4520,-162.9,46.33,46.34,0.723,0.723,1.381,12.0474,40.07,39.91,18.05,72.18,157.1,165.9,149.7,160.1,158.8,110,63.22,141.9,148.9,133.6,142.6,141.2,96.6,27.03,80.7,75.65,62.95,65.73,66.28,40.4,62.47,140.2,147,132.3,141.4,140.6,96.4,426,354
"2019-04-15 17:09:00.0",785022,4520,-162.8,46.31,46.32,0.723,0.723,1.381,12.0474,40.07,39.91,18.1,79.99,163.7,174.2,158.6,170.3,170.6,119.2,82.2,162,174.5,160.2,172.7,174,121.8,28.18,82.1,77.14,64.37,67.23,68.11,41.83,82.9,162.1,174.7,160.8,173.6,175,122.8,426,354
"2019-04-15 17:09:20.0",785023,4520,-162.7,46.29,46.3,0.723,0.723,1.382,12.0474,40.07,39.92,18.1,86,167.9,180.6,166.2,179.2,181.2,126.8,83.2,159.8,172.6,159.6,172.5,175.1,122.5,28.86,83,78.3,65.46,68.38,69.47,42.64,84,161.1,174.2,161.3,174.4,177.2,123.9,426,354
"2019-04-15 17:09:40.0",785024,4530,-162.5,46.26,46.28,0.723,0.723,1.382,12.0585,40.07,39.94,18.15,41.02,112.6,111,95,99.7,97.9,63.08,33.75,100,97.6,82.8,86.7,85.5,53.85,28.11,82.8,78.09,65.33,68.18,68.99,41.97,34.09,100.6,98.3,83.8,87.9,86.6,54.6,427,353
"2019-04-15 17:10:00.0",785025,4530,-162.4,46.24,46.26,0.722,0.722,1.383,12.0529,40.07,39.92,18.15,39.79,113.1,111.8,95.9,100.5,98.6,63.08,36.06,104.2,102.9,88.1,92.4,91,57.72,28.25,82.7,78.36,65.73,68.79,69.81,42.37,37.96,106.8,106.3,91.8,96.7,95.5,61.05,427,353
"2019-04-15 17:10:20.0",785026,4530,-162.3,46.22,46.24,0.722,0.722,1.383,12.0585,40.08,39.94,18.2,54.32,132.6,135.5,119.2,126.6,126.1,84.1,47.6,120,122,106.8,113,112.2,73.88,27.98,82.2,77.75,65.12,68.11,69.33,42.03,57.99,132.2,137.4,122.8,131,131.7,88.6,427,353
"2019-04-15 17:10:40.0",785027,4530,-162.2,46.2,46.22,0.722,0.722,1.384,12.0585,40.09,39.92,18.2,76.26,156.1,166,151.5,163,165.1,113.8,83.3,160.5,173.5,160.3,173.1,176.2,122.4,28.59,82.4,78.16,65.53,68.58,70.35,42.71,85.1,161.5,175.3,162.7,176,179.5,124.9,427,353
"2019-04-15 17:11:00.0",785028,4530,-162.1,46.18,46.19,0.721,0.722,1.384,12.0585,40.09,39.92,18.25,81.6,160.1,171.3,157.1,169.2,172.3,119.4,82.3,157.1,169.4,156.2,168.5,172.1,119.2,29.06,82.8,78.63,65.87,68.86,70.69,42.98,83.9,158.9,171.8,158.7,171.3,175.1,121.6,427,353
"2019-04-15 17:11:20.0",785029,4530,-162,46.16,46.17,0.721,0.721,1.385,12.0585,40.09,39.94,18.25,85.2,166.4,178.5,163.6,176.1,178.6,124.1,83,159.6,172.3,158.8,171.3,174.5,121.1,28.86,83.2,78.84,65.87,68.65,70.55,42.64,83.8,160.6,173.4,160.1,172.7,175.9,122.2,427,353
"2019-04-15 17:11:40.0",785030,4540,-161.8,46.13,46.15,0.721,0.721,1.385,12.0473,40.09,39.94,18.3,85.8,169.2,182.5,167.5,180.2,182.2,126.1,84.4,163.7,177.8,164,177,179.5,124.1,28.66,83.3,78.97,65.94,68.72,70.69,42.51,84.7,164.3,178.4,164.5,177.4,180.2,124.6,428,352
"2019-04-15 17:12:00.0",785031,4540,-161.7,46.11,46.13,0.721,0.721,1.386,12.0418,40.09,39.94,18.33,86.6,169.7,183,167.9,180.9,183.5,126.8,85.2,163.9,178.1,164.3,177.3,180.5,124.6,29.13,83.7,79.52,66.61,69.47,71.91,43.19,85.4,164.3,178.5,164.7,177.4,180.6,125,428,352
"2019-04-15 17:12:20.0",785032,4540,-161.6,46.09,46.1,0.72,0.721,1.386,12.0473,40.1,39.94,18.38,87.5,169.2,182.9,168.3,181.4,184.8,127.5,85.6,162.6,176.8,163.8,177,180.8,124.6,29.81,84.1,80.4,67.56,70.55,73.27,43.93,85.8,162.1,176.4,163.5,176.7,180.8,124.6,428,352
"2019-04-15 17:12:40.0",785033,4540,-161.5,46.07,46.08,0.72,0.72,1.387,12.0473,40.1,39.94,18.4,87.7,165.5,179.1,165.5,178.7,183.3,126.1,85.4,158.8,172.9,160.5,173.7,178.6,122.8,30.15,84,80.8,68.24,71.37,74.42,44.48,85.1,158.8,172.8,160.1,173,177.7,122.4,428,352
"2019-04-15 17:13:00.0",785034,4540,-161.4,46.04,46.06,0.72,0.72,1.387,12.0473,40.13,39.94,18.43,87.1,163,177,163.8,177,181.9,125.1,85.4,158,172.9,161,174,179.1,122.8,31.3,84.9,82.5,70.35,73.81,77.07,46.31,85.5,158.6,173.4,161.4,174.4,179.1,123,428,352
"2019-04-15 17:13:20.0",785035,4550,-161.3,46.02,46.04,0.72,0.72,1.388,12.0585,40.13,39.94,18.46,73.95,152.5,164.1,150.7,162,166.1,112.6,71.7,145.3,157,144.7,155.8,159.6,108.1,32.8,85.7,84,72.38,76.25,80.1,48.35,71.16,143.6,154.6,142.3,153.3,157,106.1,429,351
"2019-04-15 17:13:40.0",785036,4550,-161.2,46,46.01,0.719,0.72,1.388,12.0585,40.13,39.94,18.48,43.53,114.8,117,102.7,108.8,110.3,69.94,41.69,109.9,112.8,99.4,105.1,106.6,67.36,32.19,85.2,84,72.59,76.66,80.4,48.28,38.57,104.8,106.5,93.3,98.5,100.1,62.54,429,351
"2019-04-15 17:14:00.0",785037,4550,-161.1,45.98,45.99,0.719,0.719,1.389,12.0529,40.12,39.94,18.53,37.07,102.7,103,89.4,94.2,96.1,59.35,34.43,95.3,95.4,82.6,87,89,54.46,31.71,84.9,83.7,72.45,76.46,80.2,48.07,35.58,97.4,97.8,85.1,89.7,91.7,56.49,429,351
"2019-04-15 17:14:20.0",785038,4550,-160.9,45.95,45.97,0.719,0.719,1.389,12.0584,40.12,39.94,18.56,35.51,97.4,97,84,88.4,90.9,55.75,32.19,88.1,87.4,75.51,79.51,82.4,49.64,31.91,85.3,84.4,73.06,77.14,80.6,48.41,32.25,88.5,87.8,75.98,80.1,83,50.18,429,351
"2019-04-15 17:14:40.0",785039,4550,-160.8,45.93,45.95,0.718,0.719,1.39,12.0584,40.12,39.94,18.58,35.58,95.9,95.3,82.6,87.1,89.8,55.07,32.8,88.3,87.6,75.78,79.85,82.8,50.11,32.12,85.4,84.4,73.06,77,80.4,48.48,32.73,88.8,87.9,76.05,80.2,83,50.38,429,351
"2019-04-15 17:15:00.0",785040,4550,-160.7,45.91,45.92,0.718,0.718,1.39,12.0529,40.12,39.94,18.61,36.4,97.6,97.2,84.2,88.7,91.1,56.16,33.48,90.2,89.5,77.27,81.4,83.9,51.13,32.19,85.6,84.3,72.86,76.8,79.92,48.35,33.68,91.6,90.9,78.56,82.8,85.1,52.08,429,351
"2019-04-15 17:15:20.0",785041,4550,-160.6,45.88,45.9,0.718,0.718,1.391,12.0473,40.12,39.92,18.64,37.96,100.8,100.4,86.8,91.5,93.2,58.26,35.51,93.6,92.8,80.3,84.5,86.6,53.51,32.39,86.2,84.7,73.13,77.2,79.85,48.62,35.99,95,94.4,81.8,86.2,88.1,54.87,430,350
"2019-04-15 17:15:40.0",785042,4550,-160.5,45.86,45.88,0.718,0.718,1.392,12.0473,40.11,39.91,18.69,35.51,94.3,93,80.3,84.5,86.5,53.78,32.25,86,84.1,72.31,76.12,78.36,48.01,32.46,86.2,84.4,72.65,76.59,78.83,48.41,32.93,87.3,85.7,73.81,77.81,80.1,49.5,430,350
"2019-04-15 17:16:00.0",785043,4550,-160.4,45.84,45.85,0.717,0.718,1.392,12.0473,40.09,39.91,18.71,34.9,92.4,90.3,77.54,81.6,83.2,51.74,32.25,85.5,83.2,71.29,75.03,76.73,47.19,32.32,85.5,83.2,71.36,75.17,76.93,47.53,32.05,85.6,83.2,71.23,74.96,76.73,47.39,430,350
"2019-04-15 17:16:20.0",785044,4550,-160.3,45.81,45.83,0.717,0.717,1.393,12.0473,40.09,39.91,18.74,34.83,92.5,89.9,76.86,80.9,81.8,50.99,32.73,86.8,84.3,72.11,75.91,76.93,47.67,31.44,83.5,80.6,68.71,72.31,73.6,45.43,32.46,86.8,84.1,71.91,75.71,76.66,47.6,430,350
"2019-04-15 17:16:40.0",785045,4550,-160.1,45.79,45.8,0.717,0.717,1.393,12.0473,40.09,39.91,18.77,34.49,92.3,89.7,76.59,80.7,80.8,50.52,32.18,86.8,84.1,71.84,75.57,75.78,47.12,29.94,80.7,77.13,65.39,68.71,69.67,42.71,32.05,87.1,84.3,71.97,75.71,75.78,47.12,430,350
"2019-04-15 17:17:00.0",785046,4560,-160,45.76,45.78,0.716,0.717,1.394,12.0584,40.09,39.91,18.79,37.75,101,98.8,84.3,88.5,86.9,55.13,34.22,91.7,89.3,76.18,80.1,79.17,49.77,28.52,78.22,73.94,62.4,65.52,65.93,40.13,32.12,88.1,84.9,72.11,75.78,74.96,46.85,431,349
"2019-04-15 17:17:20.0",785047,4560,-159.9,45.74,45.76,0.716,0.716,1.394,12.0528,40.09,39.92,18.82,29.67,82.6,77.88,65.32,68.37,68.17,41.76,26.62,75.64,70.82,59.21,61.86,61.99,37.48,26.55,75.16,70.21,58.53,61.18,61.31,37.07,26.62,75.84,70.75,59.07,61.79,61.65,37.41,431,349
"2019-04-15 17:17:40.0",785048,4560,-159.8,45.72,45.73,0.716,0.716,1.395,12.0584,40.09,39.91,18.84,28.04,82.1,77.13,64.3,67.15,66.27,40.47,26.48,77.74,72.92,60.9,63.55,62.87,38.29,24.44,72.45,66.81,55.27,57.58,57.24,34.36,25.39,76.52,71.36,59.28,61.86,60.9,36.94,431,349
"2019-04-15 17:18:00.0",785049,4560,-159.7,45.69,45.71,0.716,0.716,1.396,12.0584,40.09,39.91,18.87,30.76,88.5,84.2,70.75,74.01,72.38,45.42,30.42,84.9,81,68.44,71.7,70.48,44.47,24.04,71.36,65.59,54.18,56.56,56.22,33.95,28.65,82,77.61,65.25,68.31,67.08,41.76,431,349
"2019-04-15 17:18:20.0",785050,4560,-159.6,45.67,45.68,0.715,0.715,1.396,12.0584,40.09,39.91,18.89,28.99,85.4,80.7,67.56,70.68,68.92,43.18,32.79,90.4,87.5,74.62,78.63,76.79,49.63,23.83,70.95,64.84,53.3,55.54,55.13,33.54,40.4,101.5,100.6,87.5,92.8,91.1,60.43,431,349
"2019-04-15 17:18:40.0",785051,4570,-159.5,45.64,45.66,0.715,0.715,1.397,12.0473,40.09,39.91,18.92,83.1,154.4,166.6,154.3,167.1,168,119.2,82.6,151.2,164,152.5,165.1,166.1,117.9,24.17,71.23,64.84,53.16,55.47,55.2,33.95,74.01,141.6,150.5,137.7,148,147.3,103.4,432,348
"2019-04-15 17:19:00.0",785052,4570,-159.4,45.62,45.63,0.715,0.715,1.397,12.0417,40.09,39.91,18.95,36.8,100.4,97.4,83,87.3,84.5,55.74,48.34,113.1,115.2,102,109,107.5,73.33,23.76,71.43,64.64,52.69,54.86,54.11,33.41,60.84,130,135.2,121.7,130.4,128.9,89.6,432,348
"2019-04-15 17:19:20.0",785053,4570,-159.3,45.59,45.61,0.714,0.715,1.398,12.0472,40.09,39.91,18.97,38.5,104.6,101.8,86.6,91,87.2,57.92,29.54,88.8,84.3,70.34,73.33,69.93,45.08,23.22,71.36,64.16,52.01,53.98,52.69,32.59,30.55,89.6,85.1,71.16,74.35,71.16,46.1,432,348
"2019-04-15 17:19:40.0",785054,4570,-159.1,45.57,45.58,0.714,0.714,1.399,12.0417,40.09,39.91,19,66.54,135.1,140.1,126,135.2,134.4,94.2,65.45,132.9,139,125.5,134.8,133.4,93.8,22.61,70.34,62.74,50.45,52.28,50.99,31.64,60.77,128.7,133.2,119.1,127.2,124.7,86.8,432,348
"2019-04-15 17:20:00.0",785055,4570,-159,45.54,45.56,0.714,0.714,1.399,12.0472,40.09,39.91,19,59.88,131.4,134.8,119.5,127.3,124.3,86.7,54.79,122.1,124.9,110.5,117.5,114.4,79.44,21.46,69.12,60.97,48.55,50.04,48.41,29.87,39.86,102.7,100.6,86,90.4,86.7,58.32,432,348
"2019-04-15 17:20:20.0",785056,4570,-158.9,45.52,45.53,0.713,0.714,1.4,12.0472,40.09,39.91,19.02,46.78,114.9,114.2,99,104.9,101.6,70.27,75.98,146.5,155.4,141.8,152.8,151.7,109.1,21.32,68.51,60.09,47.6,49.02,47.39,29.47,75.98,143.1,151.3,138.2,149,148.6,106.9,432,348
"2019-04-15 17:20:40.0",785057,4570,-158.8,45.49,45.51,0.713,0.713,1.4,12.0528,40.1,39.92,19.05,65.45,135.4,140.2,125.7,134.5,132.4,94.3,63.96,133.3,138.8,124.7,133.6,131,93.1,20.3,67.69,59,46.37,47.59,45.69,28.31,62.8,132.1,136.6,121.9,130.2,126.9,90,433,347
"2019-04-15 17:21:00.0",785058,4570,-158.7,45.46,45.48,0.713,0.713,1.401,12.0639,40.1,39.92,19.08,44.47,115.4,113.8,97.6,102.7,97.8,67.42,41.35,106.7,105.4,90.8,95.7,91.9,63.21,19.21,66.94,57.98,45.35,46.51,44.2,27.29,53.09,120.2,122.1,107.6,114.6,111.6,78.42,433,347
"2019-04-15 17:21:20.0",785059,4570,-158.6,45.44,45.45,0.713,0.713,1.402,12.0584,40.1,39.94,19.1,80.1,152.2,160.7,146.3,157.4,156,112.4,73.87,140.8,148.8,135.4,145.8,144.6,103.7,19.76,67.35,58.19,45.42,46.51,44.34,27.7,78.42,145.8,154.9,141.7,152.8,152.1,109.6,433,347
"2019-04-15 17:21:40.0",785060,4570,-158.5,45.41,45.43,0.712,0.712,1.402,12.0584,40.1,39.94,19.13,79.57,150.9,159.3,144.9,156,154.8,111.3,67.01,134.2,140.1,126.3,135.7,133.7,95.2,19.55,67.62,58.39,45.42,46.44,44.06,27.5,75.7,143.9,151.8,138.2,148.8,147.8,106.3,433,347
"2019-04-15 17:22:00.0",785061,4570,-158.4,45.39,45.4,0.712,0.712,1.403,12.0584,40.1,39.94,19.15,77.88,151.5,159.1,144,154.8,152.9,109.8,69.25,138.1,143.7,128.9,137.4,133.9,94.6,19.96,68.71,59.82,46.92,48.07,45.49,28.58,50.85,119.5,121,106.5,113.4,109.8,76.86,433,347
"2019-04-15 17:22:20.0",785062,4580,-158.3,45.36,45.38,0.712,0.712,1.403,12.0472,40.1,39.94,19.21,26.21,89.4,81.9,65.93,67.89,62.46,40.74,23.7,81.2,74.07,59.68,61.38,56.76,36.53,19.83,68.78,59.82,46.92,48.14,45.49,28.52,27.77,87.9,82.2,67.76,70.61,66.33,43.93,434,346
"2019-04-15 17:22:40.0",785063,4580,-158.1,45.33,45.35,0.711,0.711,1.404,12.0472,40.1,39.94,19.23,73.94,148.6,155.1,139.3,149.2,146.4,105,48.21,113,112.3,97.1,102.2,97.9,67.62,20.23,68.51,59.61,46.71,47.87,45.49,28.52,37.27,101,97.8,83.1,87.3,83.1,56.56,434,346
"2019-04-15 17:23:00.0",785064,4580,-158,45.31,45.32,0.711,0.711,1.405,12.0472,40.13,39.94,19.23,41.35,108,105,89.2,93.6,89.1,60.97,23.36,80.2,73.19,58.93,60.63,56.22,36.12,19.76,67.56,58.59,45.83,46.98,44.61,27.7,22.61,79.23,71.83,57.71,59.48,55.13,35.37,434,346
"2019-04-15 17:23:20.0",785065,4580,-157.9,45.28,45.3,0.711,0.711,1.405,12.0472,40.13,39.94,19.26,39.04,104.6,100.8,85.1,89.1,84.7,57.57,37.07,97.8,94.3,79.71,83.5,79.64,53.98,20.03,66.81,57.91,45.35,46.51,44.2,27.57,45.42,109,108.4,94.2,100.1,97.3,67.69,434,346
"2019-04-15 17:23:40.0",785066,4580,-157.8,45.25,45.27,0.71,0.71,1.406,12.0472,40.13,39.94,19.28,79.84,149.2,157.2,143.2,154,153.2,110,64.36,128.4,133.1,119.4,127.9,125.9,89.2,19.83,66.27,57.37,44.88,45.96,43.86,27.29,48.21,109.3,108.6,94.5,99.9,96.9,66.88,434,346
"2019-04-15 17:24:00.0",785067,4580,-157.7,45.23,45.24,0.71,0.71,1.407,12.0472,40.13,39.94,19.31,62.8,132.6,135.4,119.5,127.2,123.7,87.2,30.48,88.3,83.3,69.12,71.97,67.83,44.81,18.87,65.45,56.56,44,44.95,42.57,26.07,34.01,93.8,89.9,75.63,79.3,75.23,50.51,434,346
"2019-04-15 17:24:20.0",785068,4600,-157.6,45.2,45.22,0.71,0.71,1.407,12.0584,40.13,39.92,19.34,34.01,95.5,90.7,75.63,78.96,74.62,49.83,46.37,109.1,109.1,95.1,100.8,97.6,67.42,19.42,65.31,56.69,44.33,45.49,43.25,26.55,55.33,120.2,122.3,108.2,115.3,112.5,78.82,435,345
"2019-04-15 17:24:40.0",785069,4600,-157.5,45.17,45.19,0.709,0.709,1.408,12.0584,40.13,39.92,19.36,53.84,120.6,121.5,106.3,112.8,109.4,76.45,54.65,117.8,119.8,105.5,112.2,109.5,76.58,20.23,65.11,56.9,44.95,46.24,44.4,27.36,61.78,125.4,129.5,116,124.4,122.9,87.3,435,345
"2019-04-15 17:25:00.0",785070,4600,-157.4,45.15,45.16,0.709,0.709,1.409,12.0584,40.13,39.94,19.39,82.8,152.1,162.3,148.6,160.2,159.3,114.7,78.69,143.9,153.7,140.9,152.2,151.2,108.8,20.23,64.3,56.15,44.4,45.69,44.2,27.16,80.4,146.2,156.4,143.9,155.3,154.7,111.4,435,345
"2019-04-15 17:25:20.0",785071,4600,-157.3,45.12,45.14,0.709,0.709,1.409,12.0584,40.13,39.94,19.42,42.84,108.1,106.7,91.7,96.5,92.2,62.33,33.27,93.1,89.8,75.91,79.3,75.23,49.56,19.01,63.21,55.13,43.59,44.81,42.98,25.87,31.43,90.8,86.9,73.05,76.18,71.9,47.12,435,345
"2019-04-15 17:25:40.0",785072,4600,-157.2,45.09,45.11,0.708,0.708,1.41,12.0584,40.13,39.94,19.44,45.96,110.9,110.6,96.1,101.6,97.9,66.81,56.22,119.6,123.1,109.8,117.5,115,80.2,19.69,63.14,55.47,44.13,45.56,44.27,26.75,63,127.8,133.6,120.5,129.5,127.6,89.7,435,345
"2019-04-15 17:26:00.0",785073,4600,-157,45.06,45.08,0.708,0.708,1.411,12.0472,40.13,39.94,19.47,66.6,133.6,139.1,125.1,134.1,132.1,92.9,45.83,105.4,105.5,91.7,97.2,93.6,64.09,19.49,62.87,55.2,43.93,45.28,43.86,26.34,43.25,103.9,103.2,89.1,94.2,90.2,61.31,436,344
"2019-04-15 17:26:20.0",785074,4600,-156.9,45.04,45.05,0.708,0.708,1.411,12.0472,40.13,39.94,19.49,24.1,78.48,72.03,58.52,60.43,57.03,35.58,22.13,72.03,65.65,53.3,54.99,52.28,32.32,20.03,63.14,55.74,44.61,46.1,45.01,27.02,21.93,71.97,65.65,53.5,55.33,52.69,32.52,436,344
"2019-04-15 17:26:40.0",785075,4600,-156.8,45.01,45.02,0.707,0.707,1.412,12.0472,40.13,39.94,19.52,29.67,86.6,81.7,68.16,71.15,68.1,43.93,31.43,86.4,82.7,69.79,73.05,70.54,46.03,21.73,64.57,57.64,46.64,48.27,47.59,28.92,34.01,90.3,87.4,74.41,78.35,75.63,49.7,436,344
"2019-04-15 17:27:00.0",785076,4610,-156.7,44.98,45,0.707,0.707,1.413,12.0472,40.13,39.94,19.55,42.77,105.6,105,91,96.1,93.2,62.67,46.57,107.1,107.9,94.4,99.9,97.4,66.13,24.37,67.42,61.31,50.38,52.55,52.35,32.39,44.54,104.9,105.4,92.3,97.8,95.3,64.23,436,344
"2019-04-15 17:27:20.0",785077,4610,-156.6,44.95,44.97,0.707,0.707,1.413,12.0472,40.12,39.92,19.55,67.42,136.1,142.6,128.7,138,136.7,95.5,69.73,134.7,142.4,129.3,138.8,138.3,96.9,27.9,71.56,66.2,55.2,57.98,58.39,36.8,69.39,133.6,141.2,128.6,138.2,138,96.6,436,344
"2019-04-15 17:27:40.0",785078,4610,-156.5,44.93,44.94,0.706,0.706,1.414,12.0584,40.12,39.92,19.6,85.9,154.5,165.8,152.3,164.5,165.7,117.7,77.19,142.1,151.7,138.8,149.6,150.4,106.1,30.42,75.36,70.61,59.34,62.39,63.34,40.12,78.89,143.1,153.1,140.4,151.5,152.7,107.9,437,343
"2019-04-15 17:28:00.0",785079,4610,-156.4,44.9,44.91,0.706,0.706,1.415,12.0584,40.12,39.94,19.6,83.6,152.8,163.4,149.4,161,162.4,114.6,88.1,154,166.9,154.3,166.7,168.6,119.5,31.84,78.21,73.94,62.26,65.45,66.74,42.23,91,156.5,170.3,157.9,171.1,173.9,123.6,437,343
"2019-04-15 17:28:20.0",785080,4610,-156.3,44.87,44.88,0.705,0.706,1.415,12.0584,40.12,39.94,19.63,94.9,165,179.1,165.6,179,181.5,128.7,90.9,157,170.6,158.1,171,173.6,122.7,32.86,80.3,76.45,64.57,67.76,69.52,43.79,92.6,158,172,159.9,173.1,176.5,124.9,437,343
"2019-04-15 17:28:40.0",785081,4610,-156.2,44.84,44.86,0.705,0.705,1.416,12.0584,40.12,39.94,19.65,95,165.8,179.8,165.9,179,182,128.3,91.5,157.7,171.6,158.9,171.8,175,123.2,33.54,81.7,78.35,66.33,69.73,71.83,45.01,92.9,158.9,173.1,160.4,173.7,177.3,125.1,437,343
"2019-04-15 17:29:00.0",785082,4610,-156.1,44.81,44.83,0.705,0.705,1.417,12.0583,40.16,39.94,19.68,95.7,166.9,181.6,167.8,181.1,184.3,129,92.5,160,174.8,162.1,175.2,178.4,124.7,34.42,83,80.2,68.3,71.76,74.34,46.44,93.4,161,176,163.1,176.5,180,125.9,437,343
"2019-04-15 17:29:20.0",785083,4610,-156,44.78,44.8,0.704,0.705,1.418,12.0583,40.16,39.94,19.7,96.3,166.3,181.3,168,181.5,185.5,129.2,92.9,157.5,172.2,160.3,173.6,178.2,124,34.96,83.5,81.4,69.66,73.32,76.11,47.39,93,157.1,171.6,159.6,172.9,177.7,123.6,437,343
"2019-04-15 17:29:40.0",785084,4630,-155.8,44.75,44.77,0.704,0.704,1.418,12.0472,40.16,39.94,19.73,94.6,160.7,175.2,162.6,176,181.1,125.6,90.4,153.3,167.8,156.2,169.2,174.1,120.6,35.85,83.8,82.4,71.08,75.09,78.21,48.75,88.5,151.5,165.2,153.5,166.1,171.1,118.3,438,342
"2019-04-15 17:30:00.0",785085,4630,-155.7,44.72,44.74,0.704,0.704,1.419,12.0472,40.16,39.94,19.76,90.8,159,173.5,161.1,174.3,178.8,123.5,88,153.4,168,156.2,168.9,173.1,119.7,36.73,84.2,83.6,72.92,77.33,80.8,50.65,85.8,151.5,165.7,153.9,166.5,170.1,117.4,438,342
"2019-04-15 17:30:20.0",785086,4630,-155.6,44.69,44.71,0.703,0.704,1.42,12.0472,40.17,39.94,19.78,51.94,116.4,120.5,107.2,114,115,75.36,40.4,98.5,100.1,87.9,92.8,93.4,59.54,36.25,83.5,83.4,73.12,77.67,80.8,50.58,39.99,96.4,97.8,85.9,90.9,91.9,58.52,438,342
"2019-04-15 17:30:40.0",785087,4630,-155.5,44.67,44.68,0.703,0.703,1.42,12.0472,40.18,39.94,19.81,38.9,94.6,95,82.9,87.6,89.1,56.35,35.24,86.4,86.2,74.88,79.03,80.7,50.31,34.76,81.8,81.5,71.22,75.56,78.35,48.81,35.85,87,87,75.77,80.2,81.9,51.33,438,342
"2019-04-15 17:31:00.0",785088,4630,-155.4,44.64,44.65,0.703,0.703,1.421,12.0472,40.18,39.94,19.86,37.48,92,92.1,80,84.6,86,53.97,34.62,85.3,85,73.73,77.94,79.64,49.56,33.47,79.84,79.3,69.18,73.26,75.97,47.05,34.22,84.7,84.2,73.05,77.13,78.89,49.09,438,342
"2019-04-15 17:31:20.0",785089,4630,-155.3,44.61,44.62,0.702,0.702,1.422,12.0583,40.18,39.94,19.89,36.53,90.8,90.8,78.89,83.3,84.7,52.96,35.24,86.2,86.2,75.09,79.3,81,50.65,32.86,78.42,77.74,67.69,71.69,74.48,46.1,34.22,85.2,85,73.87,78.08,79.57,49.49,439,341
"2019-04-15 17:31:40.0",785090,4630,-155.2,44.58,44.59,0.702,0.702,1.423,12.0583,40.18,39.94,19.92,39.11,95.5,96.3,84.2,89.1,90.2,57.1,37.82,91,91.9,80.2,84.9,86.1,54.45,32.52,77.19,76.31,66.4,70.34,73.39,45.42,37.27,91.3,92.1,80.6,85.3,86.2,54.52,439,341
"2019-04-15 17:32:00.0",785091,4630,-155.1,44.55,44.56,0.702,0.702,1.423,12.0528,40.18,39.94,19.94,41.82,99.8,101.4,88.9,94.1,94.8,60.63,38.02,91.7,92.7,81,85.6,86.5,54.86,32.25,76.11,75.09,65.31,69.25,72.37,44.81,37.34,91.3,92.3,80.7,85.5,86.2,54.59,439,341
"2019-04-15 17:32:20.0",785092,4630,-155,44.52,44.53,0.701,0.701,1.424,12.0583,40.18,39.94,19.97,41.21,98.8,100.1,87.6,92.7,93.2,59.61,38.36,92.5,93.6,81.7,86.3,86.8,55.33,31.98,75.36,74.07,64.29,68.16,71.22,44.13,39.31,94.4,95.8,83.9,88.9,89.3,57.03,439,341
"2019-04-15 17:32:40.0",785093,4630,-154.9,44.49,44.5,0.701,0.701,1.425,12.0583,40.18,39.94,20,45.69,105.1,107.5,94.6,100.3,100.5,65.38,46.98,104.3,107.5,95.1,101,101.4,66.4,32.11,75.02,73.59,63.82,67.69,70.61,43.93,49.7,108.4,112.5,100.3,106.9,107.3,70.68,439,341
"2019-04-15 17:33:00.0",785094,4630,-154.8,44.46,44.47,0.7,0.701,1.426,12.0583,40.17,39.94,20.02,58.86,120.4,126.6,114.1,122.3,123.6,82.8,59,116.8,123.5,111.9,119.9,121.7,81.9,32.45,75.02,73.66,64.02,68.03,71.01,44.33,61.31,119.6,127.1,115.8,124.4,126.5,85.3,439,341
"2019-04-15 17:33:20.0",785095,4640,-154.7,44.43,44.44,0.7,0.7,1.426,12.0472,40.17,39.94,20.08,75.43,137.6,148.8,137.5,148.8,151.9,104.8,61.44,118.5,126.1,115.2,124,126.2,85.3,32.25,74.55,73.12,63.55,67.55,70.34,43.99,57.78,114.6,121.3,110.4,118.9,120.9,81.3,440,340
"2019-04-15 17:33:40.0",785096,4640,-154.6,44.4,44.41,0.7,0.7,1.427,12.0528,40.17,39.94,20.08,37.82,90.3,90.4,78.96,83.6,84.3,53.91,32.79,80.4,79.5,68.91,72.78,73.66,46.37,31.09,73.39,71.69,62.12,65.92,68.03,42.36,33.67,81.1,80.6,70.2,74.41,75.56,47.86,440,340
"2019-04-15 17:34:00.0",785097,4640,-154.4,44.37,44.38,0.699,0.699,1.428,12.0519,40.17,39.94,20.1,33.47,79.91,78.35,67.89,71.83,73.32,46.23,30.62,73.05,71.22,61.51,65.04,66.74,41.62,30.21,71.63,69.66,60.15,63.68,65.58,40.8,30.82,73.53,71.9,62.26,65.92,67.62,42.3,440,340
"2019-04-15 17:34:20.0",785098,4640,-154.3,44.34,44.35,0.699,0.699,1.429,12.0464,40.17,39.94,20.15,32.79,76.79,75.16,65.11,68.98,70.68,44.4,30.21,70.95,69.11,59.81,63.34,65.24,40.67,29.26,69.11,67.01,57.78,61.17,63.21,39.17,29.74,70.68,68.77,59.47,63,64.84,40.4,440,340
"2019-04-15 17:34:40.0",785099,4640,-154.2,44.31,44.32,0.698,0.699,1.43,12.0519,40.15,39.94,20.18,31.03,73.53,71.63,61.99,65.65,67.48,42.09,28.18,67.55,65.38,56.42,59.74,61.71,38.02,27.29,65.85,63.41,54.58,57.78,59.88,36.66,27.84,67.08,64.77,55.81,59.13,61.1,37.48,440,340
"2019-04-15 17:35:00.0",785100,4640,-154.1,44.27,44.29,0.698,0.698,1.43,12.0575,40.15,39.94,20.21,28.04,68.84,66.47,57.23,60.49,62.46,38.22,25.46,63.14,60.56,52.01,54.92,57.03,34.29,24.64,61.58,58.73,50.24,53.02,55.26,33,25.66,63.55,60.97,52.34,55.4,57.37,34.69,441,339
"2019-04-15 17:35:20.0",785101,4640,-154,44.24,44.26,0.698,0.698,1.431,12.0575,40.15,39.92,20.24,24.78,63.41,60.36,51.6,54.38,56.55,33.47,22.61,58.18,54.99,46.85,49.43,51.73,30.08,22.81,58.25,55.13,46.98,49.56,51.87,30.28,23.15,59.34,56.21,47.93,50.58,52.82,31.03,441,339
"2019-04-15 17:35:40.0",785102,4640,-153.9,44.21,44.23,0.697,0.698,1.432,12.0577,40.14,39.94,20.26,22.88,59.61,56.28,47.86,50.38,52.82,30.48,21.45,55.74,52.41,44.6,46.98,49.56,28.31,21.73,56.21,52.96,45.01,47.46,49.97,28.72,21.79,56.55,53.29,45.28,47.73,50.24,28.92,441,339
"2019-04-15 17:36:00.0",785103,4640,-153.8,44.18,44.2,0.697,0.697,1.433,12.0577,40.14,39.93,20.29,21.93,57.57,54.18,46.1,48.47,51.26,29.06,21.05,54.72,51.53,43.79,46.17,48.95,27.63,21.05,54.92,51.67,43.93,46.3,49.02,27.7,21.05,54.99,51.73,43.99,46.3,49.09,27.77,441,339
"2019-04-15 17:36:20.0",785104,4640,-153.7,44.15,44.17,0.697,0.697,1.434,12.0577,40.14,39.93,20.31,21.66,56.76,53.5,45.49,47.93,50.99,28.51,20.84,54.31,51.19,43.59,45.96,48.95,27.36,20.91,54.52,51.33,43.72,46.1,49.02,27.43,20.91,54.52,51.39,43.72,46.1,49.09,27.43,441,339
"2019-04-15 17:36:40.0",785105,4650,-153.6,44.12,44.13,0.696,0.696,1.434,12.0521,40.14,39.91,20.34,21.79,56.96,53.91,46.03,48.47,51.73,28.65,21.05,54.72,51.8,44.27,46.64,49.83,27.63,21.11,54.92,52,44.4,46.78,49.97,27.77,21.11,54.99,52.07,44.4,46.85,50.04,27.84,442,338
"2019-04-15 17:37:00.0",785106,4650,-153.5,44.09,44.1,0.696,0.696,1.435,12.0465,40.13,39.91,20.34,22.27,57.98,55.26,47.25,49.83,53.29,29.46,21.59,55.81,53.23,45.62,48.07,51.39,28.45,21.66,56.08,53.5,45.76,48.34,51.6,28.58,21.66,56.15,53.5,45.83,48.34,51.67,28.65,442,338
"2019-04-15 17:37:20.0",785107,4650,-153.4,44.06,44.07,0.695,0.696,1.436,12.0459,40.11,39.91,20.37,23.02,59.61,57.23,49.15,51.8,55.4,30.62,22.27,57.44,55.13,47.39,50.04,53.43,29.53,22.34,57.71,55.4,47.59,50.17,53.63,29.74,22.27,57.64,55.26,47.46,50.17,53.5,29.67,442,338
"2019-04-15 17:37:40.0",785108,4650,-153.3,44.02,44.04,0.695,0.695,1.437,12.057,40.11,39.91,20.4,23.76,61.44,59.4,51.12,53.97,57.5,31.84,22.95,59.34,57.3,49.36,52.21,55.6,30.82,22.95,59.34,57.37,49.42,52.21,55.6,30.82,22.88,59.2,57.16,49.22,51.94,55.4,30.69,442,338
"2019-04-15 17:38:00.0",785109,4650,-153.2,43.99,44.01,0.695,0.695,1.438,12.0459,40.11,39.91,20.42,24.71,63.82,62.05,53.63,56.62,60.22,33.47,23.83,61.37,59.74,51.67,54.58,57.98,32.32,23.83,61.37,59.74,51.6,54.52,57.91,32.32,23.63,61.03,59.34,51.19,54.11,57.57,31.98,442,338
"2019-04-15 17:38:20.0",785110,4650,-153.1,43.96,43.98,0.694,0.694,1.438,12.0459,40.11,39.91,20.45,25.66,66.26,64.9,56.21,59.4,62.87,35.1,24.64,63.68,62.39,54.04,57.1,60.36,33.74,24.51,63.07,61.78,53.5,56.55,60.02,33.47,24.24,63.41,61.98,53.57,56.55,59.81,33.33,442,338
"2019-04-15 17:38:40.0",785111,4650,-153,43.93,43.94,0.694,0.694,1.439,12.057,40.11,39.91,20.48,28.38,73.73,73.32,63.68,67.35,70.06,40.06,26.68,70.74,70.13,60.76,64.16,66.47,37.88,25.32,65.11,64.23,55.87,59.2,62.53,35.1,27.22,72.03,71.69,62.32,65.85,68.16,39.04,443,337
"2019-04-15 17:39:00.0",785112,4650,-152.9,43.9,43.91,0.693,0.694,1.44,12.0564,40.11,39.91,20.48,47.79,106,111.6,100.3,107.2,109,68.5,48.34,105.6,112.1,101.4,108.5,110.4,70.13,26.27,66.6,65.99,57.57,61.17,64.76,36.52,50.24,108.1,115.4,104.9,112.7,115.1,73.79,443,337
"2019-04-15 17:39:20.0",785113,4650,-152.8,43.86,43.88,0.693,0.693,1.441,12.0564,40.11,39.91,20.5,29.87,77.05,77.19,67.34,71.15,73.79,42.5,26.48,69.18,68.84,59.88,63.34,66.19,37.47,26.41,67.62,67.14,58.59,62.12,65.37,36.93,26.68,69.18,68.77,59.94,63.47,66.53,37.61,443,337
"2019-04-15 17:39:40.0",785114,4650,-152.7,43.83,43.85,0.693,0.693,1.442,12.0564,40.11,39.91,20.5,28.58,73.32,73.18,63.88,67.68,70.87,40.39,26.95,69.11,68.84,60.15,63.75,66.87,37.95,26.68,68.43,68.09,59.4,62.93,66.19,37.41,26.61,68.63,68.29,59.54,63.13,66.33,37.54,443,337
"2019-04-15 17:40:00.0",785115,4650,-152.6,43.8,43.82,0.692,0.692,1.443,12.0564,40.11,39.93,20.53,28.72,73.86,73.79,64.49,68.29,71.35,40.8,27.02,69.58,69.38,60.55,64.22,67.21,38.22,26.75,68.84,68.63,59.88,63.47,66.6,37.74,26.61,68.97,68.63,59.88,63.47,66.53,37.68,443,337
"2019-04-15 17:40:20.0",785116,4670,-152.4,43.77,43.78,0.692,0.692,1.443,12.0397,40.11,39.93,20.56,28.72,74.27,74.2,64.76,68.57,71.42,41,27.09,70.06,69.92,61.03,64.7,67.48,38.56,26.82,69.11,68.84,60.15,63.75,66.73,38.02,26.75,69.65,69.38,60.49,64.09,66.94,38.15,444,336
"2019-04-15 17:40:40.0",785117,4670,-152.3,43.73,43.75,0.691,0.691,1.444,12.0449,40.12,39.91,20.56,28.71,74.26,74.2,64.83,68.7,71.34,41.2,26.95,69.92,69.78,60.89,64.56,67.27,38.63,26.81,69.24,69.1,60.35,64.01,66.8,38.29,26.68,69.38,69.1,60.35,63.95,66.66,38.22,444,336
"2019-04-15 17:41:00.0",785118,4670,-152.2,43.7,43.72,0.691,0.691,1.445,12.0449,40.12,39.91,20.58,27.76,72.84,72.57,63.27,67,69.58,40.05,26,68.36,68.02,59.26,62.79,65.37,37.4,26,67.95,67.48,58.79,62.38,65.03,37.2,25.86,68.09,67.61,58.85,62.38,65.03,37.2,444,336
"2019-04-15 17:41:20.0",785119,4670,-152.1,43.67,43.68,0.69,0.691,1.446,12.0449,40.12,39.93,20.61,26.75,70.67,70.12,61.03,64.62,67.2,38.56,25.12,66.25,65.64,57.09,60.55,63.13,35.98,25.18,66.53,65.85,57.29,60.69,63.33,36.18,25.12,66.39,65.71,57.16,60.55,63.2,36.05,444,336
"2019-04-15 17:41:40.0",785120,4670,-152,43.63,43.65,0.69,0.69,1.447,12.0449,40.12,39.91,20.61,25.52,68.36,67.48,58.65,62.04,64.62,36.79,23.89,63.95,63,54.71,57.97,60.55,34.21,24.03,64.29,63.4,55.05,58.31,60.89,34.48,23.96,64.22,63.27,54.92,58.18,60.76,34.35,444,336
"2019-04-15 17:42:00.0",785121,4650,-151.9,43.6,43.62,0.69,0.69,1.448,12.0449,40.12,39.91,20.64,24.17,65.64,64.49,55.94,59.19,61.84,34.76,22.61,61.43,60.14,52.2,55.26,57.97,32.31,22.74,61.84,60.62,52.54,55.66,58.31,32.58,22.88,62.04,60.82,52.75,55.87,58.52,32.72,444,336
"2019-04-15 17:42:20.0",785122,4670,-151.8,43.57,43.58,0.689,0.689,1.449,12.0556,40.11,39.91,20.66,22.67,62.52,61.09,52.81,55.93,58.72,32.51,21.18,58.44,57.02,49.28,52.2,54.98,30.14,21.31,58.78,57.29,49.62,52.47,55.25,30.34,21.45,59.26,57.83,49.96,52.95,55.66,30.68,445,335
"2019-04-15 17:42:40.0",785123,4670,-151.7,43.53,43.55,0.689,0.689,1.45,12.0556,40.11,39.91,20.66,20.77,58.38,56.68,48.94,51.72,54.71,29.53,19.35,54.58,52.81,45.55,48.19,51.25,27.36,19.48,54.98,53.29,45.95,48.6,51.59,27.63,19.55,55.32,53.56,46.16,48.81,51.79,27.69,445,335
"2019-04-15 17:43:00.0",785124,4670,-151.6,43.5,43.52,0.688,0.689,1.451,12.0668,40.11,39.91,20.66,18.73,54.1,52.2,44.94,47.45,50.77,26.47,17.51,50.64,48.81,42.02,44.33,47.65,24.64,17.58,50.91,49.01,42.09,44.53,47.79,24.71,17.58,51.11,49.21,42.29,44.66,47.92,24.78,445,335
"2019-04-15 17:43:20.0",785125,4670,-151.5,43.47,43.48,0.688,0.688,1.451,12.0556,40.11,39.91,20.69,16.7,49.82,47.79,41.07,43.31,46.97,23.49,15.61,46.7,44.8,38.49,40.59,44.19,21.93,15.61,46.84,44.8,38.49,40.59,44.19,21.93,15.54,46.9,44.94,38.56,40.66,44.26,21.93,445,335
"2019-04-15 17:43:40.0",785126,4670,-151.4,43.43,43.45,0.688,0.688,1.452,12.0556,40.11,39.91,20.72,14.93,46.09,44.12,37.88,39.85,43.92,21.04,13.98,43.24,41.41,35.5,37.4,41.34,19.69,13.92,43.24,41.34,35.43,37.33,41.27,19.62,13.85,43.31,41.34,35.43,37.33,41.27,19.55,445,335
"2019-04-15 17:44:00.0",785127,4680,-151.3,43.4,43.42,0.687,0.687,1.453,12.0442,40.11,39.93,20.72,13.37,42.97,41.13,35.23,37.06,41.41,19.07,12.56,40.39,38.55,32.99,34.75,38.96,17.85,12.49,40.32,38.42,32.92,34.62,38.83,17.72,12.42,40.32,38.42,32.92,34.62,38.83,17.72,446,334
"2019-04-15 17:44:20.0",785128,4680,-151.2,43.36,43.38,0.687,0.687,1.454,12.0442,40.11,39.93,20.72,12.22,40.59,38.83,33.26,34.96,39.5,17.58,11.4,38.08,36.31,31.09,32.72,37.06,16.36,11.34,37.94,36.18,31.02,32.58,36.93,16.36,11.34,38.08,36.31,31.09,32.72,37.06,16.36,446,334
"2019-04-15 17:44:40.0",785129,4680,-151.1,43.33,43.35,0.686,0.686,1.455,12.0553,40.11,39.91,20.74,11.4,38.89,37.26,31.97,33.6,38.22,16.63,10.59,36.45,34.82,29.8,31.29,35.84,15.41,10.59,36.52,34.89,29.87,31.43,35.91,15.41,10.59,36.72,35.02,30,31.56,36.04,15.54,446,334
"2019-04-15 17:45:00.0",785130,4680,-151,43.3,43.31,0.686,0.686,1.456,12.0442,40.11,39.93,20.74,10.93,38.08,36.59,31.43,32.99,37.67,16.15,10.11,35.57,34.14,29.26,30.75,35.3,15,10.18,35.77,34.35,29.46,30.95,35.5,15.14,10.25,35.91,34.48,29.59,31.09,35.64,15.14,446,334
"2019-04-15 17:45:20.0",785131,4680,-150.9,43.26,43.28,0.685,0.686,1.457,12.0498,40.11,39.91,20.77,10.72,37.6,36.31,31.22,32.78,37.47,15.95,9.98,35.23,33.87,29.12,30.61,35.16,14.8,9.98,35.3,34.01,29.19,30.61,35.23,14.87,10.05,35.57,34.28,29.46,30.88,35.43,15,446,334
"2019-04-15 17:45:40.0",785132,4690,-150.8,43.23,43.24,0.685,0.685,1.458,12.0551,40.11,39.91,20.77,10.59,37.47,36.25,31.22,32.72,37.4,15.88,9.77,34.96,33.67,28.91,30.41,34.89,14.66,9.84,35.23,34.01,29.25,30.68,35.16,14.86,9.98,35.57,34.35,29.53,31.02,35.5,15,447,333
"2019-04-15 17:46:00.0",785133,4690,-150.7,43.19,43.21,0.684,0.685,1.459,12.0551,40.11,39.91,20.8,10.66,37.87,36.65,31.63,33.12,37.74,16.15,9.84,35.3,34.07,29.25,30.75,35.16,14.8,9.91,35.63,34.41,29.59,31.09,35.5,15,10.05,36.04,34.82,29.93,31.49,35.84,15.27,447,333
"2019-04-15 17:46:20.0",785134,4690,-150.6,43.16,43.17,0.684,0.684,1.46,12.0551,40.11,39.91,20.8,10.72,38.35,37.13,31.97,33.53,37.94,16.29,9.84,35.7,34.41,29.59,31.09,35.36,14.93,9.98,36.11,34.89,30,31.49,35.7,15.2,10.11,36.58,35.3,30.34,31.83,36.11,15.41,447,333
"2019-04-15 17:46:40.0",785135,4690,-150.5,43.12,43.14,0.684,0.684,1.461,12.0551,40.11,39.91,20.83,10.79,39.1,37.81,32.51,34.07,38.35,16.56,9.91,36.45,35.09,30.14,31.7,35.77,15.27,10.11,36.99,35.57,30.54,32.11,36.18,15.54,10.25,37.4,36.04,30.95,32.58,36.58,15.75,447,333
"2019-04-15 17:47:00.0",785136,4690,-150.4,43.09,43.11,0.683,0.683,1.462,12.0551,40.11,39.91,20.83,11.13,40.32,38.96,33.53,35.16,39.23,17.17,10.25,37.6,36.18,31.09,32.65,36.58,15.88,10.52,38.28,36.92,31.7,33.33,37.2,16.29,10.66,38.82,37.4,32.11,33.8,37.6,16.56,447,333
"2019-04-15 17:47:20.0",785137,4690,-150.3,43.05,43.07,0.683,0.683,1.463,12.0549,40.11,39.91,20.83,11.54,41.67,40.25,34.55,36.31,40.11,17.85,10.66,38.82,37.33,32.04,33.73,37.47,16.49,10.86,39.57,38.08,32.72,34.41,38.08,16.97,11.06,40.05,38.62,33.12,34.89,38.48,17.24,447,333
"2019-04-15 17:47:40.0",785138,4690,-150.2,43.02,43.04,0.682,0.682,1.463,12.0438,40.11,39.91,20.83,11.61,42.22,40.66,34.82,36.65,40.32,18.12,10.72,39.5,37.87,32.44,34.14,37.81,16.83,11,40.18,38.55,33.05,34.75,38.35,17.17,11.13,40.66,39.1,33.46,35.16,38.76,17.44,448,332
"2019-04-15 17:48:00.0",785139,4690,-150.1,42.98,43,0.682,0.682,1.464,12.0438,40.1,39.91,20.85,11.54,42.42,40.59,34.75,36.58,40.18,18.05,10.72,39.84,38.08,32.51,34.28,37.81,16.9,10.86,40.45,38.62,32.99,34.75,38.28,17.17,11.06,40.93,39.1,33.46,35.16,38.69,17.44,448,332
"2019-04-15 17:48:20.0",785140,4680,-150,42.95,42.97,0.681,0.682,1.465,12.0438,40.11,39.91,20.85,11.2,42.22,40.18,34.28,36.04,39.64,17.72,10.45,39.77,37.74,32.17,33.87,37.33,16.56,10.59,40.25,38.21,32.58,34.28,37.81,16.83,10.79,40.72,38.69,32.99,34.68,38.21,17.1,448,332
"2019-04-15 17:48:40.0",785141,4680,-149.9,42.91,42.93,0.681,0.681,1.466,12.0438,40.08,39.91,20.88,10.79,41.54,39.3,33.46,35.16,38.82,17.1,10.05,39.16,36.99,31.49,33.12,36.65,16.02,10.18,39.64,37.47,31.83,33.46,36.99,16.29,10.25,39.98,37.74,32.1,33.73,37.26,16.43,448,332
"2019-04-15 17:49:00.0",785142,4680,-149.8,42.88,42.89,0.68,0.681,1.467,12.0437,40.08,39.91,20.88,10.11,40.39,38.01,32.24,33.87,37.53,16.22,9.43,38.28,35.91,30.48,32.04,35.57,15.27,9.57,38.62,36.25,30.75,32.31,35.84,15.48,9.64,38.89,36.52,30.95,32.51,35.97,15.54,448,332
"2019-04-15 17:49:20.0",785143,4690,-149.7,42.84,42.86,0.68,0.68,1.468,12.0548,40.08,39.91,20.88,9.5,39.37,36.79,31.15,32.72,36.45,15.34,8.96,37.4,34.96,29.59,31.02,34.68,14.59,9.03,37.74,35.23,29.8,31.29,34.89,14.73,9.1,37.94,35.36,29.93,31.43,35.02,14.8,449,331
"2019-04-15 17:49:40.0",785144,4690,-149.6,42.81,42.82,0.68,0.68,1.469,12.0548,40.08,39.91,20.88,9.03,38.49,35.77,30.27,31.77,35.57,14.66,8.48,36.65,34.07,28.71,30.2,33.87,13.98,8.55,36.86,34.21,28.85,30.34,33.94,14.05,8.55,37.06,34.34,28.98,30.48,34.07,14.05,449,331
"2019-04-15 17:50:00.0",785145,4690,-149.5,42.77,42.79,0.679,0.679,1.47,12.0548,40.08,39.91,20.88,8.55,37.74,34.96,29.46,30.88,34.82,14.12,8.08,35.97,33.26,28.03,29.46,33.12,13.44,8.15,36.18,33.46,28.17,29.53,33.26,13.51,8.15,36.38,33.67,28.3,29.73,33.39,13.58,449,331
"2019-04-15 17:50:20.0",785146,4690,-149.4,42.73,42.75,0.679,0.679,1.471,12.0548,40.08,39.91,20.91,8.28,37.4,34.55,29.05,30.41,34.34,13.85,7.806,35.7,32.92,27.69,29.05,32.78,13.24,7.874,35.91,33.12,27.83,29.19,32.99,13.3,7.874,36.11,33.26,27.96,29.32,33.12,13.37,449,331
"2019-04-15 17:50:40.0",785147,4690,-149.3,42.7,42.72,0.678,0.678,1.472,12.0547,40.08,39.91,20.91,8.14,37.47,34.48,28.98,30.34,34.28,13.78,7.738,35.84,32.99,27.69,29.05,32.85,13.24,7.738,35.97,33.12,27.76,29.12,32.92,13.3,7.805,36.18,33.26,27.9,29.25,33.05,13.3,449,331
"2019-04-15 17:51:00.0",785148,4690,-149.2,42.66,42.68,0.678,0.678,1.473,12.0547,40.08,39.91,20.91,8.08,37.81,34.75,29.12,30.54,34.48,13.91,7.67,36.18,33.26,27.9,29.19,32.92,13.3,7.738,36.31,33.33,27.9,29.32,33.05,13.37,7.738,36.58,33.53,28.1,29.46,33.26,13.44,449,331
"2019-04-15 17:51:20.0",785149,4700,-149.1,42.63,42.64,0.677,0.677,1.474,12.0435,40.08,39.91,20.91,8.08,38.48,35.29,29.59,31.02,34.82,14.12,7.738,36.86,33.8,28.3,29.66,33.26,13.57,7.738,36.99,33.87,28.3,29.73,33.39,13.57,7.805,37.26,34.14,28.57,30,33.6,13.71,450,330
"2019-04-15 17:51:40.0",785150,4700,-149,42.59,42.61,0.677,0.677,1.475,12.0435,40.08,39.91,20.91,8.21,39.5,36.18,30.27,31.76,35.43,14.59,7.805,37.81,34.55,28.91,30.34,33.8,13.98,7.873,37.94,34.68,29.05,30.48,33.94,14.05,7.941,38.28,35.02,29.32,30.75,34.21,14.19,450,330
"2019-04-15 17:52:00.0",785151,4700,-148.9,42.55,42.57,0.676,0.676,1.476,12.0435,40.08,39.91,20.93,8.42,40.79,37.4,31.22,32.78,36.24,15.27,8.01,39.1,35.77,29.86,31.36,34.68,14.59,8.08,39.23,35.91,30.07,31.56,34.82,14.66,8.14,39.57,36.24,30.27,31.83,35.09,14.86,450,330
"2019-04-15 17:52:20.0",785152,4700,-148.8,42.52,42.53,0.676,0.676,1.477,12.0434,40.08,39.92,20.93,8.76,42.49,38.96,32.58,34.21,37.47,16.09,8.42,40.72,37.33,31.22,32.78,35.84,15.47,8.48,40.86,37.47,31.36,32.92,36.04,15.61,8.48,41.2,37.74,31.56,33.19,36.18,15.75,450,330
"2019-04-15 17:52:40.0",785153,4700,-148.7,42.48,42.5,0.675,0.676,1.478,12.0434,40.08,39.92,20.93,9.3,44.46,40.86,34.28,36.04,39.03,17.31,8.96,42.62,39.16,32.85,34.55,37.4,16.63,8.96,42.76,39.37,32.99,34.68,37.53,16.7,9.03,42.9,39.43,33.05,34.75,37.6,16.76,450,330
"2019-04-15 17:53:00.0",785154,4700,-148.6,42.44,42.46,0.675,0.675,1.479,12.0546,40.08,39.92,20.93,9.91,46.63,43.1,36.24,38.14,40.86,18.73,9.57,44.73,41.33,34.75,36.58,39.16,18.05,9.57,44.8,41.4,34.75,36.58,39.16,18.05,9.57,44.86,41.33,34.68,36.52,39.16,17.99,451,329
"2019-04-15 17:53:20.0",785155,4700,-148.5,42.4,42.42,0.674,0.675,1.48,12.0546,40.08,39.92,20.93,10.66,48.87,45.41,38.28,40.32,42.83,20.29,10.25,46.76,43.44,36.58,38.55,40.99,19.48,10.18,46.76,43.3,36.52,38.48,40.86,19.41,10.11,46.63,43.17,36.31,38.28,40.66,19.28,451,329
"2019-04-15 17:53:40.0",785156,4700,-148.4,42.37,42.39,0.674,0.674,1.481,12.049,40.08,39.92,20.93,11.27,50.97,47.58,40.18,42.35,44.66,21.85,10.86,48.6,45.34,38.28,40.38,42.62,20.84,10.72,48.46,45.14,38.08,40.11,42.35,20.7,10.59,48.19,44.8,37.74,39.84,42.01,20.36,451,329
"2019-04-15 17:54:00.0",785157,4700,-148.3,42.33,42.35,0.673,0.674,1.483,12.0656,40.08,39.92,20.93,11.88,52.74,49.48,41.88,44.25,46.36,23.21,11.4,50.22,47.03,39.77,41.94,44.05,21.99,11,49.55,46.22,38.96,41.13,43.17,21.38,11,49.61,46.29,39.09,41.27,43.37,21.52,451,329
"2019-04-15 17:54:20.0",785158,4700,-148.2,42.29,42.31,0.673,0.673,1.484,12.0489,40.08,39.92,20.93,12.28,54.09,50.9,43.17,45.61,47.58,24.23,11.54,51.11,47.92,40.52,42.83,44.73,22.6,11.13,50.36,47.03,39.7,41.94,43.91,21.92,11.2,50.63,47.37,39.98,42.22,44.25,22.26,451,329
"2019-04-15 17:54:40.0",785159,4710,-148.1,42.26,42.27,0.672,0.673,1.485,12.0434,40.08,39.92,20.93,12.56,55.18,52.06,44.12,46.63,48.53,24.91,11.47,51.38,48.12,40.66,42.96,44.8,22.6,11.33,51.18,47.85,40.45,42.69,44.59,22.47,11.4,51.51,48.19,40.72,43.03,44.93,22.8,452,328
"2019-04-15 17:55:00.0",785160,4710,-148,42.22,42.24,0.672,0.672,1.486,12.0434,40.08,39.92,20.93,12.69,55.93,52.8,44.86,47.37,49.21,25.38,11.47,51.72,48.6,41.06,43.37,45.2,22.87,11.54,51.92,48.73,41.27,43.57,45.41,23.08,11.33,51.79,48.46,40.93,43.17,45.07,22.94,452,328
"2019-04-15 17:55:20.0",785161,4710,-147.9,42.18,42.2,0.671,0.672,1.487,12.0434,40.08,39.92,20.93,12.96,56.67,53.69,45.68,48.26,50.09,25.99,11.88,52.53,49.55,42.01,44.39,46.29,23.55,11.61,52.13,48.94,41.4,43.71,45.61,23.14,11.54,52.33,49.14,41.61,43.98,45.81,23.42,452,328
"2019-04-15 17:55:40.0",785162,4710,-147.8,42.14,42.16,0.671,0.671,1.488,12.0433,40.08,39.92,20.93,13.57,57.69,55.04,47.03,49.75,51.58,26.94,13.03,54.77,52.26,44.66,47.24,49.07,25.45,11.54,51.92,48.8,41.33,43.64,45.61,23.14,14.25,57.62,55.38,47.44,50.29,51.92,27.69,452,328
"2019-04-15 17:56:00.0",785163,4710,-147.7,42.11,42.12,0.671,0.671,1.489,12.0433,40.08,39.92,20.93,14.32,59.12,56.88,48.8,51.72,53.48,28.23,12.9,54.16,51.72,44.25,46.83,48.8,25.25,11.67,51.99,49,41.6,43.98,46.08,23.42,12.83,54.84,52.33,44.79,47.51,49.34,25.72,452,328
"2019-04-15 17:56:20.0",785164,4710,-147.6,42.07,42.09,0.67,0.67,1.49,12.0433,40.08,39.92,20.96,18.05,65.5,64.48,56.06,59.52,61.02,33.46,17.65,62.64,61.76,53.75,57.08,58.5,32.17,11.33,51.24,48.19,40.93,43.23,45.41,22.87,15.75,61.02,59.52,51.45,54.57,55.79,30.2,452,328
"2019-04-15 17:56:40.0",785165,4720,-147.5,42.03,42.05,0.67,0.67,1.491,12.0545,40.08,39.92,20.96,14.32,60.61,58.64,50.36,53.21,54.64,28.71,12.76,56.33,54.16,46.29,48.87,50.16,25.99,10.66,49.95,46.83,39.7,42.01,44.12,21.72,13.3,57.49,55.45,47.51,50.22,51.45,26.94,453,327
"2019-04-15 17:57:00.0",785166,4720,-147.4,41.99,42.01,0.669,0.669,1.492,12.0545,40.08,39.92,20.96,12.69,56.6,54.16,46.22,48.73,50.5,25.66,10.32,50.22,47.17,39.91,42.08,43.98,21.38,10.32,49.07,45.88,38.82,40.99,43.23,20.97,11.06,51.45,48.53,41.2,43.51,45.47,22.53,453,327
"2019-04-15 17:57:20.0",785167,4720,-147.3,41.95,41.97,0.669,0.669,1.493,12.0488,40.08,39.92,20.96,10.52,50.97,47.78,40.38,42.55,44.93,21.51,9.23,46.83,43.44,36.58,38.55,40.86,19.07,9.57,47.58,44.25,37.26,39.23,41.54,19.68,9.64,48.05,44.73,37.67,39.7,42.01,19.95,453,327
"2019-04-15 17:57:40.0",785168,4720,-147.2,41.92,41.93,0.668,0.668,1.494,12.06,40.08,39.92,20.96,9.71,49.14,45.68,38.41,40.45,42.96,19.95,8.69,45.54,42.01,35.22,37.06,39.57,18.05,8.89,46.08,42.55,35.7,37.53,39.98,18.39,9.09,46.69,43.23,36.31,38.14,40.59,18.73,453,327
"2019-04-15 17:58:00.0",785169,4720,-147.1,41.88,41.89,0.668,0.668,1.496,12.0544,40.08,39.92,20.96,9.3,47.98,44.32,37.26,39.09,41.74,19,8.42,44.52,40.93,34.27,35.97,38.69,17.31,8.62,45.07,41.54,34.75,36.58,39.16,17.65,8.82,45.74,42.22,35.36,37.19,39.7,18.05,453,327
"2019-04-15 17:58:20.0",785170,4730,-147,41.84,41.86,0.667,0.667,1.497,12.0433,40.08,39.92,20.96,9.09,46.97,43.37,36.38,38.14,40.99,18.32,8.21,43.64,40.04,33.46,35.16,37.94,16.7,8.48,44.32,40.72,34.07,35.77,38.55,17.1,8.62,44.93,41.4,34.61,36.38,39.09,17.44,454,326
"2019-04-15 17:58:40.0",785171,4730,-146.9,41.8,41.82,0.667,0.667,1.498,12.0433,40.08,39.92,20.96,9.16,46.63,43.03,36.11,37.94,40.93,18.19,8.42,43.5,39.98,33.39,35.16,38.14,16.7,8.62,44.12,40.59,34,35.77,38.69,17.1,8.89,44.86,41.4,34.68,36.45,39.36,17.58,454,326
"2019-04-15 17:59:00.0",785172,4730,-146.8,41.76,41.78,0.666,0.666,1.499,12.0432,40.08,39.92,20.96,9.5,46.63,43.23,36.31,38.21,41.4,18.39,8.62,43.44,40.04,33.53,35.29,38.42,16.76,8.96,44.25,40.93,34.34,36.11,39.3,17.38,9.16,44.93,41.61,34.95,36.79,39.84,17.85,454,326
"2019-04-15 17:59:20.0",785173,4730,-146.7,41.72,41.74,0.666,0.666,1.5,12.0432,40.08,39.92,20.96,9.77,46.76,43.51,36.65,38.62,42.01,18.66,8.89,43.64,40.38,33.94,35.7,39.09,17.1,9.3,44.59,41.4,34.89,36.72,39.98,17.85,9.43,44.93,41.81,35.23,37.13,40.38,18.05,454,326
"2019-04-15 17:59:40.0",785174,4730,-146.6,41.68,41.7,0.665,0.665,1.501,12.0432,40.08,39.92,20.96,9.98,46.76,43.64,36.92,38.82,42.42,18.8,9.16,43.91,40.86,34.48,36.24,39.77,17.44,9.5,44.66,41.67,35.16,36.99,40.45,17.99,9.5,45,41.94,35.43,37.26,40.72,18.12,454,326
