"TOA5","","","1764","CR1000.Std.24","CPU:MFRSR_10012018V2.8.CR1","13574","TableHdr","PbCdlComm-1.6.0 (2016/01/26)"
"TIMESTAMP","RECORD","loggerID""headID""xpgmVerID""xlat""xlon""xSiteElev""xFULLREV""xCRXHSTEPS""xSCANseconds""xSCANnAvg""xSCANtrough""xHOMEoffset""xALLTIMEband"
"TS","RN","--""--""--""deg""deg""m""--""--""sec""--""--""--""--"
"","","Smp""Smp""Smp""Smp""Smp""Smp""Smp""Smp""Smp""Smp""Smp""Smp""Smp"
"2019-04-16 12:00:00.0",373,1764,180054423,2.8,-32.1259,-64.7287,1160,800,20,20,1,10,0,-1
"TOA5","","","1764","CR1000.Std.24","CPU:MFRSR_10012018V2.8.CR1","13574","Table155","PbCdlComm-1.6.0 (2016/01/26)"
"TIMESTAMP","RECORD","xoset""az""el""al""cosz""cosasz""pamass""vBat""Thead""THTC""Tlogger""Dnadir(1)""Dnadir(2)""Dnadir(3)""Dnadir(4)""Dnadir(5)""Dnadir(6)""Dnadir(7)""Deast(1)""Deast(2)""Deast(3)""Deast(4)""Deast(5)""Deast(6)""Deast(7)""Dsun(1)""Dsun(2)""Dsun(3)""Dsun(4)""Dsun(5)""Dsun(6)""Dsun(7)""Dwest(1)""Dwest(2)""Dwest(3)""Dwest(4)""Dwest(5)""Dwest(6)""Dwest(7)""kount""khome"
"TS","RN","sec""deg""deg""deg""--""--""--""Volt""degC""degC""degC""mV""mV""mV""mV""mV""mV""mV""mV""mV""mV""mV""mV""mV""mV""mV""mV""mV""mV""mV""mV""mV""mV""mV""mV""mV""mV""mV""mV""--""--"
"","","Smp""Smp""Smp""Smp""Smp""Smp""Smp""Smp""Smp""Smp""Smp""Smp""Smp""Smp""Smp""Smp""Smp""Smp""Smp""Smp""Smp""Smp""Smp""Smp""Smp""Smp""Smp""Smp""Smp""Smp""Smp""Smp""Smp""Smp""Smp""Smp""Smp""Smp""Smp""Smp""Smp"
"2019-04-16 19:00:00.0",789675,4970,-131.4,32.93,32.96,0.544,0.544,1.834,12.0445,40.15,39.92,25.46,48.85,91,96.1,85.6,92.2,88.9,80.3,48.51,89.4,95.1,84.9,91.6,88.3,79.58,0.882,25.58,14.45,6.852,5.699,3.46,2.307,48.64,89.4,94.8,84.6,91.2,88.3,79.79,488,292
"2019-04-16 19:00:20.0",789676,4970,-131.3,32.88,32.91,0.543,0.543,1.836,12.0445,40.15,39.92,25.46,48.78,90.8,95.9,85.3,91.9,88.7,79.85,48.44,89,94.6,84.6,91.2,88.2,79.38,0.882,25.51,14.38,6.784,5.631,3.392,2.239,48.37,88.9,94.4,84.4,91,88,79.31,488,292
"2019-04-16 19:00:40.0",789677,4970,-131.2,32.83,32.85,0.542,0.542,1.839,12.0445,40.15,39.92,25.46,48.64,90.1,95.1,84.8,91.4,88.3,79.38,48.17,88.3,93.9,84,90.7,87.8,78.7,0.814,25.44,14.32,6.717,5.563,3.392,2.239,48.31,88.4,93.8,84,90.5,87.7,78.77,488,292
"2019-04-16 19:01:00.0",789678,4970,-131.2,32.77,32.8,0.541,0.542,1.842,12.0445,40.15,39.92,25.46,48.44,89.4,94.4,84.1,90.9,88,78.9,48.17,87.7,93.3,83.6,90.4,87.6,78.56,0.882,25.44,14.32,6.717,5.631,3.392,2.239,48.24,87.7,93.2,83.4,90.2,87.5,78.36,488,292
"2019-04-16 19:01:20.0",789679,4970,-131.1,32.72,32.75,0.541,0.541,1.844,12.0501,40.15,39.92,25.46,48.51,89.4,94.4,84.3,90.9,88.1,78.9,48.17,87.8,93.5,83.9,90.6,87.7,78.5,0.95,25.44,14.38,6.784,5.699,3.528,2.442,48.17,87.9,93.5,83.8,90.4,87.7,78.43,489,291
"2019-04-16 19:01:40.0",789680,4970,-131,32.67,32.69,0.54,0.54,1.847,12.0501,40.15,39.92,25.46,48.71,90,95.1,84.9,91.7,88.7,79.17,48.37,88.4,94.3,84.6,91.4,88.5,78.77,1.086,25.51,14.52,6.988,5.903,3.867,2.646,48.31,88.5,94.1,84.3,91,88.1,78.43,489,291
"2019-04-16 19:02:00.0",789681,4970,-130.9,32.62,32.64,0.539,0.539,1.85,12.0612,40.15,39.93,25.43,33.31,73.27,73.68,63.71,67.98,64.45,56.58,31.82,70.83,71.78,62.35,66.76,63.3,55.7,1.086,25.65,14.79,7.192,6.174,4.003,2.782,33.31,72.66,73.82,64.25,68.73,65.33,57.53,489,291
"2019-04-16 19:02:20.0",789682,4970,-130.9,32.56,32.59,0.538,0.539,1.852,12.0501,40.15,39.95,25.43,40.03,79.85,82.2,72.19,77.41,74.36,65.74,38.74,77.21,79.79,70.42,75.65,72.87,64.38,1.153,25.71,14.86,7.327,6.242,4.139,2.917,38.6,77.07,79.45,69.88,75.1,72.12,63.77,489,291
"2019-04-16 19:02:40.0",789683,4980,-130.8,32.51,32.53,0.537,0.538,1.855,12.0501,40.15,39.95,25.43,46.68,87,91.6,81.8,88.3,85.8,76.19,48.03,86.8,92.5,83.2,90,87.5,77.82,1.221,25.65,14.79,7.259,6.174,4.071,2.917,47.97,86.6,92.3,83,89.8,87.2,77.61,489,291
"2019-04-16 19:03:00.0",789684,5000,-130.7,32.45,32.48,0.537,0.537,1.858,12.039,40.15,39.95,25.43,48.37,88.1,93.2,83.4,90.2,87.7,78.23,48.1,86.6,92.2,83,89.8,87.2,78.02,1.086,25.44,14.45,6.852,5.835,3.664,2.51,48.1,86.6,92.1,82.7,89.4,87,77.89,490,290
"2019-04-16 19:03:20.0",789685,5000,-130.6,32.4,32.43,0.536,0.536,1.86,12.039,40.15,39.95,25.43,47.97,87.3,92.1,82.3,88.9,86.5,77.34,47.63,85.8,91.3,81.9,88.5,86,77.07,0.882,25.37,14.32,6.717,5.563,3.46,2.307,47.76,86.1,91.5,82,88.7,86.3,77.34,490,290
"2019-04-16 19:03:40.0",789686,4980,-130.6,32.35,32.37,0.535,0.535,1.863,12.039,40.15,39.95,25.43,47.97,88.4,93.5,83.3,89.9,87.1,78.09,47.56,86.7,92.3,82.8,89.4,86.5,77.68,0.814,25.31,14.25,6.649,5.563,3.324,2.239,47.83,87.1,92.5,82.6,89.5,86.8,77.95,490,290
"2019-04-16 19:04:00.0",789687,4980,-130.5,32.29,32.32,0.534,0.535,1.866,12.0445,40.15,39.95,25.43,47.9,88.6,93.8,83.4,90,87,78.23,47.63,87.2,92.8,83,89.6,86.8,77.89,0.814,25.24,14.18,6.649,5.495,3.324,2.171,47.76,87.2,92.7,83,89.4,86.6,77.95,490,290
"2019-04-16 19:04:20.0",789688,4980,-130.4,32.24,32.27,0.533,0.534,1.869,12.039,40.15,39.95,25.43,47.76,88.5,93.5,83.2,89.8,86.8,78.23,47.42,86.8,92.5,82.7,89.3,86.5,77.95,0.746,25.17,14.11,6.581,5.428,3.189,2.103,47.56,87,92.5,82.7,89.3,86.6,77.95,490,290
"2019-04-16 19:04:40.0",789689,5000,-130.4,32.19,32.21,0.533,0.533,1.871,12.0501,40.15,39.93,25.43,47.76,88.5,93.5,83.3,90,87.1,77.95,47.36,86.7,92.3,82.6,89,86.2,77.21,0.746,25.17,14.11,6.513,5.428,3.257,2.103,47.56,87,92.3,82.7,89.2,86.3,77.48,491,289
"2019-04-16 19:05:00.0",789690,5000,-130.3,32.13,32.16,0.532,0.532,1.874,12.0557,40.15,39.95,25.43,47.63,88.3,93.2,83.1,89.6,86.6,77.28,47.22,86.6,92.1,82.4,89,86.2,76.94,0.746,25.17,14.11,6.513,5.428,3.257,2.103,47.42,86.8,92.2,82.5,89.1,86.2,77.07,491,289
"2019-04-16 19:05:20.0",789691,5000,-130.2,32.08,32.1,0.531,0.531,1.877,12.0501,40.17,39.93,25.43,47.63,88.2,93.3,83.1,89.6,86.7,77.14,47.29,86.6,92.1,82.5,89.1,86.2,76.53,0.746,25.17,14.11,6.581,5.428,3.257,2.171,47.42,86.6,92.1,82.4,89,86.2,76.66,491,289
"2019-04-16 19:05:40.0",789692,5000,-130.1,32.02,32.05,0.53,0.531,1.88,12.0557,40.17,39.95,25.43,47.49,87.9,92.8,82.8,89.1,86.3,76.6,47.15,86.2,91.8,82.2,88.7,85.9,76.12,0.746,25.17,14.11,6.581,5.428,3.257,2.103,47.36,86.4,91.9,82.2,88.7,86.1,76.33,491,289
"2019-04-16 19:06:00.0",789693,5000,-130.1,31.97,32,0.529,0.53,1.883,12.0557,40.15,39.93,25.43,47.36,87.7,92.7,82.5,89.1,86.2,76.12,47.08,86,91.5,82,88.5,85.8,75.78,0.746,25.1,14.11,6.513,5.428,3.257,2.103,47.29,86.1,91.6,82,88.5,85.9,75.92,491,289
"2019-04-16 19:06:20.0",789694,5000,-130,31.92,31.94,0.529,0.529,1.885,12.0501,40.15,39.95,25.43,47.36,87.2,92.3,82.4,88.8,85.9,75.85,47.02,85.6,91.1,81.6,88.3,85.5,75.44,0.814,25.24,14.18,6.649,5.495,3.257,2.171,47.15,85.8,91.1,81.8,88.3,85.6,75.78,491,289
"2019-04-16 19:06:40.0",789695,5000,-129.9,31.86,31.89,0.528,0.528,1.888,12.0445,40.15,39.93,25.43,47.29,87.2,92.2,82.2,88.7,86,75.99,46.88,85.5,91.1,81.6,88.1,85.4,75.58,0.814,25.17,14.18,6.581,5.495,3.324,2.171,47.08,85.6,91.2,81.5,88.2,85.5,75.71,492,288
"2019-04-16 19:07:00.0",789696,5000,-129.8,31.81,31.83,0.527,0.527,1.891,12.0445,40.17,39.92,25.43,47.15,86.9,92,82,88.5,85.8,75.92,46.75,85.3,90.9,81.3,88,85.1,75.51,0.746,25.03,14.04,6.513,5.428,3.189,2.103,47.08,85.6,91,81.5,88,85.3,75.85,492,288
"2019-04-16 19:07:20.0",789697,5000,-129.8,31.75,31.78,0.526,0.527,1.894,12.0445,40.17,39.93,25.43,47.08,87,92.1,82,88.5,85.7,75.92,46.75,85.3,91,81.5,87.9,85.1,75.51,0.746,25.03,14.04,6.513,5.36,3.189,2.103,46.95,85.6,91,81.4,88,85.3,75.78,492,288
"2019-04-16 19:07:40.0",789698,5000,-129.7,31.7,31.73,0.525,0.526,1.897,12.0445,40.18,39.95,25.43,47.02,87,92.1,82,88.5,85.6,76.05,46.68,85.5,91.1,81.5,88,85.1,75.65,0.746,25.03,14.04,6.513,5.428,3.121,2.103,46.81,85.6,91.1,81.5,87.9,85.2,75.85,492,288
"2019-04-16 19:08:00.0",789699,5000,-129.6,31.64,31.67,0.525,0.525,1.9,12.0445,40.18,39.95,25.43,46.95,87,92,82,88.5,85.6,75.92,46.68,85.3,91,81.3,87.9,85.1,75.44,0.746,25.03,13.98,6.445,5.428,3.121,2.035,46.81,85.5,91,81.3,87.9,85.3,75.51,492,288
"2019-04-16 19:08:20.0",789700,5010,-129.6,31.59,31.62,0.524,0.524,1.903,12.0557,40.18,39.95,25.46,46.88,86.7,91.7,81.7,88.2,85.2,75.17,46.47,85.1,90.7,81.1,87.6,84.7,74.83,0.746,24.97,14.04,6.513,5.36,3.189,2.103,46.68,85.2,90.6,81.1,87.6,84.9,74.97,493,287
"2019-04-16 19:08:40.0",789701,5010,-129.5,31.54,31.56,0.523,0.523,1.906,12.0557,40.18,39.95,25.46,46.75,86.5,91.5,81.5,88.1,85.1,75.04,46.47,84.9,90.7,81.1,87.7,84.8,74.63,0.746,24.97,14.04,6.513,5.36,3.189,2.035,46.61,85.1,90.8,81.1,87.7,84.9,74.9,493,287
"2019-04-16 19:09:00.0",789702,5010,-129.4,31.48,31.51,0.522,0.523,1.909,12.0557,40.18,39.95,25.46,46.75,86.5,91.6,81.5,88,85.1,74.97,46.41,84.9,90.5,80.9,87.5,84.7,74.43,0.746,24.97,14.04,6.513,5.428,3.189,2.035,46.61,85.1,90.6,81,87.5,84.7,74.63,493,287
"2019-04-16 19:09:20.0",789703,5010,-129.3,31.43,31.45,0.521,0.522,1.912,12.0557,40.18,39.95,25.46,46.68,86.4,91.6,81.5,87.9,84.9,74.43,46.41,84.9,90.5,81,87.5,84.7,74.09,0.746,25.03,14.04,6.513,5.428,3.189,2.103,46.47,85,90.5,80.9,87.5,84.8,74.22,493,287
"2019-04-16 19:09:40.0",789704,5010,-129.3,31.37,31.4,0.521,0.521,1.914,12.0557,40.18,39.95,25.46,46.61,86.2,91.3,81.3,87.7,84.9,74.36,46.34,84.4,90.1,80.5,87.1,84.4,74.02,0.814,25.03,14.11,6.581,5.495,3.257,2.103,46.47,84.7,90.3,80.6,87.2,84.5,74.22,493,287
"2019-04-16 19:10:00.0",789705,5010,-129.2,31.32,31.34,0.52,0.52,1.917,12.0557,40.18,39.93,25.46,46.61,86,91.1,81.1,87.7,84.8,74.43,46.27,84.4,90,80.6,87,84.3,73.95,0.882,25.03,14.18,6.649,5.563,3.324,2.171,46.41,84.6,90.2,80.7,87.2,84.5,74.15,493,287
"2019-04-16 19:10:20.0",789706,5020,-129.1,31.26,31.29,0.519,0.519,1.92,12.0445,40.18,39.95,25.46,46.54,86,91,81.1,87.6,84.7,74.22,46.2,84.3,89.9,80.5,87,84.3,73.75,0.814,24.97,14.11,6.649,5.495,3.324,2.171,46.34,84.5,90.1,80.5,87,84.3,73.95,494,286
"2019-04-16 19:10:40.0",789707,5020,-129.1,31.21,31.23,0.518,0.519,1.924,12.0445,40.18,39.93,25.46,46.41,85.7,90.8,80.8,87.3,84.5,74.02,46.07,84,89.8,80.3,86.9,84.1,73.54,0.814,24.97,14.04,6.581,5.495,3.257,2.103,46.27,84.3,89.8,80.3,86.8,84.2,73.82,494,286
"2019-04-16 19:11:00.0",789708,5020,-129,31.15,31.18,0.517,0.518,1.927,12.0445,40.18,39.95,25.49,46.2,85.6,90.6,80.7,87.2,84.3,73.75,46,84,89.7,80.2,86.7,84,73.41,0.746,24.83,13.98,6.513,5.428,3.257,2.035,46.13,84.3,89.8,80.2,86.7,84,73.48,494,286
"2019-04-16 19:11:20.0",789709,5020,-128.9,31.1,31.12,0.516,0.517,1.93,12.0445,40.18,39.93,25.49,46.27,85.4,90.4,80.7,87.1,84.2,73.54,45.93,83.9,89.6,80.1,86.6,84,73.34,0.746,24.83,13.98,6.445,5.36,3.189,2.035,46.13,84.2,89.8,80.2,86.7,84,73.48,494,286
"2019-04-16 19:11:40.0",789710,5020,-128.8,31.04,31.07,0.516,0.516,1.933,12.0445,40.18,39.95,25.49,46.13,85.3,90.4,80.5,87,84.2,73.41,45.86,83.9,89.6,80.1,86.6,83.9,73.14,0.678,24.83,13.91,6.445,5.36,3.189,1.967,46,84.1,89.6,80.1,86.6,83.9,73.14,494,286
"2019-04-16 19:12:00.0",789711,5020,-128.8,30.99,31.01,0.515,0.515,1.936,12.0557,40.18,39.95,25.49,46.07,85.3,90.5,80.5,87,84.1,73.07,45.73,83.9,89.6,80.1,86.5,83.6,72.53,0.746,24.83,13.91,6.445,5.36,3.189,2.035,46,84.1,89.6,79.99,86.6,83.8,72.73,495,285
"2019-04-16 19:12:20.0",789712,5020,-128.7,30.93,30.96,0.514,0.514,1.939,12.0557,40.18,39.95,25.49,46.07,85.3,90.4,80.5,86.9,84.1,72.66,45.66,83.6,89.3,79.85,86.4,83.7,72.39,0.746,24.76,13.91,6.445,5.36,3.189,2.035,45.86,83.8,89.4,79.92,86.2,83.7,72.59,495,285
"2019-04-16 19:12:40.0",789713,5020,-128.6,30.88,30.9,0.513,0.514,1.942,12.0501,40.18,39.95,25.49,45.93,85,90.2,80.3,86.8,83.9,72.53,45.66,83.4,89.1,79.65,86.2,83.4,72.12,0.678,24.7,13.84,6.377,5.292,3.121,1.967,45.86,83.6,89.1,79.79,86.2,83.4,72.19,495,285
"2019-04-16 19:13:00.0",789714,5020,-128.6,30.82,30.85,0.512,0.513,1.945,12.0557,40.18,39.95,25.49,45.93,84.9,90,80.2,86.6,83.7,72.66,45.59,83.3,88.9,79.65,86,83.2,72.25,0.678,24.7,13.84,6.377,5.292,3.121,1.967,45.8,83.6,89.1,79.51,85.9,83.4,72.25,495,285
"2019-04-16 19:13:20.0",789715,5020,-128.5,30.77,30.79,0.512,0.512,1.948,12.0557,40.18,39.95,25.49,45.86,84.7,89.8,79.99,86.4,83.6,71.98,45.59,83.1,88.9,79.38,85.8,83.2,71.64,0.678,24.56,13.77,6.377,5.292,3.121,1.967,45.66,83.3,88.9,79.45,85.9,83.3,71.85,495,285
"2019-04-16 19:13:40.0",789716,5030,-128.4,30.71,30.74,0.511,0.511,1.951,12.039,40.18,39.95,25.49,45.8,84.5,89.7,79.85,86.2,83.4,71.85,45.39,82.9,88.5,79.11,85.7,82.9,71.37,0.746,24.56,13.77,6.377,5.292,3.121,1.967,45.59,83,88.7,79.38,85.8,83.1,71.58,496,284
"2019-04-16 19:14:00.0",789717,5030,-128.3,30.66,30.68,0.51,0.51,1.954,12.0501,40.18,39.95,25.49,45.59,84.2,89.4,79.51,85.9,83.1,71.58,45.32,82.7,88.4,79.04,85.4,82.7,71.3,0.746,24.56,13.7,6.31,5.224,3.053,1.967,45.52,82.8,88.5,79.11,85.5,83,71.58,496,284
"2019-04-16 19:14:20.0",789718,5030,-128.3,30.6,30.63,0.509,0.509,1.958,12.0445,40.18,39.93,25.49,45.59,83.9,89.1,79.38,85.8,83.1,71.58,45.25,82.4,88.1,78.77,85.2,82.6,71.1,0.678,24.49,13.7,6.31,5.224,3.053,1.9,45.46,82.6,88.3,78.9,85.3,82.8,71.37,496,284
"2019-04-16 19:14:40.0",789719,5030,-128.2,30.55,30.57,0.508,0.509,1.961,12.0445,40.18,39.95,25.52,45.46,83.7,88.9,79.31,85.7,83,71.44,45.12,82.2,87.9,78.63,85,82.4,70.97,0.678,24.42,13.64,6.242,5.224,3.053,1.9,45.32,82.5,88.1,78.63,85,82.5,71.03,496,284
"2019-04-16 19:15:00.0",789720,5030,-128.1,30.49,30.52,0.507,0.508,1.964,12.0445,40.18,39.93,25.52,45.39,83.7,88.9,79.11,85.5,82.8,71.3,45.12,82.2,87.7,78.63,85.1,82.4,70.97,0.678,24.42,13.64,6.31,5.224,3.053,1.9,45.25,82.4,88,78.7,85.1,82.6,71.1,496,284
"2019-04-16 19:15:20.0",789721,5030,-128.1,30.43,30.46,0.507,0.507,1.967,12.039,40.18,39.95,25.52,45.32,83.6,88.7,79.04,85.4,82.6,71.03,45.05,82,87.7,78.43,84.9,82.2,70.69,0.678,24.42,13.64,6.242,5.224,3.053,1.9,45.25,82.3,87.9,78.63,85.1,82.4,70.9,496,284
"2019-04-16 19:15:40.0",789722,5030,-128,30.38,30.41,0.506,0.506,1.97,12.0557,40.17,39.93,25.49,45.25,83.3,88.5,78.9,85.3,82.6,70.83,44.98,81.8,87.7,78.36,84.7,82.1,70.29,0.678,24.42,13.64,6.31,5.156,3.053,1.9,45.18,82.2,87.8,78.5,85,82.4,70.56,497,283
"2019-04-16 19:16:00.0",789723,5030,-127.9,30.32,30.35,0.505,0.505,1.974,12.0557,40.17,39.93,25.49,45.12,83.1,88.3,78.77,85.1,82.4,70.56,44.91,81.8,87.5,78.23,84.7,82,70.42,0.678,24.42,13.64,6.242,5.224,3.053,1.9,45.05,82,87.7,78.43,84.7,82.2,70.49,497,283
"2019-04-16 19:16:20.0",789724,5030,-127.9,30.27,30.29,0.504,0.504,1.977,12.0501,40.17,39.92,25.49,45.18,83.2,88.3,78.63,85.1,82.4,70.76,44.85,81.6,87.3,78.16,84.6,82,70.56,0.678,24.36,13.64,6.31,5.224,3.053,1.9,44.98,81.8,87.5,78.16,84.5,82,70.76,497,283
"2019-04-16 19:16:40.0",789725,5030,-127.8,30.21,30.24,0.503,0.504,1.98,12.0557,40.17,39.93,25.49,45.05,83,88.3,78.63,84.9,82.2,71.24,44.78,81.5,87.2,77.95,84.5,81.8,70.9,0.678,24.36,13.64,6.31,5.224,3.053,1.967,44.91,81.7,87.3,78.09,84.5,81.9,70.97,497,283
"2019-04-16 19:17:00.0",789726,5030,-127.7,30.15,30.18,0.502,0.503,1.983,12.0557,40.17,39.95,25.49,44.91,82.8,88,78.29,84.7,82,70.97,44.71,81.3,87,77.82,84.3,81.8,70.9,0.678,24.36,13.64,6.31,5.224,3.053,1.9,44.85,81.5,87,77.82,84.1,81.7,70.97,497,283
"2019-04-16 19:17:20.0",789727,5040,-127.7,30.1,30.13,0.501,0.502,1.987,12.039,40.18,39.95,25.52,44.85,82.6,87.9,78.23,84.6,81.9,70.83,44.51,81.1,86.8,77.61,83.9,81.3,70.36,0.678,24.42,13.7,6.31,5.224,3.121,1.967,44.78,81.5,87,77.68,84.1,81.6,70.56,498,282
"2019-04-16 19:17:40.0",789728,5040,-127.6,30.04,30.07,0.501,0.501,1.99,12.039,40.18,39.93,25.55,44.85,82.5,87.7,78.02,84.4,81.9,70.76,44.44,80.9,86.6,77.55,83.9,81.3,70.22,0.678,24.36,13.64,6.242,5.224,3.053,1.9,44.64,81.2,86.8,77.68,84.1,81.5,70.36,498,282
"2019-04-16 19:18:00.0",789729,5040,-127.5,29.99,30.01,0.5,0.5,1.993,12.0445,40.18,39.93,25.52,44.71,82.3,87.6,77.95,84.3,81.7,70.42,44.44,80.7,86.4,77.34,83.8,81.1,70.02,0.678,24.36,13.7,6.31,5.224,3.053,1.9,44.64,81,86.6,77.41,83.9,81.4,70.22,498,282
"2019-04-16 19:18:20.0",789730,5040,-127.4,29.93,29.96,0.499,0.499,1.997,12.0445,40.18,39.95,25.55,44.64,82.1,87.3,77.82,84.1,81.4,70.22,44.37,80.6,86.4,77.28,83.7,81.1,69.81,0.678,24.36,13.7,6.31,5.224,3.053,1.9,44.57,80.8,86.4,77.34,83.7,81.2,70.08,498,282
"2019-04-16 19:18:40.0",789731,5040,-127.4,29.87,29.9,0.498,0.499,2,12.039,40.18,39.95,25.55,44.57,81.9,87.2,77.55,83.9,81.3,70.08,44.3,80.5,86.2,77.14,83.6,81.1,69.74,0.678,24.36,13.7,6.31,5.224,3.121,1.9,44.44,80.6,86.2,77.14,83.6,81.1,69.95,498,282
"2019-04-16 19:19:00.0",789732,5040,-127.3,29.82,29.85,0.497,0.498,2.004,12.0445,40.17,39.95,25.52,44.51,81.8,87,77.48,83.8,81.1,70.08,44.23,80.2,85.9,76.87,83.2,80.7,69.68,0.678,24.36,13.7,6.377,5.292,3.121,1.9,44.3,80.5,86,77,83.3,80.9,69.88,498,282
"2019-04-16 19:19:20.0",789733,5040,-127.2,29.76,29.79,0.496,0.497,2.007,12.0557,40.17,39.95,25.52,44.44,81.6,86.8,77.34,83.7,81.1,69.95,44.1,80.1,85.8,76.73,83.1,80.6,69.47,0.678,24.36,13.7,6.377,5.292,3.121,1.9,44.23,80.3,86,76.8,83.2,80.8,69.68,499,281
"2019-04-16 19:19:40.0",789734,5040,-127.2,29.71,29.73,0.496,0.496,2.01,12.0557,40.17,39.93,25.52,44.37,81.5,86.8,77.21,83.6,81,69.74,44.03,79.85,85.7,76.66,82.9,80.4,69.27,0.678,24.36,13.77,6.377,5.36,3.121,1.967,44.23,80.2,85.8,76.66,83,80.7,69.47,499,281
"2019-04-16 19:20:00.0",789735,5040,-127.1,29.65,29.68,0.495,0.495,2.014,12.0557,40.17,39.95,25.52,44.23,81.4,86.6,77.07,83.4,80.7,69.54,43.96,79.79,85.5,76.6,82.9,80.4,69.2,0.678,24.42,13.77,6.377,5.292,3.121,1.967,44.1,80.1,85.8,76.66,82.9,80.4,69.47,499,281
"2019-04-16 19:20:20.0",789736,5040,-127,29.59,29.62,0.494,0.494,2.017,12.0557,40.17,39.95,25.52,44.23,81.3,86.4,77,83.3,80.8,69.54,43.96,79.65,85.5,76.39,82.7,80.3,69.07,0.678,24.42,13.77,6.377,5.292,3.121,1.967,44.03,79.85,85.6,76.46,82.7,80.2,69.13,499,281
"2019-04-16 19:20:40.0",789737,5040,-127,29.54,29.57,0.493,0.493,2.021,12.0501,40.18,39.93,25.55,44.17,81.1,86.3,76.87,83.2,80.5,69.41,43.9,79.65,85.3,76.39,82.8,80.3,69.13,0.678,24.36,13.77,6.377,5.36,3.121,1.967,44.03,79.85,85.4,76.33,82.7,80.2,69.13,499,281
"2019-04-16 19:21:00.0",789738,5060,-126.9,29.48,29.51,0.492,0.493,2.024,12.0445,40.18,39.95,25.55,44.03,80.9,86.2,76.73,83,80.6,69.68,43.76,79.38,85.2,76.19,82.6,79.99,69.27,0.678,24.36,13.77,6.377,5.292,3.121,1.967,43.96,79.72,85.3,76.26,82.6,80.3,69.54,500,280
"2019-04-16 19:21:20.0",789739,5060,-126.8,29.42,29.45,0.491,0.492,2.028,12.0445,40.18,39.95,25.55,44.03,80.8,86,76.6,82.7,80.3,69.34,43.62,79.04,84.7,75.78,82.1,79.72,68.79,0.678,24.36,13.77,6.377,5.292,3.121,1.967,43.83,79.31,85,75.92,82.2,79.85,69,500,280
"2019-04-16 19:21:40.0",789740,5060,-126.8,29.37,29.4,0.49,0.491,2.031,12.0445,40.18,39.95,25.55,43.9,80.4,85.6,76.26,82.6,80.1,68.79,43.56,78.77,84.5,75.58,82,79.58,68.39,0.678,24.36,13.7,6.377,5.292,3.053,1.967,43.69,79.11,84.6,75.71,82.2,79.72,68.59,500,280
"2019-04-16 19:22:00.0",789741,5060,-126.7,29.31,29.34,0.49,0.49,2.035,12.039,40.18,39.95,25.55,43.83,80.1,85.4,76.05,82.4,79.92,68.79,43.56,78.56,84.3,75.58,81.9,79.45,68.39,0.678,24.36,13.77,6.377,5.292,3.053,1.9,43.69,78.84,84.5,75.58,81.9,79.58,68.52,500,280
"2019-04-16 19:22:20.0",789742,5060,-126.6,29.25,29.28,0.489,0.489,2.038,12.0445,40.18,39.95,25.55,43.76,79.99,85.2,75.99,82.3,79.79,68.79,43.49,78.56,84.3,75.38,81.8,79.38,68.52,0.611,24.29,13.77,6.377,5.292,3.053,1.967,43.56,78.77,84.3,75.51,81.8,79.45,68.73,500,280
"2019-04-16 19:22:40.0",789743,5060,-126.6,29.2,29.23,0.488,0.488,2.042,12.0557,40.18,39.95,25.55,43.69,79.99,85.3,75.92,82.2,79.72,69.2,43.35,78.43,84.3,75.38,81.7,79.17,68.73,0.678,24.29,13.77,6.377,5.292,3.121,1.967,43.49,78.63,84.3,75.24,81.6,79.31,68.93,501,279
"2019-04-16 19:23:00.0",789744,5060,-126.5,29.14,29.17,0.487,0.487,2.046,12.0501,40.18,39.95,25.55,43.56,79.85,85.1,75.78,82,79.58,68.93,43.22,78.23,84,75.17,81.3,79.04,68.59,0.678,24.29,13.77,6.377,5.36,3.121,1.967,43.42,78.43,84.1,75.24,81.5,79.17,68.66,501,279
"2019-04-16 19:23:20.0",789745,5060,-126.4,29.08,29.11,0.486,0.487,2.049,12.0501,40.18,39.93,25.55,43.49,79.65,84.9,75.58,81.9,79.45,68.73,43.22,78.09,83.9,74.97,81.3,78.9,68.39,0.678,24.36,13.77,6.445,5.36,3.121,1.967,43.35,78.36,84.1,75.1,81.4,79.11,68.52,501,279
"2019-04-16 19:23:40.0",789746,5060,-126.4,29.03,29.06,0.485,0.486,2.053,12.0501,40.18,39.93,25.58,43.42,79.58,84.9,75.51,81.8,79.24,68.39,43.15,78.02,83.8,74.9,81.2,78.84,67.98,0.611,24.36,13.84,6.445,5.36,3.121,1.967,43.22,78.23,83.8,74.9,81.2,78.9,68.05,501,279
"2019-04-16 19:24:00.0",789747,5060,-126.3,28.97,29,0.484,0.485,2.056,12.0557,40.18,39.95,25.58,43.28,79.24,84.6,75.38,81.6,79.11,67.98,43.08,77.75,83.4,74.76,81.1,78.7,67.64,0.611,24.36,13.84,6.445,5.428,3.121,1.967,43.15,78.02,83.6,74.7,81,78.7,67.64,501,279
"2019-04-16 19:24:20.0",789748,5060,-126.2,28.91,28.94,0.483,0.484,2.06,12.0501,40.18,39.92,25.58,43.22,78.9,84.3,74.97,81.2,78.77,67.57,42.95,77.28,83,74.36,80.7,78.43,67.23,0.611,24.36,13.91,6.513,5.428,3.121,1.967,43.08,77.68,83.4,74.49,80.9,78.56,67.44,501,279
"2019-04-16 19:24:40.0",789749,5070,-126.2,28.86,28.89,0.483,0.483,2.064,12.0501,40.18,39.93,25.58,43.15,78.77,84,74.83,81.1,78.77,67.44,42.81,77.14,82.8,74.22,80.5,78.16,67.03,0.678,24.42,13.98,6.513,5.428,3.189,1.967,42.95,77.41,83,74.29,80.5,78.29,67.17,502,278
"2019-04-16 19:25:00.0",789750,5070,-126.1,28.8,28.83,0.482,0.482,2.067,12.039,40.18,39.92,25.58,43.08,78.63,83.9,74.7,80.9,78.56,67.17,42.74,76.87,82.6,73.95,80.3,78.02,66.69,0.678,24.42,13.98,6.581,5.495,3.189,1.967,42.88,77.21,82.9,74.09,80.4,78.16,66.89,502,278
"2019-04-16 19:25:20.0",789751,5070,-126,28.74,28.77,0.481,0.481,2.071,12.0501,40.18,39.93,25.58,42.95,78.16,83.4,74.29,80.6,78.29,66.69,42.67,76.39,82.2,73.61,79.92,77.82,66.28,0.611,24.42,13.98,6.513,5.495,3.189,1.967,42.81,76.8,82.4,73.75,80.1,77.89,66.42,502,278
"2019-04-16 19:25:40.0",789752,5070,-125.9,28.69,28.71,0.48,0.48,2.075,12.0501,40.17,39.92,25.55,42.88,77.75,83,74.09,80.3,78.09,66.42,42.54,76.05,81.8,73.27,79.51,77.48,65.81,0.611,24.42,13.98,6.513,5.495,3.121,1.967,42.67,76.53,82.1,73.54,79.79,77.75,66.15,502,278
"2019-04-16 19:26:00.0",789753,5070,-125.9,28.63,28.66,0.479,0.48,2.079,12.0445,40.16,39.93,25.55,42.81,77.28,82.4,73.75,79.92,77.75,66.15,42.47,75.51,81.2,72.93,79.17,77.14,65.67,0.611,24.29,13.84,6.513,5.428,3.121,1.967,42.54,75.85,81.5,73.07,79.31,77.34,65.81,502,278
"2019-04-16 19:26:20.0",789754,5080,-125.8,28.57,28.6,0.478,0.479,2.082,12.0501,40.17,39.92,25.55,42.61,76.73,81.8,73.14,79.17,77.28,65.54,42.27,75.04,80.7,72.46,78.77,76.8,65.06,0.678,24.22,13.77,6.445,5.36,3.121,1.9,42.4,75.24,80.8,72.53,78.84,76.94,65.2,503,277
"2019-04-16 19:26:40.0",789755,5080,-125.7,28.51,28.54,0.477,0.478,2.086,12.0557,40.16,39.92,25.55,42.54,76.33,81.5,72.93,79.24,77.21,65.33,42.2,74.83,80.5,72.32,78.63,76.73,64.86,0.611,24.22,13.7,6.377,5.292,3.121,1.9,42.4,75.17,80.8,72.46,78.7,76.8,65,503,277
"2019-04-16 19:27:00.0",789756,5080,-125.7,28.46,28.49,0.476,0.477,2.09,12.0501,40.16,39.92,25.55,42.47,76.6,81.8,73.14,79.38,77.21,65.2,42.2,74.9,80.6,72.32,78.63,76.73,64.72,0.611,24.15,13.7,6.377,5.36,3.121,1.9,42.34,75.24,80.8,72.53,78.77,76.87,64.86,503,277
"2019-04-16 19:27:20.0",789757,5080,-125.6,28.4,28.43,0.476,0.476,2.094,12.0501,40.15,39.93,25.58,42.47,76.39,81.6,73,79.31,77.28,65.13,42.27,74.83,80.6,72.46,78.7,76.87,64.79,0.746,24.15,13.84,6.513,5.428,3.189,1.967,42.27,74.97,80.5,72.25,78.5,76.66,64.72,503,277
"2019-04-16 19:27:40.0",789758,5080,-125.5,28.34,28.37,0.475,0.475,2.098,12.0501,40.15,39.92,25.58,42.47,76.19,81.5,72.87,79.17,77.28,64.93,42.27,74.7,80.5,72.25,78.63,76.8,64.52,0.882,24.29,13.98,6.649,5.631,3.392,2.171,42.13,74.76,80.3,72.12,78.36,76.53,64.32,503,277
"2019-04-16 19:28:00.0",789759,5080,-125.5,28.28,28.31,0.474,0.474,2.102,12.0557,40.15,39.92,25.58,42.54,76.26,81.5,72.87,79.24,77.21,64.79,42.34,74.76,80.6,72.39,78.77,76.87,64.45,0.95,24.36,14.11,6.717,5.767,3.528,2.239,42.13,74.7,80.3,71.98,78.29,76.46,64.18,503,277
"2019-04-16 19:28:20.0",789760,5080,-125.4,28.23,28.25,0.473,0.473,2.106,12.0445,40.15,39.92,25.58,42.61,76.33,81.7,73.07,79.38,77.34,64.79,42.27,74.83,80.7,72.46,78.84,76.94,64.52,1.018,24.42,14.18,6.852,5.902,3.664,2.375,42,74.7,80.3,71.98,78.23,76.39,64.11,504,276
"2019-04-16 19:28:40.0",789761,5080,-125.4,28.17,28.2,0.472,0.473,2.109,12.039,40.15,39.92,25.58,42.54,76.46,81.9,73.14,79.38,77.34,64.79,42.2,74.97,80.9,72.59,78.9,76.94,64.45,1.018,24.42,14.11,6.852,5.902,3.664,2.307,42,74.9,80.5,72.05,78.29,76.46,64.11,504,276
"2019-04-16 19:29:00.0",789762,5080,-125.3,28.11,28.14,0.471,0.472,2.113,12.0445,40.15,39.92,25.58,42.4,76.39,81.8,73.07,79.24,77.21,64.66,42.06,74.76,80.7,72.32,78.63,76.66,64.18,0.882,24.29,14.04,6.717,5.767,3.528,2.239,41.93,74.76,80.3,71.98,78.23,76.26,64.05,504,276
"2019-04-16 19:29:20.0",789763,5080,-125.2,28.05,28.08,0.47,0.471,2.117,12.0445,40.15,39.92,25.55,42.2,76.05,81.4,72.66,78.84,76.8,64.38,41.93,74.43,80.3,71.98,78.29,76.33,64.18,0.814,24.15,13.91,6.581,5.563,3.324,2.103,41.93,74.56,80.3,71.85,78.09,76.19,64.18,504,276
"2019-04-16 19:29:40.0",789764,5080,-125.2,27.99,28.02,0.469,0.47,2.121,12.0445,40.15,39.92,25.55,42,75.78,81.1,72.32,78.5,76.53,64.45,41.79,74.29,80.1,71.85,78.09,76.12,64.18,0.678,24.08,13.77,6.445,5.428,3.121,1.967,41.79,74.43,80.1,71.71,77.95,76.05,64.11,504,276
"2019-04-16 19:30:00.0",789765,5090,-125.1,27.94,27.97,0.468,0.469,2.125,12.0501,40.15,39.92,25.55,41.86,75.58,80.9,72.12,78.29,76.19,63.98,41.52,74.02,79.79,71.58,77.75,75.78,63.5,0.678,24.02,13.64,6.377,5.36,3.121,1.9,41.66,74.29,79.92,71.58,77.75,75.85,63.64,505,275
"2019-04-16 19:30:20.0",789766,5090,-125,27.88,27.91,0.468,0.468,2.129,12.0501,40.15,39.92,25.55,41.79,75.51,80.8,72.12,78.29,76.12,63.71,41.45,73.82,79.65,71.44,77.68,75.71,63.37,0.611,23.95,13.64,6.377,5.292,3.121,1.832,41.66,74.22,79.85,71.51,77.68,75.78,63.5,505,275
"2019-04-16 19:30:40.0",789767,5090,-125,27.82,27.85,0.467,0.467,2.133,12.0501,40.15,39.94,25.55,41.66,75.24,80.6,71.85,78.02,75.99,63.64,41.39,73.68,79.51,71.24,77.48,75.58,63.3,0.611,23.95,13.64,6.31,5.292,3.053,1.832,41.52,74.02,79.72,71.3,77.48,75.58,63.37,505,275
"2019-04-16 19:31:00.0",789768,5090,-124.9,27.76,27.79,0.466,0.466,2.137,12.0501,40.15,39.96,25.55,41.59,75.1,80.4,71.71,77.89,75.78,63.37,41.32,73.41,79.45,71.17,77.34,75.38,62.89,0.611,23.95,13.57,6.31,5.292,3.053,1.832,41.45,73.82,79.51,71.17,77.41,75.58,63.1,505,275
"2019-04-16 19:31:20.0",789769,5090,-124.8,27.71,27.74,0.465,0.465,2.141,12.0501,40.15,39.96,25.55,41.45,74.76,80.1,71.51,77.61,75.65,62.89,41.25,73.27,79.04,70.83,77,75.17,62.49,0.611,23.88,13.57,6.31,5.224,3.053,1.764,41.32,73.54,79.04,70.9,77.07,75.31,62.55,505,275
"2019-04-16 19:31:40.0",789770,5100,-124.8,27.65,27.68,0.464,0.465,2.145,12.0445,40.15,39.92,25.55,41.45,74.56,79.92,71.37,77.55,75.51,62.55,41.11,73.07,78.84,70.69,76.94,75.04,62.15,0.678,23.81,13.5,6.242,5.224,3.053,1.832,41.32,73.27,78.97,70.76,76.94,75.1,62.28,506,274
"2019-04-16 19:32:00.0",789771,5100,-124.7,27.59,27.62,0.463,0.464,2.15,12.0445,40.15,39.94,25.55,41.32,74.22,79.58,71.03,77.21,75.24,62.21,41.05,72.66,78.43,70.42,76.66,74.83,61.74,0.611,23.81,13.5,6.242,5.224,3.053,1.832,41.18,72.93,78.56,70.36,76.66,74.83,61.81,506,274
"2019-04-16 19:32:20.0",789772,5100,-124.6,27.53,27.56,0.462,0.463,2.154,12.039,40.17,39.93,25.55,41.32,73.95,79.24,70.76,76.94,75.04,61.67,40.98,72.46,78.29,70.29,76.46,74.63,61.33,0.611,23.75,13.43,6.242,5.224,3.053,1.764,41.05,72.73,78.36,70.15,76.46,74.76,61.47,506,274
"2019-04-16 19:32:40.0",789773,5100,-124.6,27.47,27.5,0.461,0.462,2.158,12.0445,40.18,39.92,25.55,41.18,73.68,79.04,70.56,76.66,74.9,61.54,40.91,72.19,78.02,70.02,76.26,74.43,61.2,0.611,23.75,13.43,6.242,5.156,2.985,1.764,40.98,72.39,78.02,69.95,76.19,74.36,61.2,506,274
"2019-04-16 19:33:00.0",789774,5100,-124.5,27.41,27.45,0.46,0.461,2.162,12.0445,40.15,39.93,25.55,41.05,73.48,78.84,70.42,76.66,74.83,61.54,40.84,72.12,78.02,70.02,76.12,74.36,61.13,0.611,23.68,13.43,6.174,5.224,2.985,1.764,40.91,72.32,78.02,69.95,76.12,74.43,61.33,506,274
"2019-04-16 19:33:20.0",789775,5100,-124.4,27.36,27.39,0.46,0.46,2.166,12.0501,40.17,39.93,25.55,40.98,73.34,78.7,70.36,76.6,74.63,61.33,40.84,71.92,77.68,69.74,75.92,74.22,61.06,0.611,23.61,13.43,6.242,5.224,2.985,1.764,40.84,72.12,77.75,69.68,75.92,74.29,61.2,506,274
"2019-04-16 19:33:40.0",789776,5100,-124.4,27.3,27.33,0.459,0.459,2.171,12.0557,40.15,39.93,25.55,40.98,73.2,78.5,70.15,76.33,74.56,61.13,40.71,71.85,77.68,69.68,75.92,74.15,60.79,0.611,23.61,13.43,6.174,5.224,3.053,1.764,40.84,72.05,77.75,69.74,75.92,74.29,60.92,507,273
"2019-04-16 19:34:00.0",789777,5100,-124.3,27.24,27.27,0.458,0.458,2.175,12.0501,40.15,39.93,25.55,40.91,73.27,78.5,70.22,76.33,74.49,61.06,40.64,71.78,77.55,69.68,75.78,74.09,60.59,0.611,23.61,13.37,6.242,5.156,3.053,1.764,40.71,71.92,77.61,69.61,75.78,74.02,60.65,507,273
"2019-04-16 19:34:20.0",789778,5100,-124.2,27.18,27.21,0.457,0.457,2.179,12.0501,40.17,39.92,25.55,40.84,73.07,78.43,70.08,76.19,74.36,60.59,40.57,71.58,77.28,69.47,75.65,73.95,60.11,0.611,23.61,13.37,6.174,5.224,2.985,1.764,40.64,71.71,77.48,69.47,75.58,73.95,60.25,507,273
"2019-04-16 19:34:40.0",789779,5100,-124.2,27.12,27.15,0.456,0.456,2.183,12.0557,40.15,39.92,25.55,40.71,72.93,78.29,69.88,76.05,74.29,60.18,40.5,71.44,77.28,69.34,75.58,73.75,59.77,0.611,23.54,13.37,6.174,5.224,3.053,1.764,40.57,71.64,77.28,69.34,75.44,73.75,59.84,507,273
"2019-04-16 19:35:00.0",789780,5100,-124.1,27.06,27.1,0.455,0.455,2.188,12.0501,40.17,39.92,25.55,40.71,72.87,78.23,69.88,76.05,74.09,59.97,40.5,71.51,77.28,69.27,75.51,73.82,59.7,0.611,23.47,13.37,6.174,5.224,3.053,1.696,40.5,71.64,77.34,69.34,75.51,73.82,59.77,507,273
"2019-04-16 19:35:20.0",789781,5110,-124,27.01,27.04,0.454,0.455,2.192,12.0445,40.15,39.93,25.55,40.57,72.73,78.16,69.88,75.99,74.09,59.84,40.3,71.24,77.07,69.2,75.31,73.61,59.5,0.678,23.47,13.37,6.174,5.224,3.053,1.764,40.44,71.44,77.21,69.2,75.38,73.68,59.7,508,272
"2019-04-16 19:35:40.0",789782,5110,-124,26.95,26.98,0.453,0.454,2.196,12.0445,40.15,39.93,25.55,40.5,72.59,77.89,69.54,75.78,73.95,59.64,40.23,71.1,76.94,69.07,75.17,73.48,59.3,0.611,23.47,13.37,6.174,5.156,3.053,1.764,40.3,71.37,77.07,69,75.24,73.54,59.43,508,272
"2019-04-16 19:36:00.0",789783,5110,-123.9,26.89,26.92,0.452,0.453,2.201,12.0445,40.17,39.92,25.55,40.5,72.46,77.89,69.54,75.58,73.68,59.64,40.16,70.97,76.87,68.93,75.04,73.2,59.3,0.611,23.47,13.37,6.174,5.224,2.985,1.764,40.23,71.3,76.94,69,75.04,73.34,59.43,508,272
"2019-04-16 19:36:20.0",789784,5110,-123.9,26.83,26.86,0.451,0.452,2.205,12.039,40.17,39.92,25.55,40.37,72.32,77.75,69.41,75.58,73.61,59.43,40.16,70.97,76.8,68.86,75.04,73.27,59.16,0.611,23.47,13.37,6.174,5.156,2.985,1.764,40.16,71.1,76.8,68.79,74.97,73.2,59.16,508,272
"2019-04-16 19:36:40.0",789785,5110,-123.8,26.77,26.8,0.45,0.451,2.209,12.0445,40.15,39.92,25.55,40.23,72.25,77.61,69.27,75.17,73.61,59.16,40.1,70.76,76.66,68.79,74.9,73.2,58.96,0.611,23.47,13.3,6.174,5.156,2.985,1.696,40.16,71.03,76.8,68.73,74.83,73.07,58.96,508,272
"2019-04-16 19:37:00.0",789786,5110,-123.7,26.71,26.75,0.45,0.45,2.214,12.0445,40.15,39.92,25.55,40.23,72.12,77.41,69.07,75.17,73.41,58.89,40.03,70.63,76.53,68.66,74.7,73.07,58.55,0.611,23.41,13.3,6.174,5.156,2.985,1.696,40.03,70.9,76.53,68.59,74.7,73.07,58.55,508,272
"2019-04-16 19:37:20.0",789787,5120,-123.7,26.65,26.69,0.449,0.449,2.218,12.0557,40.15,39.92,25.55,40.1,71.92,77.34,69,75.1,73.27,58.69,39.82,70.42,76.26,68.39,74.56,72.8,58.35,0.611,23.34,13.3,6.174,5.156,2.985,1.764,39.96,70.69,76.39,68.46,74.63,73,58.55,509,271
"2019-04-16 19:37:40.0",789788,5120,-123.6,26.6,26.63,0.448,0.448,2.223,12.0501,40.15,39.92,25.55,40.1,71.64,77.07,68.93,74.9,73.07,58.69,39.76,70.22,76.05,68.25,74.43,72.66,58.41,0.611,23.34,13.3,6.174,5.156,2.985,1.696,39.96,70.49,76.19,68.32,74.43,72.66,58.55,509,271
"2019-04-16 19:38:00.0",789789,5120,-123.5,26.54,26.57,0.447,0.447,2.227,12.0501,40.15,39.92,25.55,39.96,71.51,76.94,68.66,74.7,72.93,58.89,39.76,70.02,75.92,68.12,74.22,72.53,58.55,0.611,23.27,13.23,6.174,5.156,2.985,1.696,39.82,70.29,75.99,68.05,74.22,72.59,58.62,509,271
"2019-04-16 19:38:20.0",789790,5120,-123.5,26.48,26.51,0.446,0.446,2.232,12.0501,40.15,39.93,25.55,39.96,71.37,76.73,68.59,74.63,72.8,58.75,39.69,69.88,75.78,67.98,74.09,72.39,58.35,0.611,23.27,13.23,6.106,5.088,2.917,1.696,39.76,70.15,75.85,67.98,74.15,72.46,58.41,509,271
"2019-04-16 19:38:40.0",789791,5120,-123.4,26.42,26.45,0.445,0.445,2.237,12.0501,40.15,39.92,25.55,39.76,71.1,76.6,68.39,74.49,72.59,58.55,39.62,69.74,75.65,67.84,74.02,72.32,58.28,0.543,23.27,13.23,6.106,5.156,2.985,1.696,39.62,69.88,75.71,67.91,73.88,72.39,58.28,509,271
"2019-04-16 19:39:00.0",789792,5130,-123.3,26.36,26.39,0.444,0.445,2.241,12.0445,40.15,39.93,25.55,39.69,70.9,76.39,68.12,74.15,72.39,58.21,39.49,69.54,75.38,67.71,73.75,72.12,58.01,0.611,23.27,13.23,6.106,5.156,2.985,1.696,39.62,69.74,75.51,67.57,73.75,72.05,58.14,510,270
"2019-04-16 19:39:20.0",789793,5130,-123.3,26.3,26.33,0.443,0.444,2.246,12.0445,40.15,39.92,25.55,39.69,70.83,76.26,68.05,74.09,72.32,58.35,39.42,69.47,75.24,67.51,73.54,71.92,58.08,0.611,23.27,13.23,6.174,5.156,2.985,1.764,39.49,69.61,75.38,67.51,73.61,71.98,58.21,510,270
"2019-04-16 19:39:40.0",789794,5130,-123.2,26.24,26.27,0.442,0.443,2.25,12.0445,40.15,39.92,25.55,39.55,70.69,76.12,68.05,74.02,72.25,58.28,39.35,69.27,75.17,67.37,73.48,71.92,58.01,0.611,23.27,13.3,6.174,5.156,2.985,1.764,39.42,69.54,75.31,67.51,73.54,71.98,58.14,510,270
"2019-04-16 19:40:00.0",789795,5130,-123.2,26.18,26.21,0.441,0.442,2.255,12.0501,40.15,39.92,25.55,39.49,70.49,75.92,67.84,73.88,72.12,58.35,39.28,69.07,75.04,67.3,73.34,71.71,58.08,0.611,23.27,13.3,6.174,5.156,2.985,1.696,39.35,69.41,75.1,67.37,73.41,71.71,58.14,510,270
"2019-04-16 19:40:20.0",789796,5130,-123.1,26.12,26.16,0.44,0.441,2.26,12.0445,40.15,39.92,25.55,39.42,70.36,75.85,67.78,73.82,72.12,58.35,39.21,68.93,74.83,67.1,73.2,71.58,58.08,0.611,23.27,13.3,6.174,5.224,3.053,1.696,39.28,69.2,75.04,67.17,73.2,71.64,58.21,510,270
"2019-04-16 19:40:40.0",789797,5130,-123,26.06,26.1,0.439,0.44,2.264,12.0557,40.15,39.92,25.55,39.35,70.15,75.65,67.57,73.61,71.92,58.28,39.08,68.79,74.63,66.96,73.14,71.37,57.87,0.611,23.27,13.3,6.174,5.156,3.053,1.764,39.21,69,74.76,67.03,73.07,71.51,58.01,511,269
"2019-04-16 19:41:00.0",789798,5130,-123,26,26.04,0.438,0.439,2.269,12.0501,40.15,39.92,25.55,39.21,69.88,75.31,67.23,73.41,71.64,57.94,38.94,68.52,74.36,66.76,72.87,71.17,57.53,0.611,23.27,13.37,6.174,5.224,3.053,1.764,39.08,68.79,74.49,66.83,72.8,71.37,57.67,511,269
"2019-04-16 19:41:20.0",789799,5130,-122.9,25.95,25.98,0.438,0.438,2.274,12.0501,40.15,39.92,25.52,39.15,69.74,75.17,67.1,73.14,71.44,57.6,38.94,68.32,74.22,66.49,72.66,71.03,57.33,0.611,23.27,13.3,6.174,5.156,3.053,1.696,39.01,68.59,74.36,66.62,72.73,71.17,57.46,511,269
"2019-04-16 19:41:40.0",789800,5130,-122.8,25.89,25.92,0.437,0.437,2.279,12.0501,40.15,39.92,25.52,39.08,69.61,75.04,67.03,73,71.44,57.53,38.88,68.12,73.95,66.35,72.46,70.9,57.06,0.611,23.2,13.3,6.174,5.224,3.053,1.696,38.94,68.39,74.15,66.49,72.53,71.03,57.19,511,269
"2019-04-16 19:42:00.0",789801,5130,-122.8,25.83,25.86,0.436,0.436,2.284,12.0501,40.15,39.92,25.52,39.01,69.34,74.83,66.83,72.8,71.24,57.13,38.81,67.84,73.75,66.22,72.32,70.76,56.79,0.611,23.2,13.3,6.174,5.224,3.053,1.696,38.81,68.12,73.88,66.28,72.25,70.76,56.92,511,269
"2019-04-16 19:42:20.0",789802,5130,-122.7,25.77,25.8,0.435,0.435,2.288,12.0557,40.15,39.92,25.52,38.94,69.2,74.63,66.62,72.73,71.03,56.79,38.67,67.71,73.61,66.01,72.05,70.56,56.38,0.611,23.2,13.3,6.174,5.224,3.053,1.696,38.74,67.98,73.75,66.15,72.19,70.69,56.45,511,269
"2019-04-16 19:42:40.0",789803,5140,-122.6,25.71,25.74,0.434,0.434,2.293,12.0445,40.15,39.92,25.52,38.81,68.86,74.36,66.42,72.39,70.9,56.24,38.54,67.44,73.27,65.81,71.85,70.36,55.84,0.678,23.2,13.3,6.242,5.224,3.121,1.764,38.67,67.71,73.54,65.95,71.98,70.56,55.9,512,268
"2019-04-16 19:43:00.0",789804,5140,-122.6,25.65,25.68,0.433,0.433,2.298,12.0445,40.15,39.93,25.52,38.74,68.66,74.09,66.22,72.19,70.69,55.77,38.47,67.17,73.07,65.67,71.78,70.22,55.43,0.678,23.2,13.3,6.242,5.224,3.121,1.764,38.6,67.57,73.27,65.67,71.71,70.29,55.56,512,268
"2019-04-16 19:43:20.0",789805,5140,-122.5,25.59,25.62,0.432,0.432,2.303,12.0445,40.15,39.95,25.52,38.67,68.39,73.75,66.01,71.98,70.56,55.5,38.4,66.89,72.8,65.4,71.44,70.08,55.09,0.611,23.14,13.3,6.242,5.224,3.053,1.696,38.47,67.17,72.87,65.33,71.44,70.08,55.16,512,268
"2019-04-16 19:43:40.0",789806,5140,-122.5,25.53,25.56,0.431,0.432,2.308,12.0445,40.15,39.93,25.52,38.54,68.18,73.54,65.67,71.71,70.22,55.09,38.33,66.69,72.46,65.13,71.24,69.81,54.68,0.611,23.14,13.3,6.174,5.224,3.121,1.696,38.33,66.96,72.66,65.2,71.24,69.74,54.68,512,268
"2019-04-16 19:44:00.0",789807,5140,-122.4,25.47,25.5,0.43,0.431,2.313,12.0501,40.17,39.93,25.52,38.47,67.91,73.34,65.61,71.64,70.15,54.68,38.26,66.49,72.32,65.06,71.03,69.74,54.41,0.611,23.14,13.3,6.242,5.224,3.053,1.696,38.33,66.76,72.39,65.13,71.1,69.81,54.48,512,268
"2019-04-16 19:44:20.0",789808,5150,-122.3,25.41,25.44,0.429,0.43,2.318,12.0557,40.18,39.95,25.49,38.4,67.64,73,65.33,71.37,69.88,54.41,38.13,66.15,71.98,64.72,70.76,69.41,54,0.678,23.14,13.3,6.242,5.224,3.121,1.764,38.2,66.49,72.12,64.79,70.83,69.61,54.14,513,267
"2019-04-16 19:44:40.0",789809,5150,-122.3,25.35,25.38,0.428,0.429,2.323,12.0557,40.18,39.95,25.49,38.33,67.3,72.73,65.06,71.03,69.74,54.07,38.13,65.81,71.64,64.45,70.56,69.34,53.8,0.678,23.14,13.3,6.242,5.292,3.121,1.696,38.2,66.15,71.78,64.59,70.69,69.41,53.87,513,267
"2019-04-16 19:45:00.0",789810,5150,-122.2,25.29,25.32,0.427,0.428,2.328,12.0557,40.18,39.95,25.49,38.26,67.03,72.53,64.93,70.9,69.54,53.8,38.06,65.61,71.51,64.32,70.36,69.2,53.53,0.678,23.07,13.3,6.242,5.292,3.121,1.764,38.13,65.88,71.58,64.45,70.42,69.27,53.6,513,267
"2019-04-16 19:45:20.0",789811,5150,-122.2,25.23,25.26,0.426,0.427,2.333,12.0501,40.18,39.95,25.49,38.2,66.89,72.32,64.72,70.76,69.41,53.67,37.93,65.47,71.3,64.18,70.22,69.07,53.46,0.678,23.07,13.3,6.242,5.292,3.121,1.764,37.99,65.67,71.37,64.25,70.29,69.13,53.53,513,267
"2019-04-16 19:45:40.0",789812,5150,-122.1,25.17,25.2,0.425,0.426,2.338,12.0501,40.18,39.95,25.49,38.13,66.69,72.12,64.66,70.56,69.2,53.67,37.86,65.33,71.24,64.05,70.08,68.93,53.46,0.678,23.07,13.3,6.242,5.292,3.121,1.696,37.93,65.54,71.24,64.18,70.08,68.93,53.53,513,267
"2019-04-16 19:46:00.0",789813,5150,-122,25.11,25.14,0.424,0.425,2.343,12.0501,40.18,39.93,25.49,37.99,66.56,72.05,64.52,70.49,69.2,53.53,37.79,65.13,71.03,63.98,70.02,68.79,53.19,0.611,23,13.3,6.174,5.224,3.053,1.696,37.79,65.4,71.17,63.91,69.88,68.73,53.26,513,267
"2019-04-16 19:46:20.0",789814,5150,-122,25.05,25.09,0.423,0.424,2.349,12.039,40.18,39.93,25.49,37.86,66.42,71.85,64.38,70.36,68.93,53.26,37.59,65,70.9,63.77,69.81,68.59,52.99,0.678,23,13.23,6.174,5.224,3.053,1.696,37.72,65.33,71.03,63.84,69.81,68.73,53.12,514,266
"2019-04-16 19:46:40.0",789815,5160,-121.9,24.99,25.03,0.422,0.423,2.354,12.0445,40.18,39.93,25.49,37.86,66.28,71.71,64.25,70.22,68.93,53.19,37.59,64.86,70.69,63.64,69.61,68.46,52.85,0.611,22.93,13.23,6.174,5.224,3.053,1.696,37.72,65.13,70.83,63.71,69.68,68.52,52.92,514,266
"2019-04-16 19:47:00.0",789816,5150,-121.8,24.93,24.97,0.422,0.422,2.359,12.0445,40.18,39.93,25.49,37.72,66.08,71.58,64.11,70.08,68.73,52.99,37.52,64.72,70.56,63.43,69.54,68.39,52.72,0.611,22.93,13.16,6.106,5.156,2.985,1.696,37.59,65,70.69,63.57,69.54,68.46,52.78,514,266
"2019-04-16 19:47:20.0",789817,5150,-121.8,24.87,24.91,0.421,0.421,2.364,12.039,40.18,39.93,25.49,37.72,65.95,71.37,63.98,70.02,68.66,52.72,37.45,64.59,70.49,63.37,69.41,68.32,52.44,0.611,22.86,13.16,6.174,5.156,2.985,1.628,37.45,64.72,70.42,63.37,69.34,68.25,52.44,514,266
"2019-04-16 19:47:40.0",789818,5150,-121.7,24.81,24.85,0.42,0.42,2.37,12.0445,40.18,39.93,25.49,37.59,65.74,71.24,63.84,69.81,68.59,52.51,37.38,64.38,70.22,63.23,69.27,68.12,52.1,0.611,22.86,13.16,6.106,5.156,2.985,1.696,37.45,64.72,70.42,63.3,69.27,68.12,52.17,514,266
"2019-04-16 19:48:00.0",789819,5160,-121.7,24.75,24.79,0.419,0.419,2.375,12.0557,40.18,39.93,25.49,37.52,65.67,71.1,63.64,69.61,68.39,52.17,37.18,64.18,70.02,63.03,69,67.84,51.83,0.611,22.86,13.16,6.106,5.156,3.053,1.696,37.31,64.45,70.36,63.23,69.2,67.98,51.97,515,265
"2019-04-16 19:48:20.0",789820,5160,-121.6,24.69,24.73,0.418,0.418,2.38,12.0668,40.18,39.93,25.49,37.45,65.54,71.03,63.57,69.61,68.32,52.17,37.18,64.11,70.02,63.03,69,67.78,51.77,0.611,22.8,13.16,6.174,5.224,2.985,1.696,37.31,64.38,70.15,63.1,69,67.91,51.9,515,265
"2019-04-16 19:48:40.0",789821,5160,-121.5,24.63,24.67,0.417,0.417,2.386,12.0501,40.18,39.92,25.49,37.38,65.33,70.76,63.43,69.34,68.18,52.04,37.18,63.91,69.88,62.96,68.93,67.78,51.83,0.611,22.8,13.16,6.174,5.224,3.053,1.696,37.25,64.18,69.95,62.96,68.93,67.78,51.83,515,265
"2019-04-16 19:49:00.0",789822,5160,-121.5,24.57,24.61,0.416,0.416,2.391,12.0668,40.15,39.92,25.49,37.31,65.13,70.63,63.3,69.27,68.05,52.24,37.11,63.77,69.68,62.76,68.73,67.57,51.9,0.611,22.8,13.09,6.106,5.224,3.053,1.696,37.11,64.05,69.88,62.69,68.66,67.57,51.97,515,265
"2019-04-16 19:49:20.0",789823,5160,-121.4,24.51,24.55,0.415,0.415,2.396,12.0501,40.15,39.92,25.49,37.18,65,70.49,63.16,69.07,67.84,52.04,36.98,63.64,69.54,62.55,68.52,67.37,51.83,0.611,22.8,13.09,6.106,5.156,3.053,1.628,37.04,63.91,69.68,62.55,68.52,67.51,51.97,515,265
"2019-04-16 19:49:40.0",789824,5170,-121.4,24.45,24.49,0.414,0.414,2.402,12.039,40.15,39.92,25.49,37.11,64.79,70.29,62.96,68.93,67.71,52.17,36.84,63.43,69.34,62.42,68.39,67.23,51.77,0.611,22.73,13.09,6.106,5.224,3.053,1.696,36.91,63.71,69.47,62.49,68.46,67.3,51.9,516,264
"2019-04-16 19:50:00.0",789825,5170,-121.3,24.39,24.42,0.413,0.413,2.408,12.0501,40.15,39.92,25.49,37.04,64.72,70.22,62.82,68.86,67.71,52.1,36.77,63.37,69.2,62.28,68.25,67.17,51.7,0.611,22.73,13.09,6.106,5.224,3.053,1.628,36.91,63.64,69.41,62.49,68.39,67.23,51.9,516,264
"2019-04-16 19:50:20.0",789826,5170,-121.2,24.33,24.36,0.412,0.413,2.413,12.039,40.15,39.92,25.49,36.98,64.59,70.15,62.82,68.73,67.44,52.04,36.7,63.1,69.13,62.21,68.18,66.96,51.63,0.611,22.73,13.09,6.174,5.224,3.053,1.696,36.84,63.5,69.34,62.28,68.18,67.1,51.77,516,264
"2019-04-16 19:50:40.0",789827,5170,-121.2,24.27,24.3,0.411,0.412,2.419,12.0445,40.15,39.92,25.49,36.84,64.32,69.81,62.49,68.46,67.23,51.7,36.64,62.96,68.86,61.94,67.91,66.76,51.36,0.611,22.66,13.09,6.174,5.156,3.053,1.696,36.7,63.23,69.07,62.01,67.98,66.89,51.49,516,264
"2019-04-16 19:51:00.0",789828,5170,-121.1,24.21,24.24,0.41,0.411,2.424,12.0445,40.15,39.92,25.49,36.77,64.11,69.68,62.42,68.32,67.1,51.43,36.57,62.76,68.66,61.81,67.78,66.69,51.15,0.611,22.73,13.09,6.174,5.224,3.053,1.628,36.64,63.1,68.86,61.94,67.78,66.76,51.22,516,264
"2019-04-16 19:51:20.0",789829,5170,-121,24.15,24.18,0.409,0.41,2.43,12.039,40.15,39.93,25.49,36.7,63.91,69.47,62.15,68.12,66.96,51.15,36.5,62.55,68.46,61.6,67.57,66.49,50.82,0.611,22.66,13.09,6.174,5.224,2.985,1.628,36.5,62.89,68.66,61.67,67.57,66.56,50.88,516,264
"2019-04-16 19:51:40.0",789830,5170,-121,24.09,24.12,0.408,0.409,2.435,12.0501,40.15,39.92,25.49,36.57,63.77,69.27,62.01,67.98,66.76,50.95,36.3,62.35,68.25,61.4,67.37,66.28,50.61,0.611,22.73,13.16,6.174,5.224,3.053,1.628,36.36,62.69,68.46,61.54,67.44,66.35,50.75,517,263
"2019-04-16 19:52:00.0",789831,5170,-120.9,24.03,24.06,0.407,0.408,2.441,12.0557,40.15,39.93,25.49,36.5,63.5,68.93,61.74,67.64,66.62,50.68,36.23,62.08,68.05,61.2,67.1,66.08,50.27,0.611,22.66,13.16,6.174,5.224,3.053,1.628,36.3,62.35,68.12,61.26,67.1,66.15,50.34,517,263
"2019-04-16 19:52:20.0",789832,5170,-120.9,23.97,24,0.406,0.407,2.447,12.0501,40.15,39.92,25.49,36.43,63.23,68.66,61.6,67.51,66.42,50.27,36.23,61.81,67.64,60.92,66.89,65.88,49.87,0.611,22.66,13.09,6.174,5.224,3.053,1.628,36.23,62.08,67.78,60.92,66.89,65.88,50,517,263
"2019-04-16 19:52:40.0",789833,5170,-120.8,23.9,23.94,0.405,0.406,2.453,12.0501,40.15,39.93,25.49,36.36,62.96,68.46,61.4,67.23,66.22,50.07,36.09,61.4,67.3,60.79,66.69,65.81,49.73,0.611,22.66,13.16,6.174,5.224,3.053,1.628,36.16,61.81,67.51,60.79,66.69,65.74,49.73,517,263
"2019-04-16 19:53:00.0",789834,5170,-120.7,23.84,23.88,0.404,0.405,2.458,12.0557,40.15,39.93,25.49,36.23,62.69,68.18,61.2,67.1,66.08,49.59,36.03,61.2,67.17,60.65,66.56,65.47,49.26,0.611,22.59,13.09,6.174,5.224,3.053,1.628,36.03,61.54,67.3,60.52,66.42,65.61,49.26,517,263
"2019-04-16 19:53:20.0",789835,5180,-120.7,23.78,23.82,0.403,0.404,2.464,12.039,40.15,39.92,25.49,36.23,62.42,67.78,60.86,66.76,65.81,49.05,35.89,60.92,66.76,60.25,66.15,65.27,48.64,0.678,22.59,13.16,6.174,5.224,3.121,1.696,35.89,61.2,66.96,60.31,66.22,65.27,48.64,518,262
"2019-04-16 19:53:40.0",789836,5180,-120.6,23.72,23.76,0.402,0.403,2.47,12.0501,40.15,39.92,25.49,36.09,62.08,67.64,60.72,66.62,65.67,48.58,35.82,60.72,66.49,60.04,65.95,65.13,48.31,0.678,22.59,13.09,6.174,5.224,3.053,1.628,35.89,60.99,66.69,60.11,65.95,65.2,48.31,518,262
"2019-04-16 19:54:00.0",789837,5180,-120.6,23.66,23.7,0.401,0.402,2.476,12.039,40.15,39.92,25.49,36.03,61.87,67.37,60.52,66.42,65.54,48.71,35.75,60.52,66.42,59.97,65.88,65.13,48.37,0.611,22.52,13.09,6.174,5.224,3.121,1.628,35.82,60.86,66.56,59.97,65.88,65.06,48.44,518,262
"2019-04-16 19:54:20.0",789838,5180,-120.5,23.6,23.64,0.4,0.401,2.482,12.0445,40.15,39.92,25.49,35.96,61.81,67.3,60.45,66.28,65.33,48.51,35.69,60.31,66.15,59.77,65.67,64.79,48.17,0.611,22.52,13.16,6.174,5.292,3.121,1.628,35.69,60.59,66.28,59.77,65.67,64.93,48.31,518,262
"2019-04-16 19:54:40.0",789839,5180,-120.4,23.54,23.58,0.399,0.4,2.488,12.0445,40.15,39.92,25.49,35.89,61.54,66.96,60.18,66.15,65.2,48.51,35.62,60.11,65.95,59.57,65.47,64.72,48.17,0.611,22.52,13.09,6.174,5.224,3.121,1.628,35.62,60.45,66.08,59.5,65.47,64.72,48.17,518,262
"2019-04-16 19:55:00.0",789840,5180,-120.4,23.48,23.52,0.398,0.399,2.494,12.0445,40.15,39.92,25.49,35.82,61.4,66.83,59.97,65.88,65.06,48.31,35.55,59.91,65.81,59.36,65.4,64.66,48.03,0.611,22.46,13.09,6.174,5.292,3.121,1.628,35.48,60.18,65.88,59.36,65.27,64.52,48.03,518,262
"2019-04-16 19:55:20.0",789841,5200,-120.3,23.42,23.46,0.397,0.398,2.5,12.0501,40.15,39.93,25.49,35.69,61.06,66.56,59.91,65.67,64.93,48.1,35.41,59.7,65.61,59.3,65.13,64.38,47.69,0.678,22.52,13.09,6.242,5.292,3.189,1.696,35.48,59.97,65.74,59.3,65.2,64.45,47.76,519,261
"2019-04-16 19:55:40.0",789842,5200,-120.3,23.36,23.39,0.396,0.397,2.506,12.0501,40.15,39.95,25.49,35.62,60.99,66.49,59.7,65.54,64.93,47.83,35.41,59.57,65.47,59.09,65.06,64.32,47.49,0.678,22.46,13.16,6.242,5.36,3.189,1.696,35.35,59.91,65.61,59.09,65,64.25,47.49,519,261
"2019-04-16 19:56:00.0",789843,5200,-120.2,23.3,23.33,0.395,0.396,2.512,12.0557,40.15,39.95,25.49,35.55,60.65,66.28,59.57,65.47,64.66,47.63,35.28,59.3,65.06,58.89,64.79,64.05,47.22,0.678,22.46,13.16,6.242,5.36,3.189,1.628,35.28,59.57,65.2,58.82,64.72,64.05,47.22,519,261
"2019-04-16 19:56:20.0",789844,5200,-120.1,23.23,23.27,0.394,0.395,2.518,12.0557,40.15,39.92,25.49,35.41,60.38,65.88,59.23,65.13,64.38,47.36,35.21,59.02,64.93,58.62,64.59,63.77,46.95,0.678,22.46,13.16,6.242,5.36,3.189,1.628,35.14,59.23,65,58.55,64.45,63.84,47.02,519,261
"2019-04-16 19:56:40.0",789845,5200,-120.1,23.17,23.21,0.394,0.394,2.524,12.0501,40.15,39.92,25.49,35.35,60.18,65.67,59.09,64.93,64.18,47.08,35.14,58.82,64.72,58.48,64.32,63.77,46.81,0.678,22.46,13.16,6.242,5.36,3.189,1.696,35.08,59.16,64.79,58.48,64.32,63.77,46.81,519,261
"2019-04-16 19:57:00.0",789846,5200,-120,23.11,23.15,0.393,0.393,2.531,12.039,40.15,39.92,25.46,35.28,60.11,65.61,58.96,64.86,64.11,46.95,35.01,58.69,64.59,58.41,64.25,63.71,46.54,0.746,22.46,13.16,6.31,5.36,3.257,1.696,35.01,59.02,64.72,58.35,64.18,63.57,46.54,520,260
"2019-04-16 19:57:20.0",789847,5200,-120,23.05,23.09,0.392,0.392,2.537,12.0445,40.15,39.93,25.46,35.21,59.91,65.4,58.82,64.72,64.05,46.81,34.87,58.48,64.32,58.21,64.11,63.5,46.41,0.746,22.39,13.16,6.31,5.36,3.257,1.696,34.87,58.82,64.45,58.14,64.05,63.37,46.41,520,260
"2019-04-16 19:57:40.0",789848,5200,-119.9,22.99,23.03,0.391,0.391,2.543,12.0445,40.15,39.92,25.46,35.08,59.57,65.13,58.55,64.38,63.77,46.61,34.87,58.21,64.05,57.94,63.84,63.3,46.2,0.746,22.39,13.16,6.242,5.428,3.189,1.696,34.74,58.48,64.11,57.87,63.71,63.1,46.2,520,260
"2019-04-16 19:58:00.0",789849,5200,-119.9,22.93,22.97,0.39,0.39,2.55,12.0445,40.15,39.92,25.46,34.94,59.23,64.72,58.21,64.11,63.5,46.27,34.74,57.8,63.64,57.6,63.43,63.03,45.86,0.678,22.32,13.16,6.242,5.36,3.189,1.696,34.67,58.14,63.84,57.53,63.43,62.82,45.8,520,260
"2019-04-16 19:58:20.0",789850,5200,-119.8,22.87,22.91,0.389,0.389,2.556,12.039,40.15,39.92,25.46,34.87,58.96,64.38,57.94,63.77,63.23,45.93,34.6,57.46,63.3,57.26,63.16,62.82,45.46,0.678,22.32,13.09,6.242,5.36,3.189,1.696,34.53,57.8,63.43,57.33,63.16,62.62,45.46,520,260
"2019-04-16 19:58:40.0",789851,5210,-119.7,22.81,22.84,0.388,0.388,2.562,12.0557,40.15,39.92,25.46,34.8,58.69,64.11,57.8,63.64,63.1,45.52,34.47,57.33,63.1,57.19,63.03,62.55,45.12,0.746,22.32,13.09,6.242,5.36,3.257,1.696,34.47,57.67,63.3,57.13,62.96,62.49,45.12,521,259
"2019-04-16 19:59:00.0",789852,5210,-119.7,22.75,22.78,0.387,0.387,2.569,12.0501,40.15,39.92,25.43,34.67,58.55,63.98,57.6,63.5,62.96,45.32,34.4,57.19,62.96,56.99,62.89,62.49,45.05,0.678,22.25,13.03,6.242,5.292,3.189,1.628,34.4,57.46,63.1,56.92,62.82,62.35,44.91,521,259
"2019-04-16 19:59:20.0",789853,5210,-119.6,22.68,22.72,0.386,0.386,2.575,12.0501,40.15,39.92,25.43,34.53,58.35,63.77,57.46,63.23,62.76,45.18,34.26,56.85,62.62,56.65,62.55,62.15,44.85,0.678,22.19,13.03,6.174,5.292,3.121,1.628,34.26,57.19,62.82,56.79,62.62,62.21,44.91,521,259
"2019-04-16 19:59:40.0",789854,5210,-119.6,22.62,22.66,0.385,0.385,2.582,12.0501,40.15,39.92,25.43,34.47,58.21,63.64,57.33,63.16,62.62,45.12,34.26,56.85,62.69,56.72,62.62,62.15,44.85,0.611,22.12,12.96,6.106,5.224,3.121,1.628,34.26,57.19,62.89,56.79,62.62,62.15,44.91,521,259
