"TOA5","","","1764","CR1000.Std.24","CPU:MFRSR_10012018V2.8.CR1","13574","TableHdr","PbCdlComm-1.6.0 (2016/01/26)"
"TIMESTAMP","RECORD","loggerID""headID""xpgmVerID""xlat""xlon""xSiteElev""xFULLREV""xCRXHSTEPS""xSCANseconds""xSCANnAvg""xSCANtrough""xHOMEoffset""xALLTIMEband"
"TS","RN","--""--""--""deg""deg""m""--""--""sec""--""--""--""--"
"","","Smp""Smp""Smp""Smp""Smp""Smp""Smp""Smp""Smp""Smp""Smp""Smp""Smp"
"2019-04-15 00:00:00.0",370,1764,180054423,2.8,-32.1259,-64.7287,1160,800,20,20,1,10,0,-1
"TOA5","","","1764","CR1000.Std.24","CPU:MFRSR_10012018V2.8.CR1","13574","Table155","PbCdlComm-1.6.0 (2016/01/26)"
"TIMESTAMP","RECORD","xoset""az""el""al""cosz""cosasz""pamass""vBat""Thead""THTC""Tlogger""Dnadir(1)""Dnadir(2)""Dnadir(3)""Dnadir(4)""Dnadir(5)""Dnadir(6)""Dnadir(7)""Deast(1)""Deast(2)""Deast(3)""Deast(4)""Deast(5)""Deast(6)""Deast(7)""Dsun(1)""Dsun(2)""Dsun(3)""Dsun(4)""Dsun(5)""Dsun(6)""Dsun(7)""Dwest(1)""Dwest(2)""Dwest(3)""Dwest(4)""Dwest(5)""Dwest(6)""Dwest(7)""kount""khome"
"TS","RN","sec""deg""deg""deg""--""--""--""Volt""degC""degC""degC""mV""mV""mV""mV""mV""mV""mV""mV""mV""mV""mV""mV""mV""mV""mV""mV""mV""mV""mV""mV""mV""mV""mV""mV""mV""mV""mV""mV""--""--"
"","","Smp""Smp""Smp""Smp""Smp""Smp""Smp""Smp""Smp""Smp""Smp""Smp""Smp""Smp""Smp""Smp""Smp""Smp""Smp""Smp""Smp""Smp""Smp""Smp""Smp""Smp""Smp""Smp""Smp""Smp""Smp""Smp""Smp""Smp""Smp""Smp""Smp""Smp""Smp""Smp""Smp"
"2019-04-15 00:00:00.0",781935,-9999,-85.2,-26.05,-26.05,-0.439,-9999,-9999,12.0431,40.06,39.91,21.42,-0.768,-0.845,-0.857,-0.799,-0.811,-0.825,-0.712,-0.756,-0.831,-0.879,-0.794,-0.813,-0.813,-0.724,-0.764,-0.833,-0.867,-0.797,-0.823,-0.813,-0.71,-0.756,-0.811,-0.881,-0.797,-0.831,-0.799,-0.712,0,700
"2019-04-15 00:00:20.0",781936,-9999,-85.2,-26.12,-26.12,-0.44,-9999,-9999,12.0431,40.06,39.91,21.42,-0.77,-0.867,-0.869,-0.805,-0.825,-0.817,-0.746,-0.762,-0.839,-0.869,-0.797,-0.807,-0.797,-0.742,-0.76,-0.859,-0.863,-0.778,-0.811,-0.799,-0.732,-0.764,-0.839,-0.841,-0.778,-0.843,-0.801,-0.732,0,0
"2019-04-15 00:00:40.0",781937,-9999,-85.1,-26.19,-26.19,-0.441,-9999,-9999,12.0431,40.06,39.92,21.42,-0.772,-0.825,-0.873,-0.801,-0.823,-0.829,-0.722,-0.76,-0.829,-0.861,-0.782,-0.821,-0.78,-0.738,-0.76,-0.833,-0.861,-0.782,-0.813,-0.813,-0.716,-0.762,-0.827,-0.851,-0.792,-0.841,-0.817,-0.708,0,0
"2019-04-15 00:01:00.0",781938,-9999,-85.1,-26.26,-26.26,-0.442,-9999,-9999,12.0431,40.06,39.92,21.42,-0.77,-0.845,-0.849,-0.799,-0.809,-0.797,-0.726,-0.758,-0.857,-0.887,-0.797,-0.815,-0.805,-0.72,-0.754,-0.831,-0.867,-0.794,-0.817,-0.823,-0.714,-0.762,-0.861,-0.863,-0.803,-0.815,-0.799,-0.708,0,0
"2019-04-15 00:01:20.0",781939,-9999,-85,-26.33,-26.33,-0.444,-9999,-9999,12.0375,40.06,39.92,21.42,-0.772,-0.851,-0.877,-0.807,-0.849,-0.813,-0.724,-0.758,-0.855,-0.855,-0.77,-0.817,-0.817,-0.72,-0.76,-0.815,-0.857,-0.79,-0.797,-0.782,-0.72,-0.758,-0.859,-0.865,-0.794,-0.815,-0.803,-0.714,0,0
"2019-04-15 00:01:40.0",781940,-9999,-85,-26.4,-26.4,-0.445,-9999,-9999,12.0431,40.06,39.92,21.42,-0.772,-0.845,-0.865,-0.801,-0.827,-0.827,-0.718,-0.76,-0.813,-0.857,-0.79,-0.809,-0.786,-0.742,-0.762,-0.849,-0.887,-0.79,-0.817,-0.792,-0.726,-0.758,-0.827,-0.855,-0.794,-0.811,-0.819,-0.722,0,700
"2019-04-15 00:02:00.0",781941,-9999,-84.9,-26.47,-26.47,-0.446,-9999,-9999,12.0431,40.06,39.92,21.42,-0.77,-0.867,-0.863,-0.78,-0.849,-0.79,-0.712,-0.671,-0.74,-0.774,-0.701,-0.718,-0.724,-0.606,-0.667,-0.764,-0.768,-0.701,-0.724,-0.685,-0.641,-0.665,-0.742,-0.76,-0.701,-0.74,-0.704,-0.631,0,0
"2019-04-15 00:02:20.0",781942,-9999,-84.9,-26.54,-26.54,-0.447,-9999,-9999,12.0375,40.06,39.91,21.4,-0.673,-0.746,-0.758,-0.72,-0.758,-0.742,-0.613,-0.677,-0.754,-0.762,-0.691,-0.718,-0.701,-0.631,-0.667,-0.726,-0.768,-0.691,-0.722,-0.724,-0.629,-0.671,-0.756,-0.762,-0.704,-0.718,-0.73,-0.613,0,0
"2019-04-15 00:02:40.0",781943,-9999,-84.8,-26.61,-26.61,-0.448,-9999,-9999,12.0431,40.06,39.91,21.4,-0.675,-0.738,-0.78,-0.714,-0.73,-0.742,-0.631,-0.665,-0.722,-0.792,-0.693,-0.746,-0.693,-0.645,-0.665,-0.738,-0.744,-0.697,-0.716,-0.704,-0.643,-0.665,-0.722,-0.788,-0.695,-0.726,-0.726,-0.635,0,0
"2019-04-15 00:03:00.0",781944,-9999,-84.8,-26.68,-26.68,-0.449,-9999,-9999,12.0375,40.06,39.91,21.4,-0.677,-0.766,-0.776,-0.72,-0.73,-0.714,-0.635,-0.665,-0.764,-0.774,-0.697,-0.72,-0.697,-0.629,-0.663,-0.722,-0.758,-0.697,-0.72,-0.726,-0.639,-0.669,-0.762,-0.772,-0.695,-0.722,-0.699,-0.633,0,0
"2019-04-15 00:03:20.0",781945,-9999,-84.7,-26.75,-26.75,-0.45,-9999,-9999,12.0375,40.06,39.91,21.4,-0.677,-0.742,-0.778,-0.712,-0.734,-0.704,-0.649,-0.665,-0.728,-0.772,-0.697,-0.74,-0.72,-0.635,-0.665,-0.744,-0.764,-0.699,-0.704,-0.697,-0.617,-0.661,-0.716,-0.772,-0.704,-0.724,-0.687,-0.611,0,700
"2019-04-15 00:03:40.0",781946,-9999,-84.7,-26.82,-26.82,-0.451,-9999,-9999,12.0375,40.06,39.91,21.4,-0.681,-0.74,-0.774,-0.701,-0.714,-0.708,-0.643,-0.681,-0.744,-0.805,-0.718,-0.748,-0.72,-0.643,-0.685,-0.758,-0.766,-0.716,-0.742,-0.734,-0.629,-0.681,-0.746,-0.809,-0.718,-0.738,-0.74,-0.627,0,0
"2019-04-15 00:04:00.0",781947,-9999,-84.6,-26.89,-26.89,-0.452,-9999,-9999,12.0375,40.06,39.91,21.4,-0.691,-0.746,-0.797,-0.728,-0.746,-0.712,-0.647,-0.679,-0.772,-0.786,-0.716,-0.72,-0.74,-0.623,-0.687,-0.734,-0.782,-0.712,-0.756,-0.704,-0.629,-0.679,-0.776,-0.79,-0.722,-0.722,-0.728,-0.631,0,0
"2019-04-15 00:04:20.0",781948,-9999,-84.6,-26.96,-26.96,-0.453,-9999,-9999,12.0431,40.06,39.91,21.4,-0.691,-0.764,-0.797,-0.726,-0.746,-0.75,-0.617,-0.758,-0.859,-0.857,-0.788,-0.811,-0.799,-0.706,-0.756,-0.831,-0.865,-0.79,-0.811,-0.784,-0.718,-0.758,-0.829,-0.865,-0.79,-0.829,-0.799,-0.726,0,0
"2019-04-15 00:04:40.0",781949,-9999,-84.5,-27.03,-27.03,-0.455,-9999,-9999,12.0431,40.06,39.91,21.4,-0.768,-0.849,-0.879,-0.807,-0.821,-0.833,-0.738,-0.754,-0.821,-0.859,-0.815,-0.819,-0.786,-0.734,-0.758,-0.837,-0.869,-0.797,-0.797,-0.799,-0.718,-0.764,-0.819,-0.863,-0.797,-0.823,-0.825,-0.708,0,0
"2019-04-15 00:05:00.0",781950,-9999,-84.5,-27.1,-27.1,-0.456,-9999,-9999,12.0431,40.06,39.91,21.4,-0.778,-0.871,-0.873,-0.803,-0.813,-0.819,-0.732,-0.758,-0.817,-0.851,-0.786,-0.803,-0.78,-0.697,-0.756,-0.829,-0.851,-0.792,-0.813,-0.815,-0.708,-0.752,-0.809,-0.861,-0.794,-0.833,-0.815,-0.722,0,700
"2019-04-15 00:05:20.0",781951,-9999,-84.4,-27.17,-27.17,-0.457,-9999,-9999,12.0431,40.06,39.91,21.4,-0.768,-0.875,-0.877,-0.803,-0.831,-0.797,-0.726,-0.756,-0.823,-0.861,-0.788,-0.827,-0.801,-0.699,-0.758,-0.833,-0.857,-0.778,-0.815,-0.821,-0.714,-0.756,-0.821,-0.869,-0.774,-0.811,-0.817,-0.706,0,0
"2019-04-15 00:05:40.0",781952,-9999,-84.4,-27.24,-27.24,-0.458,-9999,-9999,12.0431,40.05,39.91,21.4,-0.766,-0.841,-0.881,-0.809,-0.829,-0.829,-0.718,-0.754,-0.853,-0.865,-0.792,-0.813,-0.805,-0.718,-0.756,-0.841,-0.859,-0.794,-0.819,-0.821,-0.695,-0.758,-0.853,-0.863,-0.797,-0.817,-0.784,-0.687,0,0
"2019-04-15 00:06:00.0",781953,-9999,-84.3,-27.31,-27.31,-0.459,-9999,-9999,12.0375,40.05,39.91,21.4,-0.768,-0.845,-0.879,-0.811,-0.849,-0.833,-0.728,-0.758,-0.835,-0.861,-0.801,-0.817,-0.79,-0.72,-0.756,-0.839,-0.857,-0.788,-0.817,-0.801,-0.689,-0.752,-0.835,-0.863,-0.792,-0.835,-0.819,-0.691,0,0
"2019-04-15 00:06:20.0",781954,-9999,-84.3,-27.39,-27.39,-0.46,-9999,-9999,12.0431,40.05,39.91,21.4,-0.687,-0.75,-0.803,-0.726,-0.744,-0.742,-0.643,-0.673,-0.754,-0.78,-0.706,-0.732,-0.706,-0.623,-0.679,-0.766,-0.778,-0.71,-0.736,-0.732,-0.649,-0.687,-0.74,-0.78,-0.697,-0.72,-0.716,-0.639,0,0
"2019-04-15 00:06:40.0",781955,-9999,-84.3,-27.46,-27.46,-0.461,-9999,-9999,12.0431,40.05,39.91,21.4,-0.685,-0.744,-0.788,-0.722,-0.744,-0.712,-0.617,-0.677,-0.752,-0.774,-0.71,-0.728,-0.704,-0.655,-0.677,-0.77,-0.782,-0.73,-0.732,-0.732,-0.637,-0.671,-0.734,-0.77,-0.726,-0.732,-0.695,-0.625,0,700
"2019-04-15 00:07:00.0",781956,-9999,-84.2,-27.53,-27.53,-0.462,-9999,-9999,12.0431,40.05,39.91,21.4,-0.687,-0.782,-0.78,-0.724,-0.742,-0.726,-0.651,-0.675,-0.732,-0.766,-0.689,-0.736,-0.742,-0.633,-0.671,-0.752,-0.794,-0.712,-0.714,-0.697,-0.602,-0.677,-0.752,-0.772,-0.706,-0.742,-0.716,-0.602,0,0
"2019-04-15 00:07:20.0",781957,-9999,-84.2,-27.6,-27.6,-0.463,-9999,-9999,12.0431,40.06,39.91,21.4,-0.766,-0.853,-0.849,-0.799,-0.837,-0.794,-0.714,-0.75,-0.841,-0.855,-0.788,-0.813,-0.782,-0.697,-0.754,-0.807,-0.875,-0.784,-0.809,-0.794,-0.704,-0.754,-0.823,-0.851,-0.786,-0.809,-0.811,-0.718,0,0
"2019-04-15 00:07:40.0",781958,-9999,-84.1,-27.67,-27.67,-0.464,-9999,-9999,12.0431,40.06,39.91,21.4,-0.764,-0.823,-0.867,-0.803,-0.821,-0.809,-0.683,-0.754,-0.833,-0.843,-0.782,-0.805,-0.799,-0.71,-0.754,-0.803,-0.853,-0.782,-0.797,-0.813,-0.681,-0.752,-0.847,-0.843,-0.807,-0.805,-0.774,-0.718,0,0
"2019-04-15 00:08:00.0",781959,-9999,-84.1,-27.74,-27.74,-0.465,-9999,-9999,12.0431,40.06,39.91,21.4,-0.762,-0.821,-0.861,-0.799,-0.819,-0.821,-0.728,-0.752,-0.815,-0.857,-0.764,-0.803,-0.801,-0.72,-0.748,-0.829,-0.849,-0.788,-0.809,-0.809,-0.691,-0.75,-0.813,-0.851,-0.782,-0.807,-0.774,-0.683,0,0
"2019-04-15 00:08:20.0",781960,-9999,-84,-27.81,-27.81,-0.466,-9999,-9999,12.0431,40.06,39.91,21.4,-0.76,-0.841,-0.865,-0.797,-0.837,-0.797,-0.73,-0.748,-0.831,-0.853,-0.78,-0.807,-0.79,-0.697,-0.752,-0.829,-0.849,-0.792,-0.803,-0.772,-0.726,-0.752,-0.809,-0.855,-0.788,-0.79,-0.78,-0.71,0,700
"2019-04-15 00:08:40.0",781961,-9999,-84,-27.88,-27.88,-0.468,-9999,-9999,12.0375,40.06,39.91,21.4,-0.766,-0.845,-0.867,-0.797,-0.817,-0.782,-0.714,-0.76,-0.827,-0.851,-0.788,-0.807,-0.776,-0.722,-0.752,-0.849,-0.859,-0.778,-0.831,-0.809,-0.71,-0.75,-0.811,-0.855,-0.79,-0.807,-0.774,-0.708,0,0
"2019-04-15 00:09:00.0",781962,-9999,-83.9,-27.95,-27.95,-0.469,-9999,-9999,12.0375,40.06,39.91,21.4,-0.766,-0.865,-0.863,-0.797,-0.829,-0.792,-0.697,-0.758,-0.851,-0.863,-0.807,-0.805,-0.819,-0.724,-0.752,-0.831,-0.857,-0.768,-0.803,-0.776,-0.687,-0.752,-0.835,-0.847,-0.788,-0.811,-0.792,-0.72,0,0
"2019-04-15 00:09:20.0",781963,-9999,-83.9,-28.02,-28.02,-0.47,-9999,-9999,12.0431,40.06,39.91,21.4,-0.762,-0.821,-0.892,-0.803,-0.823,-0.809,-0.714,-0.748,-0.805,-0.859,-0.772,-0.809,-0.778,-0.736,-0.75,-0.831,-0.875,-0.79,-0.803,-0.794,-0.71,-0.748,-0.849,-0.859,-0.792,-0.797,-0.813,-0.679,0,0
"2019-04-15 00:09:40.0",781964,-9999,-83.8,-28.09,-28.09,-0.471,-9999,-9999,12.0431,40.06,39.91,21.4,-0.768,-0.813,-0.873,-0.782,-0.805,-0.79,-0.71,-0.744,-0.819,-0.853,-0.784,-0.801,-0.778,-0.724,-0.75,-0.831,-0.831,-0.803,-0.807,-0.811,-0.687,-0.75,-0.843,-0.849,-0.784,-0.805,-0.772,-0.679,0,0
"2019-04-15 00:10:00.0",781965,-9999,-83.8,-28.16,-28.16,-0.472,-9999,-9999,12.0431,40.06,39.91,21.4,-0.762,-0.821,-0.837,-0.817,-0.821,-0.786,-0.714,-0.75,-0.809,-0.879,-0.788,-0.811,-0.78,-0.714,-0.756,-0.821,-0.853,-0.782,-0.809,-0.807,-0.683,-0.744,-0.837,-0.851,-0.784,-0.809,-0.77,-0.693,0,700
"2019-04-15 00:10:20.0",781966,-9999,-83.7,-28.23,-28.23,-0.473,-9999,-9999,12.0431,40.06,39.91,21.4,-0.758,-0.827,-0.851,-0.788,-0.799,-0.799,-0.689,-0.746,-0.825,-0.859,-0.76,-0.805,-0.813,-0.685,-0.748,-0.839,-0.855,-0.786,-0.799,-0.772,-0.72,-0.75,-0.805,-0.851,-0.78,-0.803,-0.79,-0.71,0,0
"2019-04-15 00:10:40.0",781967,-9999,-83.7,-28.3,-28.3,-0.474,-9999,-9999,12.0431,40.06,39.91,21.4,-0.762,-0.861,-0.898,-0.794,-0.835,-0.829,-0.73,-0.748,-0.831,-0.855,-0.794,-0.811,-0.815,-0.714,-0.752,-0.841,-0.853,-0.786,-0.805,-0.77,-0.706,-0.744,-0.811,-0.827,-0.786,-0.799,-0.788,-0.701,0,0
"2019-04-15 00:11:00.0",781968,-9999,-83.6,-28.37,-28.37,-0.475,-9999,-9999,12.0431,40.06,39.91,21.4,-0.76,-0.815,-0.855,-0.772,-0.815,-0.821,-0.71,-0.748,-0.845,-0.849,-0.782,-0.794,-0.797,-0.708,-0.742,-0.811,-0.835,-0.768,-0.805,-0.778,-0.681,-0.748,-0.837,-0.847,-0.78,-0.803,-0.784,-0.697,0,0
"2019-04-15 00:11:20.0",781969,-9999,-83.6,-28.44,-28.44,-0.476,-9999,-9999,12.0431,40.06,39.91,21.4,-0.762,-0.841,-0.869,-0.797,-0.805,-0.823,-0.716,-0.746,-0.829,-0.859,-0.786,-0.807,-0.797,-0.712,-0.748,-0.839,-0.855,-0.784,-0.805,-0.772,-0.704,-0.748,-0.827,-0.881,-0.784,-0.813,-0.797,-0.699,0,0
"2019-04-15 00:11:40.0",781970,-9999,-83.5,-28.51,-28.51,-0.477,-9999,-9999,12.0431,40.07,39.91,21.37,-0.76,-0.837,-0.851,-0.79,-0.817,-0.815,-0.689,-0.752,-0.797,-0.869,-0.78,-0.803,-0.79,-0.728,-0.75,-0.803,-0.851,-0.78,-0.827,-0.766,-0.701,-0.746,-0.833,-0.847,-0.774,-0.797,-0.786,-0.675,0,700
"2019-04-15 00:12:00.0",781971,-9999,-83.5,-28.58,-28.58,-0.478,-9999,-9999,12.0542,40.06,39.91,21.37,-0.76,-0.825,-0.845,-0.794,-0.817,-0.786,-0.697,-0.754,-0.843,-0.855,-0.782,-0.805,-0.813,-0.714,-0.748,-0.829,-0.875,-0.805,-0.803,-0.77,-0.695,-0.752,-0.827,-0.849,-0.782,-0.801,-0.784,-0.706,0,0
"2019-04-15 00:12:20.0",781972,-9999,-83.4,-28.65,-28.65,-0.479,-9999,-9999,12.0431,40.06,39.92,21.4,-0.756,-0.853,-0.863,-0.79,-0.817,-0.823,-0.722,-0.748,-0.811,-0.831,-0.78,-0.811,-0.79,-0.714,-0.748,-0.819,-0.847,-0.782,-0.811,-0.774,-0.73,-0.75,-0.821,-0.877,-0.788,-0.815,-0.784,-0.72,0,0
"2019-04-15 00:12:40.0",781973,-9999,-83.4,-28.72,-28.72,-0.481,-9999,-9999,12.0431,40.06,39.92,21.37,-0.756,-0.839,-0.845,-0.799,-0.813,-0.784,-0.689,-0.748,-0.847,-0.855,-0.778,-0.807,-0.782,-0.73,-0.746,-0.837,-0.853,-0.77,-0.809,-0.813,-0.697,-0.748,-0.803,-0.855,-0.782,-0.809,-0.774,-0.699,0,0
"2019-04-15 00:13:00.0",781974,-9999,-83.3,-28.79,-28.79,-0.482,-9999,-9999,12.0431,40.06,39.92,21.37,-0.758,-0.849,-0.867,-0.799,-0.823,-0.805,-0.689,-0.754,-0.809,-0.843,-0.788,-0.805,-0.797,-0.73,-0.748,-0.805,-0.857,-0.782,-0.79,-0.784,-0.695,-0.756,-0.845,-0.861,-0.784,-0.823,-0.79,-0.673,0,0
"2019-04-15 00:13:20.0",781975,-9999,-83.3,-28.86,-28.86,-0.483,-9999,-9999,12.0431,40.06,39.92,21.37,-0.764,-0.811,-0.867,-0.794,-0.821,-0.786,-0.691,-0.75,-0.805,-0.861,-0.786,-0.805,-0.803,-0.728,-0.742,-0.825,-0.855,-0.784,-0.809,-0.786,-0.691,-0.75,-0.843,-0.875,-0.803,-0.809,-0.815,-0.697,0,700
"2019-04-15 00:13:40.0",781976,-9999,-83.2,-28.93,-28.93,-0.484,-9999,-9999,12.0431,40.06,39.92,21.4,-0.76,-0.817,-0.869,-0.792,-0.815,-0.803,-0.695,-0.744,-0.831,-0.849,-0.782,-0.809,-0.78,-0.736,-0.75,-0.819,-0.849,-0.782,-0.805,-0.805,-0.697,-0.742,-0.843,-0.867,-0.786,-0.809,-0.78,-0.681,0,0
"2019-04-15 00:14:00.0",781977,-9999,-83.2,-29,-29,-0.485,-9999,-9999,12.0375,40.06,39.92,21.37,-0.76,-0.817,-0.859,-0.78,-0.813,-0.801,-0.722,-0.748,-0.825,-0.847,-0.79,-0.786,-0.817,-0.73,-0.75,-0.827,-0.839,-0.784,-0.809,-0.776,-0.685,-0.748,-0.841,-0.851,-0.79,-0.811,-0.79,-0.681,0,0
"2019-04-15 00:14:20.0",781978,-9999,-83.1,-29.07,-29.07,-0.486,-9999,-9999,12.0431,40.06,39.92,21.37,-0.764,-0.853,-0.835,-0.772,-0.817,-0.819,-0.708,-0.75,-0.809,-0.851,-0.786,-0.803,-0.817,-0.687,-0.744,-0.809,-0.871,-0.788,-0.807,-0.792,-0.728,-0.746,-0.835,-0.859,-0.786,-0.807,-0.809,-0.697,0,0
"2019-04-15 00:14:40.0",781979,-9999,-83.1,-29.14,-29.14,-0.487,-9999,-9999,12.0431,40.06,39.92,21.37,-0.756,-0.847,-0.865,-0.776,-0.813,-0.774,-0.712,-0.746,-0.831,-0.845,-0.782,-0.803,-0.778,-0.722,-0.748,-0.811,-0.833,-0.784,-0.811,-0.809,-0.708,-0.75,-0.831,-0.857,-0.784,-0.79,-0.794,-0.71,0,0
"2019-04-15 00:15:00.0",781980,-9999,-83,-29.21,-29.21,-0.488,-9999,-9999,12.0431,40.06,39.92,21.4,-0.754,-0.855,-0.857,-0.79,-0.811,-0.782,-0.701,-0.754,-0.831,-0.851,-0.778,-0.797,-0.807,-0.704,-0.744,-0.799,-0.843,-0.776,-0.801,-0.786,-0.687,-0.752,-0.823,-0.839,-0.776,-0.801,-0.805,-0.687,0,700
"2019-04-15 00:15:20.0",781981,-9999,-83,-29.28,-29.28,-0.489,-9999,-9999,12.0431,40.06,39.92,21.37,-0.756,-0.853,-0.869,-0.792,-0.819,-0.821,-0.728,-0.746,-0.839,-0.845,-0.776,-0.803,-0.809,-0.716,-0.748,-0.794,-0.849,-0.776,-0.805,-0.768,-0.706,-0.744,-0.811,-0.841,-0.78,-0.801,-0.784,-0.683,0,0
"2019-04-15 00:15:40.0",781982,-9999,-82.9,-29.35,-29.35,-0.49,-9999,-9999,12.0431,40.06,39.92,21.37,-0.754,-0.835,-0.865,-0.794,-0.813,-0.819,-0.72,-0.744,-0.839,-0.843,-0.776,-0.805,-0.788,-0.708,-0.744,-0.799,-0.845,-0.776,-0.797,-0.805,-0.712,-0.75,-0.817,-0.849,-0.782,-0.786,-0.77,-0.712,0,0
"2019-04-15 00:16:00.0",781983,-9999,-82.9,-29.42,-29.42,-0.491,-9999,-9999,12.0431,40.06,39.92,21.37,-0.75,-0.845,-0.869,-0.79,-0.809,-0.78,-0.712,-0.744,-0.817,-0.849,-0.778,-0.805,-0.813,-0.685,-0.746,-0.837,-0.841,-0.776,-0.803,-0.794,-0.706,-0.74,-0.799,-0.845,-0.758,-0.803,-0.803,-0.691,0,0
"2019-04-15 00:16:20.0",781984,-9999,-82.8,-29.49,-29.49,-0.492,-9999,-9999,12.0431,40.06,39.92,21.4,-0.754,-0.805,-0.857,-0.811,-0.813,-0.792,-0.706,-0.744,-0.813,-0.851,-0.776,-0.807,-0.79,-0.693,-0.744,-0.821,-0.867,-0.78,-0.782,-0.764,-0.714,-0.748,-0.841,-0.827,-0.774,-0.803,-0.788,-0.701,0,0
"2019-04-15 00:16:40.0",781985,-9999,-82.8,-29.56,-29.56,-0.493,-9999,-9999,12.0431,40.06,39.92,21.37,-0.756,-0.859,-0.863,-0.794,-0.817,-0.784,-0.689,-0.744,-0.843,-0.849,-0.78,-0.803,-0.817,-0.72,-0.74,-0.849,-0.849,-0.786,-0.797,-0.782,-0.704,-0.744,-0.803,-0.851,-0.799,-0.801,-0.811,-0.673,0,700
"2019-04-15 00:17:00.0",781986,-9999,-82.7,-29.63,-29.63,-0.494,-9999,-9999,12.0431,40.06,39.92,21.37,-0.752,-0.809,-0.853,-0.782,-0.835,-0.788,-0.704,-0.742,-0.797,-0.835,-0.778,-0.799,-0.77,-0.689,-0.742,-0.813,-0.847,-0.768,-0.78,-0.797,-0.71,-0.746,-0.829,-0.841,-0.77,-0.799,-0.76,-0.695,0,0
"2019-04-15 00:17:20.0",781987,-9999,-82.7,-29.7,-29.7,-0.495,-9999,-9999,12.0431,40.06,39.92,21.37,-0.758,-0.845,-0.859,-0.79,-0.841,-0.803,-0.712,-0.748,-0.847,-0.839,-0.776,-0.805,-0.792,-0.726,-0.744,-0.843,-0.855,-0.762,-0.803,-0.78,-0.687,-0.742,-0.811,-0.851,-0.786,-0.803,-0.807,-0.681,0,0
"2019-04-15 00:17:40.0",781988,-9999,-82.6,-29.77,-29.77,-0.497,-9999,-9999,12.0486,40.06,39.92,21.4,-0.754,-0.841,-0.839,-0.79,-0.794,-0.794,-0.697,-0.748,-0.817,-0.823,-0.762,-0.801,-0.772,-0.728,-0.74,-0.809,-0.847,-0.799,-0.801,-0.797,-0.697,-0.75,-0.823,-0.843,-0.768,-0.78,-0.79,-0.673,0,0
"2019-04-15 00:18:00.0",781989,-9999,-82.6,-29.84,-29.84,-0.498,-9999,-9999,12.0431,40.06,39.92,21.4,-0.756,-0.817,-0.845,-0.778,-0.813,-0.792,-0.706,-0.742,-0.811,-0.829,-0.794,-0.803,-0.79,-0.708,-0.738,-0.819,-0.843,-0.774,-0.78,-0.766,-0.669,-0.744,-0.837,-0.849,-0.803,-0.813,-0.805,-0.71,0,0
"2019-04-15 00:18:20.0",781990,-9999,-82.5,-29.91,-29.91,-0.499,-9999,-9999,12.0486,40.06,39.92,21.37,-0.756,-0.853,-0.867,-0.792,-0.813,-0.794,-0.726,-0.742,-0.845,-0.847,-0.805,-0.786,-0.809,-0.683,-0.744,-0.841,-0.853,-0.778,-0.782,-0.786,-0.708,-0.744,-0.801,-0.849,-0.79,-0.799,-0.786,-0.695,0,700
"2019-04-15 00:18:40.0",781991,-9999,-82.5,-29.98,-29.98,-0.5,-9999,-9999,12.0431,40.06,39.92,21.37,-0.762,-0.849,-0.865,-0.792,-0.815,-0.817,-0.679,-0.738,-0.827,-0.845,-0.776,-0.797,-0.792,-0.708,-0.746,-0.837,-0.847,-0.776,-0.78,-0.774,-0.714,-0.742,-0.803,-0.853,-0.794,-0.799,-0.786,-0.693,0,0
"2019-04-15 00:19:00.0",781992,-9999,-82.4,-30.05,-30.05,-0.501,-9999,-9999,12.0431,40.06,39.92,21.4,-0.748,-0.849,-0.857,-0.772,-0.823,-0.778,-0.683,-0.744,-0.813,-0.849,-0.782,-0.794,-0.786,-0.687,-0.742,-0.829,-0.827,-0.772,-0.797,-0.78,-0.706,-0.748,-0.805,-0.843,-0.803,-0.803,-0.799,-0.689,0,0
"2019-04-15 00:19:20.0",781993,-9999,-82.4,-30.12,-30.12,-0.502,-9999,-9999,12.0431,40.06,39.92,21.4,-0.752,-0.853,-0.857,-0.815,-0.815,-0.817,-0.708,-0.744,-0.833,-0.871,-0.776,-0.803,-0.776,-0.689,-0.742,-0.823,-0.845,-0.782,-0.807,-0.805,-0.697,-0.742,-0.805,-0.839,-0.78,-0.784,-0.774,-0.677,0,0
"2019-04-15 00:19:40.0",781994,-9999,-82.3,-30.19,-30.19,-0.503,-9999,-9999,12.0542,40.06,39.92,21.4,-0.754,-0.853,-0.879,-0.79,-0.792,-0.794,-0.724,-0.744,-0.825,-0.849,-0.778,-0.819,-0.788,-0.708,-0.748,-0.837,-0.841,-0.772,-0.815,-0.768,-0.697,-0.74,-0.803,-0.837,-0.774,-0.803,-0.807,-0.673,0,0
"2019-04-15 00:20:00.0",781995,-9999,-82.3,-30.26,-30.26,-0.504,-9999,-9999,12.0431,40.06,39.92,21.4,-0.75,-0.851,-0.853,-0.79,-0.809,-0.813,-0.687,-0.742,-0.825,-0.847,-0.764,-0.799,-0.772,-0.706,-0.738,-0.839,-0.843,-0.799,-0.801,-0.799,-0.716,-0.746,-0.797,-0.839,-0.756,-0.805,-0.764,-0.697,0,700
"2019-04-15 00:20:20.0",781996,-9999,-82.2,-30.33,-30.33,-0.505,-9999,-9999,12.0375,40.06,39.92,21.4,-0.75,-0.827,-0.851,-0.778,-0.807,-0.805,-0.679,-0.742,-0.801,-0.843,-0.768,-0.794,-0.78,-0.701,-0.74,-0.788,-0.855,-0.772,-0.797,-0.801,-0.708,-0.744,-0.815,-0.843,-0.772,-0.792,-0.762,-0.691,0,0
"2019-04-15 00:20:40.0",781997,-9999,-82.2,-30.4,-30.4,-0.506,-9999,-9999,12.0431,40.07,39.92,21.4,-0.752,-0.857,-0.849,-0.79,-0.811,-0.815,-0.689,-0.742,-0.817,-0.845,-0.776,-0.799,-0.805,-0.704,-0.74,-0.845,-0.843,-0.774,-0.801,-0.762,-0.695,-0.738,-0.821,-0.853,-0.774,-0.801,-0.801,-0.716,0,0
"2019-04-15 00:21:00.0",781998,-9999,-82.1,-30.47,-30.47,-0.507,-9999,-9999,12.0431,40.07,39.92,21.4,-0.752,-0.821,-0.869,-0.772,-0.829,-0.786,-0.697,-0.742,-0.805,-0.845,-0.772,-0.784,-0.788,-0.685,-0.74,-0.815,-0.839,-0.76,-0.79,-0.794,-0.689,-0.74,-0.837,-0.839,-0.774,-0.794,-0.768,-0.663,0,0
"2019-04-15 00:21:20.0",781999,-9999,-82.1,-30.54,-30.54,-0.508,-9999,-9999,12.0431,40.07,39.92,21.4,-0.752,-0.847,-0.849,-0.784,-0.809,-0.786,-0.714,-0.738,-0.815,-0.833,-0.78,-0.821,-0.805,-0.712,-0.74,-0.825,-0.861,-0.79,-0.79,-0.778,-0.667,-0.742,-0.801,-0.841,-0.774,-0.807,-0.764,-0.718,0,0
"2019-04-15 00:21:40.0",782000,-9999,-82,-30.61,-30.61,-0.509,-9999,-9999,12.0431,40.06,39.92,21.4,-0.75,-0.823,-0.851,-0.784,-0.809,-0.786,-0.687,-0.74,-0.794,-0.841,-0.77,-0.776,-0.784,-0.726,-0.742,-0.811,-0.859,-0.772,-0.778,-0.756,-0.695,-0.744,-0.831,-0.847,-0.78,-0.794,-0.776,-0.687,0,700
"2019-04-15 00:22:00.0",782001,-9999,-82,-30.68,-30.68,-0.51,-9999,-9999,12.0431,40.09,39.92,21.4,-0.752,-0.809,-0.855,-0.78,-0.827,-0.788,-0.675,-0.734,-0.831,-0.835,-0.768,-0.821,-0.805,-0.685,-0.746,-0.815,-0.843,-0.774,-0.817,-0.77,-0.695,-0.744,-0.815,-0.847,-0.776,-0.797,-0.76,-0.671,0,0
"2019-04-15 00:22:20.0",782002,-9999,-81.9,-30.75,-30.75,-0.511,-9999,-9999,12.0431,40.09,39.92,21.4,-0.752,-0.835,-0.853,-0.784,-0.811,-0.809,-0.671,-0.74,-0.821,-0.865,-0.772,-0.792,-0.786,-0.681,-0.738,-0.815,-0.843,-0.77,-0.797,-0.766,-0.693,-0.748,-0.839,-0.817,-0.772,-0.819,-0.774,-0.689,0,0
"2019-04-15 00:22:40.0",782003,-9999,-81.9,-30.82,-30.82,-0.512,-9999,-9999,12.0431,40.07,39.92,21.4,-0.75,-0.809,-0.875,-0.786,-0.831,-0.815,-0.722,-0.734,-0.823,-0.821,-0.776,-0.799,-0.77,-0.722,-0.742,-0.835,-0.851,-0.776,-0.797,-0.803,-0.695,-0.74,-0.817,-0.849,-0.776,-0.794,-0.79,-0.673,0,0
"2019-04-15 00:23:00.0",782004,-9999,-81.8,-30.89,-30.89,-0.513,-9999,-9999,12.0431,40.09,39.92,21.4,-0.748,-0.845,-0.851,-0.784,-0.79,-0.79,-0.706,-0.738,-0.823,-0.845,-0.77,-0.782,-0.772,-0.706,-0.74,-0.815,-0.841,-0.774,-0.78,-0.801,-0.669,-0.736,-0.831,-0.841,-0.801,-0.797,-0.778,-0.718,0,0
"2019-04-15 00:23:20.0",782005,-9999,-81.8,-30.96,-30.96,-0.514,-9999,-9999,12.0431,40.09,39.92,21.4,-0.75,-0.845,-0.857,-0.786,-0.837,-0.799,-0.72,-0.738,-0.805,-0.865,-0.77,-0.794,-0.772,-0.726,-0.738,-0.803,-0.839,-0.76,-0.792,-0.778,-0.675,-0.738,-0.815,-0.821,-0.768,-0.819,-0.78,-0.704,0,700
"2019-04-15 00:23:40.0",782006,-9999,-81.7,-31.03,-31.03,-0.515,-9999,-9999,12.0431,40.09,39.92,21.4,-0.75,-0.807,-0.845,-0.778,-0.805,-0.805,-0.681,-0.738,-0.811,-0.841,-0.77,-0.797,-0.776,-0.681,-0.736,-0.823,-0.811,-0.77,-0.797,-0.762,-0.699,-0.742,-0.829,-0.835,-0.756,-0.79,-0.797,-0.685,0,0
"2019-04-15 00:24:00.0",782007,-9999,-81.7,-31.1,-31.1,-0.517,-9999,-9999,12.0431,40.08,39.92,21.4,-0.748,-0.849,-0.855,-0.788,-0.809,-0.776,-0.704,-0.742,-0.803,-0.835,-0.776,-0.776,-0.782,-0.685,-0.738,-0.799,-0.845,-0.799,-0.778,-0.764,-0.71,-0.74,-0.819,-0.821,-0.776,-0.799,-0.805,-0.691,0,0
"2019-04-15 00:24:20.0",782008,-9999,-81.6,-31.17,-31.17,-0.518,-9999,-9999,12.0375,40.08,39.92,21.4,-0.754,-0.801,-0.847,-0.778,-0.805,-0.784,-0.701,-0.742,-0.831,-0.847,-0.776,-0.782,-0.77,-0.679,-0.738,-0.831,-0.845,-0.76,-0.776,-0.801,-0.693,-0.742,-0.809,-0.841,-0.78,-0.801,-0.77,-0.671,0,0
"2019-04-15 00:24:40.0",782009,-9999,-81.6,-31.24,-31.24,-0.519,-9999,-9999,12.0431,40.07,39.92,21.4,-0.748,-0.805,-0.851,-0.778,-0.803,-0.772,-0.695,-0.742,-0.805,-0.833,-0.792,-0.79,-0.811,-0.697,-0.744,-0.815,-0.835,-0.77,-0.794,-0.77,-0.71,-0.742,-0.833,-0.843,-0.764,-0.797,-0.76,-0.675,0,0
"2019-04-15 00:25:00.0",782010,-9999,-81.5,-31.31,-31.31,-0.52,-9999,-9999,12.0431,40.08,39.92,21.4,-0.748,-0.843,-0.855,-0.784,-0.811,-0.776,-0.718,-0.738,-0.815,-0.863,-0.772,-0.794,-0.807,-0.675,-0.736,-0.799,-0.861,-0.772,-0.792,-0.78,-0.71,-0.742,-0.817,-0.841,-0.758,-0.78,-0.76,-0.669,0,700
"2019-04-15 00:25:20.0",782011,-9999,-81.5,-31.38,-31.38,-0.521,-9999,-9999,12.0431,40.08,39.92,21.4,-0.754,-0.809,-0.851,-0.784,-0.809,-0.784,-0.683,-0.734,-0.821,-0.837,-0.768,-0.813,-0.776,-0.716,-0.738,-0.813,-0.839,-0.77,-0.79,-0.772,-0.683,-0.738,-0.825,-0.837,-0.754,-0.794,-0.801,-0.706,0,0
"2019-04-15 00:25:40.0",782012,-9999,-81.4,-31.45,-31.45,-0.522,-9999,-9999,12.0542,40.09,39.92,21.4,-0.742,-0.827,-0.845,-0.788,-0.809,-0.786,-0.716,-0.738,-0.799,-0.845,-0.754,-0.784,-0.766,-0.718,-0.73,-0.801,-0.839,-0.801,-0.778,-0.764,-0.677,-0.736,-0.817,-0.843,-0.776,-0.799,-0.78,-0.71,0,0
"2019-04-15 00:26:00.0",782013,-9999,-81.4,-31.52,-31.52,-0.523,-9999,-9999,12.0431,40.09,39.92,21.4,-0.746,-0.841,-0.851,-0.784,-0.805,-0.774,-0.701,-0.734,-0.792,-0.859,-0.768,-0.797,-0.766,-0.697,-0.736,-0.79,-0.829,-0.754,-0.788,-0.774,-0.691,-0.74,-0.815,-0.833,-0.77,-0.813,-0.772,-0.687,0,0
"2019-04-15 00:26:20.0",782014,-9999,-81.3,-31.59,-31.59,-0.524,-9999,-9999,12.0431,40.09,39.92,21.4,-0.756,-0.851,-0.829,-0.786,-0.821,-0.792,-0.701,-0.736,-0.821,-0.845,-0.754,-0.786,-0.803,-0.685,-0.73,-0.817,-0.835,-0.774,-0.788,-0.776,-0.693,-0.744,-0.797,-0.835,-0.772,-0.794,-0.76,-0.685,0,0
"2019-04-15 00:26:40.0",782015,-9999,-81.3,-31.66,-31.66,-0.525,-9999,-9999,12.0431,40.09,39.92,21.4,-0.746,-0.853,-0.859,-0.784,-0.831,-0.79,-0.704,-0.742,-0.831,-0.839,-0.772,-0.792,-0.782,-0.718,-0.738,-0.807,-0.833,-0.79,-0.794,-0.78,-0.669,-0.73,-0.797,-0.831,-0.766,-0.813,-0.772,-0.701,0,700
"2019-04-15 00:27:00.0",782016,-9999,-81.2,-31.73,-31.73,-0.526,-9999,-9999,12.0431,40.09,39.92,21.4,-0.748,-0.823,-0.879,-0.782,-0.807,-0.774,-0.72,-0.744,-0.835,-0.863,-0.75,-0.819,-0.78,-0.677,-0.736,-0.825,-0.857,-0.768,-0.786,-0.758,-0.687,-0.736,-0.811,-0.841,-0.764,-0.811,-0.79,-0.679,0,0
"2019-04-15 00:27:20.0",782017,-9999,-81.2,-31.8,-31.8,-0.527,-9999,-9999,12.0431,40.08,39.92,21.4,-0.746,-0.803,-0.873,-0.78,-0.803,-0.811,-0.714,-0.736,-0.786,-0.829,-0.77,-0.815,-0.78,-0.689,-0.734,-0.815,-0.833,-0.768,-0.788,-0.794,-0.704,-0.738,-0.809,-0.831,-0.762,-0.813,-0.758,-0.671,0,0
"2019-04-15 00:27:40.0",782018,-9999,-81.1,-31.87,-31.87,-0.528,-9999,-9999,12.0431,40.08,39.92,21.4,-0.75,-0.825,-0.847,-0.78,-0.801,-0.821,-0.722,-0.734,-0.809,-0.829,-0.752,-0.79,-0.797,-0.697,-0.734,-0.811,-0.831,-0.76,-0.813,-0.77,-0.677,-0.736,-0.817,-0.833,-0.768,-0.786,-0.76,-0.693,0,0
"2019-04-15 00:28:00.0",782019,-9999,-81.1,-31.94,-31.94,-0.529,-9999,-9999,12.0431,40.08,39.92,21.4,-0.748,-0.827,-0.851,-0.786,-0.805,-0.811,-0.706,-0.732,-0.809,-0.851,-0.77,-0.79,-0.79,-0.685,-0.734,-0.792,-0.861,-0.748,-0.794,-0.77,-0.691,-0.736,-0.79,-0.839,-0.79,-0.782,-0.754,-0.673,0,0
"2019-04-15 00:28:20.0",782020,-9999,-81,-32.01,-32.01,-0.53,-9999,-9999,12.0431,40.08,39.92,21.4,-0.742,-0.821,-0.855,-0.782,-0.786,-0.784,-0.701,-0.74,-0.807,-0.829,-0.748,-0.792,-0.79,-0.695,-0.736,-0.807,-0.835,-0.764,-0.792,-0.77,-0.687,-0.732,-0.819,-0.837,-0.772,-0.792,-0.758,-0.701,0,700
"2019-04-15 00:28:40.0",782021,-9999,-81,-32.08,-32.08,-0.531,-9999,-9999,12.0431,40.08,39.92,21.4,-0.746,-0.845,-0.869,-0.807,-0.786,-0.774,-0.699,-0.734,-0.821,-0.819,-0.768,-0.788,-0.784,-0.691,-0.74,-0.823,-0.833,-0.768,-0.79,-0.758,-0.689,-0.734,-0.811,-0.833,-0.774,-0.799,-0.79,-0.706,0,0
"2019-04-15 00:29:00.0",782022,-9999,-80.9,-32.15,-32.15,-0.532,-9999,-9999,12.0431,40.09,39.92,21.4,-0.748,-0.849,-0.849,-0.778,-0.801,-0.809,-0.685,-0.74,-0.831,-0.837,-0.766,-0.792,-0.762,-0.693,-0.74,-0.845,-0.837,-0.766,-0.792,-0.752,-0.706,-0.734,-0.829,-0.841,-0.764,-0.77,-0.799,-0.665,0,0
"2019-04-15 00:29:20.0",782023,-9999,-80.9,-32.22,-32.22,-0.533,-9999,-9999,12.0431,40.09,39.92,21.42,-0.746,-0.825,-0.855,-0.786,-0.807,-0.774,-0.697,-0.736,-0.823,-0.843,-0.77,-0.782,-0.807,-0.718,-0.742,-0.815,-0.843,-0.772,-0.794,-0.799,-0.675,-0.736,-0.807,-0.833,-0.768,-0.772,-0.774,-0.687,0,0
"2019-04-15 00:29:40.0",782024,-9999,-80.8,-32.29,-32.29,-0.534,-9999,-9999,12.0431,40.09,39.92,21.42,-0.748,-0.823,-0.825,-0.78,-0.801,-0.772,-0.697,-0.736,-0.821,-0.871,-0.774,-0.782,-0.811,-0.704,-0.734,-0.817,-0.851,-0.772,-0.792,-0.799,-0.712,-0.742,-0.839,-0.839,-0.774,-0.776,-0.782,-0.691,0,0
"2019-04-15 00:30:00.0",782025,-9999,-80.8,-32.36,-32.36,-0.535,-9999,-9999,12.0431,40.09,39.92,21.42,-0.744,-0.837,-0.827,-0.782,-0.805,-0.805,-0.681,-0.742,-0.837,-0.859,-0.77,-0.794,-0.768,-0.712,-0.734,-0.837,-0.853,-0.774,-0.794,-0.76,-0.677,-0.728,-0.827,-0.845,-0.766,-0.797,-0.792,-0.699,0,700
"2019-04-15 00:30:20.0",782026,-9999,-80.7,-32.43,-32.43,-0.536,-9999,-9999,12.0431,40.09,39.92,21.42,-0.748,-0.837,-0.821,-0.782,-0.784,-0.766,-0.712,-0.73,-0.815,-0.841,-0.792,-0.792,-0.784,-0.681,-0.736,-0.807,-0.837,-0.772,-0.817,-0.762,-0.685,-0.734,-0.837,-0.821,-0.758,-0.817,-0.803,-0.673,0,0
"2019-04-15 00:30:40.0",782027,-9999,-80.7,-32.5,-32.5,-0.537,-9999,-9999,12.0431,40.09,39.92,21.42,-0.748,-0.813,-0.853,-0.778,-0.805,-0.79,-0.675,-0.734,-0.833,-0.813,-0.79,-0.792,-0.797,-0.699,-0.732,-0.833,-0.811,-0.768,-0.78,-0.797,-0.706,-0.736,-0.819,-0.839,-0.768,-0.794,-0.758,-0.693,0,0
"2019-04-15 00:31:00.0",782028,-9999,-80.6,-32.57,-32.57,-0.538,-9999,-9999,12.0431,40.09,39.92,21.42,-0.746,-0.819,-0.843,-0.778,-0.799,-0.766,-0.691,-0.74,-0.807,-0.839,-0.768,-0.772,-0.805,-0.708,-0.734,-0.823,-0.839,-0.768,-0.77,-0.772,-0.669,-0.73,-0.79,-0.839,-0.792,-0.778,-0.758,-0.708,0,0
"2019-04-15 00:31:20.0",782029,-9999,-80.6,-32.64,-32.64,-0.539,-9999,-9999,12.0431,40.09,39.92,21.42,-0.75,-0.805,-0.879,-0.78,-0.799,-0.801,-0.706,-0.734,-0.829,-0.839,-0.768,-0.792,-0.764,-0.671,-0.732,-0.827,-0.835,-0.766,-0.792,-0.758,-0.689,-0.734,-0.823,-0.837,-0.764,-0.79,-0.79,-0.701,0,0
"2019-04-15 00:31:40.0",782030,-9999,-80.5,-32.71,-32.71,-0.54,-9999,-9999,12.0375,40.09,39.92,21.42,-0.742,-0.837,-0.847,-0.78,-0.799,-0.803,-0.716,-0.736,-0.79,-0.833,-0.766,-0.79,-0.78,-0.675,-0.738,-0.794,-0.833,-0.77,-0.797,-0.758,-0.697,-0.734,-0.79,-0.837,-0.764,-0.788,-0.797,-0.695,0,700
"2019-04-15 00:32:00.0",782031,-9999,-80.5,-32.77,-32.77,-0.541,-9999,-9999,12.0431,40.09,39.92,21.42,-0.746,-0.799,-0.847,-0.758,-0.803,-0.784,-0.695,-0.734,-0.805,-0.847,-0.766,-0.799,-0.782,-0.691,-0.732,-0.805,-0.857,-0.766,-0.784,-0.79,-0.679,-0.73,-0.825,-0.833,-0.792,-0.79,-0.772,-0.669,0,0
"2019-04-15 00:32:20.0",782032,-9999,-80.4,-32.84,-32.84,-0.542,-9999,-9999,12.0375,40.09,39.92,21.42,-0.744,-0.841,-0.843,-0.776,-0.799,-0.784,-0.673,-0.732,-0.797,-0.851,-0.768,-0.788,-0.801,-0.681,-0.728,-0.794,-0.859,-0.762,-0.809,-0.79,-0.687,-0.726,-0.784,-0.839,-0.77,-0.807,-0.778,-0.667,0,0
"2019-04-15 00:32:40.0",782033,-9999,-80.4,-32.91,-32.91,-0.543,-9999,-9999,12.0431,40.09,39.92,21.42,-0.744,-0.797,-0.847,-0.797,-0.786,-0.788,-0.685,-0.738,-0.817,-0.831,-0.762,-0.772,-0.792,-0.695,-0.73,-0.821,-0.825,-0.762,-0.786,-0.77,-0.659,-0.73,-0.817,-0.857,-0.764,-0.77,-0.752,-0.691,0,0
"2019-04-15 00:33:00.0",782034,-9999,-80.3,-32.98,-32.98,-0.544,-9999,-9999,12.0431,40.09,39.92,21.45,-0.744,-0.839,-0.849,-0.772,-0.827,-0.801,-0.671,-0.734,-0.79,-0.813,-0.768,-0.784,-0.807,-0.667,-0.73,-0.776,-0.841,-0.764,-0.79,-0.794,-0.689,-0.73,-0.784,-0.809,-0.766,-0.786,-0.772,-0.695,0,0
"2019-04-15 00:33:20.0",782035,-9999,-80.3,-33.05,-33.05,-0.545,-9999,-9999,12.0431,40.09,39.92,21.45,-0.75,-0.839,-0.843,-0.776,-0.803,-0.77,-0.673,-0.732,-0.794,-0.837,-0.766,-0.786,-0.803,-0.673,-0.728,-0.794,-0.839,-0.774,-0.79,-0.792,-0.687,-0.726,-0.782,-0.831,-0.764,-0.786,-0.77,-0.655,0,700
"2019-04-15 00:33:40.0",782036,-9999,-80.2,-33.12,-33.12,-0.546,-9999,-9999,12.0431,40.09,39.92,21.45,-0.742,-0.809,-0.847,-0.772,-0.799,-0.799,-0.708,-0.732,-0.797,-0.839,-0.77,-0.797,-0.778,-0.699,-0.728,-0.788,-0.841,-0.766,-0.768,-0.76,-0.706,-0.734,-0.794,-0.841,-0.77,-0.772,-0.786,-0.677,0,0
"2019-04-15 00:34:00.0",782037,-9999,-80.2,-33.19,-33.19,-0.547,-9999,-9999,12.0375,40.09,39.92,21.45,-0.742,-0.833,-0.849,-0.772,-0.799,-0.792,-0.671,-0.732,-0.829,-0.841,-0.75,-0.784,-0.784,-0.714,-0.728,-0.829,-0.819,-0.766,-0.784,-0.76,-0.669,-0.728,-0.817,-0.817,-0.768,-0.792,-0.792,-0.685,0,0
"2019-04-15 00:34:20.0",782038,-9999,-80.1,-33.26,-33.26,-0.548,-9999,-9999,12.0431,40.09,39.92,21.45,-0.742,-0.817,-0.843,-0.776,-0.782,-0.784,-0.687,-0.73,-0.805,-0.829,-0.758,-0.782,-0.758,-0.671,-0.726,-0.809,-0.835,-0.762,-0.79,-0.797,-0.683,-0.74,-0.807,-0.833,-0.764,-0.79,-0.768,-0.699,0,0
"2019-04-15 00:34:40.0",782039,-9999,-80.1,-33.33,-33.33,-0.549,-9999,-9999,12.0375,40.09,39.92,21.45,-0.742,-0.797,-0.847,-0.78,-0.801,-0.79,-0.708,-0.73,-0.794,-0.825,-0.786,-0.764,-0.776,-0.671,-0.73,-0.803,-0.851,-0.76,-0.79,-0.75,-0.681,-0.73,-0.801,-0.829,-0.756,-0.786,-0.782,-0.693,0,0
"2019-04-15 00:35:00.0",782040,-9999,-80,-33.4,-33.4,-0.55,-9999,-9999,12.0431,40.09,39.92,21.45,-0.75,-0.825,-0.839,-0.778,-0.788,-0.768,-0.695,-0.732,-0.792,-0.835,-0.764,-0.79,-0.797,-0.712,-0.724,-0.788,-0.835,-0.764,-0.79,-0.794,-0.667,-0.728,-0.778,-0.835,-0.766,-0.79,-0.772,-0.683,0,700
"2019-04-15 00:35:20.0",782041,-9999,-79.95,-33.47,-33.47,-0.552,-9999,-9999,12.0431,40.09,39.92,21.45,-0.742,-0.811,-0.851,-0.766,-0.799,-0.782,-0.693,-0.734,-0.799,-0.835,-0.766,-0.799,-0.76,-0.693,-0.736,-0.79,-0.845,-0.764,-0.768,-0.756,-0.701,-0.728,-0.792,-0.839,-0.766,-0.776,-0.799,-0.657,0,0
"2019-04-15 00:35:40.0",782042,-9999,-79.9,-33.54,-33.54,-0.553,-9999,-9999,12.0431,40.09,39.92,21.45,-0.74,-0.819,-0.845,-0.776,-0.794,-0.797,-0.681,-0.732,-0.797,-0.835,-0.762,-0.784,-0.799,-0.71,-0.73,-0.784,-0.841,-0.766,-0.811,-0.768,-0.689,-0.728,-0.786,-0.833,-0.768,-0.778,-0.758,-0.677,0,0
"2019-04-15 00:36:00.0",782043,-9999,-79.85,-33.61,-33.61,-0.554,-9999,-9999,12.0375,40.09,39.92,21.45,-0.738,-0.817,-0.857,-0.774,-0.792,-0.784,-0.693,-0.726,-0.799,-0.833,-0.744,-0.768,-0.76,-0.685,-0.726,-0.809,-0.851,-0.74,-0.788,-0.748,-0.693,-0.728,-0.803,-0.827,-0.758,-0.762,-0.782,-0.665,0,0
"2019-04-15 00:36:20.0",782044,-9999,-79.79,-33.68,-33.68,-0.555,-9999,-9999,12.0431,40.09,39.92,21.45,-0.746,-0.815,-0.847,-0.762,-0.799,-0.782,-0.677,-0.738,-0.817,-0.837,-0.758,-0.784,-0.782,-0.716,-0.736,-0.809,-0.839,-0.792,-0.797,-0.754,-0.691,-0.732,-0.813,-0.839,-0.768,-0.79,-0.756,-0.683,0,0
"2019-04-15 00:36:40.0",782045,-9999,-79.74,-33.75,-33.75,-0.556,-9999,-9999,12.0375,40.09,39.92,21.48,-0.742,-0.803,-0.819,-0.776,-0.794,-0.782,-0.683,-0.732,-0.784,-0.839,-0.768,-0.786,-0.766,-0.673,-0.734,-0.799,-0.829,-0.742,-0.792,-0.756,-0.685,-0.728,-0.78,-0.835,-0.758,-0.78,-0.788,-0.681,0,700
"2019-04-15 00:37:00.0",782046,-9999,-79.69,-33.82,-33.82,-0.557,-9999,-9999,12.0431,40.09,39.92,21.48,-0.742,-0.811,-0.845,-0.774,-0.813,-0.78,-0.706,-0.73,-0.807,-0.831,-0.797,-0.788,-0.776,-0.673,-0.732,-0.809,-0.819,-0.79,-0.792,-0.778,-0.695,-0.728,-0.811,-0.843,-0.77,-0.79,-0.76,-0.693,0,0
"2019-04-15 00:37:20.0",782047,-9999,-79.64,-33.89,-33.89,-0.558,-9999,-9999,12.0431,40.09,39.92,21.48,-0.75,-0.839,-0.847,-0.803,-0.794,-0.79,-0.695,-0.732,-0.821,-0.833,-0.766,-0.79,-0.756,-0.677,-0.732,-0.819,-0.853,-0.758,-0.79,-0.754,-0.679,-0.732,-0.821,-0.855,-0.762,-0.77,-0.79,-0.693,0,0
"2019-04-15 00:37:40.0",782048,-9999,-79.58,-33.96,-33.96,-0.559,-9999,-9999,12.0431,40.09,39.92,21.48,-0.742,-0.805,-0.851,-0.776,-0.803,-0.801,-0.712,-0.73,-0.815,-0.837,-0.764,-0.79,-0.78,-0.699,-0.732,-0.794,-0.835,-0.77,-0.774,-0.774,-0.708,-0.73,-0.817,-0.839,-0.766,-0.772,-0.756,-0.675,0,0
"2019-04-15 00:38:00.0",782049,-9999,-79.53,-34.03,-34.03,-0.56,-9999,-9999,12.0431,40.09,39.92,21.48,-0.742,-0.792,-0.821,-0.776,-0.794,-0.766,-0.673,-0.732,-0.79,-0.855,-0.746,-0.79,-0.76,-0.697,-0.732,-0.79,-0.823,-0.764,-0.77,-0.754,-0.665,-0.734,-0.786,-0.825,-0.76,-0.772,-0.786,-0.697,0,0
"2019-04-15 00:38:20.0",782050,-9999,-79.48,-34.1,-34.1,-0.561,-9999,-9999,12.0431,40.09,39.92,21.48,-0.74,-0.837,-0.855,-0.776,-0.813,-0.803,-0.699,-0.734,-0.79,-0.811,-0.768,-0.782,-0.778,-0.677,-0.734,-0.774,-0.831,-0.746,-0.782,-0.768,-0.679,-0.73,-0.784,-0.807,-0.788,-0.79,-0.75,-0.677,0,700
"2019-04-15 00:38:40.0",782051,-9999,-79.42,-34.17,-34.17,-0.562,-9999,-9999,12.0431,40.09,39.92,21.48,-0.752,-0.811,-0.847,-0.774,-0.805,-0.77,-0.691,-0.732,-0.809,-0.829,-0.762,-0.772,-0.797,-0.673,-0.732,-0.807,-0.839,-0.762,-0.79,-0.794,-0.689,-0.73,-0.805,-0.829,-0.776,-0.768,-0.748,-0.693,0,0
"2019-04-15 00:39:00.0",782052,-9999,-79.37,-34.24,-34.24,-0.563,-9999,-9999,12.0431,40.08,39.92,21.48,-0.744,-0.803,-0.829,-0.764,-0.782,-0.768,-0.712,-0.734,-0.794,-0.821,-0.774,-0.782,-0.799,-0.701,-0.732,-0.79,-0.845,-0.764,-0.794,-0.792,-0.704,-0.734,-0.794,-0.821,-0.77,-0.78,-0.78,-0.665,0,0
"2019-04-15 00:39:20.0",782053,-9999,-79.32,-34.3,-34.3,-0.564,-9999,-9999,12.0375,40.08,39.92,21.48,-0.75,-0.821,-0.849,-0.776,-0.815,-0.807,-0.689,-0.734,-0.809,-0.833,-0.766,-0.782,-0.797,-0.675,-0.736,-0.809,-0.833,-0.792,-0.813,-0.77,-0.691,-0.732,-0.809,-0.837,-0.766,-0.813,-0.758,-0.683,0,0
"2019-04-15 00:39:40.0",782054,-9999,-79.27,-34.37,-34.37,-0.565,-9999,-9999,12.0431,40.08,39.92,21.48,-0.742,-0.853,-0.835,-0.78,-0.803,-0.79,-0.714,-0.738,-0.813,-0.835,-0.764,-0.797,-0.766,-0.72,-0.734,-0.823,-0.837,-0.772,-0.79,-0.762,-0.673,-0.738,-0.786,-0.841,-0.77,-0.794,-0.792,-0.701,0,0
"2019-04-15 00:40:00.0",782055,-9999,-79.21,-34.44,-34.44,-0.566,-9999,-9999,12.0431,40.08,39.92,21.48,-0.746,-0.839,-0.851,-0.772,-0.794,-0.801,-0.695,-0.734,-0.79,-0.837,-0.794,-0.821,-0.766,-0.695,-0.732,-0.815,-0.859,-0.766,-0.792,-0.762,-0.701,-0.738,-0.797,-0.831,-0.77,-0.792,-0.794,-0.669,0,700
"2019-04-15 00:40:20.0",782056,-9999,-79.16,-34.51,-34.51,-0.567,-9999,-9999,12.0431,40.08,39.92,21.48,-0.75,-0.845,-0.855,-0.78,-0.811,-0.77,-0.72,-0.732,-0.801,-0.841,-0.766,-0.797,-0.762,-0.712,-0.74,-0.792,-0.841,-0.764,-0.794,-0.797,-0.671,-0.736,-0.797,-0.833,-0.768,-0.792,-0.768,-0.689,0,0
"2019-04-15 00:40:40.0",782057,-9999,-79.1,-34.58,-34.58,-0.568,-9999,-9999,12.0375,40.08,39.92,21.48,-0.742,-0.801,-0.845,-0.778,-0.805,-0.768,-0.665,-0.732,-0.821,-0.869,-0.77,-0.797,-0.766,-0.716,-0.73,-0.817,-0.861,-0.77,-0.778,-0.797,-0.673,-0.742,-0.823,-0.845,-0.762,-0.78,-0.78,-0.71,0,0
"2019-04-15 00:41:00.0",782058,-9999,-79.05,-34.65,-34.65,-0.569,-9999,-9999,12.0431,40.08,39.92,21.48,-0.748,-0.809,-0.855,-0.78,-0.805,-0.77,-0.681,-0.74,-0.829,-0.865,-0.766,-0.794,-0.768,-0.708,-0.736,-0.813,-0.857,-0.752,-0.799,-0.801,-0.712,-0.738,-0.825,-0.835,-0.79,-0.801,-0.776,-0.665,0,0
"2019-04-15 00:41:20.0",782059,-9999,-79,-34.72,-34.72,-0.57,-9999,-9999,12.0431,40.08,39.92,21.48,-0.75,-0.819,-0.849,-0.784,-0.788,-0.813,-0.716,-0.744,-0.784,-0.839,-0.77,-0.794,-0.801,-0.697,-0.734,-0.815,-0.843,-0.764,-0.79,-0.774,-0.708,-0.738,-0.788,-0.813,-0.768,-0.79,-0.758,-0.681,0,0
"2019-04-15 00:41:40.0",782060,-9999,-78.94,-34.79,-34.79,-0.571,-9999,-9999,12.0431,40.08,39.92,21.48,-0.754,-0.801,-0.847,-0.778,-0.803,-0.79,-0.675,-0.732,-0.841,-0.847,-0.794,-0.788,-0.766,-0.687,-0.734,-0.831,-0.843,-0.772,-0.792,-0.76,-0.695,-0.736,-0.817,-0.823,-0.772,-0.801,-0.794,-0.667,0,700
"2019-04-15 00:42:00.0",782061,-9999,-78.89,-34.86,-34.86,-0.572,-9999,-9999,12.0431,40.08,39.92,21.48,-0.752,-0.803,-0.849,-0.79,-0.803,-0.792,-0.716,-0.738,-0.833,-0.841,-0.776,-0.799,-0.79,-0.683,-0.736,-0.833,-0.837,-0.774,-0.792,-0.766,-0.689,-0.738,-0.831,-0.857,-0.772,-0.797,-0.799,-0.675,0,0
"2019-04-15 00:42:20.0",782062,-9999,-78.84,-34.93,-34.93,-0.573,-9999,-9999,12.0431,40.08,39.92,21.48,-0.748,-0.809,-0.877,-0.794,-0.805,-0.772,-0.706,-0.734,-0.829,-0.845,-0.762,-0.801,-0.77,-0.701,-0.738,-0.829,-0.843,-0.774,-0.792,-0.764,-0.716,-0.738,-0.839,-0.839,-0.778,-0.792,-0.78,-0.689,0,0
"2019-04-15 00:42:40.0",782063,-9999,-78.78,-35,-35,-0.574,-9999,-9999,12.0431,40.08,39.92,21.51,-0.75,-0.811,-0.853,-0.78,-0.801,-0.803,-0.718,-0.736,-0.837,-0.837,-0.799,-0.792,-0.803,-0.685,-0.738,-0.833,-0.843,-0.774,-0.792,-0.776,-0.699,-0.736,-0.79,-0.839,-0.756,-0.819,-0.762,-0.667,0,0
"2019-04-15 00:43:00.0",782064,-9999,-78.73,-35.07,-35.07,-0.575,-9999,-9999,12.0431,40.08,39.92,21.48,-0.75,-0.829,-0.841,-0.78,-0.788,-0.79,-0.701,-0.734,-0.782,-0.837,-0.776,-0.794,-0.801,-0.71,-0.736,-0.815,-0.843,-0.774,-0.797,-0.778,-0.671,-0.738,-0.801,-0.839,-0.766,-0.803,-0.76,-0.691,0,0
"2019-04-15 00:43:20.0",782065,-9999,-78.68,-35.14,-35.14,-0.576,-9999,-9999,12.0431,40.08,39.92,21.51,-0.75,-0.817,-0.851,-0.762,-0.79,-0.786,-0.714,-0.73,-0.797,-0.843,-0.766,-0.774,-0.797,-0.679,-0.736,-0.797,-0.837,-0.772,-0.774,-0.78,-0.693,-0.736,-0.794,-0.819,-0.77,-0.799,-0.764,-0.683,0,700
"2019-04-15 00:43:40.0",782066,-9999,-78.62,-35.21,-35.21,-0.577,-9999,-9999,12.0431,40.08,39.92,21.51,-0.75,-0.805,-0.849,-0.78,-0.807,-0.784,-0.683,-0.736,-0.831,-0.839,-0.774,-0.794,-0.782,-0.691,-0.736,-0.829,-0.843,-0.768,-0.794,-0.792,-0.706,-0.732,-0.841,-0.817,-0.774,-0.813,-0.778,-0.689,0,0
"2019-04-15 00:44:00.0",782067,-9999,-78.57,-35.28,-35.28,-0.578,-9999,-9999,12.0431,40.08,39.91,21.51,-0.752,-0.827,-0.851,-0.78,-0.807,-0.807,-0.712,-0.732,-0.809,-0.835,-0.754,-0.784,-0.764,-0.679,-0.736,-0.819,-0.835,-0.768,-0.788,-0.76,-0.687,-0.74,-0.815,-0.817,-0.768,-0.797,-0.792,-0.663,0,0
"2019-04-15 00:44:20.0",782068,-9999,-78.51,-35.34,-35.34,-0.578,-9999,-9999,12.0431,40.08,39.91,21.51,-0.748,-0.831,-0.857,-0.809,-0.797,-0.77,-0.701,-0.744,-0.833,-0.833,-0.768,-0.794,-0.778,-0.701,-0.738,-0.825,-0.829,-0.766,-0.794,-0.756,-0.689,-0.738,-0.839,-0.857,-0.768,-0.797,-0.799,-0.685,0,0
"2019-04-15 00:44:40.0",782069,-9999,-78.46,-35.41,-35.41,-0.579,-9999,-9999,12.0431,40.08,39.91,21.51,-0.75,-0.849,-0.847,-0.788,-0.815,-0.792,-0.699,-0.738,-0.786,-0.837,-0.772,-0.799,-0.782,-0.712,-0.732,-0.794,-0.837,-0.768,-0.792,-0.758,-0.675,-0.744,-0.811,-0.843,-0.77,-0.794,-0.799,-0.714,0,0
"2019-04-15 00:45:00.0",782070,-9999,-78.41,-35.48,-35.48,-0.58,-9999,-9999,12.0431,40.08,39.91,21.51,-0.748,-0.825,-0.855,-0.79,-0.811,-0.778,-0.72,-0.74,-0.792,-0.837,-0.77,-0.792,-0.782,-0.716,-0.742,-0.811,-0.839,-0.768,-0.79,-0.792,-0.675,-0.736,-0.79,-0.829,-0.794,-0.794,-0.754,-0.687,0,700
"2019-04-15 00:45:20.0",782071,-9999,-78.35,-35.55,-35.55,-0.581,-9999,-9999,12.0486,40.08,39.91,21.51,-0.748,-0.805,-0.857,-0.784,-0.815,-0.817,-0.712,-0.736,-0.833,-0.843,-0.774,-0.801,-0.815,-0.699,-0.736,-0.837,-0.843,-0.776,-0.801,-0.801,-0.701,-0.738,-0.839,-0.843,-0.797,-0.799,-0.782,-0.712,0,0
"2019-04-15 00:45:40.0",782072,-9999,-78.3,-35.62,-35.62,-0.582,-9999,-9999,12.0431,40.08,39.92,21.51,-0.75,-0.803,-0.843,-0.784,-0.829,-0.805,-0.673,-0.738,-0.831,-0.847,-0.756,-0.819,-0.78,-0.716,-0.734,-0.809,-0.837,-0.77,-0.792,-0.758,-0.667,-0.74,-0.827,-0.843,-0.776,-0.813,-0.801,-0.687,0,0
"2019-04-15 00:46:00.0",782073,-9999,-78.24,-35.69,-35.69,-0.583,-9999,-9999,12.0431,40.08,39.92,21.51,-0.75,-0.817,-0.859,-0.782,-0.794,-0.782,-0.704,-0.744,-0.831,-0.845,-0.772,-0.797,-0.772,-0.683,-0.736,-0.839,-0.839,-0.76,-0.801,-0.799,-0.697,-0.736,-0.839,-0.845,-0.774,-0.776,-0.788,-0.669,0,0
"2019-04-15 00:46:20.0",782074,-9999,-78.19,-35.76,-35.76,-0.584,-9999,-9999,12.0431,40.08,39.92,21.51,-0.75,-0.825,-0.853,-0.788,-0.819,-0.813,-0.718,-0.742,-0.815,-0.845,-0.774,-0.797,-0.764,-0.675,-0.734,-0.815,-0.843,-0.768,-0.801,-0.794,-0.706,-0.736,-0.799,-0.841,-0.774,-0.79,-0.782,-0.671,0,0
"2019-04-15 00:46:40.0",782075,-9999,-78.13,-35.83,-35.83,-0.585,-9999,-9999,12.0431,40.08,39.92,21.51,-0.744,-0.829,-0.845,-0.78,-0.809,-0.786,-0.71,-0.738,-0.792,-0.835,-0.752,-0.792,-0.776,-0.679,-0.734,-0.786,-0.835,-0.762,-0.79,-0.776,-0.695,-0.736,-0.799,-0.841,-0.774,-0.79,-0.76,-0.689,0,700
"2019-04-15 00:47:00.0",782076,-9999,-78.08,-35.9,-35.9,-0.586,-9999,-9999,12.0431,40.08,39.92,21.51,-0.754,-0.823,-0.849,-0.784,-0.835,-0.794,-0.675,-0.74,-0.805,-0.839,-0.774,-0.799,-0.79,-0.699,-0.738,-0.803,-0.841,-0.76,-0.78,-0.76,-0.714,-0.732,-0.792,-0.841,-0.774,-0.799,-0.803,-0.685,0,0
"2019-04-15 00:47:20.0",782077,-9999,-78.02,-35.97,-35.97,-0.587,-9999,-9999,12.0431,40.08,39.91,21.51,-0.744,-0.823,-0.837,-0.803,-0.786,-0.784,-0.697,-0.738,-0.811,-0.865,-0.766,-0.79,-0.782,-0.693,-0.736,-0.811,-0.857,-0.764,-0.797,-0.762,-0.681,-0.73,-0.817,-0.837,-0.77,-0.792,-0.792,-0.695,0,0
"2019-04-15 00:47:40.0",782078,-9999,-77.97,-36.04,-36.04,-0.588,-9999,-9999,12.0486,40.08,39.91,21.48,-0.742,-0.813,-0.855,-0.809,-0.807,-0.815,-0.701,-0.734,-0.809,-0.841,-0.782,-0.794,-0.809,-0.679,-0.736,-0.825,-0.837,-0.776,-0.803,-0.776,-0.687,-0.732,-0.803,-0.843,-0.776,-0.801,-0.764,-0.681,0,0
"2019-04-15 00:48:00.0",782079,-9999,-77.91,-36.11,-36.11,-0.589,-9999,-9999,12.0431,40.08,39.91,21.51,-0.746,-0.853,-0.849,-0.78,-0.807,-0.809,-0.689,-0.736,-0.819,-0.843,-0.772,-0.788,-0.768,-0.718,-0.734,-0.817,-0.839,-0.77,-0.794,-0.801,-0.679,-0.744,-0.849,-0.847,-0.784,-0.792,-0.782,-0.704,0,0
"2019-04-15 00:48:20.0",782080,-9999,-77.86,-36.17,-36.17,-0.59,-9999,-9999,12.0431,40.08,39.91,21.51,-0.742,-0.809,-0.847,-0.78,-0.823,-0.803,-0.718,-0.74,-0.799,-0.839,-0.79,-0.778,-0.766,-0.718,-0.732,-0.801,-0.837,-0.77,-0.79,-0.794,-0.679,-0.734,-0.807,-0.839,-0.756,-0.784,-0.77,-0.701,0,700
"2019-04-15 00:48:40.0",782081,-9999,-77.8,-36.24,-36.24,-0.591,-9999,-9999,12.0431,40.08,39.91,21.51,-0.754,-0.803,-0.847,-0.788,-0.786,-0.807,-0.72,-0.744,-0.811,-0.859,-0.772,-0.799,-0.772,-0.718,-0.734,-0.819,-0.863,-0.766,-0.799,-0.78,-0.679,-0.734,-0.799,-0.837,-0.768,-0.786,-0.774,-0.699,0,0
"2019-04-15 00:49:00.0",782082,-9999,-77.75,-36.31,-36.31,-0.592,-9999,-9999,12.0431,40.08,39.92,21.51,-0.742,-0.813,-0.843,-0.776,-0.801,-0.801,-0.691,-0.734,-0.79,-0.837,-0.772,-0.788,-0.782,-0.718,-0.736,-0.792,-0.837,-0.77,-0.788,-0.776,-0.673,-0.736,-0.811,-0.843,-0.766,-0.801,-0.799,-0.706,0,0
"2019-04-15 00:49:20.0",782083,-9999,-77.69,-36.38,-36.38,-0.593,-9999,-9999,12.0431,40.08,39.92,21.51,-0.748,-0.845,-0.847,-0.782,-0.799,-0.807,-0.722,-0.73,-0.801,-0.835,-0.768,-0.792,-0.796,-0.685,-0.736,-0.813,-0.837,-0.75,-0.79,-0.77,-0.693,-0.742,-0.813,-0.835,-0.768,-0.794,-0.768,-0.669,0,0
"2019-04-15 00:49:40.0",782084,-9999,-77.64,-36.45,-36.45,-0.594,-9999,-9999,12.0431,40.08,39.92,21.51,-0.748,-0.843,-0.853,-0.78,-0.784,-0.79,-0.683,-0.734,-0.811,-0.837,-0.764,-0.796,-0.766,-0.681,-0.74,-0.788,-0.817,-0.748,-0.813,-0.772,-0.708,-0.734,-0.811,-0.833,-0.794,-0.784,-0.776,-0.685,0,0
"2019-04-15 00:50:00.0",782085,-9999,-77.58,-36.52,-36.52,-0.595,-9999,-9999,12.0431,40.08,39.92,21.51,-0.746,-0.829,-0.845,-0.764,-0.809,-0.784,-0.695,-0.73,-0.79,-0.831,-0.776,-0.784,-0.76,-0.701,-0.736,-0.792,-0.829,-0.768,-0.792,-0.758,-0.665,-0.736,-0.784,-0.859,-0.764,-0.79,-0.792,-0.708,0,700
"2019-04-15 00:50:20.0",782086,-9999,-77.53,-36.59,-36.59,-0.596,-9999,-9999,12.0431,40.08,39.92,21.51,-0.748,-0.823,-0.833,-0.784,-0.807,-0.815,-0.708,-0.736,-0.788,-0.829,-0.77,-0.778,-0.76,-0.699,-0.734,-0.803,-0.833,-0.768,-0.794,-0.796,-0.669,-0.734,-0.794,-0.843,-0.768,-0.774,-0.768,-0.71,0,0
"2019-04-15 00:50:40.0",782087,-9999,-77.47,-36.66,-36.66,-0.597,-9999,-9999,12.0431,40.09,39.92,21.51,-0.752,-0.827,-0.833,-0.811,-0.788,-0.809,-0.716,-0.738,-0.803,-0.831,-0.772,-0.815,-0.762,-0.724,-0.73,-0.794,-0.833,-0.772,-0.79,-0.79,-0.671,-0.74,-0.817,-0.857,-0.762,-0.811,-0.778,-0.689,0,0
"2019-04-15 00:51:00.0",782088,-9999,-77.41,-36.73,-36.73,-0.598,-9999,-9999,12.0431,40.09,39.92,21.51,-0.746,-0.849,-0.847,-0.776,-0.807,-0.79,-0.675,-0.742,-0.813,-0.805,-0.766,-0.774,-0.76,-0.691,-0.734,-0.792,-0.827,-0.75,-0.792,-0.786,-0.675,-0.736,-0.813,-0.833,-0.766,-0.774,-0.77,-0.704,0,0
"2019-04-15 00:51:20.0",782089,-9999,-77.36,-36.79,-36.79,-0.599,-9999,-9999,12.0431,40.09,39.92,21.51,-0.75,-0.827,-0.855,-0.778,-0.786,-0.784,-0.693,-0.734,-0.827,-0.835,-0.766,-0.784,-0.776,-0.71,-0.726,-0.819,-0.835,-0.746,-0.774,-0.752,-0.661,-0.738,-0.825,-0.833,-0.76,-0.768,-0.794,-0.695,0,0
"2019-04-15 00:51:40.0",782090,-9999,-77.3,-36.86,-36.86,-0.6,-9999,-9999,12.0431,40.09,39.92,21.51,-0.748,-0.811,-0.839,-0.782,-0.794,-0.766,-0.697,-0.734,-0.809,-0.841,-0.77,-0.792,-0.762,-0.708,-0.732,-0.803,-0.835,-0.774,-0.774,-0.76,-0.687,-0.738,-0.813,-0.823,-0.78,-0.774,-0.776,-0.665,0,700
"2019-04-15 00:52:00.0",782091,-9999,-77.25,-36.93,-36.93,-0.601,-9999,-9999,12.0431,40.09,39.92,21.51,-0.744,-0.805,-0.821,-0.772,-0.819,-0.762,-0.673,-0.73,-0.819,-0.837,-0.768,-0.792,-0.774,-0.669,-0.732,-0.819,-0.835,-0.77,-0.79,-0.77,-0.689,-0.732,-0.831,-0.831,-0.758,-0.784,-0.758,-0.659,0,0
"2019-04-15 00:52:20.0",782092,-9999,-77.19,-37,-37,-0.602,-9999,-9999,12.0486,40.08,39.92,21.51,-0.744,-0.841,-0.841,-0.756,-0.784,-0.807,-0.687,-0.734,-0.833,-0.829,-0.762,-0.79,-0.778,-0.673,-0.728,-0.823,-0.833,-0.766,-0.77,-0.754,-0.681,-0.728,-0.825,-0.829,-0.766,-0.77,-0.786,-0.657,0,0
"2019-04-15 00:52:40.0",782093,-9999,-77.13,-37.07,-37.07,-0.603,-9999,-9999,12.0431,40.08,39.92,21.51,-0.74,-0.837,-0.837,-0.778,-0.784,-0.809,-0.669,-0.728,-0.805,-0.841,-0.764,-0.792,-0.776,-0.671,-0.728,-0.827,-0.839,-0.786,-0.788,-0.778,-0.681,-0.732,-0.813,-0.827,-0.764,-0.786,-0.758,-0.657,0,0
"2019-04-15 00:53:00.0",782094,-9999,-77.08,-37.14,-37.14,-0.604,-9999,-9999,12.0431,40.08,39.92,21.51,-0.742,-0.825,-0.841,-0.79,-0.801,-0.77,-0.685,-0.726,-0.827,-0.841,-0.764,-0.79,-0.76,-0.718,-0.728,-0.829,-0.829,-0.748,-0.811,-0.794,-0.671,-0.738,-0.829,-0.859,-0.77,-0.813,-0.772,-0.685,0,0
"2019-04-15 00:53:20.0",782095,-9999,-77.02,-37.21,-37.21,-0.605,-9999,-9999,12.0431,40.08,39.92,21.51,-0.74,-0.805,-0.849,-0.76,-0.799,-0.788,-0.695,-0.736,-0.799,-0.829,-0.788,-0.794,-0.756,-0.681,-0.728,-0.79,-0.835,-0.762,-0.786,-0.752,-0.681,-0.728,-0.792,-0.833,-0.766,-0.784,-0.784,-0.699,0,700
"2019-04-15 00:53:40.0",782096,-9999,-76.97,-37.28,-37.28,-0.606,-9999,-9999,12.0431,40.08,39.92,21.51,-0.736,-0.833,-0.839,-0.78,-0.801,-0.766,-0.701,-0.732,-0.823,-0.827,-0.764,-0.794,-0.794,-0.693,-0.728,-0.819,-0.831,-0.764,-0.784,-0.79,-0.661,-0.73,-0.829,-0.833,-0.764,-0.786,-0.77,-0.697,0,0
"2019-04-15 00:54:00.0",782097,-9999,-76.91,-37.35,-37.35,-0.607,-9999,-9999,12.0431,40.08,39.92,21.51,-0.742,-0.809,-0.847,-0.764,-0.821,-0.807,-0.708,-0.732,-0.825,-0.837,-0.758,-0.786,-0.774,-0.695,-0.726,-0.815,-0.851,-0.774,-0.766,-0.79,-0.667,-0.728,-0.821,-0.833,-0.768,-0.766,-0.764,-0.697,0,0
"2019-04-15 00:54:20.0",782098,-9999,-76.85,-37.41,-37.41,-0.608,-9999,-9999,12.0431,40.08,39.92,21.51,-0.74,-0.829,-0.843,-0.796,-0.79,-0.772,-0.669,-0.728,-0.809,-0.813,-0.788,-0.788,-0.794,-0.708,-0.728,-0.803,-0.839,-0.758,-0.774,-0.792,-0.665,-0.728,-0.807,-0.837,-0.758,-0.766,-0.77,-0.687,0,0
"2019-04-15 00:54:40.0",782099,-9999,-76.8,-37.48,-37.48,-0.609,-9999,-9999,12.0375,40.08,39.92,21.51,-0.738,-0.819,-0.839,-0.77,-0.801,-0.776,-0.669,-0.728,-0.782,-0.843,-0.75,-0.79,-0.758,-0.706,-0.728,-0.79,-0.827,-0.748,-0.788,-0.79,-0.663,-0.728,-0.794,-0.829,-0.762,-0.788,-0.764,-0.679,0,0
"2019-04-15 00:55:00.0",782100,-9999,-76.74,-37.55,-37.55,-0.609,-9999,-9999,12.0431,40.08,39.92,21.51,-0.738,-0.801,-0.849,-0.774,-0.794,-0.766,-0.691,-0.726,-0.784,-0.829,-0.758,-0.782,-0.772,-0.665,-0.734,-0.803,-0.801,-0.754,-0.803,-0.748,-0.706,-0.73,-0.778,-0.821,-0.782,-0.803,-0.744,-0.655,0,700
"2019-04-15 00:55:20.0",782101,-9999,-76.68,-37.62,-37.62,-0.61,-9999,-9999,12.0431,40.08,39.92,21.51,-0.736,-0.794,-0.839,-0.778,-0.823,-0.796,-0.673,-0.73,-0.827,-0.833,-0.768,-0.776,-0.756,-0.693,-0.728,-0.831,-0.853,-0.762,-0.792,-0.792,-0.687,-0.73,-0.833,-0.861,-0.77,-0.784,-0.79,-0.685,0,0
"2019-04-15 00:55:40.0",782102,-9999,-76.63,-37.69,-37.69,-0.611,-9999,-9999,12.0431,40.08,39.91,21.51,-0.738,-0.833,-0.849,-0.77,-0.794,-0.778,-0.701,-0.734,-0.815,-0.841,-0.762,-0.782,-0.774,-0.663,-0.732,-0.827,-0.825,-0.746,-0.801,-0.762,-0.693,-0.728,-0.821,-0.823,-0.758,-0.778,-0.752,-0.659,0,0
"2019-04-15 00:56:00.0",782103,-9999,-76.57,-37.76,-37.76,-0.612,-9999,-9999,12.0431,40.08,39.91,21.51,-0.74,-0.831,-0.867,-0.776,-0.794,-0.764,-0.71,-0.728,-0.811,-0.835,-0.762,-0.774,-0.758,-0.675,-0.728,-0.809,-0.811,-0.764,-0.784,-0.768,-0.704,-0.73,-0.805,-0.831,-0.764,-0.78,-0.79,-0.657,0,0
"2019-04-15 00:56:20.0",782104,-9999,-76.51,-37.83,-37.83,-0.613,-9999,-9999,12.0431,40.08,39.91,21.51,-0.74,-0.809,-0.809,-0.774,-0.799,-0.796,-0.673,-0.724,-0.807,-0.831,-0.758,-0.784,-0.786,-0.706,-0.726,-0.784,-0.827,-0.756,-0.78,-0.786,-0.655,-0.728,-0.782,-0.831,-0.756,-0.786,-0.766,-0.687,0,0
"2019-04-15 00:56:40.0",782105,-9999,-76.46,-37.9,-37.9,-0.614,-9999,-9999,12.0431,40.08,39.91,21.51,-0.738,-0.809,-0.833,-0.766,-0.79,-0.79,-0.673,-0.73,-0.823,-0.829,-0.744,-0.774,-0.792,-0.689,-0.726,-0.801,-0.833,-0.744,-0.782,-0.784,-0.691,-0.726,-0.796,-0.829,-0.754,-0.782,-0.76,-0.669,0,700
"2019-04-15 00:57:00.0",782106,-9999,-76.4,-37.96,-37.96,-0.615,-9999,-9999,12.0431,40.08,39.91,21.51,-0.74,-0.794,-0.833,-0.77,-0.807,-0.772,-0.704,-0.728,-0.823,-0.831,-0.756,-0.766,-0.792,-0.671,-0.726,-0.805,-0.807,-0.76,-0.782,-0.786,-0.685,-0.726,-0.807,-0.823,-0.76,-0.782,-0.764,-0.679,0,0
"2019-04-15 00:57:20.0",782107,-9999,-76.34,-38.03,-38.03,-0.616,-9999,-9999,12.0431,40.08,39.91,21.51,-0.74,-0.815,-0.847,-0.77,-0.794,-0.803,-0.706,-0.726,-0.786,-0.825,-0.752,-0.78,-0.792,-0.671,-0.726,-0.819,-0.841,-0.754,-0.78,-0.78,-0.675,-0.722,-0.827,-0.825,-0.742,-0.778,-0.764,-0.657,0,0
"2019-04-15 00:57:40.0",782108,-9999,-76.28,-38.1,-38.1,-0.617,-9999,-9999,12.0431,40.08,39.91,21.51,-0.738,-0.811,-0.839,-0.77,-0.78,-0.794,-0.685,-0.732,-0.803,-0.831,-0.762,-0.782,-0.801,-0.669,-0.73,-0.786,-0.831,-0.758,-0.782,-0.784,-0.681,-0.732,-0.79,-0.831,-0.774,-0.79,-0.77,-0.659,0,0
"2019-04-15 00:58:00.0",782109,-9999,-76.23,-38.17,-38.17,-0.618,-9999,-9999,12.0431,40.08,39.91,21.53,-0.746,-0.796,-0.821,-0.764,-0.815,-0.77,-0.665,-0.722,-0.821,-0.837,-0.754,-0.782,-0.748,-0.701,-0.72,-0.794,-0.799,-0.752,-0.78,-0.758,-0.665,-0.728,-0.799,-0.805,-0.754,-0.784,-0.78,-0.689,0,0
"2019-04-15 00:58:20.0",782110,-9999,-76.17,-38.24,-38.24,-0.619,-9999,-9999,12.0486,40.08,39.91,21.53,-0.74,-0.817,-0.833,-0.766,-0.776,-0.772,-0.673,-0.726,-0.805,-0.803,-0.738,-0.786,-0.754,-0.685,-0.73,-0.811,-0.825,-0.742,-0.803,-0.75,-0.655,-0.726,-0.815,-0.823,-0.758,-0.807,-0.786,-0.673,0,700
"2019-04-15 00:58:40.0",782111,-9999,-76.11,-38.31,-38.31,-0.62,-9999,-9999,12.0431,40.08,39.91,21.53,-0.736,-0.815,-0.843,-0.77,-0.794,-0.758,-0.691,-0.726,-0.803,-0.837,-0.786,-0.792,-0.77,-0.693,-0.724,-0.827,-0.819,-0.762,-0.813,-0.752,-0.685,-0.734,-0.819,-0.811,-0.758,-0.813,-0.77,-0.704,0,0
"2019-04-15 00:59:00.0",782112,-9999,-76.05,-38.38,-38.38,-0.621,-9999,-9999,12.0431,40.09,39.91,21.53,-0.736,-0.807,-0.833,-0.772,-0.792,-0.792,-0.667,-0.73,-0.782,-0.835,-0.76,-0.788,-0.776,-0.691,-0.73,-0.799,-0.855,-0.76,-0.768,-0.786,-0.689,-0.726,-0.807,-0.847,-0.758,-0.77,-0.77,-0.677,0,0
"2019-04-15 00:59:20.0",782113,-9999,-76,-38.44,-38.44,-0.622,-9999,-9999,12.0375,40.09,39.91,21.53,-0.738,-0.837,-0.843,-0.801,-0.79,-0.764,-0.71,-0.732,-0.813,-0.799,-0.742,-0.784,-0.754,-0.671,-0.732,-0.782,-0.829,-0.742,-0.782,-0.754,-0.681,-0.728,-0.784,-0.827,-0.758,-0.78,-0.766,-0.657,0,0
"2019-04-15 00:59:40.0",782114,-9999,-75.94,-38.51,-38.51,-0.623,-9999,-9999,12.0431,40.09,39.91,21.53,-0.736,-0.831,-0.839,-0.77,-0.79,-0.794,-0.693,-0.722,-0.778,-0.827,-0.76,-0.78,-0.77,-0.704,-0.724,-0.796,-0.821,-0.758,-0.784,-0.76,-0.661,-0.726,-0.803,-0.825,-0.784,-0.778,-0.74,-0.669,0,0
