"TOA5","","","1764","CR1000.Std.24","CPU:MFRSR_10012018V2.8.CR1","13574","TableHdr","PbCdlComm-1.6.0 (2016/01/26)"
"TIMESTAMP","RECORD","loggerID""headID""xpgmVerID""xlat""xlon""xSiteElev""xFULLREV""xCRXHSTEPS""xSCANseconds""xSCANnAvg""xSCANtrough""xHOMEoffset""xALLTIMEband"
"TS","RN","--""--""--""deg""deg""m""--""--""sec""--""--""--""--"
"","","Smp""Smp""Smp""Smp""Smp""Smp""Smp""Smp""Smp""Smp""Smp""Smp""Smp"
"2019-04-15 00:00:00.0",370,1764,180054423,2.8,-32.1259,-64.7287,1160,800,20,20,1,10,0,-1
"TOA5","","","1764","CR1000.Std.24","CPU:MFRSR_10012018V2.8.CR1","13574","Table155","PbCdlComm-1.6.0 (2016/01/26)"
"TIMESTAMP","RECORD","xoset""az""el""al""cosz""cosasz""pamass""vBat""Thead""THTC""Tlogger""Dnadir(1)""Dnadir(2)""Dnadir(3)""Dnadir(4)""Dnadir(5)""Dnadir(6)""Dnadir(7)""Deast(1)""Deast(2)""Deast(3)""Deast(4)""Deast(5)""Deast(6)""Deast(7)""Dsun(1)""Dsun(2)""Dsun(3)""Dsun(4)""Dsun(5)""Dsun(6)""Dsun(7)""Dwest(1)""Dwest(2)""Dwest(3)""Dwest(4)""Dwest(5)""Dwest(6)""Dwest(7)""kount""khome"
"TS","RN","sec""deg""deg""deg""--""--""--""Volt""degC""degC""degC""mV""mV""mV""mV""mV""mV""mV""mV""mV""mV""mV""mV""mV""mV""mV""mV""mV""mV""mV""mV""mV""mV""mV""mV""mV""mV""mV""mV""--""--"
"","","Smp""Smp""Smp""Smp""Smp""Smp""Smp""Smp""Smp""Smp""Smp""Smp""Smp""Smp""Smp""Smp""Smp""Smp""Smp""Smp""Smp""Smp""Smp""Smp""Smp""Smp""Smp""Smp""Smp""Smp""Smp""Smp""Smp""Smp""Smp""Smp""Smp""Smp""Smp""Smp""Smp"
"2019-04-15 10:00:00.0",783735,-9999,95.7,-9.69,-9.69,-0.168,-9999,-9999,12.0472,40.01,39.91,19.21,-0.823,-0.914,-0.928,-0.857,-0.88,-0.862,-0.781,-0.819,-0.888,-0.92,-0.855,-0.874,-0.847,-0.797,-0.811,-0.904,-0.914,-0.853,-0.868,-0.859,-0.777,-0.813,-0.876,-0.898,-0.837,-0.849,-0.876,-0.781,0,700
"2019-04-15 10:00:20.0",783736,-9999,95.7,-9.62,-9.62,-0.167,-9999,-9999,12.0361,40.01,39.91,19.21,-0.825,-0.892,-0.942,-0.87,-0.886,-0.89,-0.752,-0.823,-0.88,-0.922,-0.855,-0.859,-0.862,-0.764,-0.813,-0.89,-0.918,-0.853,-0.898,-0.876,-0.793,-0.817,-0.886,-0.914,-0.853,-0.872,-0.88,-0.791,0,0
"2019-04-15 10:00:40.0",783737,-9999,95.8,-9.55,-9.55,-0.166,-9999,-9999,12.0416,40.01,39.91,19.21,-0.831,-0.9,-0.928,-0.862,-0.886,-0.868,-0.795,-0.819,-0.886,-0.924,-0.849,-0.878,-0.864,-0.76,-0.817,-0.89,-0.936,-0.851,-0.872,-0.878,-0.748,-0.819,-0.898,-0.92,-0.855,-0.898,-0.886,-0.738,0,0
"2019-04-15 10:01:00.0",783738,-9999,95.8,-9.48,-9.48,-0.165,-9999,-9999,12.0416,40,39.91,19.21,-0.833,-0.908,-0.961,-0.857,-0.888,-0.894,-0.775,-0.827,-0.914,-0.924,-0.868,-0.882,-0.89,-0.791,-0.823,-0.904,-0.926,-0.857,-0.88,-0.859,-0.781,-0.817,-0.886,-0.924,-0.859,-0.876,-0.847,-0.787,0,0
"2019-04-15 10:01:20.0",783739,-9999,95.9,-9.41,-9.41,-0.163,-9999,-9999,12.0472,39.98,39.91,19.21,-0.833,-0.912,-0.942,-0.866,-0.912,-0.896,-0.793,-0.827,-0.908,-0.934,-0.864,-0.882,-0.882,-0.803,-0.827,-0.904,-0.926,-0.862,-0.88,-0.847,-0.789,-0.829,-0.928,-0.93,-0.864,-0.88,-0.849,-0.762,0,0
"2019-04-15 10:01:40.0",783740,-9999,95.9,-9.34,-9.34,-0.162,-9999,-9999,12.0416,39.98,39.91,19.21,-0.847,-0.94,-0.932,-0.868,-0.896,-0.859,-0.803,-0.833,-0.878,-0.93,-0.864,-0.88,-0.853,-0.799,-0.829,-0.912,-0.932,-0.855,-0.878,-0.853,-0.754,-0.829,-0.908,-0.894,-0.884,-0.882,-0.853,-0.758,0,700
"2019-04-15 10:02:00.0",783741,-9999,96,-9.27,-9.27,-0.161,-9999,-9999,12.0416,39.98,39.91,19.21,-0.839,-0.892,-0.932,-0.872,-0.894,-0.87,-0.777,-0.738,-0.839,-0.839,-0.775,-0.797,-0.813,-0.694,-0.74,-0.809,-0.835,-0.775,-0.791,-0.799,-0.718,-0.736,-0.801,-0.851,-0.777,-0.793,-0.777,-0.704,0,0
"2019-04-15 10:02:20.0",783742,-9999,96,-9.2,-9.2,-0.16,-9999,-9999,12.0361,39.98,39.91,19.21,-0.748,-0.803,-0.847,-0.775,-0.809,-0.773,-0.671,-0.736,-0.819,-0.835,-0.773,-0.807,-0.77,-0.714,-0.736,-0.795,-0.831,-0.775,-0.799,-0.775,-0.712,-0.736,-0.841,-0.845,-0.773,-0.783,-0.766,-0.684,0,0
"2019-04-15 10:02:40.0",783743,-9999,96,-9.13,-9.13,-0.159,-9999,-9999,12.0416,39.98,39.91,19.21,-0.748,-0.837,-0.853,-0.787,-0.811,-0.801,-0.696,-0.738,-0.817,-0.835,-0.773,-0.789,-0.768,-0.677,-0.74,-0.815,-0.827,-0.77,-0.799,-0.813,-0.712,-0.742,-0.797,-0.849,-0.779,-0.779,-0.789,-0.675,0,0
"2019-04-15 10:03:00.0",783744,-9999,96.1,-9.06,-9.06,-0.157,-9999,-9999,12.0416,39.98,39.91,19.21,-0.748,-0.829,-0.857,-0.793,-0.801,-0.791,-0.673,-0.742,-0.815,-0.843,-0.781,-0.811,-0.781,-0.7,-0.744,-0.807,-0.841,-0.773,-0.799,-0.775,-0.696,-0.744,-0.803,-0.851,-0.77,-0.813,-0.811,-0.718,0,0
"2019-04-15 10:03:20.0",783745,-9999,96.1,-8.99,-8.99,-0.156,-9999,-9999,12.0416,39.98,39.91,19.21,-0.752,-0.811,-0.862,-0.793,-0.805,-0.795,-0.704,-0.746,-0.821,-0.823,-0.775,-0.801,-0.793,-0.7,-0.75,-0.807,-0.811,-0.775,-0.795,-0.787,-0.716,-0.742,-0.801,-0.837,-0.775,-0.775,-0.764,-0.682,0,700
"2019-04-15 10:03:40.0",783746,-9999,96.2,-8.92,-8.92,-0.155,-9999,-9999,12.0416,39.98,39.91,19.18,-0.766,-0.845,-0.878,-0.803,-0.831,-0.813,-0.718,-0.752,-0.823,-0.886,-0.803,-0.815,-0.803,-0.716,-0.756,-0.809,-0.878,-0.779,-0.815,-0.791,-0.73,-0.758,-0.809,-0.851,-0.791,-0.813,-0.795,-0.714,0,0
"2019-04-15 10:04:00.0",783747,-9999,96.2,-8.85,-8.85,-0.154,-9999,-9999,12.0472,39.99,39.91,19.18,-0.766,-0.843,-0.878,-0.805,-0.827,-0.805,-0.688,-0.762,-0.839,-0.859,-0.797,-0.821,-0.821,-0.716,-0.754,-0.817,-0.861,-0.795,-0.841,-0.793,-0.73,-0.76,-0.811,-0.868,-0.797,-0.815,-0.779,-0.684,0,0
"2019-04-15 10:04:20.0",783748,-9999,96.3,-8.78,-8.78,-0.153,-9999,-9999,12.0416,39.99,39.91,19.18,-0.847,-0.938,-0.948,-0.886,-0.906,-0.904,-0.813,-0.833,-0.888,-0.924,-0.876,-0.894,-0.91,-0.805,-0.835,-0.9,-0.92,-0.872,-0.92,-0.882,-0.766,-0.839,-0.906,-0.942,-0.874,-0.92,-0.906,-0.777,0,0
"2019-04-15 10:04:40.0",783749,-9999,96.3,-8.71,-8.71,-0.151,-9999,-9999,12.0472,39.99,39.91,19.18,-0.847,-0.944,-0.924,-0.886,-0.9,-0.886,-0.797,-0.839,-0.898,-0.944,-0.872,-0.898,-0.882,-0.779,-0.839,-0.896,-0.94,-0.857,-0.892,-0.898,-0.785,-0.841,-0.898,-0.938,-0.876,-0.894,-0.866,-0.766,0,0
"2019-04-15 10:05:00.0",783750,-9999,96.3,-8.64,-8.64,-0.15,-9999,-9999,12.0416,39.99,39.91,19.18,-0.849,-0.938,-0.971,-0.878,-0.898,-0.888,-0.797,-0.839,-0.912,-0.942,-0.872,-0.892,-0.866,-0.787,-0.833,-0.914,-0.934,-0.87,-0.894,-0.894,-0.815,-0.843,-0.914,-0.955,-0.866,-0.89,-0.853,-0.777,0,700
"2019-04-15 10:05:20.0",783751,-9999,96.4,-8.57,-8.57,-0.149,-9999,-9999,12.0416,39.99,39.91,19.15,-0.859,-0.93,-0.948,-0.886,-0.894,-0.912,-0.779,-0.839,-0.892,-0.938,-0.876,-0.9,-0.888,-0.783,-0.835,-0.898,-0.963,-0.868,-0.878,-0.866,-0.795,-0.841,-0.9,-0.928,-0.874,-0.888,-0.9,-0.77,0,0
"2019-04-15 10:05:40.0",783752,-9999,96.4,-8.5,-8.5,-0.148,-9999,-9999,12.0416,39.99,39.91,19.15,-0.851,-0.912,-0.952,-0.888,-0.908,-0.914,-0.819,-0.841,-0.906,-0.952,-0.864,-0.898,-0.89,-0.793,-0.841,-0.904,-0.926,-0.876,-0.9,-0.886,-0.791,-0.839,-0.922,-0.944,-0.876,-0.896,-0.904,-0.791,0,0
"2019-04-15 10:06:00.0",783753,-9999,96.5,-8.43,-8.43,-0.147,-9999,-9999,12.0528,39.99,39.91,19.15,-0.853,-0.936,-0.969,-0.892,-0.912,-0.896,-0.799,-0.839,-0.938,-0.971,-0.884,-0.896,-0.89,-0.803,-0.76,-0.855,-0.868,-0.803,-0.817,-0.791,-0.692,-0.766,-0.864,-0.876,-0.807,-0.841,-0.807,-0.732,0,0
"2019-04-15 10:06:20.0",783754,-9999,96.5,-8.36,-8.36,-0.145,-9999,-9999,12.0416,39.99,39.91,19.15,-0.783,-0.857,-0.884,-0.811,-0.835,-0.815,-0.726,-0.764,-0.847,-0.866,-0.799,-0.823,-0.815,-0.742,-0.764,-0.839,-0.872,-0.803,-0.823,-0.801,-0.698,-0.764,-0.849,-0.866,-0.803,-0.823,-0.825,-0.724,0,0
"2019-04-15 10:06:40.0",783755,-9999,96.6,-8.29,-8.29,-0.144,-9999,-9999,12.0361,39.99,39.91,19.15,-0.777,-0.853,-0.882,-0.817,-0.821,-0.803,-0.746,-0.762,-0.859,-0.855,-0.801,-0.819,-0.827,-0.71,-0.764,-0.864,-0.868,-0.801,-0.819,-0.807,-0.734,-0.764,-0.827,-0.884,-0.799,-0.847,-0.825,-0.698,0,700
"2019-04-15 10:07:00.0",783756,-9999,96.6,-8.22,-8.22,-0.143,-9999,-9999,12.0361,39.99,39.91,19.13,-0.777,-0.872,-0.88,-0.815,-0.831,-0.817,-0.716,-0.77,-0.817,-0.868,-0.799,-0.843,-0.795,-0.746,-0.766,-0.821,-0.872,-0.801,-0.843,-0.823,-0.71,-0.764,-0.843,-0.868,-0.799,-0.817,-0.797,-0.688,0,0
"2019-04-15 10:07:20.0",783757,-9999,96.7,-8.15,-8.15,-0.142,-9999,-9999,12.0416,39.99,39.91,19.13,-0.847,-0.916,-0.948,-0.888,-0.906,-0.92,-0.791,-0.841,-0.9,-0.914,-0.876,-0.904,-0.906,-0.817,-0.843,-0.902,-0.94,-0.874,-0.9,-0.882,-0.791,-0.845,-0.92,-0.961,-0.874,-0.898,-0.896,-0.77,0,0
"2019-04-15 10:07:40.0",783758,-9999,96.7,-8.08,-8.08,-0.141,-9999,-9999,12.0416,39.99,39.91,19.1,-0.853,-0.928,-0.95,-0.892,-0.908,-0.912,-0.795,-0.845,-0.938,-0.967,-0.902,-0.9,-0.88,-0.795,-0.841,-0.93,-0.942,-0.898,-0.9,-0.864,-0.789,-0.841,-0.904,-0.946,-0.882,-0.9,-0.876,-0.768,0,0
"2019-04-15 10:08:00.0",783759,-9999,96.7,-8.01,-8.01,-0.139,-9999,-9999,12.0416,39.99,39.91,19.1,-0.855,-0.914,-0.969,-0.886,-0.934,-0.882,-0.777,-0.845,-0.92,-0.944,-0.884,-0.902,-0.876,-0.775,-0.845,-0.92,-0.955,-0.904,-0.9,-0.898,-0.793,-0.843,-0.932,-0.936,-0.882,-0.896,-0.866,-0.768,0,0
"2019-04-15 10:08:20.0",783760,-9999,96.8,-7.938,-7.938,-0.138,-9999,-9999,12.0361,39.99,39.91,19.1,-0.857,-0.948,-0.961,-0.894,-0.894,-0.912,-0.781,-0.841,-0.908,-0.944,-0.88,-0.898,-0.882,-0.779,-0.839,-0.922,-0.922,-0.884,-0.902,-0.902,-0.791,-0.845,-0.94,-0.938,-0.888,-0.9,-0.866,-0.789,0,700
"2019-04-15 10:08:40.0",783761,-9999,96.8,-7.868,-7.868,-0.137,-9999,-9999,12.0416,39.99,39.91,19.1,-0.857,-0.946,-0.961,-0.888,-0.904,-0.886,-0.809,-0.849,-0.91,-0.942,-0.88,-0.902,-0.87,-0.817,-0.845,-0.93,-0.94,-0.9,-0.898,-0.898,-0.77,-0.845,-0.942,-0.924,-0.878,-0.898,-0.876,-0.77,0,0
"2019-04-15 10:09:00.0",783762,-9999,96.9,-7.798,-7.798,-0.136,-9999,-9999,12.0416,39.99,39.91,19.1,-0.859,-0.932,-0.955,-0.892,-0.91,-0.876,-0.787,-0.849,-0.926,-0.948,-0.88,-0.9,-0.892,-0.819,-0.847,-0.916,-0.973,-0.882,-0.908,-0.906,-0.777,-0.845,-0.946,-0.948,-0.866,-0.928,-0.89,-0.773,0,0
"2019-04-15 10:09:20.0",783763,-9999,96.9,-7.728,-7.728,-0.134,-9999,-9999,12.0361,39.99,39.91,19.08,-0.859,-0.946,-0.936,-0.89,-0.916,-0.914,-0.819,-0.843,-0.946,-0.928,-0.882,-0.9,-0.894,-0.793,-0.851,-0.946,-0.959,-0.884,-0.904,-0.904,-0.809,-0.847,-0.912,-0.957,-0.892,-0.906,-0.884,-0.811,0,0
"2019-04-15 10:09:40.0",783764,-9999,97,-7.658,-7.658,-0.133,-9999,-9999,12.0472,39.99,39.89,19.08,-0.859,-0.94,-0.971,-0.896,-0.916,-0.904,-0.807,-0.849,-0.916,-0.952,-0.878,-0.882,-0.892,-0.807,-0.851,-0.942,-0.967,-0.906,-0.888,-0.904,-0.777,-0.845,-0.902,-0.946,-0.882,-0.902,-0.874,-0.777,0,0
"2019-04-15 10:10:00.0",783765,-9999,97,-7.588,-7.588,-0.132,-9999,-9999,12.0416,39.99,39.89,19.05,-0.864,-0.95,-0.961,-0.902,-0.944,-0.89,-0.829,-0.847,-0.95,-0.957,-0.886,-0.908,-0.918,-0.809,-0.853,-0.946,-0.948,-0.884,-0.914,-0.874,-0.807,-0.853,-0.908,-0.952,-0.886,-0.904,-0.894,-0.773,0,700
"2019-04-15 10:10:20.0",783766,-9999,97,-7.518,-7.518,-0.131,-9999,-9999,12.0416,39.99,39.89,19.05,-0.87,-0.924,-0.969,-0.904,-0.924,-0.892,-0.833,-0.857,-0.916,-0.934,-0.89,-0.93,-0.914,-0.805,-0.853,-0.932,-0.946,-0.888,-0.908,-0.882,-0.785,-0.853,-0.912,-0.963,-0.884,-0.912,-0.9,-0.791,0,0
"2019-04-15 10:10:40.0",783767,-9999,97.1,-7.448,-7.448,-0.13,-9999,-9999,12.0361,39.99,39.89,19.05,-0.866,-0.946,-0.942,-0.908,-0.924,-0.928,-0.807,-0.857,-0.908,-0.969,-0.896,-0.91,-0.908,-0.819,-0.859,-0.93,-0.965,-0.892,-0.91,-0.916,-0.819,-0.857,-0.922,-0.967,-0.886,-0.914,-0.88,-0.821,0,0
"2019-04-15 10:11:00.0",783768,-9999,97.1,-7.378,-7.378,-0.128,-9999,-9999,12.0361,39.99,39.89,19.02,-0.864,-0.944,-0.977,-0.908,-0.922,-0.904,-0.811,-0.866,-0.936,-0.944,-0.892,-0.92,-0.902,-0.829,-0.857,-0.957,-0.965,-0.898,-0.916,-0.904,-0.833,-0.857,-0.944,-0.955,-0.89,-0.94,-0.9,-0.811,0,0
"2019-04-15 10:11:20.0",783769,-9999,97.2,-7.308,-7.308,-0.127,-9999,-9999,12.0416,39.99,39.89,19,-0.874,-0.934,-0.952,-0.908,-0.93,-0.896,-0.797,-0.864,-0.94,-0.967,-0.896,-0.92,-0.894,-0.831,-0.861,-0.948,-0.967,-0.896,-0.914,-0.898,-0.809,-0.861,-0.914,-0.952,-0.894,-0.94,-0.896,-0.809,0,0
"2019-04-15 10:11:40.0",783770,-9999,97.2,-7.237,-7.237,-0.126,-9999,-9999,12.0361,39.98,39.88,19,-0.878,-0.971,-0.983,-0.914,-0.95,-0.922,-0.835,-0.866,-0.934,-0.979,-0.896,-0.92,-0.89,-0.825,-0.866,-0.955,-0.965,-0.898,-0.898,-0.9,-0.785,-0.866,-0.936,-0.965,-0.896,-0.914,-0.902,-0.785,0,700
"2019-04-15 10:12:00.0",783771,-9999,97.3,-7.167,-7.167,-0.125,-9999,-9999,12.0416,39.98,39.89,19,-0.876,-0.961,-0.983,-0.912,-0.932,-0.898,-0.803,-0.874,-0.94,-0.965,-0.898,-0.922,-0.914,-0.827,-0.864,-0.955,-0.959,-0.894,-0.916,-0.92,-0.797,-0.866,-0.94,-0.961,-0.896,-0.92,-0.92,-0.807,0,0
"2019-04-15 10:12:20.0",783772,-9999,97.3,-7.097,-7.097,-0.124,-9999,-9999,12.0416,39.98,39.91,18.97,-0.878,-0.971,-0.981,-0.896,-0.928,-0.928,-0.809,-0.868,-0.969,-0.973,-0.902,-0.922,-0.928,-0.831,-0.868,-0.922,-0.973,-0.904,-0.922,-0.934,-0.821,-0.866,-0.965,-0.963,-0.902,-0.924,-0.93,-0.821,0,0
"2019-04-15 10:12:40.0",783773,-9999,97.3,-7.027,-7.027,-0.122,-9999,-9999,12.0472,39.98,39.89,18.97,-0.872,-0.963,-0.979,-0.91,-0.93,-0.898,-0.801,-0.876,-0.959,-0.95,-0.906,-0.926,-0.936,-0.829,-0.868,-0.93,-0.963,-0.9,-0.924,-0.908,-0.793,-0.866,-0.959,-0.987,-0.904,-0.922,-0.926,-0.815,0,0
"2019-04-15 10:13:00.0",783774,-9999,97.4,-6.958,-6.958,-0.121,-9999,-9999,12.0416,39.98,39.89,18.95,-0.882,-0.977,-0.985,-0.912,-0.932,-0.914,-0.809,-0.87,-0.942,-0.963,-0.902,-0.942,-0.93,-0.819,-0.866,-0.946,-0.975,-0.908,-0.926,-0.928,-0.811,-0.87,-0.928,-0.973,-0.906,-0.92,-0.924,-0.823,0,0
"2019-04-15 10:13:20.0",783775,-9999,97.4,-6.888,-6.888,-0.12,-9999,-9999,12.0416,39.98,39.89,18.95,-0.878,-0.934,-1.003,-0.914,-0.936,-0.942,-0.803,-0.872,-0.971,-0.979,-0.9,-0.928,-0.938,-0.847,-0.872,-0.936,-0.973,-0.904,-0.924,-0.934,-0.845,-0.87,-0.967,-0.973,-0.904,-0.92,-0.93,-0.807,0,700
"2019-04-15 10:13:40.0",783776,-9999,97.5,-6.818,-6.818,-0.119,-9999,-9999,12.0416,39.98,39.89,18.92,-0.876,-0.961,-0.987,-0.948,-0.934,-0.906,-0.821,-0.876,-0.92,-0.993,-0.904,-0.926,-0.912,-0.813,-0.87,-0.942,-0.971,-0.902,-0.918,-0.906,-0.795,-0.872,-0.926,-0.967,-0.898,-0.92,-0.902,-0.813,0,0
"2019-04-15 10:14:00.0",783777,-9999,97.5,-6.748,-6.748,-0.117,-9999,-9999,12.0416,39.96,39.89,18.89,-0.884,-0.963,-0.995,-0.918,-0.94,-0.944,-0.837,-0.874,-0.959,-0.993,-0.904,-0.924,-0.912,-0.843,-0.87,-0.938,-0.973,-0.898,-0.928,-0.924,-0.815,-0.868,-0.914,-0.969,-0.9,-0.922,-0.908,-0.795,0,0
"2019-04-15 10:14:20.0",783778,-9999,97.6,-6.678,-6.678,-0.116,-9999,-9999,12.0416,39.96,39.89,18.89,-0.89,-0.979,-0.985,-0.916,-0.938,-0.924,-0.839,-0.868,-0.957,-0.957,-0.9,-0.92,-0.914,-0.799,-0.87,-0.942,-0.975,-0.904,-0.928,-0.892,-0.797,-0.87,-0.924,-0.975,-0.892,-0.928,-0.914,-0.817,0,0
"2019-04-15 10:14:40.0",783779,-9999,97.6,-6.608,-6.608,-0.115,-9999,-9999,12.0416,39.96,39.89,18.87,-0.882,-0.961,-0.977,-0.916,-0.934,-0.908,-0.811,-0.876,-0.936,-0.973,-0.886,-0.928,-0.916,-0.831,-0.878,-0.928,-0.977,-0.908,-0.912,-0.912,-0.819,-0.872,-0.92,-0.979,-0.906,-0.922,-0.914,-0.829,0,0
"2019-04-15 10:15:00.0",783780,-9999,97.6,-6.538,-6.538,-0.114,-9999,-9999,12.0416,39.96,39.91,18.87,-0.886,-0.942,-0.961,-0.92,-0.936,-0.936,-0.801,-0.874,-0.965,-0.971,-0.908,-0.924,-0.932,-0.827,-0.874,-0.938,-0.975,-0.894,-0.92,-0.908,-0.831,-0.868,-0.928,-0.977,-0.91,-0.928,-0.904,-0.829,0,700
"2019-04-15 10:15:20.0",783781,-9999,97.7,-6.468,-6.468,-0.113,-9999,-9999,12.0416,39.96,39.89,18.84,-0.882,-0.969,-0.957,-0.916,-0.93,-0.918,-0.837,-0.872,-0.926,-0.965,-0.904,-0.922,-0.93,-0.805,-0.87,-0.969,-0.977,-0.908,-0.924,-0.93,-0.819,-0.872,-0.942,-0.979,-0.904,-0.932,-0.91,-0.823,0,0
"2019-04-15 10:15:40.0",783782,-9999,97.7,-6.398,-6.398,-0.111,-9999,-9999,12.0416,39.96,39.91,18.82,-0.884,-0.965,-0.991,-0.904,-0.942,-0.942,-0.811,-0.88,-0.965,-0.973,-0.91,-0.932,-0.938,-0.829,-0.874,-0.926,-0.995,-0.908,-0.928,-0.906,-0.819,-0.874,-0.938,-0.997,-0.908,-0.93,-0.916,-0.839,0,0
"2019-04-15 10:16:00.0",783783,-9999,97.8,-6.328,-6.328,-0.11,-9999,-9999,12.0416,39.96,39.91,18.82,-0.886,-0.936,-0.977,-0.914,-0.936,-0.904,-0.827,-0.872,-0.95,-0.969,-0.898,-0.94,-0.91,-0.811,-0.872,-0.922,-0.969,-0.904,-0.906,-0.928,-0.813,-0.872,-0.924,-0.971,-0.908,-0.926,-0.906,-0.829,0,0
"2019-04-15 10:16:20.0",783784,-9999,97.8,-6.259,-6.259,-0.109,-9999,-9999,12.0416,39.96,39.89,18.79,-0.882,-0.942,-0.989,-0.922,-0.932,-0.946,-0.843,-0.876,-0.977,-0.955,-0.908,-0.924,-0.92,-0.841,-0.87,-0.922,-0.977,-0.904,-0.932,-0.932,-0.839,-0.872,-0.936,-0.979,-0.904,-0.928,-0.908,-0.807,0,0
"2019-04-15 10:16:40.0",783785,-9999,97.9,-6.189,-6.189,-0.108,-9999,-9999,12.0416,39.96,39.89,18.79,-0.888,-0.936,-0.985,-0.922,-0.942,-0.924,-0.841,-0.878,-0.967,-0.973,-0.908,-0.924,-0.898,-0.827,-0.866,-0.944,-0.965,-0.904,-0.928,-0.89,-0.833,-0.874,-0.926,-0.973,-0.904,-0.918,-0.926,-0.799,0,700
"2019-04-15 10:17:00.0",783786,-9999,97.9,-6.119,-6.119,-0.107,-9999,-9999,12.0416,39.96,39.89,18.77,-0.882,-0.981,-0.981,-0.922,-0.961,-0.926,-0.851,-0.876,-0.938,-0.967,-0.904,-0.922,-0.932,-0.837,-0.876,-0.916,-0.969,-0.904,-0.904,-0.922,-0.795,-0.876,-0.94,-0.967,-0.91,-0.924,-0.908,-0.817,0,0
"2019-04-15 10:17:20.0",783787,-9999,97.9,-6.049,-6.049,-0.105,-9999,-9999,12.0416,39.96,39.89,18.74,-0.886,-0.959,-1.005,-0.92,-0.938,-0.916,-0.813,-0.88,-0.926,-0.967,-0.91,-0.926,-0.918,-0.801,-0.876,-0.924,-0.997,-0.91,-0.906,-0.912,-0.817,-0.874,-0.963,-0.977,-0.938,-0.926,-0.898,-0.833,0,0
"2019-04-15 10:17:40.0",783788,-9999,98,-5.979,-5.979,-0.104,-9999,-9999,12.0472,39.96,39.91,18.74,-0.886,-0.971,-0.981,-0.914,-0.928,-0.902,-0.841,-0.876,-0.948,-0.987,-0.912,-0.93,-0.92,-0.845,-0.872,-0.928,-0.961,-0.912,-0.916,-0.912,-0.805,-0.88,-0.944,-0.977,-0.9,-0.93,-0.922,-0.817,0,0
"2019-04-15 10:18:00.0",783789,-9999,98,-5.909,-5.909,-0.103,-9999,-9999,12.0361,39.96,39.88,18.71,-0.884,-0.977,-0.983,-0.92,-0.936,-0.904,-0.841,-0.878,-0.971,-0.969,-0.91,-0.924,-0.92,-0.847,-0.874,-0.95,-0.967,-0.906,-0.948,-0.936,-0.807,-0.876,-0.946,-0.975,-0.912,-0.926,-0.912,-0.817,0,0
"2019-04-15 10:18:20.0",783790,-9999,98.1,-5.839,-5.839,-0.102,-9999,-9999,12.0361,39.96,39.88,18.69,-0.886,-0.942,-0.983,-0.922,-0.92,-0.942,-0.845,-0.872,-0.93,-0.95,-0.91,-0.926,-0.902,-0.801,-0.876,-0.959,-0.971,-0.906,-0.924,-0.91,-0.805,-0.88,-0.957,-0.948,-0.906,-0.92,-0.9,-0.815,0,700
"2019-04-15 10:18:40.0",783791,-9999,98.1,-5.769,-5.769,-0.101,-9999,-9999,12.0361,39.96,39.89,18.69,-0.886,-0.979,-0.981,-0.92,-0.936,-0.942,-0.849,-0.876,-0.957,-0.989,-0.906,-0.908,-0.9,-0.809,-0.87,-0.942,-0.967,-0.904,-0.922,-0.928,-0.795,-0.878,-0.938,-0.987,-0.906,-0.924,-0.908,-0.811,0,0
"2019-04-15 10:19:00.0",783792,-9999,98.2,-5.699,-5.699,-0.099,-9999,-9999,12.0416,39.96,39.91,18.66,-0.886,-0.977,-0.985,-0.922,-0.918,-0.904,-0.857,-0.876,-0.965,-0.971,-0.904,-0.926,-0.894,-0.809,-0.87,-0.942,-0.979,-0.902,-0.914,-0.91,-0.823,-0.882,-0.942,-0.973,-0.902,-0.926,-0.908,-0.837,0,0
"2019-04-15 10:19:20.0",783793,-9999,98.2,-5.629,-5.629,-0.098,-9999,-9999,12.0416,39.96,39.89,18.64,-0.886,-0.952,-0.983,-0.92,-0.928,-0.918,-0.841,-0.884,-0.946,-0.959,-0.908,-0.926,-0.916,-0.813,-0.876,-0.932,-0.969,-0.91,-0.922,-0.926,-0.821,-0.872,-0.934,-1.001,-0.914,-0.926,-0.894,-0.837,0,0
"2019-04-15 10:19:40.0",783794,-9999,98.3,-5.559,-5.559,-0.097,-9999,-9999,12.0361,39.96,39.89,18.64,-0.888,-0.95,-0.987,-0.948,-0.938,-0.916,-0.803,-0.876,-0.969,-0.975,-0.908,-0.959,-0.896,-0.843,-0.878,-0.95,-0.977,-0.906,-0.928,-0.928,-0.847,-0.88,-0.944,-0.955,-0.914,-0.91,-0.91,-0.797,0,0
"2019-04-15 10:20:00.0",783795,-9999,98.3,-5.49,-5.49,-0.096,-9999,-9999,12.0416,39.96,39.88,18.61,-0.89,-0.934,-0.985,-0.922,-0.932,-0.92,-0.845,-0.882,-0.952,-0.979,-0.924,-0.924,-0.91,-0.829,-0.878,-0.928,-0.979,-0.908,-0.93,-0.894,-0.843,-0.882,-0.926,-0.977,-0.906,-0.914,-0.932,-0.821,0,700
"2019-04-15 10:20:20.0",783796,-9999,98.3,-5.42,-5.42,-0.094,-9999,-9999,12.0416,39.96,39.88,18.58,-0.886,-0.928,-0.991,-0.922,-0.959,-0.916,-0.847,-0.886,-0.944,-0.975,-0.912,-0.932,-0.922,-0.821,-0.88,-0.948,-0.975,-0.906,-0.932,-0.932,-0.841,-0.884,-0.957,-0.977,-0.908,-0.924,-0.894,-0.837,0,0
"2019-04-15 10:20:40.0",783797,-9999,98.4,-5.35,-5.35,-0.093,-9999,-9999,12.0472,39.96,39.89,18.58,-0.892,-0.955,-0.993,-0.924,-0.967,-0.926,-0.847,-0.88,-0.926,-0.955,-0.944,-0.93,-0.904,-0.833,-0.88,-0.955,-0.952,-0.934,-0.934,-0.93,-0.851,-0.88,-0.95,-0.973,-0.908,-0.93,-0.91,-0.829,0,0
"2019-04-15 10:21:00.0",783798,-9999,98.4,-5.28,-5.28,-0.092,-9999,-9999,12.0416,39.96,39.88,18.56,-0.892,-0.979,-0.989,-0.926,-0.944,-0.922,-0.855,-0.884,-0.95,-0.971,-0.914,-0.936,-0.938,-0.843,-0.882,-0.959,-0.981,-0.914,-0.932,-0.896,-0.855,-0.886,-0.948,-0.973,-0.908,-0.928,-0.93,-0.807,0,0
"2019-04-15 10:21:20.0",783799,-9999,98.5,-5.21,-5.21,-0.091,-9999,-9999,12.0416,39.96,39.88,18.53,-0.898,-0.991,-0.997,-0.926,-0.963,-0.926,-0.829,-0.884,-0.942,-0.977,-0.914,-0.932,-0.934,-0.833,-0.876,-0.955,-0.979,-0.914,-0.926,-0.908,-0.819,-0.882,-0.944,-0.969,-0.914,-0.928,-0.926,-0.841,0,0
"2019-04-15 10:21:40.0",783800,-9999,98.5,-5.141,-5.141,-0.09,-9999,-9999,12.0416,39.96,39.89,18.53,-0.89,-0.946,-0.989,-0.928,-0.944,-0.928,-0.861,-0.886,-0.92,-0.981,-0.916,-0.916,-0.918,-0.843,-0.884,-0.971,-0.957,-0.916,-0.936,-0.902,-0.837,-0.88,-0.926,-0.971,-0.92,-0.932,-0.916,-0.845,0,700
"2019-04-15 10:22:00.0",783801,-9999,98.6,-5.071,-5.071,-0.088,-9999,-9999,12.0361,39.96,39.89,18.51,-0.89,-0.942,-0.989,-0.922,-0.936,-0.936,-0.803,-0.884,-0.93,-0.979,-0.896,-0.928,-0.916,-0.853,-0.88,-0.94,-0.977,-0.916,-0.932,-0.906,-0.813,-0.884,-0.928,-0.987,-0.91,-0.926,-0.908,-0.841,0,0
"2019-04-15 10:22:20.0",783802,-9999,98.6,-5.001,-5.001,-0.087,-9999,-9999,12.0416,39.96,39.88,18.48,-0.896,-0.967,-0.971,-0.924,-0.94,-0.908,-0.819,-0.884,-0.959,-0.971,-0.91,-0.928,-0.914,-0.849,-0.882,-0.938,-0.983,-0.936,-0.946,-0.906,-0.815,-0.884,-0.969,-0.969,-0.912,-0.922,-0.926,-0.835,0,0
"2019-04-15 10:22:40.0",783803,-9999,98.6,-4.932,-4.932,-0.086,-9999,-9999,12.0416,39.96,39.89,18.48,-0.815,-0.883,-0.95,-0.883,-0.883,-0.883,-0.747,-0.815,-0.883,-0.883,-0.815,-0.883,-0.883,-0.815,-0.815,-0.883,-0.95,-0.883,-0.815,-0.815,-0.747,-0.815,-0.883,-0.883,-0.883,-0.883,-0.815,-0.747,0,0
"2019-04-15 10:23:00.0",783804,-9999,98.7,-4.862,-4.862,-0.085,-9999,-9999,12.0361,39.95,39.88,18.46,-0.815,-0.95,-0.95,-0.883,-0.883,-0.883,-0.747,-0.815,-0.883,-0.883,-0.815,-0.883,-0.815,-0.815,-0.815,-0.883,-0.883,-0.815,-0.883,-0.815,-0.747,-0.815,-0.883,-0.883,-0.815,-0.883,-0.883,-0.747,0,0
"2019-04-15 10:23:20.0",783805,-9999,98.7,-4.792,-4.792,-0.084,-9999,-9999,12.0361,39.96,39.88,18.43,-0.815,-0.883,-0.883,-0.883,-0.883,-0.883,-0.815,-0.815,-0.883,-0.883,-0.815,-0.883,-0.815,-0.747,-0.815,-0.883,-0.883,-0.815,-0.883,-0.883,-0.815,-0.815,-0.883,-0.95,-0.815,-0.883,-0.815,-0.747,0,700
"2019-04-15 10:23:40.0",783806,-9999,98.8,-4.722,-4.722,-0.082,-9999,-9999,12.0416,39.96,39.88,18.4,-0.815,-0.883,-0.95,-0.883,-0.883,-0.815,-0.815,-0.815,-0.883,-0.883,-0.815,-0.883,-0.815,-0.815,-0.815,-0.883,-0.883,-0.815,-0.883,-0.883,-0.747,-0.815,-0.883,-0.883,-0.815,-0.883,-0.815,-0.747,0,0
"2019-04-15 10:24:00.0",783807,-9999,98.8,-4.653,-4.653,-0.081,-9999,-9999,12.0416,39.96,39.89,18.38,-0.815,-0.883,-0.95,-0.883,-0.883,-0.815,-0.747,-0.815,-0.883,-0.95,-0.883,-0.883,-0.815,-0.747,-0.815,-0.883,-0.883,-0.815,-0.883,-0.883,-0.815,-0.815,-0.883,-0.883,-0.883,-0.815,-0.815,-0.747,0,0
"2019-04-15 10:24:20.0",783808,-9999,98.9,-4.583,-4.583,-0.08,-9999,-9999,12.0361,39.96,39.89,18.38,-0.815,-0.883,-0.883,-0.883,-0.883,-0.883,-0.747,-0.815,-0.883,-0.883,-0.815,-0.883,-0.883,-0.747,-0.815,-0.883,-0.883,-0.815,-0.883,-0.815,-0.815,-0.815,-0.883,-0.883,-0.815,-0.883,-0.883,-0.747,0,0
"2019-04-15 10:24:40.0",783809,-9999,98.9,-4.513,-4.513,-0.079,-9999,-9999,12.0472,39.96,39.88,18.35,-0.815,-0.883,-0.883,-0.883,-0.883,-0.815,-0.815,-0.815,-0.883,-0.95,-0.815,-0.883,-0.815,-0.747,-0.815,-0.883,-0.883,-0.815,-0.883,-0.815,-0.747,-0.815,-0.883,-0.883,-0.815,-0.883,-0.815,-0.747,0,0
"2019-04-15 10:25:00.0",783810,-9999,98.9,-4.444,-4.444,-0.077,-9999,-9999,12.0416,39.96,39.88,18.33,-0.815,-0.883,-0.883,-0.883,-0.815,-0.815,-0.747,-0.815,-0.815,-0.883,-0.815,-0.883,-0.883,-0.747,-0.815,-0.815,-0.883,-0.815,-0.883,-0.815,-0.747,-0.815,-0.883,-0.883,-0.815,-0.815,-0.815,-0.747,0,700
"2019-04-15 10:25:20.0",783811,-9999,99,-4.374,-4.374,-0.076,-9999,-9999,12.0416,39.95,39.88,18.33,-0.815,-0.883,-0.883,-0.883,-0.815,-0.883,-0.815,-0.815,-0.883,-0.883,-0.815,-0.815,-0.883,-0.747,-0.815,-0.815,-0.883,-0.815,-0.815,-0.815,-0.747,-0.815,-0.883,-0.883,-0.815,-0.883,-0.815,-0.747,0,0
"2019-04-15 10:25:40.0",783812,-9999,99,-4.304,-4.304,-0.075,-9999,-9999,12.0416,39.96,39.88,18.3,-0.815,-0.883,-0.883,-0.883,-0.883,-0.815,-0.815,-0.815,-0.883,-0.883,-0.815,-0.883,-0.815,-0.815,-0.815,-0.883,-0.883,-0.815,-0.883,-0.815,-0.747,-0.815,-0.883,-0.883,-0.883,-0.815,-0.883,-0.747,0,0
"2019-04-15 10:26:00.0",783813,-9999,99.1,-4.235,-4.235,-0.074,-9999,-9999,12.0361,39.95,39.88,18.28,-0.815,-0.883,-0.883,-0.883,-0.883,-0.815,-0.815,-0.815,-0.883,-0.883,-0.815,-0.815,-0.815,-0.747,-0.815,-0.883,-0.883,-0.815,-0.815,-0.815,-0.747,-0.815,-0.815,-0.883,-0.815,-0.815,-0.815,-0.747,0,0
"2019-04-15 10:26:20.0",783814,-9999,99.1,-4.164,-4.164,-0.073,-9999,-9999,12.0416,39.96,39.89,18.28,-0.815,-0.883,-0.883,-0.883,-0.883,-0.815,-0.747,-0.815,-0.815,-0.883,-0.815,-0.815,-0.815,-0.747,-0.815,-0.883,-0.883,-0.815,-0.883,-0.815,-0.747,-0.815,-0.883,-0.883,-0.815,-0.815,-0.815,-0.747,0,0
"2019-04-15 10:26:40.0",783815,-9999,99.2,-4.095,-4.095,-0.071,-9999,-9999,12.0361,39.94,39.89,18.25,-0.815,-0.883,-0.883,-0.883,-0.883,-0.883,-0.747,-0.815,-0.883,-0.883,-0.883,-0.883,-0.883,-0.815,-0.815,-0.883,-0.883,-0.815,-0.883,-0.815,-0.747,-0.815,-0.883,-0.883,-0.815,-0.883,-0.815,-0.747,0,700
"2019-04-15 10:27:00.0",783816,-9999,99.2,-4.025,-4.025,-0.07,-9999,-9999,12.0361,39.95,39.89,18.23,-0.815,-0.883,-0.883,-0.883,-0.883,-0.815,-0.747,-0.815,-0.815,-0.883,-0.815,-0.815,-0.815,-0.747,-0.815,-0.883,-0.883,-0.815,-0.883,-0.815,-0.815,-0.815,-0.883,-0.883,-0.815,-0.883,-0.815,-0.747,0,0
"2019-04-15 10:27:20.0",783817,-9999,99.3,-3.956,-3.956,-0.069,-9999,-9999,12.0416,39.96,39.89,18.2,-0.815,-0.883,-0.883,-0.883,-0.883,-0.883,-0.747,-0.815,-0.883,-0.883,-0.815,-0.815,-0.815,-0.815,-0.815,-0.883,-0.883,-0.815,-0.883,-0.815,-0.747,-0.815,-0.815,-0.883,-0.815,-0.883,-0.815,-0.747,0,0
"2019-04-15 10:27:40.0",783818,-9999,99.3,-3.886,-3.886,-0.068,-9999,-9999,12.0361,39.96,39.88,18.15,-0.815,-0.883,-0.883,-0.883,-0.883,-0.815,-0.815,-0.815,-0.815,-0.883,-0.815,-0.815,-0.815,-0.747,-0.815,-0.815,-0.883,-0.815,-0.815,-0.815,-0.747,-0.815,-0.883,-0.883,-0.815,-0.883,-0.815,-0.747,0,0
"2019-04-15 10:28:00.0",783819,-9999,99.3,-3.817,-3.817,-0.067,-9999,-9999,12.0472,39.96,39.88,18.15,-0.815,-0.883,-0.883,-0.883,-0.883,-0.883,-0.815,-0.815,-0.815,-0.883,-0.815,-0.815,-0.815,-0.747,-0.815,-0.815,-0.883,-0.815,-0.815,-0.815,-0.815,-0.815,-0.883,-0.883,-0.815,-0.815,-0.815,-0.747,0,0
"2019-04-15 10:28:20.0",783820,-9999,99.4,-3.747,-3.747,-0.065,-9999,-9999,12.0472,39.96,39.88,18.12,-0.815,-0.883,-0.95,-0.883,-0.883,-0.815,-0.747,-0.815,-0.883,-0.883,-0.815,-0.815,-0.815,-0.747,-0.815,-0.883,-0.883,-0.815,-0.815,-0.815,-0.815,-0.815,-0.883,-0.883,-0.815,-0.815,-0.883,-0.747,0,700
"2019-04-15 10:28:40.0",783821,-9999,99.4,-3.677,-3.677,-0.064,-9999,-9999,12.0361,39.95,39.88,18.1,-0.815,-0.883,-0.883,-0.883,-0.883,-0.815,-0.815,-0.815,-0.883,-0.883,-0.815,-0.815,-0.815,-0.747,-0.815,-0.883,-0.883,-0.815,-0.815,-0.815,-0.747,-0.815,-0.883,-0.883,-0.815,-0.815,-0.815,-0.747,0,0
"2019-04-15 10:29:00.0",783822,-9999,99.5,-3.608,-3.608,-0.063,-9999,-9999,12.0416,39.94,39.89,18.1,-0.815,-0.883,-0.883,-0.815,-0.883,-0.815,-0.815,-0.815,-0.883,-0.883,-0.815,-0.815,-0.815,-0.747,-0.815,-0.883,-0.883,-0.815,-0.815,-0.815,-0.747,-0.815,-0.815,-0.883,-0.815,-0.815,-0.815,-0.747,0,0
"2019-04-15 10:29:20.0",783823,-9999,99.5,-3.538,-3.538,-0.062,-9999,-9999,12.0416,39.94,39.89,18.07,-0.815,-0.883,-0.883,-0.815,-0.883,-0.815,-0.815,-0.815,-0.815,-0.883,-0.815,-0.815,-0.815,-0.815,-0.815,-0.815,-0.883,-0.815,-0.815,-0.815,-0.747,-0.815,-0.883,-0.883,-0.815,-0.815,-0.815,-0.747,0,0
"2019-04-15 10:29:40.0",783824,-9999,99.6,-3.469,-3.469,-0.061,-9999,-9999,12.0416,39.94,39.88,18.05,-0.815,-0.883,-0.883,-0.815,-0.883,-0.815,-0.815,-0.815,-0.815,-0.883,-0.815,-0.883,-0.815,-0.747,-0.815,-0.815,-0.883,-0.815,-0.815,-0.815,-0.747,-0.815,-0.883,-0.883,-0.815,-0.815,-0.815,-0.747,0,0
"2019-04-15 10:30:00.0",783825,-9999,99.6,-3.399,-3.399,-0.059,-9999,-9999,12.0416,39.95,39.89,18.05,-0.815,-0.883,-0.883,-0.815,-0.815,-0.815,-0.815,-0.815,-0.815,-0.883,-0.815,-0.815,-0.815,-0.747,-0.815,-0.815,-0.883,-0.815,-0.815,-0.815,-0.747,-0.815,-0.883,-0.883,-0.815,-0.815,-0.815,-0.747,0,700
"2019-04-15 10:30:20.0",783826,-9999,99.6,-3.329,-3.329,-0.058,-9999,-9999,12.0416,39.94,39.91,18.02,-0.815,-0.883,-0.883,-0.815,-0.815,-0.815,-0.747,-0.815,-0.815,-0.883,-0.815,-0.815,-0.815,-0.747,-0.815,-0.815,-0.883,-0.815,-0.883,-0.815,-0.747,-0.815,-0.883,-0.883,-0.815,-0.815,-0.815,-0.747,0,0
"2019-04-15 10:30:40.0",783827,-9999,99.7,-3.26,-3.26,-0.057,-9999,-9999,12.0361,39.94,39.89,17.99,-0.815,-0.815,-0.883,-0.815,-0.815,-0.815,-0.747,-0.815,-0.815,-0.883,-0.815,-0.815,-0.815,-0.747,-0.815,-0.883,-0.815,-0.815,-0.883,-0.815,-0.747,-0.815,-0.815,-0.883,-0.815,-0.815,-0.815,-0.747,0,0
"2019-04-15 10:31:00.0",783828,-9999,99.7,-3.19,-3.19,-0.056,-9999,-9999,12.0416,39.94,39.88,17.97,-0.815,-0.815,-0.883,-0.815,-0.815,-0.815,-0.815,-0.815,-0.815,-0.883,-0.815,-0.815,-0.815,-0.747,-0.815,-0.815,-0.815,-0.883,-0.815,-0.815,-0.747,-0.815,-0.815,-0.883,-0.815,-0.815,-0.815,-0.747,0,0
"2019-04-15 10:31:20.0",783829,-9999,99.8,-3.121,-3.121,-0.054,-9999,-9999,12.0416,39.94,39.89,17.95,-0.815,-0.815,-0.883,-0.815,-0.815,-0.815,-0.747,-0.815,-0.815,-0.883,-0.815,-0.815,-0.815,-0.815,-0.815,-0.815,-0.815,-0.815,-0.815,-0.815,-0.747,-0.815,-0.815,-0.883,-0.815,-0.815,-0.815,-0.747,0,0
"2019-04-15 10:31:40.0",783830,-9999,99.8,-3.051,-3.051,-0.053,-9999,-9999,12.0416,39.94,39.88,17.95,-0.815,-0.815,-0.815,-0.815,-0.815,-0.815,-0.747,-0.815,-0.815,-0.815,-0.815,-0.815,-0.815,-0.747,-0.815,-0.815,-0.815,-0.815,-0.815,-0.815,-0.747,-0.815,-0.815,-0.815,-0.815,-0.815,-0.815,-0.747,0,700
"2019-04-15 10:32:00.0",783831,-9999,99.9,-2.982,-2.982,-0.052,-9999,-9999,12.0361,39.94,39.88,17.92,-0.815,-0.815,-0.883,-0.815,-0.815,-0.815,-0.815,-0.815,-0.815,-0.815,-0.815,-0.815,-0.815,-0.747,-0.815,-0.815,-0.815,-0.815,-0.815,-0.747,-0.747,-0.815,-0.747,-0.815,-0.815,-0.747,-0.747,-0.747,0,0
"2019-04-15 10:32:20.0",783832,-9999,99.9,-2.912,-2.912,-0.051,-9999,-9999,12.0416,39.94,39.88,17.89,-0.815,-0.815,-0.815,-0.815,-0.815,-0.815,-0.747,-0.815,-0.747,-0.815,-0.815,-0.815,-0.815,-0.747,-0.815,-0.815,-0.815,-0.815,-0.815,-0.815,-0.747,-0.815,-0.815,-0.815,-0.815,-0.815,-0.815,-0.747,0,0
"2019-04-15 10:32:40.0",783833,-9999,100,-2.843,-2.843,-0.05,-9999,-9999,12.0416,39.94,39.88,17.89,-0.815,-0.815,-0.883,-0.815,-0.815,-0.815,-0.747,-0.815,-0.747,-0.815,-0.815,-0.815,-0.747,-0.747,-0.815,-0.747,-0.815,-0.815,-0.815,-0.747,-0.747,-0.815,-0.815,-0.883,-0.815,-0.815,-0.747,-0.747,0,0
"2019-04-15 10:33:00.0",783834,-9999,100,-2.774,-2.774,-0.048,-9999,-9999,12.0416,39.94,39.88,17.87,-0.883,-0.747,-0.815,-0.815,-0.815,-0.815,-0.747,-0.815,-0.815,-0.815,-0.815,-0.815,-0.747,-0.815,-0.815,-0.747,-0.815,-0.815,-0.815,-0.815,-0.747,-0.815,-0.747,-0.815,-0.815,-0.815,-0.815,-0.747,0,0
"2019-04-15 10:33:20.0",783835,-9999,100,-2.705,-2.705,-0.047,-9999,-9999,12.0416,39.94,39.88,17.84,-0.815,-0.747,-0.815,-0.815,-0.815,-0.815,-0.815,-0.815,-0.815,-0.815,-0.815,-0.815,-0.747,-0.815,-0.815,-0.747,-0.815,-0.815,-0.747,-0.747,-0.747,-0.815,-0.815,-0.815,-0.815,-0.815,-0.747,-0.747,0,700
"2019-04-15 10:33:40.0",783836,-9999,100.1,-2.635,-2.635,-0.046,-9999,-9999,12.0416,39.94,39.88,17.82,-0.815,-0.747,-0.815,-0.815,-0.815,-0.815,-0.747,-0.815,-0.747,-0.815,-0.815,-0.815,-0.747,-0.815,-0.815,-0.815,-0.815,-0.815,-0.747,-0.747,-0.747,-0.815,-0.747,-0.815,-0.815,-0.815,-0.747,-0.747,0,0
"2019-04-15 10:34:00.0",783837,-9999,100.1,-2.565,-2.565,-0.045,-9999,-9999,12.0416,39.94,39.88,17.79,-0.815,-0.815,-0.815,-0.815,-0.815,-0.747,-0.747,-0.815,-0.815,-0.815,-0.815,-0.747,-0.747,-0.747,-0.815,-0.747,-0.815,-0.815,-0.747,-0.747,-0.747,-0.815,-0.747,-0.815,-0.815,-0.747,-0.747,-0.747,0,0
"2019-04-15 10:34:20.0",783838,-9999,100.2,-2.496,-2.496,-0.044,-9999,-9999,12.0361,39.94,39.88,17.77,-0.883,-0.747,-0.815,-0.815,-0.815,-0.815,-0.815,-0.815,-0.747,-0.747,-0.815,-0.747,-0.747,-0.815,-0.815,-0.747,-0.815,-0.815,-0.747,-0.747,-0.747,-0.815,-0.747,-0.815,-0.815,-0.747,-0.747,-0.747,0,0
"2019-04-15 10:34:40.0",783839,-9999,100.2,-2.426,-2.426,-0.042,-9999,-9999,12.0361,39.94,39.88,17.74,-0.883,-0.747,-0.815,-0.815,-0.815,-0.747,-0.747,-0.815,-0.747,-0.815,-0.815,-0.815,-0.747,-0.815,-0.815,-0.747,-0.815,-0.815,-0.747,-0.747,-0.747,-0.815,-0.747,-0.815,-0.815,-0.747,-0.747,-0.747,0,0
"2019-04-15 10:35:00.0",783840,-9999,100.3,-2.357,-2.357,-0.041,-9999,-9999,12.0472,39.94,39.88,17.74,-0.883,-0.747,-0.815,-0.815,-0.815,-0.747,-0.815,-0.815,-0.815,-0.815,-0.815,-0.815,-0.747,-0.747,-0.815,-0.747,-0.815,-0.815,-0.815,-0.747,-0.747,-0.815,-0.747,-0.815,-0.815,-0.815,-0.747,-0.747,0,700
"2019-04-15 10:35:20.0",783841,-9999,100.3,-2.288,-2.288,-0.04,-9999,-9999,12.0416,39.94,39.88,17.72,-0.883,-0.747,-0.815,-0.815,-0.815,-0.815,-0.747,-0.815,-0.747,-0.815,-0.747,-0.815,-0.747,-0.747,-0.815,-0.747,-0.815,-0.815,-0.747,-0.747,-0.747,-0.815,-0.747,-0.747,-0.815,-0.815,-0.747,-0.747,0,0
"2019-04-15 10:35:40.0",783842,-9999,100.3,-2.218,-2.218,-0.039,-9999,-9999,12.0416,39.94,39.88,17.69,-0.883,-0.747,-0.815,-0.815,-0.815,-0.815,-0.815,-0.815,-0.747,-0.815,-0.815,-0.815,-0.747,-0.747,-0.815,-0.747,-0.747,-0.815,-0.815,-0.747,-0.747,-0.815,-0.747,-0.815,-0.815,-0.747,-0.815,-0.747,0,0
"2019-04-15 10:36:00.0",783843,-9999,100.4,-2.149,-2.149,-0.037,-9999,-9999,12.0361,39.94,39.88,17.66,-0.883,-0.747,-0.815,-0.815,-0.815,-0.747,-0.747,-0.883,-0.747,-0.815,-0.815,-0.815,-0.815,-0.747,-0.815,-0.747,-0.815,-0.815,-0.815,-0.815,-0.747,-0.815,-0.747,-0.815,-0.815,-0.747,-0.747,-0.747,0,0
"2019-04-15 10:36:20.0",783844,-9999,100.4,-2.079,-2.079,-0.036,-9999,-9999,12.0361,39.92,39.88,17.64,-0.883,-0.747,-0.815,-0.815,-0.815,-0.747,-0.747,-0.815,-0.747,-0.815,-0.815,-0.747,-0.747,-0.747,-0.815,-0.747,-0.747,-0.815,-0.747,-0.747,-0.747,-0.815,-0.747,-0.747,-0.815,-0.747,-0.747,-0.747,0,0
"2019-04-15 10:36:40.0",783845,-9999,100.5,-2.01,-2.01,-0.035,-9999,-9999,12.0416,39.91,39.88,17.62,-0.883,-0.747,-0.815,-0.815,-0.815,-0.747,-0.747,-0.883,-0.747,-0.815,-0.815,-0.747,-0.747,-0.815,-0.883,-0.747,-0.747,-0.815,-0.747,-0.747,-0.747,-0.815,-0.747,-0.815,-0.815,-0.747,-0.747,-0.747,0,700
"2019-04-15 10:37:00.0",783846,-9999,100.5,-1.941,-1.941,-0.034,-9999,-9999,12.0416,39.91,39.89,17.59,-0.883,-0.747,-0.815,-0.815,-0.815,-0.747,-0.747,-0.815,-0.747,-0.815,-0.815,-0.747,-0.747,-0.747,-0.815,-0.747,-0.747,-0.815,-0.747,-0.747,-0.747,-0.815,-0.747,-0.747,-0.815,-0.747,-0.747,-0.747,0,0
"2019-04-15 10:37:20.0",783847,-9999,100.6,-1.871,-1.871,-0.033,-9999,-9999,12.0361,39.91,39.88,17.56,-0.883,-0.747,-0.815,-0.815,-0.815,-0.747,-0.747,-0.815,-0.679,-0.815,-0.815,-0.747,-0.747,-0.747,-0.815,-0.747,-0.747,-0.815,-0.747,-0.747,-0.747,-0.815,-0.747,-0.815,-0.815,-0.747,-0.815,-0.747,0,0
"2019-04-15 10:37:40.0",783848,-9999,100.6,-1.802,-1.802,-0.031,-9999,-9999,12.0416,39.91,39.88,17.54,-0.883,-0.747,-0.815,-0.815,-0.747,-0.815,-0.815,-0.815,-0.747,-0.747,-0.815,-0.747,-0.747,-0.747,-0.815,-0.747,-0.815,-0.815,-0.747,-0.747,-0.747,-0.815,-0.679,-0.747,-0.815,-0.747,-0.815,-0.747,0,0
"2019-04-15 10:38:00.0",783849,-9999,100.7,-1.733,-1.733,-0.03,-9999,-9999,12.0416,39.91,39.88,17.54,-0.883,-0.747,-0.815,-0.815,-0.815,-0.815,-0.747,-0.883,-0.747,-0.747,-0.815,-0.747,-0.747,-0.747,-0.815,-0.679,-0.747,-0.815,-0.747,-0.747,-0.747,-0.883,-0.679,-0.747,-0.815,-0.747,-0.747,-0.747,0,0
"2019-04-15 10:38:20.0",783850,-9999,100.7,-1.663,-1.663,-0.029,-9999,-9999,12.0416,39.91,39.88,17.51,-0.883,-0.747,-0.747,-0.815,-0.815,-0.747,-0.747,-0.883,-0.747,-0.747,-0.815,-0.747,-0.747,-0.815,-0.815,-0.679,-0.747,-0.747,-0.747,-0.747,-0.815,-0.815,-0.747,-0.747,-0.815,-0.747,-0.815,-0.747,0,700
"2019-04-15 10:38:40.0",783851,-9999,100.7,-1.594,-1.594,-0.028,-9999,-9999,12.0361,39.91,39.88,17.49,-0.883,-0.747,-0.747,-0.815,-0.815,-0.815,-0.747,-0.815,-0.747,-0.815,-0.815,-0.747,-0.747,-0.815,-0.815,-0.747,-0.815,-0.815,-0.747,-0.815,-0.815,-0.883,-0.679,-0.815,-0.815,-0.747,-0.747,-0.747,0,0
"2019-04-15 10:39:00.0",783852,-9999,100.8,-1.525,-1.525,-0.027,-9999,-9999,12.0416,39.91,39.88,17.46,-0.883,-0.747,-0.747,-0.815,-0.815,-0.815,-0.815,-0.815,-0.679,-0.747,-0.815,-0.747,-0.747,-0.815,-0.815,-0.747,-0.815,-0.815,-0.747,-0.747,-0.815,-0.815,-0.747,-0.815,-0.815,-0.747,-0.815,-0.747,0,0
"2019-04-15 10:39:20.0",783853,-9999,100.8,-1.456,-1.456,-0.025,-9999,-9999,12.0416,39.92,39.89,17.44,-0.883,-0.747,-0.815,-0.815,-0.815,-0.747,-0.747,-0.883,-0.747,-0.815,-0.815,-0.815,-0.815,-0.747,-0.815,-0.747,-0.747,-0.815,-0.747,-0.747,-0.747,-0.883,-0.747,-0.747,-0.815,-0.815,-0.747,-0.815,0,0
"2019-04-15 10:39:40.0",783854,-9999,100.9,-1.386,-1.386,-0.024,-9999,-9999,12.0416,39.91,39.88,17.41,-0.883,-0.747,-0.815,-0.815,-0.815,-0.815,-0.747,-0.883,-0.747,-0.815,-0.815,-0.747,-0.815,-0.815,-0.815,-0.747,-0.815,-0.815,-0.815,-0.815,-0.815,-0.815,-0.747,-0.815,-0.815,-0.815,-0.747,-0.747,0,0
"2019-04-15 10:40:00.0",783855,-9999,100.9,-1.317,-1.317,-0.023,-9999,-9999,12.0361,39.92,39.88,17.39,-0.883,-0.747,-0.815,-0.815,-0.815,-0.815,-0.815,-0.883,-0.747,-0.815,-0.815,-0.815,-0.747,-0.815,-0.815,-0.747,-0.815,-0.815,-0.815,-0.815,-0.747,-0.883,-0.747,-0.815,-0.815,-0.815,-0.815,-0.815,0,700
"2019-04-15 10:40:20.0",783856,-9999,101,-1.248,-1.248,-0.022,-9999,-9999,12.0416,39.91,39.89,17.36,-0.883,-0.747,-0.815,-0.815,-0.815,-0.815,-0.747,-0.883,-0.747,-0.815,-0.815,-0.815,-0.815,-0.747,-0.883,-0.679,-0.815,-0.815,-0.815,-0.747,-0.747,-0.815,-0.747,-0.815,-0.815,-0.815,-0.815,-0.815,0,0
"2019-04-15 10:40:40.0",783857,-9999,101,-1.178,-1.178,-0.021,-9999,-9999,12.0416,39.91,39.89,17.34,-0.883,-0.747,-0.815,-0.815,-0.815,-0.815,-0.747,-0.883,-0.747,-0.747,-0.815,-0.815,-0.815,-0.747,-0.815,-0.747,-0.747,-0.815,-0.815,-0.815,-0.747,-0.883,-0.747,-0.815,-0.815,-0.815,-0.747,-0.815,0,0
"2019-04-15 10:41:00.0",783858,-9999,101.1,-1.109,-1.109,-0.019,-9999,-9999,12.0361,39.91,39.88,17.34,-0.883,-0.747,-0.815,-0.815,-0.815,-0.815,-0.747,-0.815,-0.747,-0.815,-0.815,-0.747,-0.815,-0.815,-0.883,-0.747,-0.815,-0.815,-0.815,-0.747,-0.747,-0.883,-0.679,-0.815,-0.815,-0.815,-0.815,-0.747,0,0
"2019-04-15 10:41:20.0",783859,-9999,101.1,-1.04,-1.04,-0.018,-9999,-9999,12.0416,39.91,39.91,17.31,-0.883,-0.747,-0.815,-0.815,-0.815,-0.815,-0.747,-0.883,-0.747,-0.747,-0.815,-0.815,-0.815,-0.747,-0.815,-0.747,-0.815,-0.815,-0.815,-0.747,-0.747,-0.883,-0.747,-0.747,-0.815,-0.815,-0.815,-0.815,0,0
"2019-04-15 10:41:40.0",783860,-9999,101.1,-0.97,-0.97,-0.017,-9999,-9999,12.0416,39.91,39.88,17.29,-0.883,-0.679,-0.815,-0.815,-0.815,-0.815,-0.815,-0.883,-0.747,-0.747,-0.815,-0.747,-0.815,-0.815,-0.815,-0.747,-0.747,-0.815,-0.815,-0.747,-0.815,-0.883,-0.679,-0.815,-0.815,-0.815,-0.815,-0.747,0,700
"2019-04-15 10:42:00.0",783861,-9999,101.2,-0.901,-0.901,-0.016,-9999,-9999,12.0361,39.91,39.88,17.26,-0.883,-0.747,-0.747,-0.815,-0.815,-0.815,-0.747,-0.883,-0.747,-0.747,-0.815,-0.815,-0.815,-0.815,-0.883,-0.679,-0.747,-0.815,-0.815,-0.815,-0.815,-0.815,-0.747,-0.747,-0.815,-0.747,-0.747,-0.747,0,0
"2019-04-15 10:42:20.0",783862,-9999,101.2,-0.832,-0.832,-0.015,-9999,-9999,12.0361,39.9,39.88,17.21,-0.883,-0.679,-0.747,-0.815,-0.815,-0.815,-0.747,-0.815,-0.747,-0.815,-0.815,-0.815,-0.815,-0.747,-0.883,-0.747,-0.815,-0.815,-0.747,-0.815,-0.815,-0.883,-0.679,-0.747,-0.815,-0.815,-0.815,-0.747,0,0
"2019-04-15 10:42:40.0",783863,3000,101.3,-0.763,0.003,-0.013,0,37.88,12.0472,39.9,39.88,17.19,-0.883,-0.679,-0.747,-0.815,-0.815,-0.747,-0.815,-0.883,-0.747,-0.747,-0.815,-0.815,-0.815,-0.747,-0.883,-0.679,-0.815,-0.815,-0.815,-0.815,-0.747,-0.883,-0.679,-0.747,-0.815,-0.815,-0.815,-0.815,211,529
"2019-04-15 10:43:00.0",783864,3000,101.3,-0.694,0.05,-0.012,0.001,37.19,12.0416,39.9,39.88,17.16,-0.883,-0.679,-0.747,-0.815,-0.815,-0.815,-0.815,-0.883,-0.679,-0.747,-0.815,-0.815,-0.815,-0.747,-0.883,-0.679,-0.747,-0.815,-0.815,-0.815,-0.815,-0.883,-0.679,-0.747,-0.815,-0.815,-0.815,-0.747,212,568
"2019-04-15 10:43:20.0",783865,3000,101.4,-0.624,0.097,-0.011,0.002,36.51,12.0361,39.9,39.88,17.14,-0.883,-0.679,-0.747,-0.815,-0.815,-0.815,-0.747,-0.883,-0.679,-0.747,-0.815,-0.815,-0.815,-0.815,-0.883,-0.747,-0.815,-0.815,-0.815,-0.815,-0.815,-0.883,-0.679,-0.747,-0.815,-0.815,-0.815,-0.815,212,568
"2019-04-15 10:43:40.0",783866,3000,101.4,-0.555,0.146,-0.01,0.003,35.83,12.0416,39.9,39.88,17.11,-0.883,-0.747,-0.747,-0.815,-0.815,-0.815,-0.815,-0.883,-0.679,-0.747,-0.815,-0.815,-0.815,-0.747,-0.883,-0.747,-0.747,-0.815,-0.815,-0.815,-0.747,-0.883,-0.747,-0.747,-0.815,-0.815,-0.815,-0.815,212,568
"2019-04-15 10:44:00.0",783867,3000,101.4,-0.486,0.195,-0.008,0.003,35.16,12.0361,39.9,39.88,17.11,-0.883,-0.747,-0.747,-0.815,-0.815,-0.815,-0.815,-0.883,-0.679,-0.815,-0.815,-0.815,-0.815,-0.815,-0.883,-0.747,-0.747,-0.815,-0.815,-0.747,-0.747,-0.883,-0.747,-0.747,-0.815,-0.815,-0.815,-0.747,212,568
"2019-04-15 10:44:20.0",783868,3000,101.5,-0.418,0.244,-0.007,0.004,34.5,12.0416,39.9,39.88,17.09,-0.883,-0.747,-0.747,-0.815,-0.815,-0.815,-0.815,-0.883,-0.747,-0.815,-0.815,-0.747,-0.815,-0.747,-0.883,-0.679,-0.747,-0.815,-0.815,-0.815,-0.815,-0.883,-0.747,-0.815,-0.815,-0.815,-0.815,-0.747,212,568
"2019-04-15 10:44:40.0",783869,3010,101.5,-0.349,0.295,-0.006,0.005,33.84,12.0472,39.9,39.88,17.06,-0.883,-0.679,-0.815,-0.815,-0.815,-0.815,-0.815,-0.883,-0.679,-0.815,-0.815,-0.815,-0.815,-0.747,-0.883,-0.747,-0.815,-0.815,-0.815,-0.815,-0.747,-0.883,-0.747,-0.815,-0.815,-0.815,-0.815,-0.747,213,567
"2019-04-15 10:45:00.0",783870,3000,101.6,-0.28,0.346,-0.005,0.006,33.19,12.0472,39.9,39.88,17.04,-0.883,-0.747,-0.815,-0.815,-0.815,-0.815,-0.815,-0.883,-0.747,-0.815,-0.815,-0.815,-0.815,-0.747,-0.883,-0.679,-0.815,-0.815,-0.815,-0.815,-0.815,-0.883,-0.679,-0.815,-0.815,-0.815,-0.815,-0.815,213,567
"2019-04-15 10:45:20.0",783871,3010,101.6,-0.211,0.398,-0.004,0.007,32.55,12.0528,39.9,39.88,17.01,-0.883,-0.747,-0.815,-0.815,-0.815,-0.815,-0.747,-0.883,-0.747,-0.815,-0.815,-0.815,-0.815,-0.815,-0.883,-0.747,-0.815,-0.815,-0.815,-0.815,-0.815,-0.883,-0.747,-0.815,-0.815,-0.815,-0.815,-0.747,213,567
"2019-04-15 10:45:40.0",783872,3000,101.7,-0.142,0.451,-0.002,0.008,31.92,12.0472,39.91,39.88,16.98,-0.883,-0.747,-0.815,-0.815,-0.815,-0.815,-0.815,-0.883,-0.747,-0.747,-0.815,-0.815,-0.815,-0.747,-0.883,-0.747,-0.815,-0.815,-0.815,-0.815,-0.815,-0.883,-0.747,-0.747,-0.815,-0.815,-0.815,-0.747,213,567
"2019-04-15 10:46:00.0",783873,3000,101.7,-0.072,0.504,-0.001,0.009,31.3,12.0528,39.91,39.88,16.96,-0.883,-0.747,-0.815,-0.815,-0.815,-0.815,-0.815,-0.883,-0.747,-0.815,-0.815,-0.815,-0.815,-0.747,-0.883,-0.747,-0.815,-0.815,-0.815,-0.815,-0.815,-0.883,-0.747,-0.815,-0.815,-0.815,-0.815,-0.815,213,567
"2019-04-15 10:46:20.0",783874,3020,101.8,-0.003,0.558,0,0.01,30.69,12.0361,39.91,39.88,16.94,-0.883,-0.747,-0.815,-0.815,-0.815,-0.815,-0.815,-0.883,-0.747,-0.815,-0.815,-0.815,-0.815,-0.815,-0.883,-0.747,-0.815,-0.815,-0.815,-0.815,-0.815,-0.883,-0.747,-0.747,-0.815,-0.815,-0.815,-0.815,214,566
"2019-04-15 10:46:40.0",783875,3020,101.8,0.066,0.613,0.001,0.011,30.09,12.0361,39.91,39.88,16.91,-0.883,-0.747,-0.815,-0.815,-0.815,-0.815,-0.815,-0.883,-0.747,-0.815,-0.815,-0.815,-0.815,-0.747,-0.883,-0.747,-0.815,-0.815,-0.815,-0.815,-0.815,-0.883,-0.747,-0.815,-0.815,-0.815,-0.815,-0.815,214,566
"2019-04-15 10:47:00.0",783876,3020,101.8,0.135,0.668,0.002,0.012,29.51,12.0416,39.91,39.88,16.91,-0.883,-0.747,-0.815,-0.815,-0.815,-0.815,-0.815,-0.883,-0.747,-0.815,-0.815,-0.815,-0.815,-0.815,-0.883,-0.747,-0.747,-0.815,-0.815,-0.815,-0.747,-0.883,-0.747,-0.815,-0.815,-0.815,-0.815,-0.747,214,566
"2019-04-15 10:47:20.0",783877,3020,101.9,0.204,0.723,0.004,0.013,28.93,12.0472,39.91,39.88,16.89,-0.883,-0.747,-0.747,-0.815,-0.815,-0.815,-0.815,-0.883,-0.747,-0.815,-0.815,-0.815,-0.747,-0.747,-0.883,-0.747,-0.815,-0.815,-0.815,-0.815,-0.815,-0.883,-0.747,-0.815,-0.815,-0.815,-0.815,-0.815,214,566
"2019-04-15 10:47:40.0",783878,3020,101.9,0.273,0.779,0.005,0.014,28.37,12.0361,39.91,39.88,16.86,-0.883,-0.747,-0.815,-0.815,-0.815,-0.747,-0.815,-0.883,-0.747,-0.815,-0.815,-0.815,-0.747,-0.815,-0.883,-0.747,-0.815,-0.815,-0.815,-0.747,-0.747,-0.883,-0.679,-0.815,-0.815,-0.815,-0.747,-0.747,214,566
"2019-04-15 10:48:00.0",783879,3020,102,0.342,0.836,0.006,0.015,27.82,12.0472,39.91,39.88,16.84,-0.883,-0.747,-0.815,-0.815,-0.815,-0.747,-0.747,-0.883,-0.679,-0.815,-0.815,-0.815,-0.815,-0.815,-0.883,-0.747,-0.747,-0.815,-0.815,-0.747,-0.747,-0.883,-0.747,-0.815,-0.815,-0.815,-0.747,-0.815,215,565
"2019-04-15 10:48:20.0",783880,3020,102,0.411,0.893,0.007,0.016,27.28,12.0472,39.91,39.88,16.81,-0.883,-0.747,-0.815,-0.815,-0.815,-0.747,-0.815,-0.883,-0.747,-0.747,-0.815,-0.747,-0.747,-0.815,-0.883,-0.747,-0.815,-0.815,-0.815,-0.747,-0.747,-0.883,-0.679,-0.815,-0.815,-0.815,-0.747,-0.747,215,565
"2019-04-15 10:48:40.0",783881,3020,102.1,0.48,0.951,0.008,0.017,26.75,12.0472,39.91,39.88,16.79,-0.883,-0.679,-0.815,-0.815,-0.747,-0.747,-0.815,-0.883,-0.679,-0.815,-0.815,-0.747,-0.747,-0.747,-0.883,-0.747,-0.815,-0.815,-0.815,-0.747,-0.815,-0.883,-0.747,-0.815,-0.815,-0.747,-0.747,-0.815,215,565
"2019-04-15 10:49:00.0",783882,3020,102.1,0.549,1.009,0.01,0.018,26.23,12.0472,39.91,39.88,16.76,-0.883,-0.747,-0.815,-0.815,-0.747,-0.747,-0.747,-0.883,-0.747,-0.815,-0.815,-0.747,-0.747,-0.815,-0.883,-0.679,-0.747,-0.815,-0.747,-0.747,-0.747,-0.883,-0.747,-0.815,-0.815,-0.747,-0.679,-0.747,215,565
"2019-04-15 10:49:20.0",783883,3020,102.2,0.618,1.067,0.011,0.019,25.73,12.0472,39.91,39.88,16.74,-0.883,-0.747,-0.747,-0.815,-0.747,-0.747,-0.747,-0.883,-0.747,-0.747,-0.815,-0.747,-0.679,-0.747,-0.883,-0.747,-0.747,-0.815,-0.747,-0.747,-0.815,-0.883,-0.679,-0.815,-0.815,-0.747,-0.679,-0.747,215,565
"2019-04-15 10:49:40.0",783884,3030,102.2,0.687,1.126,0.012,0.02,25.24,12.0472,39.91,39.88,16.71,-0.883,-0.679,-0.747,-0.815,-0.747,-0.747,-0.815,-0.883,-0.747,-0.815,-0.815,-0.747,-0.747,-0.747,-0.883,-0.679,-0.815,-0.815,-0.747,-0.747,-0.815,-0.883,-0.747,-0.815,-0.815,-0.747,-0.747,-0.815,216,564
"2019-04-15 10:50:00.0",783885,3030,102.2,0.756,1.184,0.013,0.021,24.77,12.0416,39.91,39.88,16.71,-0.883,-0.747,-0.815,-0.815,-0.747,-0.747,-0.747,-0.883,-0.747,-0.747,-0.815,-0.747,-0.679,-0.815,-0.883,-0.747,-0.747,-0.747,-0.747,-0.679,-0.747,-0.883,-0.679,-0.815,-0.815,-0.747,-0.679,-0.747,216,564
"2019-04-15 10:50:20.0",783886,3030,102.3,0.825,1.244,0.014,0.022,24.3,12.0361,39.91,39.88,16.69,-0.883,-0.679,-0.747,-0.747,-0.747,-0.747,-0.747,-0.883,-0.747,-0.747,-0.747,-0.747,-0.679,-0.815,-0.883,-0.747,-0.747,-0.815,-0.747,-0.747,-0.815,-0.883,-0.747,-0.747,-0.747,-0.747,-0.747,-0.747,216,564
"2019-04-15 10:50:40.0",783887,3030,102.3,0.894,1.303,0.016,0.023,23.84,12.0361,39.91,39.88,16.66,-0.883,-0.747,-0.747,-0.747,-0.747,-0.679,-0.747,-0.883,-0.679,-0.815,-0.747,-0.747,-0.679,-0.815,-0.883,-0.679,-0.747,-0.747,-0.747,-0.679,-0.747,-0.883,-0.747,-0.815,-0.747,-0.747,-0.679,-0.747,216,564
"2019-04-15 10:51:00.0",783888,3030,102.4,0.963,1.363,0.017,0.024,23.4,12.0361,39.91,39.88,16.64,-0.883,-0.747,-0.747,-0.747,-0.747,-0.679,-0.815,-0.883,-0.679,-0.815,-0.747,-0.747,-0.679,-0.747,-0.883,-0.679,-0.815,-0.747,-0.747,-0.679,-0.815,-0.883,-0.747,-0.747,-0.747,-0.747,-0.679,-0.815,216,564
"2019-04-15 10:51:20.0",783889,3030,102.4,1.031,1.424,0.018,0.025,22.97,12.0416,39.91,39.88,16.61,-0.883,-0.747,-0.747,-0.747,-0.747,-0.679,-0.815,-0.883,-0.747,-0.747,-0.747,-0.747,-0.679,-0.747,-0.883,-0.679,-0.747,-0.747,-0.747,-0.611,-0.747,-0.883,-0.679,-0.747,-0.747,-0.747,-0.611,-0.815,216,564
"2019-04-15 10:51:40.0",783890,3030,102.5,1.1,1.484,0.019,0.026,22.55,12.0472,39.91,39.88,16.61,-0.883,-0.679,-0.747,-0.747,-0.747,-0.679,-0.815,-0.883,-0.747,-0.815,-0.747,-0.747,-0.611,-0.815,-0.883,-0.747,-0.815,-0.747,-0.747,-0.679,-0.815,-0.883,-0.747,-0.747,-0.747,-0.747,-0.611,-0.815,217,563
"2019-04-15 10:52:00.0",783891,3030,102.5,1.169,1.545,0.02,0.027,22.14,12.0528,39.91,39.88,16.56,-0.883,-0.679,-0.747,-0.747,-0.747,-0.611,-0.747,-0.883,-0.679,-0.747,-0.747,-0.747,-0.611,-0.815,-0.883,-0.747,-0.747,-0.747,-0.747,-0.611,-0.815,-0.883,-0.679,-0.815,-0.747,-0.747,-0.611,-0.815,217,563
"2019-04-15 10:52:20.0",783892,3030,102.6,1.238,1.606,0.022,0.028,21.74,12.0639,39.9,39.89,16.56,-0.883,-0.679,-0.747,-0.747,-0.747,-0.679,-0.747,-0.883,-0.747,-0.747,-0.747,-0.747,-0.611,-0.815,-0.883,-0.679,-0.747,-0.747,-0.747,-0.611,-0.815,-0.883,-0.679,-0.747,-0.747,-0.747,-0.611,-0.815,217,563
"2019-04-15 10:52:40.0",783893,3030,102.6,1.307,1.668,0.023,0.029,21.35,12.0528,39.9,39.88,16.54,-0.883,-0.747,-0.815,-0.747,-0.747,-0.611,-0.815,-0.883,-0.679,-0.815,-0.747,-0.747,-0.611,-0.815,-0.883,-0.747,-0.815,-0.747,-0.747,-0.611,-0.747,-0.883,-0.679,-0.747,-0.747,-0.747,-0.611,-0.747,217,563
"2019-04-15 10:53:00.0",783894,3030,102.7,1.376,1.729,0.024,0.03,20.97,12.0472,39.9,39.88,16.51,-0.883,-0.679,-0.815,-0.747,-0.747,-0.611,-0.815,-0.883,-0.747,-0.815,-0.747,-0.747,-0.611,-0.815,-0.883,-0.679,-0.815,-0.747,-0.747,-0.611,-0.815,-0.883,-0.747,-0.815,-0.747,-0.747,-0.611,-0.815,217,563
"2019-04-15 10:53:20.0",783895,3040,102.7,1.445,1.791,0.025,0.031,20.6,12.0361,39.9,39.88,16.49,-0.883,-0.747,-0.815,-0.747,-0.747,-0.611,-0.747,-0.883,-0.747,-0.815,-0.747,-0.747,-0.611,-0.815,-0.883,-0.747,-0.815,-0.747,-0.747,-0.611,-0.815,-0.883,-0.747,-0.815,-0.747,-0.747,-0.611,-0.815,218,562
"2019-04-15 10:53:40.0",783896,3040,102.7,1.513,1.853,0.026,0.032,20.24,12.0416,39.9,39.88,16.46,-0.883,-0.747,-0.747,-0.747,-0.747,-0.679,-0.815,-0.883,-0.679,-0.747,-0.747,-0.747,-0.611,-0.747,-0.883,-0.747,-0.747,-0.747,-0.747,-0.611,-0.815,-0.883,-0.679,-0.747,-0.747,-0.747,-0.679,-0.815,218,562
"2019-04-15 10:54:00.0",783897,3040,102.8,1.582,1.916,0.028,0.033,19.89,12.0361,39.9,39.88,16.46,-0.883,-0.747,-0.747,-0.747,-0.747,-0.611,-0.815,-0.883,-0.679,-0.747,-0.747,-0.747,-0.611,-0.815,-0.883,-0.747,-0.747,-0.747,-0.747,-0.611,-0.815,-0.883,-0.679,-0.747,-0.747,-0.747,-0.611,-0.747,218,562
"2019-04-15 10:54:20.0",783898,3040,102.8,1.651,1.978,0.029,0.035,19.55,12.0416,39.9,39.88,16.39,-0.883,-0.747,-0.747,-0.747,-0.747,-0.611,-0.815,-0.883,-0.679,-0.747,-0.747,-0.747,-0.611,-0.815,-0.883,-0.679,-0.747,-0.747,-0.747,-0.611,-0.815,-0.883,-0.747,-0.815,-0.747,-0.747,-0.611,-0.815,218,562
"2019-04-15 10:54:40.0",783899,3040,102.9,1.72,2.041,0.03,0.036,19.22,12.0361,39.87,39.88,16.39,-0.883,-0.679,-0.747,-0.747,-0.747,-0.679,-0.815,-0.883,-0.679,-0.747,-0.747,-0.679,-0.611,-0.747,-0.883,-0.679,-0.747,-0.747,-0.747,-0.611,-0.747,-0.883,-0.747,-0.747,-0.747,-0.747,-0.679,-0.747,218,562
"2019-04-15 10:55:00.0",783900,3040,102.9,1.789,2.103,0.031,0.037,18.9,12.0472,39.89,39.88,16.36,-0.883,-0.679,-0.747,-0.747,-0.747,-0.679,-0.815,-0.883,-0.679,-0.747,-0.747,-0.747,-0.611,-0.815,-0.883,-0.679,-0.747,-0.747,-0.747,-0.611,-0.747,-0.883,-0.679,-0.747,-0.747,-0.747,-0.679,-0.815,219,561
"2019-04-15 10:55:20.0",783901,3040,103,1.857,2.167,0.032,0.038,18.58,12.0472,39.87,39.88,16.34,-0.883,-0.679,-0.747,-0.747,-0.747,-0.679,-0.815,-0.883,-0.679,-0.747,-0.747,-0.747,-0.611,-0.747,-0.883,-0.679,-0.747,-0.747,-0.747,-0.611,-0.747,-0.883,-0.679,-0.747,-0.747,-0.747,-0.611,-0.747,219,561
"2019-04-15 10:55:40.0",783902,3040,103,1.926,2.229,0.034,0.039,18.28,12.0528,39.87,39.88,16.32,-0.883,-0.679,-0.747,-0.747,-0.747,-0.611,-0.815,-0.883,-0.679,-0.747,-0.747,-0.747,-0.611,-0.815,-0.883,-0.679,-0.747,-0.747,-0.747,-0.611,-0.747,-0.883,-0.679,-0.747,-0.747,-0.747,-0.611,-0.815,219,561
"2019-04-15 10:56:00.0",783903,3040,103.1,1.995,2.293,0.035,0.04,17.98,12.0472,39.87,39.88,16.29,-0.883,-0.611,-0.747,-0.747,-0.679,-0.611,-0.815,-0.883,-0.611,-0.747,-0.747,-0.747,-0.679,-0.815,-0.883,-0.679,-0.747,-0.747,-0.747,-0.611,-0.815,-0.883,-0.679,-0.747,-0.747,-0.747,-0.611,-0.815,219,561
"2019-04-15 10:56:20.0",783904,3040,103.1,2.063,2.356,0.036,0.041,17.69,12.0472,39.87,39.88,16.29,-0.883,-0.679,-0.747,-0.747,-0.747,-0.679,-0.815,-0.883,-0.679,-0.747,-0.747,-0.747,-0.679,-0.815,-0.883,-0.611,-0.747,-0.747,-0.747,-0.679,-0.815,-0.883,-0.679,-0.747,-0.747,-0.747,-0.611,-0.815,219,561
"2019-04-15 10:56:40.0",783905,3040,103.1,2.132,2.42,0.037,0.042,17.4,12.0472,39.87,39.88,16.24,-0.883,-0.679,-0.747,-0.747,-0.747,-0.679,-0.815,-0.883,-0.679,-0.747,-0.747,-0.747,-0.679,-0.815,-0.883,-0.679,-0.747,-0.747,-0.747,-0.679,-0.815,-0.883,-0.679,-0.747,-0.747,-0.747,-0.679,-0.815,219,561
"2019-04-15 10:57:00.0",783906,3060,103.2,2.201,2.484,0.038,0.043,17.13,12.0361,39.87,39.88,16.24,-0.883,-0.679,-0.747,-0.747,-0.747,-0.679,-0.747,-0.883,-0.679,-0.747,-0.747,-0.747,-0.679,-0.747,-0.883,-0.679,-0.747,-0.747,-0.747,-0.679,-0.815,-0.883,-0.679,-0.747,-0.747,-0.747,-0.679,-0.747,220,560
"2019-04-15 10:57:20.0",783907,3060,103.2,2.27,2.548,0.04,0.044,16.86,12.0361,39.88,39.9,16.24,-0.883,-0.679,-0.747,-0.815,-0.815,-0.747,-0.815,-0.883,-0.679,-0.747,-0.747,-0.747,-0.679,-0.747,-0.883,-0.679,-0.747,-0.747,-0.747,-0.747,-0.815,-0.883,-0.679,-0.815,-0.747,-0.747,-0.679,-0.815,220,560
"2019-04-15 10:57:40.0",783908,3060,103.3,2.338,2.612,0.041,0.046,16.59,12.0361,39.88,39.88,16.22,-0.883,-0.679,-0.747,-0.815,-0.747,-0.747,-0.815,-0.883,-0.679,-0.747,-0.815,-0.747,-0.747,-0.815,-0.883,-0.679,-0.747,-0.815,-0.747,-0.747,-0.815,-0.883,-0.679,-0.747,-0.815,-0.747,-0.679,-0.815,220,560
"2019-04-15 10:58:00.0",783909,3060,103.3,2.407,2.676,0.042,0.047,16.34,12.0361,39.88,39.88,16.17,-0.883,-0.679,-0.815,-0.815,-0.815,-0.747,-0.815,-0.883,-0.679,-0.747,-0.815,-0.747,-0.747,-0.747,-0.883,-0.679,-0.815,-0.815,-0.815,-0.747,-0.815,-0.883,-0.679,-0.815,-0.815,-0.815,-0.747,-0.815,220,560
"2019-04-15 10:58:20.0",783910,3060,103.4,2.476,2.74,0.043,0.048,16.09,12.0361,39.88,39.88,16.14,-0.883,-0.679,-0.815,-0.815,-0.815,-0.747,-0.815,-0.883,-0.679,-0.747,-0.815,-0.747,-0.747,-0.815,-0.883,-0.747,-0.815,-0.815,-0.815,-0.815,-0.815,-0.883,-0.679,-0.815,-0.815,-0.815,-0.747,-0.815,220,560
"2019-04-15 10:58:40.0",783911,3060,103.4,2.544,2.804,0.044,0.049,15.85,12.0472,39.88,39.88,16.14,-0.883,-0.679,-0.815,-0.815,-0.815,-0.747,-0.815,-0.883,-0.747,-0.815,-0.815,-0.815,-0.747,-0.747,-0.883,-0.679,-0.815,-0.815,-0.815,-0.815,-0.815,-0.883,-0.679,-0.815,-0.815,-0.815,-0.815,-0.815,221,559
"2019-04-15 10:59:00.0",783912,3060,103.5,2.613,2.869,0.046,0.05,15.61,12.0472,39.88,39.88,16.12,-0.883,-0.679,-0.815,-0.815,-0.815,-0.815,-0.815,-0.883,-0.747,-0.815,-0.815,-0.815,-0.815,-0.815,-0.883,-0.679,-0.815,-0.815,-0.815,-0.815,-0.815,-0.883,-0.679,-0.815,-0.815,-0.815,-0.815,-0.815,221,559
"2019-04-15 10:59:20.0",783913,3060,103.5,2.682,2.934,0.047,0.051,15.38,12.0472,39.88,39.88,16.09,-0.883,-0.679,-0.815,-0.815,-0.815,-0.815,-0.815,-0.883,-0.679,-0.815,-0.815,-0.815,-0.815,-0.815,-0.883,-0.747,-0.815,-0.815,-0.815,-0.815,-0.815,-0.883,-0.679,-0.815,-0.815,-0.815,-0.815,-0.815,221,559
"2019-04-15 10:59:40.0",783914,3060,103.6,2.75,2.998,0.048,0.052,15.15,12.0472,39.88,39.88,16.07,-0.883,-0.679,-0.815,-0.815,-0.883,-0.815,-0.815,-0.883,-0.679,-0.815,-0.815,-0.815,-0.815,-0.815,-0.883,-0.679,-0.815,-0.815,-0.815,-0.815,-0.815,-0.883,-0.679,-0.815,-0.815,-0.815,-0.815,-0.815,221,559
