"TOA5","","","1764","CR1000.Std.24","CPU:MFRSR_10012018V2.8.CR1","13574","TableHdr","PbCdlComm-1.6.0 (2016/01/26)"
"TIMESTAMP","RECORD","loggerID""headID""xpgmVerID""xlat""xlon""xSiteElev""xFULLREV""xCRXHSTEPS""xSCANseconds""xSCANnAvg""xSCANtrough""xHOMEoffset""xALLTIMEband"
"TS","RN","--""--""--""deg""deg""m""--""--""sec""--""--""--""--"
"","","Smp""Smp""Smp""Smp""Smp""Smp""Smp""Smp""Smp""Smp""Smp""Smp""Smp"
"2019-04-15 12:00:00.0",371,1764,180054423,2.8,-32.1259,-64.7287,1160,800,20,20,1,10,0,-1
"TOA5","","","1764","CR1000.Std.24","CPU:MFRSR_10012018V2.8.CR1","13574","Table155","PbCdlComm-1.6.0 (2016/01/26)"
"TIMESTAMP","RECORD","xoset""az""el""al""cosz""cosasz""pamass""vBat""Thead""THTC""Tlogger""Dnadir(1)""Dnadir(2)""Dnadir(3)""Dnadir(4)""Dnadir(5)""Dnadir(6)""Dnadir(7)""Deast(1)""Deast(2)""Deast(3)""Deast(4)""Deast(5)""Deast(6)""Deast(7)""Dsun(1)""Dsun(2)""Dsun(3)""Dsun(4)""Dsun(5)""Dsun(6)""Dsun(7)""Dwest(1)""Dwest(2)""Dwest(3)""Dwest(4)""Dwest(5)""Dwest(6)""Dwest(7)""kount""khome"
"TS","RN","sec""deg""deg""deg""--""--""--""Volt""degC""degC""degC""mV""mV""mV""mV""mV""mV""mV""mV""mV""mV""mV""mV""mV""mV""mV""mV""mV""mV""mV""mV""mV""mV""mV""mV""mV""mV""mV""mV""--""--"
"","","Smp""Smp""Smp""Smp""Smp""Smp""Smp""Smp""Smp""Smp""Smp""Smp""Smp""Smp""Smp""Smp""Smp""Smp""Smp""Smp""Smp""Smp""Smp""Smp""Smp""Smp""Smp""Smp""Smp""Smp""Smp""Smp""Smp""Smp""Smp""Smp""Smp""Smp""Smp""Smp""Smp"
"2019-04-15 23:00:00.0",786075,-9999,-93.5,-13.58,-13.58,-0.235,-9999,-9999,12.0416,39.94,39.91,16.54,-0.902,-0.969,-1.005,-0.933,-0.959,-0.92,-0.844,-0.892,-0.941,-0.997,-0.931,-0.947,-0.959,-0.827,-0.892,-0.971,-0.989,-0.928,-0.951,-0.914,-0.852,-0.888,-0.983,-1.009,-0.935,-0.941,-0.926,-0.813,0,0
"2019-04-15 23:00:20.0",786076,-9999,-93.5,-13.65,-13.65,-0.236,-9999,-9999,12.0416,39.94,39.91,16.54,-0.902,-0.987,-0.997,-0.935,-0.949,-0.935,-0.819,-0.886,-0.987,-0.979,-0.922,-0.943,-0.92,-0.874,-0.89,-0.975,-0.999,-0.926,-0.945,-0.933,-0.833,-0.89,-0.949,-1.013,-0.924,-0.947,-0.949,-0.856,0,700
"2019-04-15 23:00:40.0",786077,-9999,-93.5,-13.72,-13.72,-0.237,-9999,-9999,12.0416,39.94,39.91,16.51,-0.896,-0.961,-0.997,-0.928,-0.957,-0.957,-0.825,-0.888,-0.943,-0.987,-0.922,-0.947,-0.937,-0.858,-0.892,-0.947,-0.995,-0.928,-0.945,-0.926,-0.811,-0.888,-0.985,-1.013,-0.922,-0.92,-0.922,-0.854,0,0
"2019-04-15 23:01:00.0",786078,-9999,-93.4,-13.79,-13.79,-0.238,-9999,-9999,12.0361,39.94,39.91,16.51,-0.908,-1.001,-0.999,-0.941,-0.955,-0.963,-0.85,-0.892,-0.943,-1.013,-0.924,-0.941,-0.933,-0.825,-0.894,-0.961,-0.993,-0.924,-0.943,-0.947,-0.852,-0.884,-0.979,-0.989,-0.926,-0.945,-0.949,-0.805,0,0
"2019-04-15 23:01:20.0",786079,-9999,-93.4,-13.86,-13.86,-0.24,-9999,-9999,12.0416,39.94,39.91,16.51,-0.902,-0.969,-0.999,-0.953,-0.953,-0.943,-0.858,-0.892,-0.951,-0.993,-0.922,-0.947,-0.931,-0.86,-0.892,-0.975,-1.001,-0.926,-0.931,-0.926,-0.817,-0.89,-0.989,-0.997,-0.933,-0.945,-0.949,-0.852,0,0
"2019-04-15 23:01:40.0",786080,-9999,-93.3,-13.93,-13.93,-0.241,-9999,-9999,12.0361,39.94,39.89,16.51,-0.898,-0.965,-0.997,-0.928,-0.957,-0.922,-0.842,-0.894,-0.953,-0.983,-0.928,-0.943,-0.933,-0.846,-0.896,-0.963,-0.985,-0.926,-0.945,-0.943,-0.821,-0.89,-0.987,-0.967,-0.924,-0.947,-0.953,-0.844,0,0
"2019-04-15 23:02:00.0",786081,-9999,-93.3,-14,-14,-0.242,-9999,-9999,12.0361,39.94,39.91,16.51,-0.894,-0.991,-1.007,-0.945,-0.961,-0.965,-0.831,-0.795,-0.876,-0.904,-0.829,-0.878,-0.868,-0.73,-0.797,-0.868,-0.874,-0.833,-0.872,-0.825,-0.744,-0.799,-0.892,-0.894,-0.833,-0.854,-0.835,-0.71,0,700
"2019-04-15 23:02:20.0",786082,-9999,-93.2,-14.07,-14.07,-0.243,-9999,-9999,12.0361,39.94,39.91,16.51,-0.807,-0.908,-0.91,-0.848,-0.866,-0.835,-0.761,-0.799,-0.876,-0.876,-0.835,-0.864,-0.848,-0.734,-0.799,-0.874,-0.902,-0.833,-0.858,-0.829,-0.769,-0.799,-0.854,-0.902,-0.829,-0.856,-0.837,-0.746,0,0
"2019-04-15 23:02:40.0",786083,-9999,-93.2,-14.14,-14.14,-0.244,-9999,-9999,12.0361,39.94,39.91,16.49,-0.809,-0.884,-0.908,-0.844,-0.858,-0.852,-0.732,-0.797,-0.868,-0.898,-0.831,-0.858,-0.844,-0.73,-0.799,-0.866,-0.918,-0.833,-0.846,-0.833,-0.738,-0.801,-0.892,-0.874,-0.831,-0.85,-0.831,-0.726,0,0
"2019-04-15 23:03:00.0",786084,-9999,-93.2,-14.21,-14.21,-0.246,-9999,-9999,12.0528,39.94,39.91,16.51,-0.803,-0.896,-0.896,-0.852,-0.848,-0.837,-0.738,-0.795,-0.854,-0.904,-0.831,-0.87,-0.835,-0.765,-0.795,-0.866,-0.894,-0.831,-0.854,-0.823,-0.748,-0.797,-0.888,-0.894,-0.829,-0.827,-0.823,-0.734,0,0
"2019-04-15 23:03:20.0",786085,-9999,-93.1,-14.29,-14.29,-0.247,-9999,-9999,12.0416,39.94,39.91,16.49,-0.805,-0.868,-0.926,-0.848,-0.862,-0.844,-0.75,-0.797,-0.876,-0.892,-0.831,-0.868,-0.844,-0.765,-0.795,-0.858,-0.922,-0.825,-0.835,-0.85,-0.732,-0.797,-0.888,-0.876,-0.823,-0.848,-0.837,-0.761,0,0
"2019-04-15 23:03:40.0",786086,-9999,-93.1,-14.36,-14.36,-0.248,-9999,-9999,12.0416,39.94,39.91,16.49,-0.819,-0.9,-0.928,-0.85,-0.884,-0.848,-0.785,-0.809,-0.868,-0.916,-0.846,-0.87,-0.856,-0.763,-0.813,-0.862,-0.935,-0.848,-0.868,-0.872,-0.738,-0.809,-0.886,-0.912,-0.846,-0.864,-0.88,-0.775,0,700
"2019-04-15 23:04:00.0",786087,-9999,-93,-14.43,-14.43,-0.249,-9999,-9999,12.0472,39.94,39.91,16.49,-0.823,-0.92,-0.929,-0.86,-0.9,-0.882,-0.746,-0.807,-0.892,-0.92,-0.846,-0.864,-0.876,-0.738,-0.811,-0.9,-0.912,-0.848,-0.892,-0.837,-0.755,-0.809,-0.884,-0.914,-0.835,-0.866,-0.848,-0.738,0,0
"2019-04-15 23:04:20.0",786088,-9999,-93,-14.5,-14.5,-0.25,-9999,-9999,12.0416,39.94,39.91,16.46,-0.902,-0.953,-1.007,-0.939,-0.953,-0.957,-0.825,-0.886,-0.979,-0.987,-0.92,-0.963,-0.929,-0.821,-0.892,-0.969,-0.985,-0.931,-0.935,-0.947,-0.848,-0.888,-0.937,-1.015,-0.924,-0.937,-0.908,-0.829,0,0
"2019-04-15 23:04:40.0",786089,-9999,-92.9,-14.57,-14.57,-0.252,-9999,-9999,12.0416,39.94,39.91,16.46,-0.896,-0.985,-0.987,-0.929,-0.939,-0.945,-0.819,-0.888,-0.941,-0.995,-0.931,-0.945,-0.922,-0.854,-0.89,-0.945,-0.989,-0.924,-0.961,-0.929,-0.815,-0.886,-0.977,-0.987,-0.924,-0.941,-0.941,-0.85,0,0
"2019-04-15 23:05:00.0",786090,-9999,-92.9,-14.64,-14.64,-0.253,-9999,-9999,12.0416,39.94,39.91,16.46,-0.898,-0.999,-1.001,-0.933,-0.947,-0.941,-0.848,-0.89,-0.973,-0.971,-0.926,-0.947,-0.951,-0.866,-0.892,-0.979,-0.997,-0.91,-0.945,-0.916,-0.813,-0.89,-0.993,-0.993,-0.929,-0.943,-0.912,-0.852,0,0
"2019-04-15 23:05:20.0",786091,-9999,-92.9,-14.71,-14.71,-0.254,-9999,-9999,12.0361,39.94,39.91,16.46,-0.898,-0.947,-1.001,-0.935,-0.937,-0.955,-0.854,-0.89,-0.977,-0.985,-0.924,-0.963,-0.939,-0.862,-0.89,-0.991,-0.987,-0.922,-0.945,-0.945,-0.811,-0.89,-0.943,-0.985,-0.924,-0.937,-0.912,-0.856,0,700
"2019-04-15 23:05:40.0",786092,-9999,-92.8,-14.78,-14.78,-0.255,-9999,-9999,12.0416,39.94,39.91,16.46,-0.896,-0.973,-1.001,-0.939,-0.957,-0.937,-0.819,-0.888,-0.963,-0.979,-0.922,-0.945,-0.953,-0.823,-0.892,-0.981,-1.013,-0.924,-0.943,-0.912,-0.852,-0.892,-0.939,-0.993,-0.924,-0.941,-0.922,-0.829,0,0
"2019-04-15 23:06:00.0",786093,-9999,-92.8,-14.85,-14.85,-0.256,-9999,-9999,12.0416,39.94,39.91,16.46,-0.9,-0.965,-1.011,-0.939,-0.955,-0.943,-0.827,-0.888,-0.945,-0.987,-0.929,-0.967,-0.929,-0.86,-0.89,-0.949,-0.967,-0.924,-0.943,-0.931,-0.835,-0.815,-0.886,-0.914,-0.852,-0.87,-0.852,-0.734,0,0
"2019-04-15 23:06:20.0",786094,-9999,-92.7,-14.92,-14.92,-0.257,-9999,-9999,12.0361,39.94,39.91,16.46,-0.821,-0.91,-0.931,-0.856,-0.858,-0.856,-0.787,-0.809,-0.898,-0.912,-0.844,-0.86,-0.833,-0.775,-0.809,-0.858,-0.906,-0.839,-0.866,-0.85,-0.728,-0.807,-0.882,-0.914,-0.846,-0.864,-0.866,-0.771,0,0
"2019-04-15 23:06:40.0",786095,-9999,-92.7,-14.99,-14.99,-0.259,-9999,-9999,12.0361,39.94,39.91,16.44,-0.819,-0.896,-0.945,-0.842,-0.882,-0.89,-0.785,-0.811,-0.87,-0.888,-0.846,-0.864,-0.88,-0.767,-0.815,-0.882,-0.916,-0.85,-0.87,-0.833,-0.755,-0.813,-0.9,-0.91,-0.848,-0.866,-0.85,-0.736,0,0
"2019-04-15 23:07:00.0",786096,-9999,-92.6,-15.06,-15.06,-0.26,-9999,-9999,12.0361,39.94,39.91,16.44,-0.821,-0.91,-0.9,-0.852,-0.876,-0.86,-0.75,-0.884,-0.959,-1.007,-0.924,-0.943,-0.92,-0.829,-0.89,-0.985,-0.993,-0.922,-0.941,-0.929,-0.848,-0.892,-0.947,-0.987,-0.924,-0.959,-0.949,-0.831,0,700
"2019-04-15 23:07:20.0",786097,-9999,-92.6,-15.13,-15.13,-0.261,-9999,-9999,12.0361,39.93,39.91,16.41,-0.896,-0.975,-0.995,-0.933,-0.953,-0.933,-0.837,-0.888,-0.943,-0.989,-0.924,-0.924,-0.92,-0.844,-0.888,-0.959,-0.975,-0.924,-0.945,-0.929,-0.852,-0.886,-0.979,-0.995,-0.924,-0.967,-0.926,-0.835,0,0
"2019-04-15 23:07:40.0",786098,-9999,-92.5,-15.2,-15.2,-0.262,-9999,-9999,12.0416,39.93,39.91,16.41,-0.9,-0.953,-1.005,-0.918,-0.955,-0.963,-0.844,-0.884,-0.985,-0.975,-0.916,-0.943,-0.933,-0.844,-0.888,-0.947,-0.967,-0.92,-0.941,-0.922,-0.856,-0.886,-0.967,-0.979,-0.947,-0.941,-0.908,-0.829,0,0
"2019-04-15 23:08:00.0",786099,-9999,-92.5,-15.27,-15.27,-0.263,-9999,-9999,12.0361,39.93,39.91,16.39,-0.9,-0.991,-1.024,-0.929,-0.957,-0.922,-0.842,-0.888,-0.959,-0.979,-0.922,-0.943,-0.92,-0.815,-0.89,-0.983,-0.987,-0.924,-0.945,-0.929,-0.848,-0.888,-0.939,-0.989,-0.92,-0.945,-0.947,-0.825,0,0
"2019-04-15 23:08:20.0",786100,-9999,-92.5,-15.34,-15.34,-0.265,-9999,-9999,12.0361,39.93,39.91,16.39,-0.902,-0.959,-1.02,-0.961,-0.935,-0.959,-0.821,-0.884,-0.985,-0.995,-0.926,-0.941,-0.953,-0.86,-0.886,-0.949,-0.995,-0.929,-0.945,-0.912,-0.842,-0.886,-0.965,-0.993,-0.926,-0.949,-0.916,-0.813,0,0
"2019-04-15 23:08:40.0",786101,-9999,-92.4,-15.41,-15.41,-0.266,-9999,-9999,12.0416,39.93,39.91,16.39,-0.9,-0.995,-1.001,-0.931,-0.951,-0.937,-0.858,-0.888,-0.959,-0.995,-0.926,-0.943,-0.931,-0.844,-0.888,-0.975,-0.995,-0.92,-0.945,-0.953,-0.85,-0.892,-0.957,-0.987,-0.922,-0.943,-0.912,-0.835,0,700
"2019-04-15 23:09:00.0",786102,-9999,-92.4,-15.48,-15.48,-0.267,-9999,-9999,12.0361,39.93,39.91,16.39,-0.902,-0.949,-0.993,-0.933,-0.949,-0.92,-0.819,-0.886,-0.985,-1.011,-0.922,-0.947,-0.957,-0.819,-0.886,-0.947,-0.969,-0.926,-0.939,-0.916,-0.829,-0.886,-0.971,-0.991,-0.929,-0.941,-0.929,-0.809,0,0
"2019-04-15 23:09:20.0",786103,-9999,-92.3,-15.56,-15.56,-0.268,-9999,-9999,12.0528,39.93,39.91,16.39,-0.9,-0.971,-1.003,-0.924,-0.975,-0.92,-0.819,-0.888,-0.929,-0.989,-0.924,-0.92,-0.953,-0.856,-0.894,-0.965,-0.993,-0.916,-0.943,-0.926,-0.844,-0.888,-0.973,-1.013,-0.924,-0.941,-0.908,-0.801,0,0
"2019-04-15 23:09:40.0",786104,-9999,-92.3,-15.63,-15.63,-0.269,-9999,-9999,12.0416,39.93,39.91,16.39,-0.904,-0.999,-0.997,-0.937,-0.957,-0.963,-0.864,-0.888,-0.957,-0.993,-0.92,-0.943,-0.912,-0.872,-0.886,-0.983,-0.993,-0.924,-0.939,-0.929,-0.825,-0.89,-0.937,-0.989,-0.922,-0.943,-0.943,-0.837,0,0
"2019-04-15 23:10:00.0",786105,-9999,-92.2,-15.7,-15.7,-0.271,-9999,-9999,12.0361,39.93,39.91,16.39,-0.9,-0.983,-0.983,-0.931,-0.935,-0.916,-0.844,-0.894,-0.955,-0.989,-0.922,-0.967,-0.959,-0.819,-0.89,-0.981,-0.989,-0.931,-0.941,-0.912,-0.85,-0.888,-0.949,-0.987,-0.924,-0.941,-0.924,-0.829,0,0
"2019-04-15 23:10:20.0",786106,-9999,-92.2,-15.77,-15.77,-0.272,-9999,-9999,12.0416,39.93,39.91,16.39,-0.898,-0.993,-1.001,-0.937,-0.959,-0.945,-0.856,-0.884,-0.957,-0.991,-0.92,-0.947,-0.937,-0.848,-0.888,-0.969,-0.971,-0.924,-0.945,-0.955,-0.852,-0.888,-0.985,-0.987,-0.929,-0.949,-0.916,-0.833,0,700
"2019-04-15 23:10:40.0",786107,-9999,-92.2,-15.84,-15.84,-0.273,-9999,-9999,12.0416,39.93,39.9,16.36,-0.898,-0.997,-1.02,-0.935,-0.959,-0.924,-0.825,-0.886,-0.987,-0.969,-0.926,-0.943,-0.935,-0.858,-0.894,-0.989,-0.993,-0.922,-0.941,-0.924,-0.84,-0.89,-0.945,-0.981,-0.922,-0.941,-0.926,-0.807,0,0
"2019-04-15 23:11:00.0",786108,-9999,-92.1,-15.91,-15.91,-0.274,-9999,-9999,12.0416,39.93,39.92,16.36,-0.9,-0.977,-0.991,-0.937,-0.953,-0.937,-0.835,-0.888,-0.957,-0.987,-0.924,-0.949,-0.943,-0.823,-0.89,-0.989,-0.973,-0.929,-0.977,-0.926,-0.856,-0.896,-0.935,-1.02,-0.926,-0.947,-0.931,-0.811,0,0
"2019-04-15 23:11:20.0",786109,-9999,-92.1,-15.98,-15.98,-0.275,-9999,-9999,12.0472,39.93,39.92,16.36,-0.9,-0.969,-1.009,-0.941,-0.951,-0.941,-0.819,-0.888,-0.951,-0.995,-0.929,-0.945,-0.912,-0.866,-0.89,-0.957,-0.999,-0.92,-0.937,-0.922,-0.835,-0.892,-0.959,-0.987,-0.924,-0.941,-0.949,-0.815,0,0
"2019-04-15 23:11:40.0",786110,-9999,-92,-16.05,-16.05,-0.276,-9999,-9999,12.0416,39.93,39.92,16.36,-0.9,-0.995,-1.009,-0.939,-0.955,-0.924,-0.858,-0.888,-0.989,-0.993,-0.91,-0.943,-0.949,-0.866,-0.888,-0.979,-0.995,-0.922,-0.941,-0.908,-0.837,-0.888,-0.947,-1.009,-0.92,-0.941,-0.91,-0.817,0,0
"2019-04-15 23:12:00.0",786111,-9999,-92,-16.12,-16.12,-0.278,-9999,-9999,12.0361,39.93,39.92,16.36,-0.902,-0.975,-1.024,-0.937,-0.959,-0.941,-0.831,-0.888,-0.951,-0.995,-0.922,-0.924,-0.961,-0.854,-0.892,-0.949,-0.997,-0.929,-0.945,-0.914,-0.84,-0.894,-0.991,-0.993,-0.924,-0.969,-0.912,-0.819,0,700
"2019-04-15 23:12:20.0",786112,-9999,-91.9,-16.19,-16.19,-0.279,-9999,-9999,12.0416,39.93,39.92,16.34,-0.898,-0.989,-0.981,-0.935,-0.967,-0.945,-0.86,-0.888,-0.981,-0.993,-0.926,-0.945,-0.922,-0.846,-0.898,-0.993,-1.003,-0.926,-0.943,-0.931,-0.846,-0.89,-0.945,-0.991,-0.922,-0.945,-0.951,-0.85,0,0
"2019-04-15 23:12:40.0",786113,-9999,-91.9,-16.26,-16.26,-0.28,-9999,-9999,12.0361,39.93,39.92,16.34,-0.908,-0.971,-0.999,-0.937,-0.977,-0.918,-0.854,-0.888,-0.965,-0.987,-0.92,-0.941,-0.935,-0.848,-0.89,-0.959,-0.967,-0.924,-0.941,-0.945,-0.846,-0.892,-0.981,-0.985,-0.926,-0.941,-0.943,-0.833,0,0
"2019-04-15 23:13:00.0",786114,-9999,-91.9,-16.33,-16.33,-0.281,-9999,-9999,12.0416,39.93,39.92,16.34,-0.9,-0.955,-1.011,-0.941,-0.965,-0.941,-0.844,-0.888,-0.985,-0.991,-0.922,-0.949,-0.933,-0.823,-0.888,-0.937,-0.991,-0.926,-0.943,-0.947,-0.835,-0.892,-0.963,-1.009,-0.939,-0.937,-0.922,-0.811,0,0
"2019-04-15 23:13:20.0",786115,-9999,-91.8,-16.4,-16.4,-0.282,-9999,-9999,12.0472,39.93,39.92,16.34,-0.898,-0.973,-0.999,-0.935,-0.975,-0.961,-0.844,-0.892,-0.969,-0.971,-0.924,-0.951,-0.922,-0.831,-0.888,-0.989,-0.989,-0.926,-0.949,-0.933,-0.846,-0.894,-0.965,-0.995,-0.924,-0.941,-0.924,-0.813,0,0
"2019-04-15 23:13:40.0",786116,-9999,-91.8,-16.47,-16.47,-0.284,-9999,-9999,12.0361,39.93,39.92,16.34,-0.902,-0.949,-1.024,-0.933,-0.935,-0.937,-0.821,-0.89,-0.945,-0.963,-0.92,-0.945,-0.953,-0.856,-0.892,-0.945,-0.981,-0.92,-0.924,-0.914,-0.819,-0.888,-0.955,-0.989,-0.92,-0.943,-0.908,-0.84,0,700
"2019-04-15 23:14:00.0",786117,-9999,-91.7,-16.54,-16.54,-0.285,-9999,-9999,12.0416,39.94,39.92,16.34,-0.898,-0.995,-1.009,-0.939,-0.955,-0.924,-0.852,-0.888,-0.985,-0.999,-0.931,-0.945,-0.935,-0.858,-0.888,-0.953,-1.011,-0.933,-0.939,-0.951,-0.837,-0.89,-0.965,-0.993,-0.922,-0.945,-0.926,-0.854,0,0
"2019-04-15 23:14:20.0",786118,-9999,-91.7,-16.61,-16.61,-0.286,-9999,-9999,12.0472,39.94,39.92,16.34,-0.9,-0.993,-1.001,-0.959,-0.957,-0.929,-0.823,-0.88,-0.951,-0.981,-0.92,-0.941,-0.951,-0.862,-0.89,-0.979,-0.987,-0.92,-0.967,-0.91,-0.813,-0.886,-0.941,-0.989,-0.922,-0.943,-0.912,-0.848,0,0
"2019-04-15 23:14:40.0",786119,-9999,-91.6,-16.68,-16.68,-0.287,-9999,-9999,12.0416,39.94,39.92,16.34,-0.898,-0.979,-1.001,-0.939,-0.957,-0.931,-0.85,-0.886,-0.949,-0.989,-0.922,-0.941,-0.935,-0.815,-0.894,-0.947,-0.987,-0.922,-0.937,-0.947,-0.827,-0.89,-0.977,-1.005,-0.916,-0.937,-0.924,-0.815,0,0
"2019-04-15 23:15:00.0",786120,-9999,-91.6,-16.76,-16.76,-0.288,-9999,-9999,12.0361,39.94,39.92,16.34,-0.896,-1.001,-0.995,-0.939,-0.963,-0.965,-0.815,-0.888,-0.959,-0.993,-0.918,-0.941,-0.939,-0.852,-0.888,-0.981,-1.009,-0.918,-0.941,-0.945,-0.819,-0.886,-0.941,-0.991,-0.918,-0.945,-0.947,-0.84,0,0
"2019-04-15 23:15:20.0",786121,-9999,-91.5,-16.83,-16.83,-0.289,-9999,-9999,12.0416,39.94,39.92,16.34,-0.902,-0.953,-0.981,-0.939,-0.957,-0.957,-0.823,-0.896,-0.979,-0.985,-0.924,-0.963,-0.937,-0.862,-0.888,-0.987,-0.991,-0.926,-0.943,-0.947,-0.819,-0.882,-0.945,-0.985,-0.924,-0.941,-0.951,-0.84,0,700
"2019-04-15 23:15:40.0",786122,-9999,-91.5,-16.9,-16.9,-0.291,-9999,-9999,12.0416,39.94,39.91,16.34,-0.892,-0.951,-0.993,-0.935,-0.971,-0.953,-0.821,-0.884,-0.981,-1.013,-0.92,-0.939,-0.929,-0.819,-0.886,-0.983,-0.993,-0.924,-0.957,-0.947,-0.848,-0.888,-0.939,-0.979,-0.922,-0.943,-0.943,-0.809,0,0
"2019-04-15 23:16:00.0",786123,-9999,-91.5,-16.97,-16.97,-0.292,-9999,-9999,12.0416,39.94,39.91,16.32,-0.9,-0.961,-0.999,-0.937,-0.955,-0.922,-0.813,-0.892,-0.991,-0.993,-0.924,-0.943,-0.939,-0.856,-0.886,-0.985,-1.018,-0.926,-0.945,-0.945,-0.815,-0.888,-0.939,-0.993,-0.922,-0.941,-0.955,-0.844,0,0
"2019-04-15 23:16:20.0",786124,-9999,-91.4,-17.04,-17.04,-0.293,-9999,-9999,12.0416,39.94,39.91,16.32,-0.898,-0.975,-1.001,-0.935,-0.947,-0.957,-0.821,-0.886,-0.929,-0.977,-0.918,-0.943,-0.931,-0.856,-0.894,-0.967,-0.991,-0.922,-0.939,-0.92,-0.811,-0.882,-0.971,-0.987,-0.918,-0.935,-0.912,-0.842,0,0
"2019-04-15 23:16:40.0",786125,-9999,-91.4,-17.11,-17.11,-0.294,-9999,-9999,12.0472,39.94,39.91,16.32,-0.9,-0.959,-0.993,-0.931,-0.935,-0.961,-0.844,-0.882,-0.975,-1.011,-0.92,-0.943,-0.929,-0.823,-0.89,-0.981,-0.995,-0.926,-0.941,-0.947,-0.823,-0.886,-0.937,-0.983,-0.922,-0.941,-0.902,-0.807,0,0
"2019-04-15 23:17:00.0",786126,-9999,-91.3,-17.18,-17.18,-0.295,-9999,-9999,12.0416,39.94,39.91,16.32,-0.898,-0.951,-0.993,-0.937,-0.955,-0.941,-0.854,-0.884,-0.973,-0.993,-0.92,-0.949,-0.935,-0.846,-0.884,-0.943,-1.009,-0.924,-0.947,-0.953,-0.856,-0.886,-0.963,-0.997,-0.926,-0.943,-0.916,-0.825,0,700
"2019-04-15 23:17:20.0",786127,-9999,-91.3,-17.25,-17.25,-0.297,-9999,-9999,12.0416,39.94,39.91,16.32,-0.898,-0.957,-0.999,-0.931,-0.953,-0.955,-0.842,-0.888,-0.985,-0.985,-0.918,-0.935,-0.908,-0.844,-0.888,-0.935,-0.985,-0.92,-0.941,-0.924,-0.848,-0.884,-0.957,-0.967,-0.92,-0.939,-0.939,-0.835,0,0
"2019-04-15 23:17:40.0",786128,-9999,-91.2,-17.32,-17.32,-0.298,-9999,-9999,12.0361,39.94,39.91,16.32,-0.898,-0.971,-1.003,-0.933,-0.951,-0.937,-0.858,-0.888,-0.941,-0.999,-0.918,-0.939,-0.914,-0.815,-0.888,-0.945,-0.989,-0.922,-0.937,-0.924,-0.85,-0.884,-0.955,-0.987,-0.918,-0.92,-0.941,-0.803,0,0
"2019-04-15 23:18:00.0",786129,-9999,-91.2,-17.39,-17.39,-0.299,-9999,-9999,12.0416,39.94,39.91,16.32,-0.896,-0.985,-1.026,-0.939,-0.979,-0.941,-0.848,-0.888,-0.943,-0.995,-0.92,-0.941,-0.937,-0.858,-0.888,-0.939,-0.999,-0.922,-0.941,-0.924,-0.837,-0.884,-0.979,-0.987,-0.92,-0.945,-0.929,-0.842,0,0
"2019-04-15 23:18:20.0",786130,-9999,-91.2,-17.46,-17.46,-0.3,-9999,-9999,12.0361,39.94,39.9,16.29,-0.892,-0.991,-0.993,-0.933,-0.951,-0.926,-0.815,-0.888,-0.945,-0.967,-0.922,-0.945,-0.957,-0.837,-0.888,-0.963,-0.989,-0.924,-0.926,-0.931,-0.854,-0.894,-0.979,-0.983,-0.92,-0.941,-0.906,-0.831,0,0
"2019-04-15 23:18:40.0",786131,-9999,-91.1,-17.53,-17.53,-0.301,-9999,-9999,12.0416,39.94,39.91,16.29,-0.898,-0.995,-1.026,-0.929,-0.951,-0.957,-0.858,-0.886,-0.945,-0.989,-0.904,-0.953,-0.935,-0.842,-0.886,-0.957,-0.991,-0.92,-0.939,-0.947,-0.827,-0.892,-0.967,-1.013,-0.924,-0.922,-0.922,-0.84,0,700
"2019-04-15 23:19:00.0",786132,-9999,-91.1,-17.6,-17.6,-0.302,-9999,-9999,12.0416,39.94,39.91,16.29,-0.896,-0.985,-1.001,-0.935,-0.951,-0.947,-0.815,-0.89,-0.953,-0.981,-0.918,-0.937,-0.933,-0.825,-0.888,-0.953,-0.989,-0.92,-0.924,-0.941,-0.854,-0.888,-0.977,-0.989,-0.922,-0.939,-0.924,-0.811,0,0
"2019-04-15 23:19:20.0",786133,-9999,-91,-17.67,-17.67,-0.304,-9999,-9999,12.0416,39.94,39.91,16.29,-0.898,-0.989,-1.016,-0.937,-0.957,-0.941,-0.866,-0.884,-0.971,-0.987,-0.91,-0.937,-0.931,-0.862,-0.888,-0.975,-0.991,-0.924,-0.941,-0.951,-0.817,-0.886,-0.949,-1.005,-0.924,-0.947,-0.916,-0.844,0,0
"2019-04-15 23:19:40.0",786134,-9999,-91,-17.74,-17.74,-0.305,-9999,-9999,12.0416,39.94,39.91,16.29,-0.908,-0.975,-1.001,-0.933,-0.957,-0.937,-0.856,-0.886,-0.985,-0.991,-0.922,-0.941,-0.916,-0.862,-0.888,-0.975,-0.989,-0.92,-0.937,-0.926,-0.815,-0.886,-0.945,-0.977,-0.916,-0.939,-0.924,-0.842,0,0
"2019-04-15 23:20:00.0",786135,-9999,-90.9,-17.81,-17.81,-0.306,-9999,-9999,12.0416,39.94,39.91,16.29,-0.902,-0.953,-0.973,-0.929,-0.953,-0.939,-0.823,-0.89,-0.969,-0.985,-0.914,-0.941,-0.916,-0.821,-0.888,-0.961,-0.987,-0.924,-0.939,-0.924,-0.844,-0.886,-0.941,-0.985,-0.918,-0.935,-0.926,-0.813,0,0
"2019-04-15 23:20:20.0",786136,-9999,-90.9,-17.89,-17.89,-0.307,-9999,-9999,12.0416,39.94,39.91,16.27,-0.896,-0.971,-1.028,-0.935,-0.955,-0.937,-0.864,-0.888,-0.941,-0.967,-0.92,-0.951,-0.914,-0.86,-0.884,-0.933,-0.995,-0.929,-0.961,-0.92,-0.811,-0.894,-0.965,-0.991,-0.906,-0.939,-0.945,-0.801,0,700
"2019-04-15 23:20:40.0",786137,-9999,-90.8,-17.96,-17.96,-0.308,-9999,-9999,12.0361,39.94,39.91,16.27,-0.894,-0.971,-1.02,-0.937,-0.953,-0.959,-0.862,-0.886,-0.949,-0.993,-0.924,-0.949,-0.918,-0.844,-0.888,-0.967,-0.995,-0.912,-0.945,-0.947,-0.817,-0.886,-0.983,-1.007,-0.926,-0.935,-0.951,-0.848,0,0
"2019-04-15 23:21:00.0",786138,-9999,-90.8,-18.03,-18.03,-0.309,-9999,-9999,12.0361,39.94,39.91,16.27,-0.9,-0.993,-0.991,-0.933,-0.953,-0.922,-0.819,-0.886,-0.985,-0.969,-0.924,-0.939,-0.957,-0.817,-0.89,-0.993,-0.989,-0.922,-0.945,-0.91,-0.835,-0.886,-0.943,-0.977,-0.931,-0.941,-0.926,-0.817,0,0
"2019-04-15 23:21:20.0",786139,-9999,-90.8,-18.1,-18.1,-0.311,-9999,-9999,12.0361,39.94,39.91,16.27,-0.894,-0.979,-0.993,-0.933,-0.953,-0.939,-0.858,-0.89,-0.945,-1.003,-0.92,-0.941,-0.933,-0.858,-0.888,-0.963,-0.983,-0.924,-0.939,-0.922,-0.819,-0.886,-0.989,-0.991,-0.922,-0.943,-0.906,-0.848,0,0
"2019-04-15 23:21:40.0",786140,-9999,-90.7,-18.17,-18.17,-0.312,-9999,-9999,12.0361,39.94,39.91,16.27,-0.89,-0.971,-0.979,-0.933,-0.953,-0.957,-0.844,-0.89,-0.943,-0.997,-0.924,-0.949,-0.955,-0.848,-0.888,-0.967,-0.985,-0.922,-0.949,-0.914,-0.856,-0.888,-0.983,-0.969,-0.922,-0.945,-0.931,-0.823,0,0
"2019-04-15 23:22:00.0",786141,-9999,-90.7,-18.24,-18.24,-0.313,-9999,-9999,12.0361,39.94,39.9,16.27,-0.902,-0.997,-0.999,-0.935,-0.957,-0.961,-0.837,-0.888,-0.957,-0.965,-0.904,-0.926,-0.947,-0.856,-0.888,-0.977,-0.987,-0.918,-0.924,-0.91,-0.813,-0.886,-0.943,-0.987,-0.92,-0.943,-0.908,-0.821,0,700
"2019-04-15 23:22:20.0",786142,-9999,-90.6,-18.31,-18.31,-0.314,-9999,-9999,12.0416,39.93,39.91,16.24,-0.904,-0.963,-0.999,-0.931,-0.953,-0.937,-0.817,-0.888,-0.979,-0.967,-0.916,-0.939,-0.951,-0.821,-0.888,-0.977,-0.985,-0.922,-0.931,-0.91,-0.833,-0.89,-0.941,-0.981,-0.924,-0.939,-0.926,-0.813,0,0
"2019-04-15 23:22:40.0",786143,-9999,-90.6,-18.38,-18.38,-0.315,-9999,-9999,12.0416,39.93,39.91,16.24,-0.9,-0.967,-1.001,-0.935,-0.965,-0.943,-0.856,-0.888,-0.985,-1.009,-0.929,-0.947,-0.933,-0.817,-0.888,-0.941,-0.991,-0.924,-0.943,-0.951,-0.833,-0.884,-0.963,-0.995,-0.92,-0.943,-0.945,-0.819,0,0
"2019-04-15 23:23:00.0",786144,-9999,-90.5,-18.45,-18.45,-0.316,-9999,-9999,12.0416,39.93,39.9,16.22,-0.894,-1.001,-1.001,-0.933,-0.941,-0.955,-0.844,-0.888,-0.959,-0.985,-0.916,-0.941,-0.912,-0.852,-0.886,-0.981,-0.979,-0.926,-0.961,-0.931,-0.829,-0.888,-0.949,-0.989,-0.916,-0.939,-0.945,-0.807,0,0
"2019-04-15 23:23:20.0",786145,-9999,-90.5,-18.52,-18.52,-0.318,-9999,-9999,12.0361,39.93,39.91,16.22,-0.908,-0.953,-0.997,-0.933,-0.951,-0.943,-0.815,-0.894,-0.973,-1.009,-0.92,-0.939,-0.92,-0.819,-0.89,-0.949,-0.989,-0.926,-0.941,-0.922,-0.844,-0.892,-0.939,-0.989,-0.916,-0.924,-0.92,-0.833,0,0
"2019-04-15 23:23:40.0",786146,-9999,-90.5,-18.59,-18.59,-0.319,-9999,-9999,12.0416,39.93,39.91,16.22,-0.9,-0.981,-0.981,-0.929,-0.971,-0.937,-0.817,-0.888,-0.945,-0.983,-0.918,-0.941,-0.929,-0.815,-0.888,-0.931,-0.985,-0.922,-0.939,-0.943,-0.833,-0.884,-0.977,-1.005,-0.92,-0.937,-0.92,-0.805,0,700
"2019-04-15 23:24:00.0",786147,-9999,-90.4,-18.66,-18.66,-0.32,-9999,-9999,12.0416,39.93,39.91,16.22,-0.9,-0.987,-1.001,-0.92,-0.953,-0.961,-0.862,-0.886,-0.961,-0.987,-0.918,-0.947,-0.914,-0.856,-0.89,-0.977,-0.983,-0.92,-0.967,-0.916,-0.819,-0.886,-0.941,-0.989,-0.924,-0.937,-0.945,-0.846,0,0
"2019-04-15 23:24:20.0",786148,-9999,-90.4,-18.73,-18.73,-0.321,-9999,-9999,12.0416,39.93,39.91,16.19,-0.898,-0.977,-0.999,-0.935,-0.953,-0.939,-0.864,-0.886,-0.945,-1.011,-0.918,-0.939,-0.933,-0.862,-0.888,-0.971,-0.987,-0.924,-0.951,-0.924,-0.815,-0.892,-0.973,-0.993,-0.916,-0.945,-0.922,-0.856,0,0
"2019-04-15 23:24:40.0",786149,-9999,-90.3,-18.8,-18.8,-0.322,-9999,-9999,12.0472,39.93,39.91,16.19,-0.9,-0.989,-1.022,-0.937,-0.949,-0.963,-0.813,-0.886,-0.973,-0.993,-0.918,-0.961,-0.914,-0.856,-0.888,-0.981,-0.989,-0.92,-0.961,-0.92,-0.809,-0.886,-0.941,-0.993,-0.92,-0.943,-0.941,-0.844,0,0
"2019-04-15 23:25:00.0",786150,-9999,-90.3,-18.87,-18.87,-0.323,-9999,-9999,12.0416,39.93,39.91,16.19,-0.9,-0.961,-1.02,-0.933,-0.953,-0.922,-0.858,-0.89,-0.981,-0.985,-0.918,-0.937,-0.931,-0.844,-0.888,-0.983,-0.965,-0.92,-0.961,-0.949,-0.854,-0.894,-0.937,-0.987,-0.92,-0.945,-0.91,-0.825,0,0
"2019-04-15 23:25:20.0",786151,-9999,-90.2,-18.94,-18.94,-0.325,-9999,-9999,12.0361,39.93,39.91,16.19,-0.898,-0.959,-1.007,-0.935,-0.959,-0.92,-0.848,-0.884,-0.989,-1.016,-0.924,-0.941,-0.951,-0.823,-0.888,-0.941,-0.993,-0.924,-0.943,-0.912,-0.825,-0.882,-0.957,-0.985,-0.92,-0.947,-0.91,-0.811,0,700
"2019-04-15 23:25:40.0",786152,-9999,-90.2,-19.02,-19.02,-0.326,-9999,-9999,12.0416,39.93,39.91,16.19,-0.892,-0.951,-0.993,-0.933,-0.957,-0.935,-0.854,-0.89,-0.957,-0.983,-0.922,-0.949,-0.912,-0.813,-0.886,-0.933,-0.959,-0.916,-0.961,-0.92,-0.846,-0.884,-0.959,-0.975,-0.92,-0.943,-0.941,-0.825,0,0
"2019-04-15 23:26:00.0",786153,-9999,-90.1,-19.09,-19.09,-0.327,-9999,-9999,12.0416,39.93,39.91,16.19,-0.894,-0.971,-1.016,-0.929,-0.945,-0.92,-0.848,-0.888,-0.939,-0.993,-0.916,-0.92,-0.931,-0.835,-0.886,-0.943,-0.985,-0.916,-0.926,-0.949,-0.842,-0.89,-0.957,-1.009,-0.916,-0.937,-0.924,-0.827,0,0
"2019-04-15 23:26:20.0",786154,-9999,-90.1,-19.16,-19.16,-0.328,-9999,-9999,12.0361,39.93,39.91,16.19,-0.898,-0.951,-0.999,-0.929,-0.949,-0.931,-0.858,-0.886,-0.979,-0.991,-0.924,-0.941,-0.92,-0.817,-0.886,-0.985,-0.993,-0.924,-0.947,-0.926,-0.862,-0.886,-0.951,-0.987,-0.922,-0.965,-0.951,-0.815,0,0
"2019-04-15 23:26:40.0",786155,-9999,-90.1,-19.23,-19.23,-0.329,-9999,-9999,12.0472,39.93,39.91,16.19,-0.9,-0.981,-0.993,-0.933,-0.977,-0.92,-0.84,-0.888,-0.953,-0.987,-0.92,-0.937,-0.91,-0.823,-0.884,-0.955,-1.011,-0.918,-0.939,-0.922,-0.829,-0.884,-0.983,-0.967,-0.92,-0.937,-0.941,-0.805,0,0
"2019-04-15 23:27:00.0",786156,-9999,-90,-19.3,-19.3,-0.33,-9999,-9999,12.0416,39.93,39.91,16.19,-0.902,-0.971,-0.993,-0.933,-0.951,-0.953,-0.842,-0.886,-0.983,-0.991,-0.945,-0.941,-0.949,-0.819,-0.884,-0.947,-1.007,-0.926,-0.941,-0.908,-0.85,-0.88,-0.947,-0.965,-0.924,-0.943,-0.912,-0.803,0,700
"2019-04-15 23:27:20.0",786157,-9999,-90,-19.37,-19.37,-0.332,-9999,-9999,12.0361,39.94,39.92,16.22,-0.892,-0.965,-0.999,-0.929,-0.959,-0.92,-0.837,-0.886,-0.959,-0.983,-0.904,-0.945,-0.918,-0.827,-0.888,-0.979,-0.981,-0.918,-0.937,-0.924,-0.85,-0.886,-0.975,-0.987,-0.914,-0.943,-0.943,-0.805,0,0
"2019-04-15 23:27:40.0",786158,-9999,-89.9,-19.44,-19.44,-0.333,-9999,-9999,12.0361,39.94,39.92,16.19,-0.896,-0.997,-1.018,-0.937,-0.975,-0.918,-0.831,-0.886,-0.963,-0.983,-0.92,-0.953,-0.914,-0.846,-0.884,-0.967,-0.971,-0.924,-0.963,-0.937,-0.848,-0.886,-0.979,-0.983,-0.922,-0.939,-0.927,-0.829,0,0
"2019-04-15 23:28:00.0",786159,-9999,-89.9,-19.51,-19.51,-0.334,-9999,-9999,12.0416,39.94,39.92,16.17,-0.898,-0.965,-1.001,-0.931,-0.953,-0.933,-0.831,-0.884,-0.981,-0.987,-0.916,-0.941,-0.953,-0.864,-0.888,-0.943,-1.003,-0.92,-0.941,-0.91,-0.827,-0.884,-0.953,-0.965,-0.922,-0.939,-0.914,-0.817,0,0
"2019-04-15 23:28:20.0",786160,-9999,-89.8,-19.58,-19.58,-0.335,-9999,-9999,12.0416,39.94,39.92,16.17,-0.904,-0.997,-0.997,-0.933,-0.949,-0.941,-0.819,-0.884,-0.961,-0.973,-0.92,-0.939,-0.947,-0.856,-0.886,-0.957,-0.981,-0.912,-0.943,-0.945,-0.811,-0.886,-0.977,-0.991,-0.916,-0.955,-0.902,-0.846,0,0
"2019-04-15 23:28:40.0",786161,-9999,-89.8,-19.65,-19.65,-0.336,-9999,-9999,12.0416,39.94,39.9,16.17,-0.902,-0.971,-0.979,-0.937,-0.955,-0.924,-0.852,-0.888,-0.977,-0.993,-0.922,-0.947,-0.953,-0.819,-0.882,-0.983,-0.993,-0.922,-0.945,-0.916,-0.837,-0.884,-0.955,-0.987,-0.918,-0.92,-0.927,-0.85,0,700
"2019-04-15 23:29:00.0",786162,-9999,-89.7,-19.72,-19.72,-0.337,-9999,-9999,12.0416,39.94,39.91,16.19,-0.894,-0.983,-0.999,-0.931,-0.937,-0.92,-0.852,-0.882,-0.953,-0.987,-0.92,-0.92,-0.935,-0.852,-0.884,-0.945,-1.005,-0.922,-0.931,-0.949,-0.85,-0.888,-0.983,-0.995,-0.92,-0.937,-0.929,-0.835,0,0
"2019-04-15 23:29:20.0",786163,-9999,-89.7,-19.79,-19.79,-0.339,-9999,-9999,12.0361,39.94,39.91,16.17,-0.896,-0.957,-1.001,-0.937,-0.951,-0.939,-0.815,-0.884,-0.961,-0.981,-0.916,-0.935,-0.929,-0.856,-0.886,-0.955,-0.961,-0.92,-0.939,-0.904,-0.805,-0.884,-0.969,-0.977,-0.918,-0.957,-0.92,-0.854,0,0
"2019-04-15 23:29:40.0",786164,-9999,-89.7,-19.86,-19.86,-0.34,-9999,-9999,12.0361,39.94,39.91,16.17,-0.894,-0.961,-1.003,-0.933,-0.953,-0.957,-0.825,-0.884,-0.961,-0.991,-0.927,-0.945,-0.92,-0.837,-0.888,-0.971,-0.969,-0.924,-0.945,-0.924,-0.856,-0.884,-0.979,-0.993,-0.929,-0.941,-0.947,-0.823,0,0
"2019-04-15 23:30:00.0",786165,-9999,-89.6,-19.93,-19.93,-0.341,-9999,-9999,12.0416,39.94,39.91,16.17,-0.902,-0.951,-0.993,-0.931,-0.951,-0.92,-0.837,-0.888,-0.979,-1.009,-0.922,-0.943,-0.931,-0.821,-0.892,-0.985,-0.989,-0.916,-0.941,-0.945,-0.833,-0.888,-0.937,-0.987,-0.918,-0.961,-0.949,-0.809,0,0
"2019-04-15 23:30:20.0",786166,-9999,-89.6,-20,-20,-0.342,-9999,-9999,12.0416,39.94,39.91,16.17,-0.908,-0.985,-0.995,-0.935,-0.939,-0.924,-0.817,-0.89,-0.955,-0.991,-0.92,-0.924,-0.916,-0.864,-0.888,-0.959,-0.999,-0.951,-0.927,-0.929,-0.821,-0.886,-0.987,-0.993,-0.922,-0.943,-0.924,-0.848,0,700
"2019-04-15 23:30:40.0",786167,-9999,-89.5,-20.07,-20.07,-0.343,-9999,-9999,12.0365,39.94,39.91,16.17,-0.9,-0.959,-1.001,-0.939,-0.953,-0.943,-0.823,-0.896,-0.989,-1.016,-0.92,-0.941,-0.931,-0.844,-0.888,-0.941,-0.995,-0.927,-0.943,-0.943,-0.817,-0.894,-0.969,-0.991,-0.918,-0.939,-0.945,-0.844,0,0
"2019-04-15 23:31:00.0",786168,-9999,-89.5,-20.15,-20.15,-0.344,-9999,-9999,12.042,39.94,39.91,16.17,-0.908,-0.961,-1.003,-0.933,-0.955,-0.937,-0.848,-0.888,-0.973,-0.975,-0.906,-0.945,-0.916,-0.829,-0.89,-0.945,-0.981,-0.924,-0.943,-0.929,-0.833,-0.894,-0.963,-0.993,-0.922,-0.943,-0.947,-0.815,0,0
"2019-04-15 23:31:20.0",786169,-9999,-89.4,-20.22,-20.22,-0.346,-9999,-9999,12.0365,39.94,39.91,16.17,-0.896,-0.947,-0.997,-0.933,-0.939,-0.961,-0.827,-0.884,-0.941,-1.007,-0.924,-0.941,-0.953,-0.852,-0.888,-0.945,-0.985,-0.922,-0.945,-0.912,-0.815,-0.884,-0.957,-0.995,-0.927,-0.947,-0.912,-0.846,0,0
"2019-04-15 23:31:40.0",786170,-9999,-89.4,-20.29,-20.29,-0.347,-9999,-9999,12.042,39.94,39.91,16.17,-0.9,-0.979,-1.011,-0.935,-0.985,-0.939,-0.821,-0.884,-0.957,-0.999,-0.931,-0.945,-0.935,-0.825,-0.894,-0.945,-0.997,-0.929,-0.945,-0.955,-0.852,-0.888,-0.989,-0.997,-0.931,-0.951,-0.953,-0.837,0,0
"2019-04-15 23:32:00.0",786171,-9999,-89.3,-20.36,-20.36,-0.348,-9999,-9999,12.042,39.94,39.9,16.14,-0.904,-0.995,-1.028,-0.933,-0.961,-0.922,-0.84,-0.888,-0.963,-0.969,-0.92,-0.939,-0.939,-0.837,-0.9,-0.985,-0.995,-0.924,-0.943,-0.924,-0.805,-0.882,-0.945,-0.987,-0.916,-0.961,-0.908,-0.844,0,700
"2019-04-15 23:32:20.0",786172,-9999,-89.3,-20.43,-20.43,-0.349,-9999,-9999,12.0368,39.94,39.9,16.14,-0.896,-0.955,-0.981,-0.937,-0.951,-0.933,-0.833,-0.894,-0.985,-0.999,-0.929,-0.947,-0.961,-0.842,-0.888,-0.957,-1.02,-0.924,-0.929,-0.929,-0.821,-0.892,-0.963,-0.997,-0.922,-0.945,-0.918,-0.852,0,0
"2019-04-15 23:32:40.0",786173,-9999,-89.3,-20.5,-20.5,-0.35,-9999,-9999,12.0368,39.94,39.91,16.12,-0.902,-0.989,-1.009,-0.939,-0.973,-0.939,-0.825,-0.888,-0.963,-0.993,-0.922,-0.943,-0.959,-0.821,-0.892,-0.985,-0.995,-0.918,-0.929,-0.92,-0.858,-0.892,-0.943,-0.997,-0.927,-0.947,-0.92,-0.815,0,0
"2019-04-15 23:33:00.0",786174,-9999,-89.2,-20.57,-20.57,-0.351,-9999,-9999,12.0368,39.94,39.9,16.12,-0.902,-0.977,-0.999,-0.939,-0.953,-0.935,-0.856,-0.892,-0.953,-0.973,-0.943,-0.947,-0.92,-0.854,-0.894,-0.949,-0.993,-0.929,-0.943,-0.929,-0.817,-0.89,-0.985,-0.991,-0.929,-0.929,-0.929,-0.85,0,0
"2019-04-15 23:33:20.0",786175,-9999,-89.2,-20.64,-20.64,-0.352,-9999,-9999,12.0368,39.94,39.91,16.12,-0.902,-0.963,-1.003,-0.937,-0.981,-0.929,-0.864,-0.892,-0.945,-0.993,-0.924,-0.941,-0.937,-0.835,-0.898,-0.945,-1.011,-0.924,-0.967,-0.945,-0.833,-0.89,-0.957,-0.989,-0.927,-0.951,-0.947,-0.805,0,0
"2019-04-15 23:33:40.0",786176,-9999,-89.1,-20.71,-20.71,-0.354,-9999,-9999,12.0424,39.94,39.9,16.12,-0.902,-0.963,-1.003,-0.943,-0.955,-0.929,-0.86,-0.892,-0.959,-1.007,-0.924,-0.929,-0.939,-0.86,-0.894,-0.961,-0.967,-0.924,-0.945,-0.961,-0.817,-0.894,-0.965,-0.985,-0.922,-0.941,-0.918,-0.813,0,700
"2019-04-15 23:34:00.0",786177,-9999,-89.1,-20.78,-20.78,-0.355,-9999,-9999,12.0422,39.94,39.91,16.12,-0.904,-0.951,-1.009,-0.937,-0.959,-0.941,-0.84,-0.894,-0.953,-0.999,-0.931,-0.951,-0.959,-0.86,-0.896,-0.943,-0.993,-0.929,-0.945,-0.92,-0.837,-0.89,-0.993,-0.991,-0.922,-0.949,-0.918,-0.819,0,0
"2019-04-15 23:34:20.0",786178,-9999,-89,-20.85,-20.85,-0.356,-9999,-9999,12.0366,39.94,39.9,16.09,-0.91,-0.951,-1.003,-0.941,-0.981,-0.927,-0.856,-0.894,-0.967,-1.013,-0.931,-0.951,-0.922,-0.823,-0.896,-0.967,-1.005,-0.931,-0.951,-0.935,-0.833,-0.892,-0.967,-0.991,-0.924,-0.941,-0.935,-0.813,0,0
"2019-04-15 23:34:40.0",786179,-9999,-89,-20.92,-20.92,-0.357,-9999,-9999,12.0422,39.94,39.91,16.09,-0.906,-0.999,-1.007,-0.937,-0.959,-0.963,-0.858,-0.894,-0.985,-0.965,-0.931,-0.951,-0.924,-0.852,-0.898,-0.943,-1.003,-0.931,-0.971,-0.931,-0.817,-0.894,-0.967,-0.997,-0.924,-0.947,-0.933,-0.811,0,0
"2019-04-15 23:35:00.0",786180,-9999,-88.9,-20.99,-20.99,-0.358,-9999,-9999,12.0422,39.94,39.9,16.09,-0.91,-0.967,-0.981,-0.939,-0.945,-0.929,-0.872,-0.892,-0.963,-0.987,-0.922,-0.931,-0.937,-0.856,-0.894,-0.985,-0.987,-0.931,-0.945,-0.951,-0.833,-0.894,-0.945,-0.977,-0.92,-0.949,-0.949,-0.815,0,0
"2019-04-15 23:35:20.0",786181,-9999,-88.9,-21.06,-21.06,-0.359,-9999,-9999,12.0422,39.94,39.91,16.09,-0.906,-0.977,-1.036,-0.947,-0.965,-0.969,-0.827,-0.896,-0.973,-1.013,-0.924,-0.949,-0.92,-0.846,-0.9,-0.985,-0.973,-0.927,-0.943,-0.92,-0.829,-0.894,-0.953,-0.987,-0.927,-0.943,-0.912,-0.848,0,700
"2019-04-15 23:35:40.0",786182,-9999,-88.9,-21.13,-21.13,-0.361,-9999,-9999,12.0477,39.94,39.91,16.09,-0.906,-0.981,-0.989,-0.941,-0.965,-0.949,-0.823,-0.896,-0.951,-1.005,-0.937,-0.953,-0.945,-0.862,-0.896,-0.953,-0.997,-0.931,-0.969,-0.939,-0.831,-0.894,-0.983,-0.979,-0.933,-0.953,-0.935,-0.856,0,0
"2019-04-15 23:36:00.0",786183,-9999,-88.8,-21.21,-21.21,-0.362,-9999,-9999,12.0421,39.94,39.91,16.09,-0.906,-0.963,-1.005,-0.933,-0.949,-0.941,-0.862,-0.892,-0.987,-0.995,-0.931,-0.955,-0.937,-0.835,-0.896,-0.975,-1.005,-0.933,-0.933,-0.935,-0.866,-0.89,-0.979,-0.999,-0.935,-0.953,-0.933,-0.837,0,0
"2019-04-15 23:36:20.0",786184,-9999,-88.8,-21.28,-21.28,-0.363,-9999,-9999,12.0421,39.94,39.91,16.09,-0.9,-0.999,-0.997,-0.922,-0.967,-0.924,-0.85,-0.894,-0.971,-1.005,-0.933,-0.951,-0.937,-0.825,-0.898,-0.991,-0.999,-0.935,-0.933,-0.961,-0.864,-0.896,-0.959,-1.003,-0.957,-0.963,-0.935,-0.844,0,0
"2019-04-15 23:36:40.0",786185,-9999,-88.7,-21.35,-21.35,-0.364,-9999,-9999,12.0421,39.94,39.91,16.09,-0.91,-1.003,-1.007,-0.943,-0.961,-0.933,-0.842,-0.898,-0.977,-0.993,-0.937,-0.953,-0.965,-0.831,-0.896,-0.993,-1.018,-0.935,-0.951,-0.961,-0.864,-0.896,-0.955,-0.997,-0.937,-0.953,-0.959,-0.852,0,0
"2019-04-15 23:37:00.0",786186,-9999,-88.7,-21.42,-21.42,-0.365,-9999,-9999,12.0421,39.94,39.91,16.07,-0.91,-0.971,-0.985,-0.945,-0.965,-0.945,-0.85,-0.896,-0.963,-0.991,-0.953,-0.943,-0.933,-0.854,-0.9,-0.981,-1.018,-0.931,-0.951,-0.949,-0.817,-0.892,-0.943,-0.985,-0.929,-0.933,-0.951,-0.821,0,700
"2019-04-15 23:37:20.0",786187,-9999,-88.6,-21.49,-21.49,-0.366,-9999,-9999,12.0364,39.94,39.89,16.09,-0.91,-1.003,-1.018,-0.941,-0.959,-0.969,-0.856,-0.894,-0.977,-1.001,-0.935,-0.957,-0.965,-0.833,-0.9,-0.999,-1.007,-0.937,-0.947,-0.937,-0.819,-0.9,-0.981,-0.995,-0.933,-0.959,-0.965,-0.856,0,0
"2019-04-15 23:37:40.0",786188,-9999,-88.6,-21.56,-21.56,-0.367,-9999,-9999,12.0364,39.94,39.89,16.09,-0.91,-0.971,-0.985,-0.951,-0.965,-0.935,-0.837,-0.896,-0.995,-0.997,-0.929,-0.949,-0.957,-0.829,-0.896,-0.953,-1.018,-0.931,-0.935,-0.959,-0.854,-0.898,-0.991,-0.989,-0.924,-0.971,-0.957,-0.829,0,0
"2019-04-15 23:38:00.0",786189,-9999,-88.5,-21.63,-21.63,-0.369,-9999,-9999,12.0364,39.94,39.91,16.09,-0.916,-0.975,-1.009,-0.945,-0.967,-0.935,-0.87,-0.896,-0.957,-1.001,-0.933,-0.955,-0.943,-0.854,-0.894,-0.979,-1.005,-0.935,-0.959,-0.922,-0.829,-0.902,-0.965,-1.001,-0.935,-0.935,-0.927,-0.829,0,0
"2019-04-15 23:38:20.0",786190,-9999,-88.5,-21.7,-21.7,-0.37,-9999,-9999,12.0364,39.94,39.89,16.09,-0.912,-0.959,-1.007,-0.945,-0.965,-0.953,-0.872,-0.896,-0.983,-1.02,-0.933,-0.953,-0.961,-0.868,-0.898,-0.951,-1.003,-0.933,-0.953,-0.965,-0.852,-0.896,-0.973,-0.995,-0.931,-0.975,-0.957,-0.811,0,0
"2019-04-15 23:38:40.0",786191,-9999,-88.4,-21.77,-21.77,-0.371,-9999,-9999,12.0364,39.94,39.91,16.04,-0.91,-0.983,-0.993,-0.943,-0.989,-0.937,-0.862,-0.892,-0.951,-0.993,-0.959,-0.949,-0.953,-0.86,-0.896,-0.985,-1.016,-0.933,-0.937,-0.935,-0.852,-0.894,-0.953,-0.993,-0.931,-0.971,-0.953,-0.819,0,700
"2019-04-15 23:39:00.0",786192,-9999,-88.4,-21.84,-21.84,-0.372,-9999,-9999,12.0368,39.94,39.91,16.07,-0.908,-0.957,-0.983,-0.941,-0.961,-0.959,-0.846,-0.896,-0.959,-0.997,-0.924,-0.951,-0.957,-0.844,-0.898,-0.963,-1.011,-0.929,-0.945,-0.951,-0.823,-0.894,-0.947,-0.995,-0.945,-0.943,-0.929,-0.835,0,0
"2019-04-15 23:39:20.0",786193,-9999,-88.4,-21.91,-21.91,-0.373,-9999,-9999,12.0423,39.94,39.91,16.07,-0.916,-0.971,-1.011,-0.943,-0.961,-0.947,-0.87,-0.898,-0.951,-0.989,-0.931,-0.949,-0.959,-0.868,-0.9,-0.977,-1.018,-0.929,-0.953,-0.957,-0.842,-0.896,-0.989,-0.995,-0.929,-0.947,-0.951,-0.829,0,0
"2019-04-15 23:39:40.0",786194,-9999,-88.3,-21.98,-21.98,-0.374,-9999,-9999,12.0423,39.94,39.91,16.07,-0.908,-0.961,-1.003,-0.941,-0.959,-0.945,-0.823,-0.896,-0.953,-0.991,-0.931,-0.971,-0.927,-0.848,-0.9,-0.977,-1.02,-0.935,-0.951,-0.92,-0.831,-0.894,-0.967,-1.001,-0.935,-0.949,-0.933,-0.864,0,0
"2019-04-15 23:40:00.0",786195,-9999,-88.3,-22.05,-22.05,-0.375,-9999,-9999,12.0423,39.94,39.91,16.07,-0.912,-0.967,-1.009,-0.951,-0.965,-0.949,-0.87,-0.896,-0.959,-1.001,-0.933,-0.947,-0.945,-0.854,-0.896,-0.977,-0.999,-0.937,-0.957,-0.937,-0.821,-0.894,-0.961,-1.007,-0.935,-0.939,-0.937,-0.825,0,0
"2019-04-15 23:40:20.0",786196,-9999,-88.2,-22.12,-22.12,-0.377,-9999,-9999,12.0423,39.94,39.91,16.07,-0.912,-0.975,-1.02,-0.945,-0.969,-0.971,-0.866,-0.896,-0.951,-0.999,-0.939,-0.949,-0.947,-0.866,-0.894,-0.957,-0.999,-0.935,-0.951,-0.939,-0.823,-0.896,-0.989,-0.999,-0.929,-0.951,-0.937,-0.823,0,700
"2019-04-15 23:40:40.0",786197,-9999,-88.2,-22.19,-22.19,-0.378,-9999,-9999,12.0422,39.94,39.91,16.04,-0.908,-0.981,-0.995,-0.943,-0.949,-0.933,-0.825,-0.896,-0.989,-0.999,-0.937,-0.955,-0.941,-0.872,-0.896,-0.955,-0.997,-0.935,-0.953,-0.924,-0.846,-0.9,-0.985,-0.995,-0.933,-0.937,-0.935,-0.844,0,0
"2019-04-15 23:41:00.0",786198,-9999,-88.1,-22.26,-22.26,-0.379,-9999,-9999,12.0422,39.94,39.91,16.04,-0.91,-0.977,-0.987,-0.951,-0.965,-0.953,-0.856,-0.904,-0.977,-1.005,-0.935,-0.957,-0.935,-0.846,-0.898,-0.961,-1.009,-0.935,-0.955,-0.943,-0.831,-0.896,-1.005,-1.001,-0.935,-0.953,-0.927,-0.819,0,0
"2019-04-15 23:41:20.0",786199,-9999,-88.1,-22.33,-22.33,-0.38,-9999,-9999,12.0422,39.94,39.89,16.04,-0.91,-0.973,-1.042,-0.949,-0.965,-0.969,-0.84,-0.898,-0.955,-1.003,-0.939,-0.945,-0.949,-0.878,-0.904,-0.979,-1.001,-0.937,-0.955,-0.939,-0.86,-0.898,-1.007,-1.005,-0.939,-0.951,-0.943,-0.815,0,0
"2019-04-15 23:41:40.0",786200,-9999,-88,-22.4,-22.4,-0.381,-9999,-9999,12.0366,39.94,39.89,16.04,-0.91,-0.965,-1.009,-0.947,-0.987,-0.935,-0.854,-0.904,-0.961,-1.007,-0.943,-0.955,-0.969,-0.856,-0.896,-0.973,-0.999,-0.937,-0.959,-0.939,-0.829,-0.9,-0.965,-1.024,-0.937,-0.955,-0.961,-0.86,0,0
"2019-04-15 23:42:00.0",786201,-9999,-88,-22.48,-22.48,-0.382,-9999,-9999,12.0366,39.94,39.89,16.04,-0.91,-1.001,-1.011,-0.947,-0.963,-0.935,-0.827,-0.9,-0.957,-0.995,-0.924,-0.949,-0.941,-0.86,-0.896,-0.967,-0.995,-0.933,-0.931,-0.937,-0.844,-0.904,-0.953,-0.993,-0.929,-0.971,-0.92,-0.835,0,700
"2019-04-15 23:42:20.0",786202,-9999,-88,-22.55,-22.55,-0.383,-9999,-9999,12.0421,39.93,39.89,16.02,-0.91,-1.005,-1.013,-0.955,-0.987,-0.937,-0.87,-0.894,-0.985,-1.007,-0.924,-0.947,-0.943,-0.856,-0.9,-0.945,-0.993,-0.931,-0.939,-0.935,-0.825,-0.898,-0.987,-0.999,-0.955,-0.943,-0.933,-0.852,0,0
"2019-04-15 23:42:40.0",786203,-9999,-87.9,-22.62,-22.62,-0.385,-9999,-9999,12.0421,39.94,39.89,16.02,-0.912,-0.983,-1.011,-0.945,-0.957,-0.935,-0.831,-0.902,-1.001,-1.018,-0.937,-0.941,-0.965,-0.878,-0.902,-0.961,-1.003,-0.939,-0.957,-0.961,-0.852,-0.9,-0.977,-0.997,-0.935,-0.961,-0.961,-0.844,0,0
"2019-04-15 23:43:00.0",786204,-9999,-87.9,-22.69,-22.69,-0.386,-9999,-9999,12.0421,39.94,39.9,16.02,-0.916,-0.975,-1.018,-0.949,-0.959,-0.957,-0.876,-0.894,-0.957,-0.989,-0.941,-0.959,-0.973,-0.842,-0.91,-0.997,-1.007,-0.943,-0.963,-0.969,-0.864,-0.902,-0.965,-0.999,-0.939,-0.955,-0.963,-0.858,0,0
"2019-04-15 23:43:20.0",786205,-9999,-87.8,-22.76,-22.76,-0.387,-9999,-9999,12.0477,39.93,39.89,16.02,-0.908,-1.007,-1.034,-0.951,-0.973,-0.953,-0.858,-0.908,-0.995,-1.003,-0.937,-0.959,-0.947,-0.87,-0.9,-0.965,-0.987,-0.939,-0.979,-0.931,-0.862,-0.9,-0.997,-1.005,-0.959,-0.959,-0.963,-0.86,0,0
"2019-04-15 23:43:40.0",786206,-9999,-87.8,-22.83,-22.83,-0.388,-9999,-9999,12.0421,39.93,39.9,16.02,-0.914,-0.985,-1.007,-0.947,-0.967,-0.951,-0.858,-0.904,-0.999,-1.026,-0.935,-0.959,-0.971,-0.84,-0.9,-0.961,-1.009,-0.939,-0.961,-0.961,-0.862,-0.898,-0.995,-1.007,-0.939,-0.959,-0.941,-0.835,0,700
"2019-04-15 23:44:00.0",786207,-9999,-87.7,-22.9,-22.9,-0.389,-9999,-9999,12.0424,39.92,39.9,16,-0.91,-0.985,-1.034,-0.951,-0.993,-0.951,-0.854,-0.902,-1.007,-1.022,-0.931,-0.951,-0.971,-0.876,-0.904,-0.981,-1.013,-0.939,-0.959,-0.959,-0.842,-0.902,-0.999,-1.003,-0.939,-0.937,-0.937,-0.844,0,0
"2019-04-15 23:44:20.0",786208,-9999,-87.7,-22.97,-22.97,-0.39,-9999,-9999,12.0424,39.92,39.89,15.97,-0.916,-0.969,-1.005,-0.943,-0.959,-0.947,-0.837,-0.9,-0.975,-0.995,-0.929,-0.953,-0.937,-0.829,-0.902,-0.997,-0.983,-0.939,-0.983,-0.933,-0.852,-0.904,-0.967,-1.001,-0.929,-0.951,-0.933,-0.856,0,0
"2019-04-15 23:44:40.0",786209,-9999,-87.6,-23.04,-23.04,-0.391,-9999,-9999,12.0424,39.92,39.9,15.97,-0.916,-0.993,-1.032,-0.947,-0.965,-0.953,-0.878,-0.898,-0.965,-1.022,-0.935,-0.953,-0.943,-0.833,-0.904,-0.991,-1.003,-0.939,-0.959,-0.939,-0.829,-0.902,-0.977,-1.009,-0.935,-0.961,-0.927,-0.823,0,0
"2019-04-15 23:45:00.0",786210,-9999,-87.6,-23.11,-23.11,-0.392,-9999,-9999,12.0424,39.94,39.89,15.97,-0.908,-0.999,-1.046,-0.953,-0.967,-0.955,-0.874,-0.904,-0.979,-1.001,-0.939,-0.959,-0.949,-0.866,-0.898,-0.987,-0.987,-0.941,-0.965,-0.931,-0.864,-0.9,-0.959,-1.003,-0.922,-0.965,-0.929,-0.831,0,0
"2019-04-15 23:45:20.0",786211,-9999,-87.5,-23.18,-23.18,-0.394,-9999,-9999,12.0368,39.91,39.9,15.97,-0.916,-0.981,-1.013,-0.949,-0.957,-0.961,-0.829,-0.902,-0.999,-1.007,-0.943,-0.959,-0.935,-0.831,-0.902,-0.957,-1.007,-0.943,-0.959,-0.943,-0.856,-0.9,-0.999,-0.985,-0.937,-0.957,-0.963,-0.862,0,700
"2019-04-15 23:45:40.0",786212,-9999,-87.5,-23.25,-23.25,-0.395,-9999,-9999,12.0422,39.93,39.89,16,-0.916,-0.977,-1.011,-0.935,-0.967,-0.941,-0.874,-0.908,-0.951,-0.999,-0.935,-0.957,-0.963,-0.848,-0.904,-0.981,-0.997,-0.939,-0.943,-0.959,-0.825,-0.902,-0.949,-0.983,-0.939,-0.951,-0.937,-0.819,0,0
"2019-04-15 23:46:00.0",786213,-9999,-87.5,-23.32,-23.32,-0.396,-9999,-9999,12.0367,39.93,39.89,15.97,-0.912,-1.009,-1.022,-0.957,-0.955,-0.945,-0.874,-0.904,-0.997,-1.003,-0.941,-0.957,-0.971,-0.858,-0.906,-0.961,-1.011,-0.941,-0.963,-0.965,-0.852,-0.9,-0.993,-1.007,-0.963,-0.961,-0.939,-0.846,0,0
"2019-04-15 23:46:20.0",786214,-9999,-87.4,-23.39,-23.39,-0.397,-9999,-9999,12.0422,39.92,39.9,15.97,-0.908,-0.963,-1.022,-0.951,-0.963,-0.937,-0.868,-0.908,-0.985,-1.011,-0.961,-0.961,-0.965,-0.864,-0.902,-0.949,-0.997,-0.937,-0.951,-0.959,-0.844,-0.902,-0.989,-1.02,-0.935,-0.959,-0.937,-0.844,0,0
"2019-04-15 23:46:40.0",786215,-9999,-87.4,-23.46,-23.46,-0.398,-9999,-9999,12.0422,39.92,39.89,15.97,-0.914,-0.987,-1.013,-0.951,-0.947,-0.945,-0.864,-0.904,-0.961,-0.995,-0.939,-0.951,-0.945,-0.862,-0.906,-0.985,-1.001,-0.939,-0.941,-0.963,-0.852,-0.906,-0.953,-0.981,-0.939,-0.957,-0.939,-0.835,0,0
"2019-04-15 23:47:00.0",786216,-9999,-87.3,-23.53,-23.53,-0.399,-9999,-9999,12.0367,39.92,39.9,15.97,-0.918,-1.02,-1.048,-0.951,-0.973,-0.963,-0.884,-0.906,-0.965,-1.005,-0.951,-0.965,-0.949,-0.88,-0.906,-1.001,-0.991,-0.945,-0.965,-0.947,-0.852,-0.904,-0.977,-1.024,-0.943,-0.965,-0.933,-0.852,0,700
"2019-04-15 23:47:20.0",786217,-9999,-87.3,-23.6,-23.6,-0.4,-9999,-9999,12.0425,39.92,39.91,15.95,-0.914,-0.971,-1.005,-0.945,-0.983,-0.937,-0.827,-0.91,-0.953,-0.997,-0.931,-0.957,-0.967,-0.835,-0.904,-0.969,-1.001,-0.941,-0.951,-0.955,-0.827,-0.91,-0.959,-0.995,-0.935,-0.955,-0.935,-0.815,0,0
"2019-04-15 23:47:40.0",786218,-9999,-87.2,-23.67,-23.67,-0.402,-9999,-9999,12.037,39.92,39.91,15.95,-0.92,-0.977,-1.038,-0.953,-0.963,-0.949,-0.854,-0.906,-0.963,-1.005,-0.941,-0.953,-0.945,-0.864,-0.906,-1.001,-0.985,-0.943,-0.965,-0.941,-0.844,-0.91,-0.979,-1.003,-0.941,-0.965,-0.924,-0.833,0,0
"2019-04-15 23:48:00.0",786219,-9999,-87.2,-23.75,-23.75,-0.403,-9999,-9999,12.037,39.92,39.91,15.95,-0.918,-0.997,-1.007,-0.953,-0.975,-0.949,-0.884,-0.906,-0.981,-1.007,-0.947,-0.959,-0.953,-0.84,-0.908,-1.007,-1.022,-0.951,-0.971,-0.953,-0.876,-0.906,-0.979,-1.013,-0.941,-0.967,-0.933,-0.864,0,0
"2019-04-15 23:48:20.0",786220,-9999,-87.1,-23.82,-23.82,-0.404,-9999,-9999,12.037,39.92,39.9,15.95,-0.916,-1.018,-0.997,-0.957,-0.977,-0.957,-0.872,-0.902,-0.991,-0.999,-0.939,-0.965,-0.947,-0.868,-0.902,-0.959,-1.007,-0.937,-0.959,-0.922,-0.848,-0.9,-0.997,-0.995,-0.941,-0.961,-0.941,-0.84,0,0
"2019-04-15 23:48:40.0",786221,-9999,-87.1,-23.89,-23.89,-0.405,-9999,-9999,12.037,39.92,39.91,15.92,-0.916,-0.955,-1.009,-0.949,-0.971,-0.969,-0.844,-0.906,-0.963,-0.997,-0.939,-0.959,-0.951,-0.876,-0.902,-0.977,-1.011,-0.939,-0.959,-0.947,-0.846,-0.906,-0.967,-1.001,-0.935,-0.967,-0.927,-0.846,0,700
"2019-04-15 23:49:00.0",786222,-9999,-87,-23.96,-23.96,-0.406,-9999,-9999,12.0428,39.91,39.9,15.9,-0.92,-0.977,-1.02,-0.981,-0.979,-0.949,-0.854,-0.904,-0.961,-1.001,-0.949,-0.967,-0.971,-0.87,-0.904,-0.999,-1.016,-0.945,-0.965,-0.947,-0.874,-0.902,-0.981,-1.007,-0.941,-0.959,-0.929,-0.862,0,0
"2019-04-15 23:49:20.0",786223,-9999,-87,-24.03,-24.03,-0.407,-9999,-9999,12.0372,39.91,39.89,15.9,-0.92,-0.987,-1.03,-0.949,-0.967,-0.971,-0.872,-0.908,-0.949,-1.007,-0.933,-0.955,-0.939,-0.874,-0.91,-0.991,-0.981,-0.933,-0.965,-0.939,-0.854,-0.908,-0.979,-1.001,-0.935,-0.963,-0.945,-0.848,0,0
"2019-04-15 23:49:40.0",786224,-9999,-86.9,-24.1,-24.1,-0.408,-9999,-9999,12.0372,39.91,39.89,15.9,-0.916,-0.981,-1.026,-0.957,-0.975,-0.951,-0.846,-0.91,-0.973,-1.034,-0.945,-0.987,-0.981,-0.846,-0.91,-1.011,-1.011,-0.943,-0.969,-0.975,-0.872,-0.906,-0.963,-0.991,-0.947,-0.961,-0.949,-0.864,0,0
"2019-04-15 23:50:00.0",786225,-9999,-86.9,-24.17,-24.17,-0.409,-9999,-9999,12.0428,39.91,39.89,15.9,-0.916,-0.965,-1.007,-0.947,-0.965,-0.949,-0.827,-0.902,-0.955,-1.003,-0.937,-0.951,-0.945,-0.829,-0.906,-0.975,-1.005,-0.939,-0.957,-0.929,-0.858,-0.896,-0.955,-1.028,-0.941,-0.955,-0.939,-0.86,0,0
"2019-04-15 23:50:20.0",786226,-9999,-86.9,-24.24,-24.24,-0.411,-9999,-9999,12.0428,39.91,39.9,15.9,-0.918,-0.997,-1.042,-0.955,-0.973,-0.957,-0.874,-0.904,-0.999,-1.009,-0.949,-0.973,-0.957,-0.848,-0.904,-0.987,-1.011,-0.951,-0.985,-0.949,-0.878,-0.904,-1.009,-1.001,-0.943,-0.945,-0.971,-0.872,0,700
"2019-04-15 23:50:40.0",786227,-9999,-86.8,-24.31,-24.31,-0.412,-9999,-9999,12.0374,39.91,39.9,15.87,-0.914,-1.022,-1.02,-0.957,-0.997,-0.951,-0.874,-0.904,-1.009,-1.018,-0.947,-0.963,-0.977,-0.848,-0.904,-0.983,-0.991,-0.951,-0.965,-0.967,-0.88,-0.904,-0.967,-1.018,-0.945,-0.965,-0.951,-0.864,0,0
"2019-04-15 23:51:00.0",786228,-9999,-86.8,-24.38,-24.38,-0.413,-9999,-9999,12.0374,39.91,39.9,15.87,-0.916,-1.011,-1.022,-0.961,-0.971,-0.949,-0.888,-0.906,-0.987,-0.991,-0.949,-0.957,-0.957,-0.84,-0.904,-0.971,-1.018,-0.949,-0.963,-0.939,-0.858,-0.906,-0.997,-1.013,-0.949,-0.963,-0.969,-0.846,0,0
"2019-04-15 23:51:20.0",786229,-9999,-86.7,-24.45,-24.45,-0.414,-9999,-9999,12.043,39.91,39.9,15.87,-0.914,-0.969,-1.026,-0.957,-0.965,-0.963,-0.888,-0.904,-0.969,-1.009,-0.957,-0.961,-0.957,-0.884,-0.904,-1.007,-1.018,-0.951,-0.965,-0.953,-0.868,-0.902,-0.987,-1.013,-0.943,-0.963,-0.937,-0.864,0,0
"2019-04-15 23:51:40.0",786230,-9999,-86.7,-24.52,-24.52,-0.415,-9999,-9999,12.0374,39.91,39.9,15.87,-0.914,-0.995,-1.034,-0.957,-0.975,-0.963,-0.862,-0.904,-1.005,-1.007,-0.945,-0.965,-0.943,-0.835,-0.906,-0.965,-1.018,-0.949,-0.969,-0.937,-0.837,-0.902,-1.007,-1.013,-0.943,-0.961,-0.973,-0.827,0,0
"2019-04-15 23:52:00.0",786231,-9999,-86.6,-24.59,-24.59,-0.416,-9999,-9999,12.043,39.91,39.89,15.85,-0.92,-0.965,-1.007,-0.947,-0.959,-0.929,-0.831,-0.902,-0.961,-0.983,-0.935,-0.955,-0.959,-0.829,-0.902,-0.989,-1.026,-0.951,-0.933,-0.935,-0.862,-0.902,-0.971,-1.001,-0.937,-0.955,-0.937,-0.858,0,700
"2019-04-15 23:52:20.0",786232,-9999,-86.6,-24.66,-24.66,-0.417,-9999,-9999,12.0375,39.91,39.9,15.85,-0.918,-1.009,-1.034,-0.953,-0.971,-0.953,-0.866,-0.902,-0.995,-0.999,-0.931,-0.973,-0.941,-0.876,-0.904,-0.949,-1.005,-0.941,-0.943,-0.951,-0.86,-0.904,-0.979,-1.013,-0.929,-0.979,-0.933,-0.856,0,0
"2019-04-15 23:52:40.0",786233,-9999,-86.5,-24.73,-24.73,-0.418,-9999,-9999,12.0431,39.91,39.89,15.85,-0.916,-0.975,-1.016,-0.975,-0.971,-0.953,-0.864,-0.902,-0.953,-0.993,-0.931,-0.951,-0.941,-0.85,-0.91,-0.997,-1.001,-0.937,-0.953,-0.939,-0.848,-0.906,-0.973,-0.981,-0.937,-0.957,-0.924,-0.848,0,0
"2019-04-15 23:53:00.0",786234,-9999,-86.5,-24.8,-24.8,-0.42,-9999,-9999,12.0431,39.91,39.9,15.85,-0.916,-0.981,-1.007,-0.945,-0.969,-0.945,-0.86,-0.908,-0.971,-1.013,-0.945,-0.963,-0.937,-0.872,-0.904,-0.969,-0.991,-0.947,-0.961,-0.945,-0.848,-0.91,-0.999,-1.013,-0.943,-0.965,-0.971,-0.842,0,0
"2019-04-15 23:53:20.0",786235,-9999,-86.4,-24.87,-24.87,-0.421,-9999,-9999,12.0375,39.91,39.9,15.85,-0.914,-1.009,-1.038,-0.951,-0.965,-0.937,-0.856,-0.902,-0.957,-1.005,-0.937,-0.957,-0.971,-0.862,-0.91,-0.991,-0.999,-0.943,-0.957,-0.941,-0.829,-0.91,-0.975,-1.016,-0.935,-0.957,-0.931,-0.821,0,0
"2019-04-15 23:53:40.0",786236,-9999,-86.4,-24.94,-24.94,-0.422,-9999,-9999,12.0375,39.91,39.89,15.85,-0.91,-1.013,-1.016,-0.947,-0.955,-0.955,-0.833,-0.908,-1.003,-1.007,-0.943,-0.961,-0.933,-0.85,-0.91,-0.987,-1.009,-0.945,-0.961,-0.927,-0.866,-0.906,-0.959,-0.999,-0.935,-0.959,-0.961,-0.858,0,700
"2019-04-15 23:54:00.0",786237,-9999,-86.3,-25.01,-25.01,-0.423,-9999,-9999,12.0436,39.91,39.9,15.82,-0.908,-0.983,-1.034,-0.949,-0.965,-0.973,-0.866,-0.9,-0.967,-1.007,-0.939,-0.961,-0.953,-0.864,-0.91,-1.005,-1.009,-0.949,-0.945,-0.947,-0.837,-0.9,-0.981,-1.013,-0.943,-0.959,-0.931,-0.833,0,0
"2019-04-15 23:54:20.0",786238,-9999,-86.3,-25.08,-25.08,-0.424,-9999,-9999,12.0436,39.91,39.9,15.82,-0.912,-0.977,-1.032,-0.943,-0.965,-0.943,-0.876,-0.904,-0.977,-1.003,-0.937,-0.955,-0.929,-0.868,-0.904,-0.997,-1.009,-0.939,-0.935,-0.937,-0.856,-0.898,-0.971,-1.009,-0.943,-0.959,-0.959,-0.858,0,0
"2019-04-15 23:54:40.0",786239,-9999,-86.3,-25.16,-25.16,-0.425,-9999,-9999,12.0436,39.91,39.9,15.82,-0.914,-0.997,-1.016,-0.947,-0.971,-0.959,-0.862,-0.902,-0.977,-0.999,-0.931,-0.955,-0.937,-0.87,-0.902,-0.999,-1.001,-0.931,-0.951,-0.955,-0.844,-0.902,-1.005,-1.016,-0.931,-0.951,-0.931,-0.84,0,0
"2019-04-15 23:55:00.0",786240,-9999,-86.2,-25.23,-25.23,-0.426,-9999,-9999,12.0381,39.91,39.89,15.82,-0.916,-1.007,-0.989,-0.945,-0.965,-0.941,-0.862,-0.906,-1.003,-1.003,-0.933,-0.961,-0.943,-0.854,-0.904,-0.971,-0.987,-0.943,-0.957,-0.939,-0.84,-0.902,-1.001,-1.003,-0.939,-0.957,-0.927,-0.829,0,0
"2019-04-15 23:55:20.0",786241,-9999,-86.2,-25.3,-25.3,-0.427,-9999,-9999,12.0492,39.91,39.9,15.8,-0.908,-1.003,-1.009,-0.943,-0.959,-0.949,-0.831,-0.902,-0.987,-0.999,-0.924,-0.953,-0.939,-0.852,-0.906,-0.945,-0.993,-0.929,-0.953,-0.935,-0.825,-0.902,-0.989,-0.985,-0.929,-0.951,-0.931,-0.817,0,700
"2019-04-15 23:55:40.0",786242,-9999,-86.1,-25.37,-25.37,-0.428,-9999,-9999,12.0436,39.92,39.89,15.82,-0.908,-0.999,-0.985,-0.939,-0.957,-0.947,-0.864,-0.902,-0.973,-1.003,-0.933,-0.973,-0.943,-0.848,-0.904,-0.955,-0.977,-0.941,-0.951,-0.939,-0.819,-0.9,-0.991,-0.991,-0.937,-0.951,-0.927,-0.815,0,0
"2019-04-15 23:56:00.0",786243,-9999,-86.1,-25.44,-25.44,-0.43,-9999,-9999,12.0381,39.92,39.9,15.82,-0.914,-1.001,-1.044,-0.955,-0.979,-0.981,-0.872,-0.9,-0.971,-1.02,-0.943,-0.957,-0.973,-0.878,-0.904,-1.001,-1.032,-0.957,-0.961,-0.973,-0.862,-0.902,-0.985,-1.007,-0.945,-0.965,-0.945,-0.842,0,0
"2019-04-15 23:56:20.0",786244,-9999,-86,-25.51,-25.51,-0.431,-9999,-9999,12.0381,39.92,39.9,15.82,-0.914,-0.989,-0.995,-0.949,-0.961,-0.977,-0.876,-0.9,-0.969,-1.005,-0.937,-0.953,-0.933,-0.864,-0.904,-0.955,-0.977,-0.935,-0.953,-0.941,-0.842,-0.902,-0.993,-0.991,-0.929,-0.955,-0.933,-0.844,0,0
"2019-04-15 23:56:40.0",786245,-9999,-86,-25.58,-25.58,-0.432,-9999,-9999,12.0436,39.92,39.89,15.82,-0.914,-0.997,-0.991,-0.949,-0.961,-0.949,-0.819,-0.896,-0.997,-1.011,-0.941,-0.957,-0.955,-0.852,-0.902,-0.971,-0.991,-0.941,-0.947,-0.922,-0.837,-0.902,-0.991,-0.997,-0.935,-0.953,-0.965,-0.821,0,0
"2019-04-15 23:57:00.0",786246,-9999,-85.9,-25.65,-25.65,-0.433,-9999,-9999,12.0381,39.92,39.89,15.82,-0.914,-1.018,-1.016,-0.953,-0.971,-0.957,-0.882,-0.9,-0.979,-0.997,-0.939,-0.957,-0.949,-0.858,-0.906,-1.005,-1.005,-0.929,-0.955,-0.961,-0.854,-0.902,-0.975,-1.016,-0.951,-0.935,-0.937,-0.844,0,700
"2019-04-15 23:57:20.0",786247,-9999,-85.9,-25.72,-25.72,-0.434,-9999,-9999,12.0492,39.93,39.9,15.8,-0.92,-0.961,-1.007,-0.969,-0.961,-0.967,-0.868,-0.896,-0.971,-0.997,-0.929,-0.945,-0.939,-0.844,-0.9,-0.947,-0.975,-0.933,-0.971,-0.933,-0.813,-0.898,-0.991,-0.995,-0.929,-0.949,-0.914,-0.821,0,0
"2019-04-15 23:57:40.0",786248,-9999,-85.8,-25.79,-25.79,-0.435,-9999,-9999,12.0381,39.92,39.9,15.82,-0.908,-0.975,-1.013,-0.941,-0.961,-0.965,-0.819,-0.898,-0.947,-0.997,-0.927,-0.949,-0.937,-0.868,-0.898,-0.991,-0.969,-0.957,-0.933,-0.929,-0.84,-0.896,-0.967,-1.016,-0.927,-0.945,-0.914,-0.837,0,0
"2019-04-15 23:58:00.0",786249,-9999,-85.8,-25.86,-25.86,-0.436,-9999,-9999,12.0436,39.92,39.9,15.77,-0.918,-0.999,-1.009,-0.927,-0.971,-0.957,-0.825,-0.896,-0.999,-1.003,-0.945,-0.959,-0.949,-0.876,-0.904,-0.961,-1.02,-0.939,-0.965,-0.949,-0.872,-0.9,-1.005,-1.013,-0.943,-0.977,-0.931,-0.866,0,0
"2019-04-15 23:58:20.0",786250,-9999,-85.7,-25.93,-25.93,-0.437,-9999,-9999,12.0436,39.92,39.9,15.77,-0.914,-1.007,-1.028,-0.941,-0.949,-0.945,-0.868,-0.9,-0.965,-0.989,-0.922,-0.947,-0.922,-0.856,-0.902,-0.957,-0.999,-0.933,-0.949,-0.92,-0.819,-0.902,-0.993,-0.971,-0.929,-0.935,-0.929,-0.815,0,0
"2019-04-15 23:58:40.0",786251,-9999,-85.7,-26,-26,-0.438,-9999,-9999,12.0381,39.92,39.89,15.77,-0.912,-0.955,-1.007,-0.939,-0.943,-0.943,-0.846,-0.896,-0.949,-1.018,-0.935,-0.935,-0.939,-0.831,-0.894,-0.973,-1.001,-0.933,-0.971,-0.92,-0.86,-0.892,-0.949,-0.971,-0.931,-0.949,-0.931,-0.854,0,700
"2019-04-15 23:59:00.0",786252,-9999,-85.6,-26.07,-26.07,-0.439,-9999,-9999,12.0437,39.92,39.9,15.77,-0.91,-0.999,-1.013,-0.949,-0.969,-0.957,-0.872,-0.9,-0.983,-1.011,-0.941,-0.963,-0.935,-0.864,-0.9,-0.999,-1.028,-0.941,-0.955,-0.931,-0.85,-0.898,-0.969,-1.007,-0.941,-0.957,-0.943,-0.85,0,0
"2019-04-15 23:59:20.0",786253,-9999,-85.6,-26.14,-26.14,-0.441,-9999,-9999,12.0381,39.93,39.9,15.77,-0.916,-0.967,-0.995,-0.951,-0.963,-0.955,-0.85,-0.898,-0.979,-0.997,-0.935,-0.947,-0.943,-0.825,-0.902,-0.975,-0.977,-0.933,-0.951,-0.931,-0.813,-0.9,-0.939,-0.995,-0.931,-0.969,-0.953,-0.815,0,0
"2019-04-15 23:59:40.0",786254,-9999,-85.6,-26.21,-26.21,-0.442,-9999,-9999,12.0381,39.92,39.9,15.75,-0.912,-0.975,-1.007,-0.943,-0.991,-0.937,-0.85,-0.904,-0.963,-1.036,-0.943,-0.977,-0.953,-0.846,-0.9,-0.979,-1.005,-0.941,-0.953,-0.951,-0.866,-0.898,-0.959,-0.985,-0.957,-0.959,-0.941,-0.86,0,0
