"TOA5","","","1764","CR1000.Std.24","CPU:MFRSR_10012018V2.8.CR1","13574","TableHdr","PbCdlComm-1.6.0 (2016/01/26)"
"TIMESTAMP","RECORD","loggerID""headID""xpgmVerID""xlat""xlon""xSiteElev""xFULLREV""xCRXHSTEPS""xSCANseconds""xSCANnAvg""xSCANtrough""xHOMEoffset""xALLTIMEband"
"TS","RN","--""--""--""deg""deg""m""--""--""sec""--""--""--""--"
"","","Smp""Smp""Smp""Smp""Smp""Smp""Smp""Smp""Smp""Smp""Smp""Smp""Smp"
"2019-04-15 00:00:00.0",370,1764,180054423,2.8,-32.1259,-64.7287,1160,800,20,20,1,10,0,-1
"TOA5","","","1764","CR1000.Std.24","CPU:MFRSR_10012018V2.8.CR1","13574","Table155","PbCdlComm-1.6.0 (2016/01/26)"
"TIMESTAMP","RECORD","xoset""az""el""al""cosz""cosasz""pamass""vBat""Thead""THTC""Tlogger""Dnadir(1)""Dnadir(2)""Dnadir(3)""Dnadir(4)""Dnadir(5)""Dnadir(6)""Dnadir(7)""Deast(1)""Deast(2)""Deast(3)""Deast(4)""Deast(5)""Deast(6)""Deast(7)""Dsun(1)""Dsun(2)""Dsun(3)""Dsun(4)""Dsun(5)""Dsun(6)""Dsun(7)""Dwest(1)""Dwest(2)""Dwest(3)""Dwest(4)""Dwest(5)""Dwest(6)""Dwest(7)""kount""khome"
"TS","RN","sec""deg""deg""deg""--""--""--""Volt""degC""degC""degC""mV""mV""mV""mV""mV""mV""mV""mV""mV""mV""mV""mV""mV""mV""mV""mV""mV""mV""mV""mV""mV""mV""mV""mV""mV""mV""mV""mV""--""--"
"","","Smp""Smp""Smp""Smp""Smp""Smp""Smp""Smp""Smp""Smp""Smp""Smp""Smp""Smp""Smp""Smp""Smp""Smp""Smp""Smp""Smp""Smp""Smp""Smp""Smp""Smp""Smp""Smp""Smp""Smp""Smp""Smp""Smp""Smp""Smp""Smp""Smp""Smp""Smp""Smp""Smp"
"2019-04-15 09:00:00.0",783555,-9999,87.8,-22.37,-22.37,-0.381,-9999,-9999,12.0361,39.99,39.91,17.24,-0.848,-0.926,-0.943,-0.878,-0.904,-0.886,-0.815,-0.833,-0.89,-0.943,-0.87,-0.892,-0.868,-0.787,-0.829,-0.89,-0.93,-0.866,-0.87,-0.894,-0.769,-0.827,-0.902,-0.953,-0.862,-0.884,-0.854,-0.791,0,700
"2019-04-15 09:00:20.0",783556,-9999,87.8,-22.3,-22.3,-0.379,-9999,-9999,12.0416,39.99,39.91,17.24,-0.848,-0.918,-0.943,-0.858,-0.894,-0.882,-0.787,-0.841,-0.888,-0.916,-0.872,-0.886,-0.864,-0.783,-0.835,-0.896,-0.932,-0.864,-0.89,-0.886,-0.803,-0.835,-0.906,-0.93,-0.87,-0.91,-0.856,-0.785,0,0
"2019-04-15 09:00:40.0",783557,-9999,87.9,-22.23,-22.23,-0.378,-9999,-9999,12.0416,39.99,39.91,17.26,-0.848,-0.904,-0.951,-0.88,-0.9,-0.902,-0.785,-0.829,-0.906,-0.908,-0.862,-0.88,-0.876,-0.771,-0.829,-0.926,-0.935,-0.864,-0.872,-0.862,-0.777,-0.833,-0.92,-0.937,-0.85,-0.888,-0.868,-0.759,0,0
"2019-04-15 09:01:00.0",783558,-9999,87.9,-22.16,-22.16,-0.377,-9999,-9999,12.0416,39.99,39.91,17.26,-0.839,-0.943,-0.953,-0.882,-0.9,-0.874,-0.783,-0.831,-0.924,-0.949,-0.874,-0.884,-0.87,-0.791,-0.829,-0.922,-0.928,-0.862,-0.886,-0.852,-0.797,-0.831,-0.884,-0.904,-0.882,-0.904,-0.86,-0.773,0,0
"2019-04-15 09:01:20.0",783559,-9999,88,-22.09,-22.09,-0.376,-9999,-9999,12.0416,39.99,39.91,17.26,-0.841,-0.937,-0.932,-0.89,-0.902,-0.868,-0.777,-0.831,-0.89,-0.943,-0.866,-0.888,-0.9,-0.777,-0.829,-0.89,-0.91,-0.866,-0.892,-0.872,-0.791,-0.835,-0.886,-0.939,-0.858,-0.89,-0.888,-0.765,0,0
"2019-04-15 09:01:40.0",783560,-9999,88,-22.02,-22.02,-0.375,-9999,-9999,12.0416,39.99,39.91,17.26,-0.848,-0.93,-0.949,-0.88,-0.898,-0.882,-0.791,-0.833,-0.926,-0.947,-0.874,-0.888,-0.882,-0.809,-0.831,-0.935,-0.941,-0.89,-0.89,-0.864,-0.777,-0.829,-0.896,-0.935,-0.87,-0.894,-0.874,-0.777,0,700
"2019-04-15 09:02:00.0",783561,-9999,88.1,-21.95,-21.95,-0.374,-9999,-9999,12.0416,39.99,39.91,17.29,-0.841,-0.924,-0.949,-0.874,-0.896,-0.902,-0.783,-0.738,-0.807,-0.809,-0.769,-0.795,-0.759,-0.686,-0.74,-0.799,-0.831,-0.765,-0.787,-0.785,-0.7,-0.736,-0.803,-0.839,-0.769,-0.785,-0.761,-0.653,0,0
"2019-04-15 09:02:20.0",783562,-9999,88.1,-21.88,-21.88,-0.373,-9999,-9999,12.0416,39.99,39.91,17.29,-0.742,-0.837,-0.848,-0.783,-0.803,-0.805,-0.67,-0.734,-0.799,-0.835,-0.797,-0.799,-0.781,-0.692,-0.732,-0.805,-0.841,-0.767,-0.793,-0.785,-0.712,-0.734,-0.805,-0.841,-0.763,-0.791,-0.759,-0.676,0,0
"2019-04-15 09:02:40.0",783563,-9999,88.2,-21.81,-21.81,-0.371,-9999,-9999,12.0416,39.99,39.91,17.29,-0.744,-0.811,-0.841,-0.773,-0.797,-0.779,-0.696,-0.73,-0.85,-0.835,-0.769,-0.801,-0.783,-0.68,-0.732,-0.835,-0.817,-0.769,-0.791,-0.813,-0.694,-0.74,-0.797,-0.835,-0.773,-0.797,-0.777,-0.712,0,0
"2019-04-15 09:03:00.0",783564,-9999,88.2,-21.74,-21.74,-0.37,-9999,-9999,12.0416,39.99,39.91,17.29,-0.742,-0.809,-0.837,-0.771,-0.777,-0.759,-0.678,-0.732,-0.801,-0.835,-0.767,-0.795,-0.799,-0.672,-0.732,-0.803,-0.841,-0.769,-0.779,-0.771,-0.69,-0.73,-0.801,-0.835,-0.769,-0.771,-0.779,-0.712,0,0
"2019-04-15 09:03:20.0",783565,-9999,88.2,-21.67,-21.67,-0.369,-9999,-9999,12.0472,39.99,39.91,17.31,-0.742,-0.807,-0.852,-0.763,-0.797,-0.763,-0.678,-0.726,-0.783,-0.827,-0.765,-0.821,-0.783,-0.663,-0.73,-0.795,-0.833,-0.767,-0.785,-0.763,-0.678,-0.73,-0.781,-0.835,-0.763,-0.801,-0.783,-0.696,0,700
"2019-04-15 09:03:40.0",783566,-9999,88.3,-21.6,-21.6,-0.368,-9999,-9999,12.0361,39.99,39.91,17.31,-0.759,-0.852,-0.846,-0.793,-0.799,-0.785,-0.686,-0.746,-0.807,-0.854,-0.791,-0.805,-0.795,-0.716,-0.746,-0.809,-0.856,-0.785,-0.801,-0.777,-0.718,-0.746,-0.823,-0.862,-0.783,-0.803,-0.791,-0.692,0,0
"2019-04-15 09:04:00.0",783567,-9999,88.3,-21.53,-21.53,-0.367,-9999,-9999,12.0416,39.99,39.91,17.31,-0.754,-0.813,-0.864,-0.797,-0.791,-0.795,-0.682,-0.744,-0.823,-0.852,-0.785,-0.823,-0.789,-0.702,-0.74,-0.799,-0.848,-0.781,-0.797,-0.771,-0.716,-0.74,-0.829,-0.846,-0.779,-0.811,-0.783,-0.684,0,0
"2019-04-15 09:04:20.0",783568,-9999,88.4,-21.46,-21.46,-0.366,-9999,-9999,12.0361,39.99,39.91,17.34,-0.827,-0.898,-0.932,-0.862,-0.882,-0.862,-0.773,-0.813,-0.912,-0.912,-0.852,-0.874,-0.846,-0.793,-0.829,-0.916,-0.904,-0.85,-0.87,-0.868,-0.787,-0.821,-0.916,-0.916,-0.85,-0.876,-0.86,-0.742,0,0
"2019-04-15 09:04:40.0",783569,-9999,88.4,-21.39,-21.39,-0.365,-9999,-9999,12.0528,39.99,39.91,17.34,-0.825,-0.922,-0.932,-0.868,-0.888,-0.896,-0.777,-0.817,-0.912,-0.916,-0.852,-0.868,-0.876,-0.773,-0.815,-0.896,-0.939,-0.848,-0.854,-0.85,-0.761,-0.813,-0.894,-0.914,-0.854,-0.852,-0.839,-0.781,0,0
"2019-04-15 09:05:00.0",783570,-9999,88.5,-21.31,-21.31,-0.363,-9999,-9999,12.0416,39.99,39.91,17.34,-0.831,-0.888,-0.924,-0.864,-0.912,-0.89,-0.793,-0.813,-0.92,-0.924,-0.852,-0.898,-0.852,-0.793,-0.811,-0.92,-0.935,-0.854,-0.878,-0.878,-0.773,-0.821,-0.912,-0.935,-0.864,-0.876,-0.864,-0.75,0,700
"2019-04-15 09:05:20.0",783571,-9999,88.5,-21.24,-21.24,-0.362,-9999,-9999,12.0416,39.99,39.91,17.34,-0.823,-0.904,-0.93,-0.858,-0.882,-0.852,-0.767,-0.819,-0.884,-0.91,-0.85,-0.872,-0.837,-0.75,-0.815,-0.896,-0.93,-0.843,-0.888,-0.831,-0.763,-0.813,-0.9,-0.912,-0.843,-0.888,-0.87,-0.752,0,0
"2019-04-15 09:05:40.0",783572,-9999,88.6,-21.17,-21.17,-0.361,-9999,-9999,12.0361,39.99,39.92,17.34,-0.831,-0.888,-0.906,-0.862,-0.886,-0.87,-0.761,-0.819,-0.922,-0.926,-0.85,-0.878,-0.852,-0.779,-0.817,-0.902,-0.924,-0.856,-0.862,-0.841,-0.793,-0.815,-0.902,-0.924,-0.86,-0.864,-0.88,-0.785,0,0
"2019-04-15 09:06:00.0",783573,-9999,88.6,-21.1,-21.1,-0.36,-9999,-9999,12.0416,39.99,39.92,17.36,-0.825,-0.918,-0.939,-0.848,-0.88,-0.868,-0.791,-0.815,-0.882,-0.92,-0.852,-0.872,-0.864,-0.759,-0.815,-0.908,-0.928,-0.85,-0.872,-0.864,-0.756,-0.742,-0.837,-0.843,-0.777,-0.821,-0.771,-0.69,0,0
"2019-04-15 09:06:20.0",783574,-9999,88.6,-21.03,-21.03,-0.359,-9999,-9999,12.0416,39.99,39.92,17.36,-0.746,-0.837,-0.845,-0.773,-0.797,-0.799,-0.698,-0.734,-0.787,-0.839,-0.769,-0.773,-0.761,-0.71,-0.734,-0.819,-0.821,-0.769,-0.791,-0.761,-0.692,-0.734,-0.835,-0.821,-0.777,-0.791,-0.799,-0.661,0,0
"2019-04-15 09:06:40.0",783575,-9999,88.7,-20.96,-20.96,-0.358,-9999,-9999,12.0361,39.99,39.92,17.39,-0.744,-0.801,-0.848,-0.785,-0.801,-0.785,-0.7,-0.734,-0.805,-0.837,-0.763,-0.791,-0.773,-0.694,-0.734,-0.795,-0.811,-0.759,-0.787,-0.791,-0.688,-0.734,-0.813,-0.811,-0.765,-0.809,-0.773,-0.682,0,700
"2019-04-15 09:07:00.0",783576,-9999,88.7,-20.89,-20.89,-0.357,-9999,-9999,12.0416,39.99,39.92,17.39,-0.74,-0.829,-0.85,-0.756,-0.803,-0.769,-0.702,-0.821,-0.9,-0.92,-0.852,-0.862,-0.876,-0.785,-0.815,-0.878,-0.912,-0.843,-0.874,-0.868,-0.773,-0.811,-0.888,-0.918,-0.845,-0.868,-0.852,-0.781,0,0
"2019-04-15 09:07:20.0",783577,-9999,88.8,-20.82,-20.82,-0.355,-9999,-9999,12.0416,39.99,39.92,17.39,-0.823,-0.916,-0.926,-0.864,-0.902,-0.86,-0.789,-0.813,-0.916,-0.914,-0.85,-0.892,-0.864,-0.783,-0.807,-0.882,-0.912,-0.845,-0.852,-0.87,-0.765,-0.809,-0.89,-0.916,-0.852,-0.87,-0.88,-0.777,0,0
"2019-04-15 09:07:40.0",783578,-9999,88.8,-20.75,-20.75,-0.354,-9999,-9999,12.0416,39.99,39.92,17.41,-0.823,-0.916,-0.924,-0.852,-0.876,-0.845,-0.74,-0.811,-0.896,-0.908,-0.845,-0.866,-0.839,-0.781,-0.809,-0.872,-0.902,-0.817,-0.858,-0.827,-0.771,-0.809,-0.862,-0.9,-0.839,-0.864,-0.841,-0.756,0,0
"2019-04-15 09:08:00.0",783579,-9999,88.9,-20.68,-20.68,-0.353,-9999,-9999,12.0416,39.99,39.92,17.41,-0.819,-0.89,-0.951,-0.852,-0.872,-0.878,-0.767,-0.809,-0.872,-0.916,-0.841,-0.85,-0.864,-0.791,-0.811,-0.912,-0.91,-0.848,-0.86,-0.848,-0.754,-0.807,-0.888,-0.914,-0.85,-0.87,-0.833,-0.759,0,0
"2019-04-15 09:08:20.0",783580,-9999,88.9,-20.61,-20.61,-0.352,-9999,-9999,12.0361,40,39.92,17.44,-0.817,-0.888,-0.928,-0.852,-0.876,-0.856,-0.773,-0.805,-0.858,-0.908,-0.819,-0.864,-0.866,-0.775,-0.807,-0.89,-0.896,-0.835,-0.866,-0.839,-0.767,-0.809,-0.87,-0.926,-0.837,-0.862,-0.841,-0.765,0,700
"2019-04-15 09:08:40.0",783581,-9999,89,-20.54,-20.54,-0.351,-9999,-9999,12.0416,40,39.92,17.44,-0.819,-0.89,-0.916,-0.856,-0.888,-0.876,-0.767,-0.811,-0.91,-0.914,-0.837,-0.872,-0.886,-0.785,-0.803,-0.872,-0.918,-0.843,-0.862,-0.872,-0.765,-0.809,-0.86,-0.916,-0.848,-0.864,-0.85,-0.773,0,0
"2019-04-15 09:09:00.0",783582,-9999,89,-20.47,-20.47,-0.35,-9999,-9999,12.0416,40,39.92,17.44,-0.815,-0.89,-0.916,-0.86,-0.874,-0.876,-0.744,-0.811,-0.9,-0.904,-0.843,-0.858,-0.845,-0.738,-0.807,-0.864,-0.9,-0.829,-0.854,-0.862,-0.773,-0.805,-0.878,-0.904,-0.839,-0.864,-0.843,-0.771,0,0
"2019-04-15 09:09:20.0",783583,-9999,89.1,-20.4,-20.4,-0.349,-9999,-9999,12.0416,39.99,39.92,17.44,-0.817,-0.872,-0.91,-0.85,-0.878,-0.854,-0.779,-0.807,-0.858,-0.9,-0.833,-0.843,-0.829,-0.787,-0.815,-0.894,-0.908,-0.835,-0.856,-0.827,-0.767,-0.805,-0.88,-0.898,-0.839,-0.86,-0.841,-0.767,0,0
"2019-04-15 09:09:40.0",783584,-9999,89.1,-20.33,-20.33,-0.347,-9999,-9999,12.0416,40.02,39.92,17.46,-0.819,-0.892,-0.922,-0.852,-0.858,-0.872,-0.773,-0.805,-0.888,-0.908,-0.839,-0.862,-0.878,-0.765,-0.809,-0.864,-0.906,-0.839,-0.882,-0.862,-0.761,-0.801,-0.898,-0.9,-0.837,-0.864,-0.843,-0.754,0,0
"2019-04-15 09:10:00.0",783585,-9999,89.1,-20.26,-20.26,-0.346,-9999,-9999,12.0472,40.02,39.92,17.49,-0.813,-0.914,-0.922,-0.852,-0.892,-0.878,-0.75,-0.805,-0.894,-0.908,-0.837,-0.848,-0.874,-0.756,-0.803,-0.866,-0.884,-0.866,-0.856,-0.829,-0.759,-0.805,-0.868,-0.906,-0.835,-0.862,-0.845,-0.736,0,700
"2019-04-15 09:10:20.0",783586,-9999,89.2,-20.19,-20.19,-0.345,-9999,-9999,12.0416,40.02,39.92,17.49,-0.813,-0.898,-0.912,-0.845,-0.864,-0.87,-0.777,-0.805,-0.874,-0.904,-0.835,-0.848,-0.85,-0.763,-0.805,-0.862,-0.922,-0.839,-0.882,-0.841,-0.759,-0.805,-0.894,-0.91,-0.839,-0.841,-0.848,-0.754,0,0
"2019-04-15 09:10:40.0",783587,-9999,89.2,-20.12,-20.12,-0.344,-9999,-9999,12.0416,40.02,39.92,17.49,-0.815,-0.872,-0.91,-0.843,-0.876,-0.872,-0.781,-0.803,-0.89,-0.918,-0.833,-0.856,-0.829,-0.752,-0.805,-0.872,-0.896,-0.835,-0.852,-0.823,-0.738,-0.801,-0.852,-0.878,-0.833,-0.848,-0.819,-0.724,0,0
"2019-04-15 09:11:00.0",783588,-9999,89.3,-20.05,-20.05,-0.343,-9999,-9999,12.0416,40.02,39.92,17.51,-0.811,-0.86,-0.904,-0.841,-0.858,-0.827,-0.759,-0.805,-0.892,-0.92,-0.829,-0.85,-0.86,-0.744,-0.793,-0.85,-0.896,-0.856,-0.858,-0.854,-0.722,-0.797,-0.89,-0.894,-0.837,-0.856,-0.852,-0.724,0,0
"2019-04-15 09:11:20.0",783589,-9999,89.3,-19.97,-19.97,-0.342,-9999,-9999,12.0416,40.02,39.92,17.51,-0.809,-0.886,-0.908,-0.85,-0.854,-0.85,-0.775,-0.797,-0.886,-0.9,-0.839,-0.858,-0.848,-0.736,-0.799,-0.9,-0.928,-0.833,-0.862,-0.864,-0.771,-0.799,-0.882,-0.91,-0.833,-0.858,-0.862,-0.767,0,0
"2019-04-15 09:11:40.0",783590,-9999,89.4,-19.9,-19.9,-0.34,-9999,-9999,12.0416,40.02,39.92,17.54,-0.809,-0.878,-0.9,-0.841,-0.87,-0.876,-0.75,-0.801,-0.88,-0.904,-0.831,-0.858,-0.86,-0.738,-0.797,-0.896,-0.9,-0.833,-0.854,-0.839,-0.763,-0.797,-0.882,-0.908,-0.819,-0.862,-0.831,-0.763,0,700
"2019-04-15 09:12:00.0",783591,-9999,89.4,-19.83,-19.83,-0.339,-9999,-9999,12.0472,40.02,39.92,17.54,-0.809,-0.906,-0.918,-0.845,-0.866,-0.868,-0.779,-0.797,-0.878,-0.908,-0.833,-0.852,-0.86,-0.734,-0.795,-0.868,-0.888,-0.821,-0.856,-0.833,-0.771,-0.801,-0.9,-0.906,-0.831,-0.878,-0.839,-0.769,0,0
"2019-04-15 09:12:20.0",783592,-9999,89.5,-19.76,-19.76,-0.338,-9999,-9999,12.0416,40.02,39.92,17.56,-0.803,-0.866,-0.912,-0.825,-0.88,-0.872,-0.761,-0.797,-0.892,-0.894,-0.852,-0.872,-0.848,-0.732,-0.791,-0.848,-0.894,-0.845,-0.848,-0.856,-0.767,-0.795,-0.892,-0.884,-0.827,-0.848,-0.862,-0.754,0,0
"2019-04-15 09:12:40.0",783593,-9999,89.5,-19.69,-19.69,-0.337,-9999,-9999,12.0416,40.02,39.92,17.56,-0.813,-0.876,-0.906,-0.835,-0.858,-0.841,-0.73,-0.799,-0.87,-0.888,-0.829,-0.841,-0.823,-0.765,-0.791,-0.888,-0.91,-0.823,-0.837,-0.829,-0.734,-0.795,-0.85,-0.89,-0.821,-0.845,-0.829,-0.716,0,0
"2019-04-15 09:13:00.0",783594,-9999,89.5,-19.62,-19.62,-0.336,-9999,-9999,12.0416,40.02,39.92,17.59,-0.801,-0.876,-0.904,-0.835,-0.882,-0.843,-0.744,-0.797,-0.845,-0.908,-0.833,-0.85,-0.821,-0.746,-0.791,-0.864,-0.9,-0.825,-0.823,-0.854,-0.726,-0.789,-0.892,-0.9,-0.831,-0.87,-0.833,-0.756,0,0
"2019-04-15 09:13:20.0",783595,-9999,89.6,-19.55,-19.55,-0.335,-9999,-9999,12.0528,40.02,39.92,17.59,-0.797,-0.866,-0.904,-0.841,-0.864,-0.845,-0.728,-0.787,-0.874,-0.9,-0.835,-0.831,-0.856,-0.75,-0.797,-0.892,-0.912,-0.831,-0.85,-0.817,-0.767,-0.783,-0.86,-0.9,-0.85,-0.852,-0.839,-0.756,0,700
"2019-04-15 09:13:40.0",783596,-9999,89.6,-19.48,-19.48,-0.333,-9999,-9999,12.0472,40.02,39.92,17.62,-0.799,-0.9,-0.914,-0.837,-0.86,-0.862,-0.767,-0.795,-0.843,-0.914,-0.827,-0.872,-0.839,-0.771,-0.789,-0.843,-0.89,-0.831,-0.848,-0.86,-0.724,-0.793,-0.886,-0.894,-0.823,-0.829,-0.819,-0.765,0,0
"2019-04-15 09:14:00.0",783597,-9999,89.7,-19.41,-19.41,-0.332,-9999,-9999,12.0361,40.02,39.92,17.62,-0.799,-0.884,-0.9,-0.837,-0.837,-0.841,-0.759,-0.791,-0.87,-0.914,-0.831,-0.848,-0.839,-0.75,-0.789,-0.888,-0.872,-0.823,-0.845,-0.833,-0.712,-0.785,-0.845,-0.892,-0.827,-0.85,-0.827,-0.756,0,0
"2019-04-15 09:14:20.0",783598,-9999,89.7,-19.34,-19.34,-0.331,-9999,-9999,12.0472,40.02,39.92,17.64,-0.801,-0.862,-0.884,-0.839,-0.856,-0.843,-0.73,-0.789,-0.85,-0.868,-0.825,-0.87,-0.831,-0.761,-0.789,-0.843,-0.896,-0.827,-0.837,-0.809,-0.724,-0.789,-0.884,-0.91,-0.823,-0.843,-0.811,-0.759,0,0
"2019-04-15 09:14:40.0",783599,-9999,89.8,-19.27,-19.27,-0.33,-9999,-9999,12.0416,40.02,39.92,17.64,-0.797,-0.882,-0.89,-0.825,-0.852,-0.854,-0.748,-0.783,-0.837,-0.89,-0.821,-0.839,-0.807,-0.756,-0.793,-0.858,-0.882,-0.819,-0.837,-0.841,-0.714,-0.787,-0.876,-0.888,-0.821,-0.837,-0.809,-0.748,0,0
"2019-04-15 09:15:00.0",783600,-9999,89.8,-19.2,-19.2,-0.329,-9999,-9999,12.0416,40.02,39.92,17.66,-0.797,-0.86,-0.902,-0.835,-0.856,-0.864,-0.763,-0.787,-0.88,-0.892,-0.823,-0.843,-0.827,-0.754,-0.785,-0.882,-0.874,-0.819,-0.823,-0.805,-0.75,-0.785,-0.848,-0.894,-0.819,-0.845,-0.829,-0.734,0,700
"2019-04-15 09:15:20.0",783601,-9999,89.9,-19.13,-19.13,-0.328,-9999,-9999,12.0416,40.02,39.92,17.69,-0.793,-0.88,-0.9,-0.823,-0.848,-0.833,-0.734,-0.781,-0.874,-0.876,-0.835,-0.833,-0.815,-0.754,-0.785,-0.87,-0.854,-0.813,-0.819,-0.835,-0.712,-0.787,-0.839,-0.882,-0.801,-0.86,-0.803,-0.744,0,0
"2019-04-15 09:15:40.0",783602,-9999,89.9,-19.06,-19.06,-0.327,-9999,-9999,12.0416,40.03,39.92,17.69,-0.795,-0.85,-0.896,-0.819,-0.845,-0.854,-0.722,-0.791,-0.843,-0.902,-0.815,-0.833,-0.843,-0.724,-0.781,-0.839,-0.878,-0.809,-0.837,-0.821,-0.728,-0.781,-0.858,-0.86,-0.809,-0.835,-0.841,-0.712,0,0
"2019-04-15 09:16:00.0",783603,-9999,89.9,-18.99,-18.99,-0.325,-9999,-9999,12.0416,40.05,39.92,17.69,-0.791,-0.835,-0.894,-0.823,-0.868,-0.809,-0.72,-0.775,-0.833,-0.88,-0.809,-0.833,-0.809,-0.722,-0.787,-0.841,-0.904,-0.817,-0.837,-0.839,-0.722,-0.777,-0.854,-0.872,-0.809,-0.839,-0.803,-0.712,0,0
"2019-04-15 09:16:20.0",783604,-9999,90,-18.92,-18.92,-0.324,-9999,-9999,12.0416,40.05,39.92,17.72,-0.791,-0.87,-0.906,-0.829,-0.845,-0.852,-0.718,-0.787,-0.866,-0.882,-0.817,-0.86,-0.809,-0.74,-0.779,-0.872,-0.884,-0.811,-0.856,-0.837,-0.708,-0.781,-0.843,-0.878,-0.817,-0.835,-0.803,-0.734,0,0
"2019-04-15 09:16:40.0",783605,-9999,90,-18.85,-18.85,-0.323,-9999,-9999,12.0472,40.03,39.92,17.74,-0.797,-0.86,-0.884,-0.819,-0.864,-0.831,-0.736,-0.787,-0.841,-0.878,-0.807,-0.852,-0.823,-0.752,-0.779,-0.827,-0.878,-0.811,-0.831,-0.801,-0.712,-0.777,-0.85,-0.878,-0.809,-0.827,-0.817,-0.738,0,700
"2019-04-15 09:17:00.0",783606,-9999,90.1,-18.78,-18.78,-0.322,-9999,-9999,12.0472,40.03,39.92,17.74,-0.795,-0.843,-0.908,-0.823,-0.841,-0.85,-0.746,-0.781,-0.874,-0.88,-0.809,-0.831,-0.821,-0.714,-0.777,-0.872,-0.874,-0.809,-0.831,-0.797,-0.724,-0.781,-0.833,-0.882,-0.807,-0.833,-0.815,-0.706,0,0
"2019-04-15 09:17:20.0",783607,-9999,90.1,-18.7,-18.7,-0.321,-9999,-9999,12.0472,40.05,39.92,17.77,-0.793,-0.886,-0.898,-0.825,-0.841,-0.852,-0.722,-0.779,-0.856,-0.91,-0.809,-0.839,-0.85,-0.761,-0.775,-0.854,-0.882,-0.815,-0.862,-0.819,-0.75,-0.777,-0.86,-0.86,-0.815,-0.843,-0.811,-0.726,0,0
"2019-04-15 09:17:40.0",783608,-9999,90.2,-18.63,-18.63,-0.32,-9999,-9999,12.0416,40.05,39.92,17.77,-0.791,-0.845,-0.882,-0.803,-0.837,-0.819,-0.714,-0.777,-0.852,-0.874,-0.807,-0.827,-0.819,-0.732,-0.777,-0.848,-0.876,-0.795,-0.827,-0.807,-0.722,-0.775,-0.848,-0.9,-0.805,-0.856,-0.809,-0.718,0,0
"2019-04-15 09:18:00.0",783609,-9999,90.2,-18.56,-18.56,-0.318,-9999,-9999,12.0416,40.05,39.92,17.79,-0.791,-0.888,-0.89,-0.823,-0.852,-0.809,-0.736,-0.779,-0.874,-0.874,-0.815,-0.831,-0.809,-0.754,-0.777,-0.866,-0.878,-0.811,-0.831,-0.833,-0.734,-0.773,-0.85,-0.886,-0.811,-0.854,-0.805,-0.722,0,0
"2019-04-15 09:18:20.0",783610,-9999,90.3,-18.49,-18.49,-0.317,-9999,-9999,12.0472,40.05,39.92,17.79,-0.781,-0.876,-0.902,-0.817,-0.85,-0.811,-0.714,-0.779,-0.829,-0.876,-0.811,-0.813,-0.805,-0.736,-0.779,-0.854,-0.882,-0.813,-0.815,-0.833,-0.74,-0.775,-0.833,-0.876,-0.807,-0.839,-0.803,-0.704,0,700
"2019-04-15 09:18:40.0",783611,-9999,90.3,-18.42,-18.42,-0.316,-9999,-9999,12.0472,40.05,39.92,17.82,-0.785,-0.835,-0.894,-0.819,-0.839,-0.813,-0.714,-0.779,-0.823,-0.88,-0.807,-0.831,-0.799,-0.726,-0.777,-0.821,-0.878,-0.805,-0.831,-0.791,-0.724,-0.771,-0.831,-0.9,-0.811,-0.829,-0.809,-0.712,0,0
"2019-04-15 09:19:00.0",783612,-9999,90.3,-18.35,-18.35,-0.315,-9999,-9999,12.0472,40.04,39.92,17.84,-0.799,-0.839,-0.894,-0.827,-0.85,-0.817,-0.736,-0.781,-0.848,-0.864,-0.813,-0.839,-0.841,-0.716,-0.777,-0.837,-0.876,-0.817,-0.835,-0.823,-0.726,-0.779,-0.843,-0.886,-0.813,-0.833,-0.805,-0.726,0,0
"2019-04-15 09:19:20.0",783613,-9999,90.4,-18.28,-18.28,-0.314,-9999,-9999,12.0472,40.02,39.92,17.84,-0.791,-0.841,-0.882,-0.821,-0.823,-0.845,-0.734,-0.779,-0.85,-0.856,-0.833,-0.835,-0.821,-0.742,-0.779,-0.839,-0.864,-0.811,-0.817,-0.797,-0.732,-0.779,-0.837,-0.878,-0.815,-0.833,-0.835,-0.71,0,0
"2019-04-15 09:19:40.0",783614,-9999,90.4,-18.21,-18.21,-0.313,-9999,-9999,12.0472,40.04,39.92,17.87,-0.787,-0.882,-0.92,-0.833,-0.848,-0.815,-0.736,-0.779,-0.874,-0.86,-0.807,-0.839,-0.841,-0.728,-0.777,-0.866,-0.86,-0.805,-0.831,-0.833,-0.74,-0.781,-0.864,-0.878,-0.809,-0.858,-0.797,-0.706,0,0
"2019-04-15 09:20:00.0",783615,-9999,90.5,-18.14,-18.14,-0.311,-9999,-9999,12.0472,40.04,39.92,17.87,-0.787,-0.866,-0.894,-0.827,-0.852,-0.856,-0.761,-0.781,-0.848,-0.874,-0.797,-0.843,-0.809,-0.756,-0.777,-0.829,-0.9,-0.811,-0.815,-0.817,-0.708,-0.779,-0.856,-0.88,-0.811,-0.831,-0.809,-0.73,0,700
"2019-04-15 09:20:20.0",783616,-9999,90.5,-18.07,-18.07,-0.31,-9999,-9999,12.0416,40.02,39.92,17.89,-0.787,-0.843,-0.89,-0.821,-0.845,-0.815,-0.752,-0.781,-0.843,-0.888,-0.819,-0.835,-0.815,-0.763,-0.781,-0.841,-0.888,-0.815,-0.839,-0.848,-0.71,-0.783,-0.841,-0.896,-0.819,-0.839,-0.823,-0.72,0,0
"2019-04-15 09:20:40.0",783617,-9999,90.6,-18,-18,-0.309,-9999,-9999,12.0472,40.04,39.91,17.89,-0.791,-0.88,-0.908,-0.817,-0.841,-0.85,-0.754,-0.783,-0.874,-0.882,-0.815,-0.835,-0.823,-0.72,-0.781,-0.876,-0.882,-0.811,-0.829,-0.799,-0.718,-0.779,-0.862,-0.874,-0.811,-0.839,-0.839,-0.736,0,0
"2019-04-15 09:21:00.0",783618,-9999,90.6,-17.93,-17.93,-0.308,-9999,-9999,12.0472,40.04,39.91,17.92,-0.789,-0.888,-0.896,-0.823,-0.856,-0.823,-0.748,-0.779,-0.872,-0.884,-0.835,-0.831,-0.821,-0.728,-0.779,-0.874,-0.876,-0.813,-0.839,-0.797,-0.742,-0.779,-0.872,-0.9,-0.815,-0.831,-0.837,-0.722,0,0
"2019-04-15 09:21:20.0",783619,-9999,90.7,-17.86,-17.86,-0.307,-9999,-9999,12.0416,40.02,39.91,17.95,-0.797,-0.89,-0.888,-0.827,-0.845,-0.856,-0.724,-0.779,-0.872,-0.868,-0.815,-0.841,-0.811,-0.754,-0.775,-0.874,-0.862,-0.815,-0.833,-0.841,-0.712,-0.783,-0.87,-0.882,-0.817,-0.839,-0.821,-0.744,0,0
"2019-04-15 09:21:40.0",783620,-9999,90.7,-17.79,-17.79,-0.305,-9999,-9999,12.0472,40.04,39.91,17.95,-0.791,-0.86,-0.9,-0.819,-0.843,-0.85,-0.759,-0.775,-0.86,-0.884,-0.819,-0.821,-0.827,-0.746,-0.779,-0.856,-0.88,-0.843,-0.841,-0.807,-0.732,-0.777,-0.86,-0.892,-0.801,-0.821,-0.841,-0.746,0,700
"2019-04-15 09:22:00.0",783621,-9999,90.7,-17.72,-17.72,-0.304,-9999,-9999,12.0472,40.04,39.91,17.97,-0.785,-0.882,-0.896,-0.819,-0.845,-0.813,-0.752,-0.777,-0.868,-0.874,-0.815,-0.827,-0.825,-0.714,-0.777,-0.852,-0.872,-0.811,-0.854,-0.831,-0.728,-0.779,-0.868,-0.882,-0.811,-0.831,-0.811,-0.742,0,0
"2019-04-15 09:22:20.0",783622,-9999,90.8,-17.65,-17.65,-0.303,-9999,-9999,12.0472,40.04,39.92,17.97,-0.787,-0.839,-0.896,-0.845,-0.845,-0.809,-0.73,-0.779,-0.854,-0.878,-0.819,-0.827,-0.839,-0.718,-0.775,-0.872,-0.876,-0.807,-0.839,-0.835,-0.722,-0.779,-0.829,-0.902,-0.835,-0.833,-0.801,-0.7,0,0
"2019-04-15 09:22:40.0",783623,-9999,90.8,-17.58,-17.58,-0.302,-9999,-9999,12.0472,40.04,39.92,17.99,-0.787,-0.866,-0.9,-0.821,-0.862,-0.85,-0.734,-0.775,-0.837,-0.88,-0.811,-0.815,-0.817,-0.746,-0.775,-0.852,-0.878,-0.809,-0.839,-0.835,-0.742,-0.771,-0.829,-0.882,-0.813,-0.825,-0.843,-0.706,0,0
"2019-04-15 09:23:00.0",783624,-9999,90.9,-17.51,-17.51,-0.301,-9999,-9999,12.0472,40.04,39.92,17.99,-0.787,-0.86,-0.88,-0.817,-0.835,-0.825,-0.712,-0.777,-0.841,-0.88,-0.813,-0.835,-0.823,-0.75,-0.775,-0.864,-0.878,-0.817,-0.821,-0.819,-0.746,-0.773,-0.835,-0.882,-0.817,-0.815,-0.805,-0.708,0,0
"2019-04-15 09:23:20.0",783625,-9999,90.9,-17.43,-17.43,-0.3,-9999,-9999,12.0472,40.04,39.92,18.02,-0.791,-0.843,-0.888,-0.823,-0.831,-0.847,-0.718,-0.777,-0.829,-0.896,-0.811,-0.854,-0.843,-0.748,-0.777,-0.854,-0.874,-0.811,-0.827,-0.815,-0.71,-0.769,-0.837,-0.9,-0.807,-0.831,-0.799,-0.726,0,700
"2019-04-15 09:23:40.0",783626,-9999,91,-17.36,-17.36,-0.298,-9999,-9999,12.0416,40.04,39.92,18.05,-0.785,-0.866,-0.916,-0.827,-0.841,-0.811,-0.75,-0.783,-0.833,-0.882,-0.811,-0.833,-0.823,-0.734,-0.777,-0.854,-0.88,-0.811,-0.856,-0.817,-0.738,-0.777,-0.841,-0.88,-0.795,-0.854,-0.819,-0.706,0,0
"2019-04-15 09:24:00.0",783627,-9999,91,-17.29,-17.29,-0.297,-9999,-9999,12.0472,40.04,39.92,18.05,-0.781,-0.837,-0.892,-0.815,-0.839,-0.827,-0.748,-0.771,-0.862,-0.862,-0.807,-0.827,-0.795,-0.716,-0.773,-0.866,-0.874,-0.833,-0.845,-0.831,-0.726,-0.773,-0.858,-0.876,-0.811,-0.821,-0.813,-0.734,0,0
"2019-04-15 09:24:20.0",783628,-9999,91,-17.22,-17.22,-0.296,-9999,-9999,12.0472,40.04,39.92,18.07,-0.787,-0.862,-0.888,-0.819,-0.847,-0.841,-0.732,-0.779,-0.854,-0.878,-0.811,-0.827,-0.807,-0.718,-0.779,-0.85,-0.88,-0.805,-0.85,-0.805,-0.71,-0.773,-0.841,-0.85,-0.805,-0.845,-0.815,-0.744,0,0
"2019-04-15 09:24:40.0",783629,-9999,91.1,-17.15,-17.15,-0.295,-9999,-9999,12.0472,40.04,39.92,18.07,-0.783,-0.858,-0.888,-0.823,-0.841,-0.845,-0.712,-0.779,-0.835,-0.876,-0.809,-0.819,-0.835,-0.742,-0.771,-0.86,-0.876,-0.807,-0.821,-0.821,-0.742,-0.775,-0.85,-0.876,-0.809,-0.823,-0.795,-0.688,0,0
"2019-04-15 09:25:00.0",783630,-9999,91.1,-17.08,-17.08,-0.294,-9999,-9999,12.0472,40.04,39.92,18.1,-0.779,-0.854,-0.878,-0.815,-0.831,-0.805,-0.742,-0.773,-0.86,-0.841,-0.803,-0.843,-0.833,-0.71,-0.769,-0.862,-0.868,-0.799,-0.807,-0.825,-0.704,-0.771,-0.862,-0.87,-0.801,-0.805,-0.793,-0.712,0,700
"2019-04-15 09:25:20.0",783631,-9999,91.2,-17.01,-17.01,-0.293,-9999,-9999,12.0416,40.04,39.92,18.1,-0.779,-0.85,-0.888,-0.819,-0.839,-0.813,-0.734,-0.771,-0.856,-0.866,-0.807,-0.85,-0.837,-0.746,-0.767,-0.825,-0.87,-0.803,-0.823,-0.827,-0.738,-0.767,-0.823,-0.872,-0.803,-0.807,-0.791,-0.694,0,0
"2019-04-15 09:25:40.0",783632,-9999,91.2,-16.94,-16.94,-0.291,-9999,-9999,12.0472,40.04,39.91,18.12,-0.783,-0.882,-0.884,-0.815,-0.864,-0.829,-0.746,-0.771,-0.831,-0.882,-0.809,-0.813,-0.833,-0.748,-0.769,-0.866,-0.882,-0.807,-0.823,-0.805,-0.72,-0.769,-0.872,-0.898,-0.805,-0.833,-0.811,-0.7,0,0
"2019-04-15 09:26:00.0",783633,-9999,91.3,-16.87,-16.87,-0.29,-9999,-9999,12.0361,40.04,39.91,18.15,-0.779,-0.839,-0.878,-0.813,-0.831,-0.815,-0.746,-0.775,-0.856,-0.876,-0.799,-0.835,-0.839,-0.744,-0.775,-0.831,-0.852,-0.807,-0.823,-0.827,-0.746,-0.771,-0.825,-0.856,-0.807,-0.827,-0.809,-0.698,0,0
"2019-04-15 09:26:20.0",783634,-9999,91.3,-16.8,-16.8,-0.289,-9999,-9999,12.0416,40.04,39.91,18.15,-0.783,-0.833,-0.88,-0.813,-0.833,-0.839,-0.72,-0.771,-0.845,-0.868,-0.803,-0.821,-0.813,-0.73,-0.767,-0.868,-0.892,-0.799,-0.823,-0.801,-0.72,-0.775,-0.866,-0.894,-0.783,-0.845,-0.791,-0.732,0,0
"2019-04-15 09:26:40.0",783635,-9999,91.4,-16.73,-16.73,-0.288,-9999,-9999,12.0528,40.04,39.91,18.17,-0.779,-0.835,-0.876,-0.809,-0.841,-0.801,-0.724,-0.769,-0.819,-0.862,-0.779,-0.819,-0.825,-0.738,-0.767,-0.862,-0.837,-0.799,-0.819,-0.821,-0.732,-0.767,-0.862,-0.841,-0.797,-0.801,-0.801,-0.696,0,700
"2019-04-15 09:27:00.0",783636,-9999,91.4,-16.66,-16.66,-0.287,-9999,-9999,12.0416,40.04,39.91,18.17,-0.775,-0.864,-0.9,-0.817,-0.831,-0.809,-0.734,-0.765,-0.827,-0.874,-0.801,-0.827,-0.835,-0.7,-0.765,-0.86,-0.866,-0.797,-0.819,-0.827,-0.694,-0.765,-0.86,-0.868,-0.797,-0.825,-0.827,-0.714,0,0
"2019-04-15 09:27:20.0",783637,-9999,91.4,-16.59,-16.59,-0.285,-9999,-9999,12.0472,40.05,39.91,18.23,-0.773,-0.847,-0.898,-0.833,-0.837,-0.819,-0.702,-0.769,-0.85,-0.862,-0.807,-0.829,-0.813,-0.732,-0.763,-0.827,-0.854,-0.803,-0.823,-0.813,-0.716,-0.763,-0.831,-0.85,-0.801,-0.845,-0.793,-0.71,0,0
"2019-04-15 09:27:40.0",783638,-9999,91.5,-16.52,-16.52,-0.284,-9999,-9999,12.0472,40.05,39.91,18.25,-0.781,-0.835,-0.872,-0.813,-0.829,-0.837,-0.704,-0.771,-0.866,-0.843,-0.807,-0.811,-0.799,-0.722,-0.765,-0.845,-0.872,-0.803,-0.823,-0.789,-0.714,-0.771,-0.841,-0.866,-0.803,-0.821,-0.791,-0.732,0,0
"2019-04-15 09:28:00.0",783639,-9999,91.5,-16.45,-16.45,-0.283,-9999,-9999,12.0416,40.05,39.91,18.25,-0.779,-0.835,-0.896,-0.809,-0.85,-0.835,-0.72,-0.765,-0.862,-0.874,-0.803,-0.827,-0.813,-0.714,-0.765,-0.845,-0.878,-0.803,-0.819,-0.805,-0.72,-0.763,-0.843,-0.866,-0.795,-0.843,-0.809,-0.714,0,0
"2019-04-15 09:28:20.0",783640,-9999,91.6,-16.38,-16.38,-0.282,-9999,-9999,12.0472,40.05,39.91,18.28,-0.777,-0.858,-0.88,-0.809,-0.829,-0.801,-0.734,-0.763,-0.86,-0.874,-0.801,-0.823,-0.791,-0.708,-0.761,-0.847,-0.868,-0.811,-0.821,-0.795,-0.696,-0.763,-0.847,-0.89,-0.799,-0.805,-0.791,-0.694,0,700
"2019-04-15 09:28:40.0",783641,-9999,91.6,-16.31,-16.31,-0.281,-9999,-9999,12.0416,40.05,39.91,18.28,-0.775,-0.829,-0.884,-0.797,-0.823,-0.837,-0.74,-0.765,-0.858,-0.872,-0.805,-0.829,-0.815,-0.716,-0.765,-0.839,-0.872,-0.805,-0.823,-0.805,-0.704,-0.765,-0.823,-0.878,-0.805,-0.821,-0.799,-0.706,0,0
"2019-04-15 09:29:00.0",783642,-9999,91.7,-16.24,-16.24,-0.28,-9999,-9999,12.0472,40.05,39.91,18.3,-0.773,-0.845,-0.884,-0.815,-0.837,-0.845,-0.724,-0.763,-0.847,-0.892,-0.803,-0.823,-0.799,-0.748,-0.765,-0.833,-0.874,-0.809,-0.829,-0.791,-0.734,-0.771,-0.821,-0.874,-0.801,-0.827,-0.807,-0.738,0,0
"2019-04-15 09:29:20.0",783643,-9999,91.7,-16.17,-16.17,-0.278,-9999,-9999,12.0416,40.05,39.91,18.33,-0.773,-0.862,-0.874,-0.837,-0.831,-0.827,-0.732,-0.769,-0.831,-0.874,-0.805,-0.815,-0.801,-0.748,-0.775,-0.864,-0.87,-0.805,-0.829,-0.831,-0.74,-0.767,-0.86,-0.872,-0.803,-0.843,-0.831,-0.744,0,0
"2019-04-15 09:29:40.0",783644,-9999,91.8,-16.1,-16.1,-0.277,-9999,-9999,12.0416,40.05,39.91,18.33,-0.781,-0.87,-0.884,-0.815,-0.823,-0.799,-0.73,-0.765,-0.827,-0.872,-0.801,-0.823,-0.815,-0.75,-0.767,-0.86,-0.868,-0.797,-0.821,-0.809,-0.74,-0.771,-0.87,-0.864,-0.797,-0.827,-0.795,-0.702,0,0
"2019-04-15 09:30:00.0",783645,-9999,91.8,-16.02,-16.02,-0.276,-9999,-9999,12.0472,40.05,39.91,18.35,-0.779,-0.856,-0.886,-0.819,-0.825,-0.803,-0.74,-0.767,-0.833,-0.85,-0.799,-0.807,-0.795,-0.706,-0.769,-0.862,-0.864,-0.827,-0.829,-0.787,-0.71,-0.769,-0.868,-0.89,-0.795,-0.843,-0.789,-0.72,0,700
"2019-04-15 09:30:20.0",783646,-9999,91.8,-15.95,-15.95,-0.275,-9999,-9999,12.0416,40.05,39.91,18.35,-0.779,-0.86,-0.888,-0.813,-0.835,-0.803,-0.726,-0.771,-0.872,-0.88,-0.829,-0.827,-0.815,-0.71,-0.769,-0.85,-0.876,-0.805,-0.825,-0.807,-0.702,-0.771,-0.858,-0.866,-0.805,-0.831,-0.815,-0.726,0,0
"2019-04-15 09:30:40.0",783647,-9999,91.9,-15.88,-15.88,-0.274,-9999,-9999,12.0416,40.05,39.91,18.38,-0.783,-0.837,-0.898,-0.813,-0.835,-0.833,-0.734,-0.771,-0.843,-0.876,-0.807,-0.847,-0.797,-0.718,-0.769,-0.819,-0.87,-0.803,-0.807,-0.793,-0.722,-0.775,-0.825,-0.87,-0.785,-0.831,-0.829,-0.718,0,0
"2019-04-15 09:31:00.0",783648,-9999,91.9,-15.81,-15.81,-0.273,-9999,-9999,12.0472,40.05,39.91,18.38,-0.781,-0.86,-0.884,-0.815,-0.858,-0.809,-0.714,-0.771,-0.835,-0.888,-0.803,-0.823,-0.795,-0.742,-0.769,-0.821,-0.87,-0.787,-0.821,-0.791,-0.738,-0.771,-0.86,-0.868,-0.825,-0.823,-0.789,-0.732,0,0
"2019-04-15 09:31:20.0",783649,-9999,92,-15.74,-15.74,-0.271,-9999,-9999,12.0472,40.05,39.91,18.4,-0.775,-0.882,-0.868,-0.813,-0.837,-0.825,-0.732,-0.771,-0.841,-0.898,-0.811,-0.823,-0.839,-0.74,-0.769,-0.825,-0.878,-0.801,-0.839,-0.831,-0.724,-0.771,-0.88,-0.87,-0.809,-0.856,-0.811,-0.702,0,0
"2019-04-15 09:31:40.0",783650,-9999,92,-15.67,-15.67,-0.27,-9999,-9999,12.0416,40.05,39.91,18.4,-0.781,-0.835,-0.88,-0.793,-0.864,-0.819,-0.72,-0.769,-0.868,-0.856,-0.807,-0.835,-0.839,-0.738,-0.769,-0.852,-0.88,-0.805,-0.831,-0.839,-0.726,-0.771,-0.854,-0.872,-0.803,-0.827,-0.835,-0.732,0,700
"2019-04-15 09:32:00.0",783651,-9999,92.1,-15.6,-15.6,-0.269,-9999,-9999,12.0416,40.05,39.91,18.43,-0.781,-0.854,-0.888,-0.809,-0.835,-0.841,-0.748,-0.775,-0.868,-0.882,-0.809,-0.813,-0.801,-0.736,-0.771,-0.852,-0.858,-0.819,-0.827,-0.795,-0.726,-0.775,-0.856,-0.854,-0.807,-0.825,-0.797,-0.722,0,0
"2019-04-15 09:32:20.0",783652,-9999,92.1,-15.53,-15.53,-0.268,-9999,-9999,12.0472,40.05,39.91,18.46,-0.779,-0.852,-0.904,-0.819,-0.835,-0.807,-0.742,-0.769,-0.833,-0.876,-0.807,-0.811,-0.821,-0.754,-0.773,-0.876,-0.876,-0.811,-0.835,-0.813,-0.746,-0.771,-0.868,-0.874,-0.809,-0.825,-0.795,-0.702,0,0
"2019-04-15 09:32:40.0",783653,-9999,92.1,-15.46,-15.46,-0.267,-9999,-9999,12.0472,40.05,39.91,18.46,-0.789,-0.837,-0.888,-0.817,-0.839,-0.845,-0.72,-0.775,-0.868,-0.874,-0.813,-0.811,-0.837,-0.748,-0.767,-0.85,-0.856,-0.791,-0.833,-0.831,-0.744,-0.771,-0.852,-0.876,-0.831,-0.829,-0.837,-0.708,0,0
"2019-04-15 09:33:00.0",783654,-9999,92.2,-15.39,-15.39,-0.265,-9999,-9999,12.0472,40.05,39.91,18.48,-0.781,-0.864,-0.908,-0.819,-0.839,-0.845,-0.732,-0.777,-0.821,-0.872,-0.809,-0.831,-0.801,-0.73,-0.779,-0.87,-0.896,-0.809,-0.833,-0.795,-0.722,-0.773,-0.87,-0.896,-0.805,-0.821,-0.829,-0.73,0,0
"2019-04-15 09:33:20.0",783655,-9999,92.2,-15.32,-15.32,-0.264,-9999,-9999,12.0472,40.05,39.91,18.48,-0.777,-0.833,-0.884,-0.839,-0.817,-0.837,-0.708,-0.773,-0.866,-0.866,-0.801,-0.811,-0.835,-0.734,-0.775,-0.868,-0.874,-0.829,-0.827,-0.831,-0.732,-0.767,-0.847,-0.872,-0.801,-0.827,-0.827,-0.73,0,700
"2019-04-15 09:33:40.0",783656,-9999,92.3,-15.25,-15.25,-0.263,-9999,-9999,12.0472,40.05,39.91,18.51,-0.785,-0.85,-0.886,-0.823,-0.847,-0.829,-0.716,-0.775,-0.87,-0.874,-0.815,-0.85,-0.807,-0.718,-0.775,-0.858,-0.888,-0.813,-0.833,-0.799,-0.714,-0.771,-0.852,-0.876,-0.813,-0.809,-0.835,-0.722,0,0
"2019-04-15 09:34:00.0",783657,-9999,92.3,-15.18,-15.18,-0.262,-9999,-9999,12.0472,40.05,39.91,18.53,-0.783,-0.882,-0.888,-0.821,-0.839,-0.827,-0.702,-0.773,-0.876,-0.876,-0.829,-0.845,-0.803,-0.712,-0.771,-0.852,-0.876,-0.805,-0.815,-0.793,-0.7,-0.777,-0.852,-0.852,-0.807,-0.813,-0.827,-0.716,0,0
"2019-04-15 09:34:20.0",783658,-9999,92.4,-15.11,-15.11,-0.261,-9999,-9999,12.0416,40.05,39.91,18.53,-0.783,-0.858,-0.868,-0.819,-0.839,-0.852,-0.712,-0.777,-0.852,-0.858,-0.805,-0.827,-0.835,-0.708,-0.781,-0.862,-0.872,-0.801,-0.825,-0.831,-0.724,-0.775,-0.868,-0.88,-0.811,-0.825,-0.833,-0.72,0,0
"2019-04-15 09:34:40.0",783659,-9999,92.4,-15.04,-15.04,-0.259,-9999,-9999,12.0472,40.05,39.91,18.53,-0.791,-0.854,-0.888,-0.823,-0.839,-0.827,-0.738,-0.777,-0.831,-0.888,-0.819,-0.831,-0.827,-0.738,-0.777,-0.837,-0.88,-0.813,-0.815,-0.797,-0.728,-0.773,-0.833,-0.876,-0.843,-0.815,-0.805,-0.748,0,0
"2019-04-15 09:35:00.0",783660,-9999,92.5,-14.97,-14.97,-0.258,-9999,-9999,12.0416,40.05,39.91,18.56,-0.789,-0.849,-0.878,-0.825,-0.837,-0.809,-0.756,-0.779,-0.839,-0.878,-0.813,-0.831,-0.819,-0.754,-0.775,-0.86,-0.876,-0.835,-0.827,-0.815,-0.748,-0.771,-0.849,-0.884,-0.809,-0.825,-0.799,-0.706,0,700
"2019-04-15 09:35:20.0",783661,-9999,92.5,-14.9,-14.9,-0.257,-9999,-9999,12.0416,40.05,39.91,18.58,-0.791,-0.837,-0.888,-0.819,-0.843,-0.807,-0.71,-0.775,-0.829,-0.88,-0.809,-0.856,-0.833,-0.744,-0.771,-0.831,-0.89,-0.815,-0.815,-0.829,-0.736,-0.777,-0.831,-0.876,-0.807,-0.827,-0.815,-0.702,0,0
"2019-04-15 09:35:40.0",783662,-9999,92.5,-14.83,-14.83,-0.256,-9999,-9999,12.0472,40.05,39.91,18.58,-0.785,-0.864,-0.89,-0.821,-0.864,-0.847,-0.736,-0.775,-0.876,-0.882,-0.831,-0.835,-0.807,-0.76,-0.775,-0.852,-0.88,-0.815,-0.835,-0.837,-0.75,-0.775,-0.854,-0.91,-0.811,-0.831,-0.839,-0.71,0,0
"2019-04-15 09:36:00.0",783663,-9999,92.6,-14.76,-14.76,-0.255,-9999,-9999,12.0472,40.05,39.91,18.58,-0.795,-0.856,-0.888,-0.843,-0.847,-0.817,-0.74,-0.775,-0.852,-0.86,-0.811,-0.839,-0.813,-0.75,-0.777,-0.86,-0.882,-0.815,-0.833,-0.807,-0.714,-0.785,-0.86,-0.888,-0.831,-0.837,-0.843,-0.73,0,0
"2019-04-15 09:36:20.0",783664,-9999,92.6,-14.68,-14.68,-0.254,-9999,-9999,12.0416,40.05,39.91,18.61,-0.787,-0.884,-0.884,-0.819,-0.841,-0.809,-0.716,-0.779,-0.833,-0.878,-0.809,-0.829,-0.819,-0.738,-0.773,-0.819,-0.9,-0.805,-0.813,-0.793,-0.724,-0.785,-0.835,-0.874,-0.809,-0.833,-0.843,-0.742,0,0
"2019-04-15 09:36:40.0",783665,-9999,92.7,-14.61,-14.61,-0.252,-9999,-9999,12.0472,40.05,39.91,18.61,-0.787,-0.872,-0.89,-0.829,-0.843,-0.831,-0.752,-0.779,-0.878,-0.886,-0.799,-0.829,-0.807,-0.718,-0.775,-0.858,-0.878,-0.831,-0.807,-0.803,-0.706,-0.783,-0.847,-0.876,-0.813,-0.813,-0.831,-0.718,0,700
"2019-04-15 09:37:00.0",783666,-9999,92.7,-14.54,-14.54,-0.251,-9999,-9999,12.0416,40.05,39.91,18.64,-0.791,-0.835,-0.894,-0.827,-0.845,-0.829,-0.748,-0.779,-0.864,-0.884,-0.813,-0.862,-0.843,-0.716,-0.785,-0.843,-0.878,-0.819,-0.837,-0.819,-0.738,-0.779,-0.835,-0.882,-0.811,-0.839,-0.805,-0.74,0,0
"2019-04-15 09:37:20.0",783667,-9999,92.8,-14.47,-14.47,-0.25,-9999,-9999,12.0472,40.05,39.91,18.64,-0.797,-0.878,-0.906,-0.823,-0.849,-0.827,-0.71,-0.779,-0.841,-0.89,-0.833,-0.833,-0.829,-0.744,-0.783,-0.837,-0.886,-0.817,-0.854,-0.823,-0.75,-0.783,-0.835,-0.89,-0.813,-0.864,-0.799,-0.718,0,0
"2019-04-15 09:37:40.0",783668,-9999,92.8,-14.4,-14.4,-0.249,-9999,-9999,12.0472,40.05,39.91,18.66,-0.791,-0.872,-0.892,-0.825,-0.841,-0.813,-0.722,-0.779,-0.864,-0.89,-0.821,-0.839,-0.825,-0.738,-0.779,-0.878,-0.866,-0.813,-0.829,-0.803,-0.744,-0.779,-0.882,-0.892,-0.815,-0.837,-0.827,-0.71,0,0
"2019-04-15 09:38:00.0",783669,-9999,92.8,-14.33,-14.33,-0.248,-9999,-9999,12.0416,40.05,39.91,18.66,-0.787,-0.86,-0.888,-0.821,-0.839,-0.831,-0.738,-0.779,-0.831,-0.88,-0.809,-0.864,-0.807,-0.754,-0.777,-0.868,-0.876,-0.809,-0.815,-0.817,-0.71,-0.779,-0.858,-0.886,-0.811,-0.813,-0.833,-0.72,0,0
"2019-04-15 09:38:20.0",783670,-9999,92.9,-14.26,-14.26,-0.246,-9999,-9999,12.0416,40.05,39.91,18.69,-0.799,-0.886,-0.888,-0.827,-0.831,-0.827,-0.72,-0.783,-0.856,-0.88,-0.833,-0.835,-0.807,-0.763,-0.779,-0.862,-0.886,-0.811,-0.831,-0.805,-0.708,-0.777,-0.852,-0.876,-0.811,-0.841,-0.839,-0.724,0,700
"2019-04-15 09:38:40.0",783671,-9999,92.9,-14.19,-14.19,-0.245,-9999,-9999,12.0472,40.05,39.91,18.69,-0.791,-0.854,-0.91,-0.817,-0.847,-0.815,-0.758,-0.779,-0.874,-0.89,-0.819,-0.841,-0.823,-0.72,-0.779,-0.852,-0.89,-0.813,-0.815,-0.827,-0.708,-0.775,-0.862,-0.886,-0.815,-0.819,-0.805,-0.728,0,0
"2019-04-15 09:39:00.0",783672,-9999,93,-14.12,-14.12,-0.244,-9999,-9999,12.0472,40.05,39.91,18.69,-0.791,-0.89,-0.912,-0.823,-0.866,-0.817,-0.714,-0.779,-0.835,-0.886,-0.813,-0.833,-0.809,-0.754,-0.775,-0.835,-0.87,-0.807,-0.829,-0.815,-0.746,-0.783,-0.837,-0.884,-0.809,-0.827,-0.827,-0.71,0,0
"2019-04-15 09:39:20.0",783673,-9999,93,-14.05,-14.05,-0.243,-9999,-9999,12.0416,40.05,39.91,18.71,-0.791,-0.837,-0.89,-0.825,-0.854,-0.851,-0.736,-0.785,-0.851,-0.882,-0.819,-0.841,-0.845,-0.724,-0.777,-0.866,-0.88,-0.809,-0.839,-0.843,-0.716,-0.779,-0.856,-0.906,-0.817,-0.835,-0.823,-0.742,0,0
"2019-04-15 09:39:40.0",783674,-9999,93.1,-13.98,-13.98,-0.242,-9999,-9999,12.0472,40.05,39.91,18.71,-0.791,-0.864,-0.896,-0.807,-0.841,-0.845,-0.71,-0.777,-0.837,-0.886,-0.813,-0.837,-0.821,-0.763,-0.779,-0.878,-0.882,-0.815,-0.825,-0.827,-0.706,-0.777,-0.868,-0.892,-0.813,-0.841,-0.811,-0.724,0,0
"2019-04-15 09:40:00.0",783675,-9999,93.1,-13.91,-13.91,-0.24,-9999,-9999,12.0416,40.05,39.91,18.74,-0.791,-0.878,-0.876,-0.815,-0.847,-0.811,-0.718,-0.779,-0.837,-0.872,-0.811,-0.831,-0.811,-0.75,-0.779,-0.837,-0.896,-0.807,-0.835,-0.817,-0.726,-0.779,-0.845,-0.874,-0.811,-0.839,-0.813,-0.728,0,700
"2019-04-15 09:40:20.0",783676,-9999,93.1,-13.84,-13.84,-0.239,-9999,-9999,12.0472,40.05,39.91,18.74,-0.787,-0.882,-0.894,-0.821,-0.845,-0.837,-0.714,-0.785,-0.837,-0.898,-0.827,-0.829,-0.823,-0.752,-0.781,-0.833,-0.88,-0.811,-0.815,-0.801,-0.738,-0.779,-0.837,-0.898,-0.807,-0.813,-0.837,-0.702,0,0
"2019-04-15 09:40:40.0",783677,-9999,93.2,-13.77,-13.77,-0.238,-9999,-9999,12.0472,40.05,39.91,18.77,-0.787,-0.878,-0.886,-0.825,-0.841,-0.845,-0.722,-0.779,-0.856,-0.886,-0.817,-0.837,-0.847,-0.748,-0.777,-0.845,-0.878,-0.819,-0.819,-0.817,-0.73,-0.777,-0.858,-0.888,-0.815,-0.841,-0.807,-0.722,0,0
"2019-04-15 09:41:00.0",783678,-9999,93.2,-13.7,-13.7,-0.237,-9999,-9999,12.0472,40.05,39.91,18.77,-0.789,-0.843,-0.882,-0.815,-0.839,-0.845,-0.744,-0.777,-0.866,-0.874,-0.815,-0.819,-0.823,-0.714,-0.777,-0.851,-0.886,-0.809,-0.831,-0.815,-0.732,-0.781,-0.849,-0.884,-0.813,-0.831,-0.841,-0.736,0,0
"2019-04-15 09:41:20.0",783679,-9999,93.3,-13.63,-13.63,-0.236,-9999,-9999,12.0472,40.05,39.91,18.79,-0.791,-0.851,-0.894,-0.827,-0.845,-0.851,-0.73,-0.777,-0.851,-0.872,-0.803,-0.831,-0.823,-0.704,-0.779,-0.854,-0.88,-0.809,-0.831,-0.799,-0.706,-0.779,-0.845,-0.88,-0.811,-0.827,-0.813,-0.726,0,0
"2019-04-15 09:41:40.0",783680,-9999,93.3,-13.56,-13.56,-0.234,-9999,-9999,12.0416,40.05,39.91,18.79,-0.789,-0.841,-0.888,-0.817,-0.845,-0.849,-0.714,-0.779,-0.872,-0.882,-0.807,-0.827,-0.803,-0.75,-0.775,-0.854,-0.878,-0.809,-0.815,-0.833,-0.7,-0.777,-0.878,-0.878,-0.807,-0.813,-0.811,-0.724,0,700
"2019-04-15 09:42:00.0",783681,-9999,93.4,-13.49,-13.49,-0.233,-9999,-9999,12.0472,40.05,39.91,18.79,-0.791,-0.864,-0.884,-0.821,-0.845,-0.825,-0.75,-0.781,-0.87,-0.88,-0.811,-0.833,-0.807,-0.736,-0.777,-0.864,-0.872,-0.793,-0.831,-0.807,-0.742,-0.777,-0.874,-0.878,-0.813,-0.829,-0.833,-0.706,0,0
"2019-04-15 09:42:20.0",783682,-9999,93.4,-13.42,-13.42,-0.232,-9999,-9999,12.0416,40.05,39.91,18.82,-0.795,-0.86,-0.88,-0.823,-0.862,-0.825,-0.734,-0.785,-0.868,-0.874,-0.793,-0.835,-0.815,-0.758,-0.775,-0.876,-0.886,-0.835,-0.829,-0.839,-0.712,-0.777,-0.874,-0.882,-0.793,-0.829,-0.815,-0.732,0,0
"2019-04-15 09:42:40.0",783683,-9999,93.5,-13.35,-13.35,-0.231,-9999,-9999,12.0472,40.05,39.91,18.82,-0.797,-0.87,-0.894,-0.823,-0.839,-0.849,-0.748,-0.779,-0.864,-0.872,-0.809,-0.837,-0.835,-0.722,-0.779,-0.856,-0.894,-0.799,-0.833,-0.809,-0.73,-0.775,-0.849,-0.878,-0.805,-0.835,-0.797,-0.744,0,0
"2019-04-15 09:43:00.0",783684,-9999,93.5,-13.28,-13.28,-0.23,-9999,-9999,12.0416,40.05,39.91,18.82,-0.787,-0.888,-0.892,-0.825,-0.849,-0.829,-0.748,-0.781,-0.831,-0.858,-0.815,-0.843,-0.841,-0.722,-0.785,-0.878,-0.876,-0.811,-0.833,-0.835,-0.716,-0.775,-0.874,-0.858,-0.815,-0.829,-0.823,-0.748,0,0
"2019-04-15 09:43:20.0",783685,-9999,93.5,-13.21,-13.21,-0.228,-9999,-9999,12.0416,40.05,39.91,18.84,-0.785,-0.866,-0.884,-0.815,-0.845,-0.847,-0.72,-0.777,-0.874,-0.878,-0.805,-0.829,-0.799,-0.718,-0.775,-0.841,-0.878,-0.807,-0.831,-0.795,-0.704,-0.773,-0.843,-0.872,-0.789,-0.831,-0.829,-0.712,0,700
"2019-04-15 09:43:40.0",783686,-9999,93.6,-13.14,-13.14,-0.227,-9999,-9999,12.0416,40.05,39.91,18.84,-0.785,-0.88,-0.862,-0.823,-0.843,-0.827,-0.752,-0.775,-0.835,-0.88,-0.811,-0.825,-0.811,-0.744,-0.771,-0.851,-0.878,-0.811,-0.833,-0.841,-0.748,-0.775,-0.851,-0.886,-0.833,-0.833,-0.837,-0.702,0,0
"2019-04-15 09:44:00.0",783687,-9999,93.6,-13.07,-13.07,-0.226,-9999,-9999,12.0416,40.05,39.91,18.87,-0.787,-0.858,-0.878,-0.799,-0.835,-0.803,-0.722,-0.773,-0.87,-0.882,-0.823,-0.827,-0.821,-0.718,-0.773,-0.843,-0.878,-0.811,-0.811,-0.817,-0.708,-0.775,-0.853,-0.878,-0.815,-0.819,-0.803,-0.718,0,0
"2019-04-15 09:44:20.0",783688,-9999,93.7,-12.99,-12.99,-0.225,-9999,-9999,12.0472,40.05,39.91,18.87,-0.787,-0.88,-0.888,-0.819,-0.843,-0.807,-0.714,-0.775,-0.827,-0.872,-0.803,-0.829,-0.813,-0.716,-0.773,-0.866,-0.868,-0.805,-0.825,-0.795,-0.708,-0.773,-0.862,-0.874,-0.807,-0.829,-0.829,-0.718,0,0
"2019-04-15 09:44:40.0",783689,-9999,93.7,-12.92,-12.92,-0.224,-9999,-9999,12.0472,40.05,39.91,18.89,-0.783,-0.851,-0.886,-0.821,-0.868,-0.829,-0.72,-0.771,-0.825,-0.851,-0.807,-0.827,-0.803,-0.708,-0.771,-0.823,-0.876,-0.805,-0.833,-0.793,-0.726,-0.783,-0.827,-0.878,-0.833,-0.821,-0.829,-0.732,0,0
"2019-04-15 09:45:00.0",783690,-9999,93.8,-12.85,-12.85,-0.222,-9999,-9999,12.0528,40.05,39.91,18.89,-0.783,-0.847,-0.894,-0.849,-0.839,-0.825,-0.714,-0.773,-0.839,-0.878,-0.811,-0.835,-0.837,-0.752,-0.775,-0.87,-0.884,-0.809,-0.831,-0.809,-0.702,-0.771,-0.874,-0.876,-0.811,-0.827,-0.801,-0.702,0,700
"2019-04-15 09:45:20.0",783691,-9999,93.8,-12.78,-12.78,-0.221,-9999,-9999,12.0472,40.05,39.91,18.89,-0.785,-0.882,-0.866,-0.843,-0.847,-0.829,-0.758,-0.777,-0.884,-0.884,-0.815,-0.841,-0.823,-0.736,-0.775,-0.847,-0.88,-0.811,-0.853,-0.837,-0.748,-0.777,-0.858,-0.878,-0.813,-0.831,-0.819,-0.744,0,0
"2019-04-15 09:45:40.0",783692,-9999,93.8,-12.71,-12.71,-0.22,-9999,-9999,12.0416,40.05,39.9,18.92,-0.789,-0.843,-0.886,-0.821,-0.841,-0.823,-0.714,-0.779,-0.827,-0.878,-0.809,-0.831,-0.819,-0.748,-0.775,-0.831,-0.878,-0.805,-0.829,-0.835,-0.696,-0.775,-0.825,-0.876,-0.809,-0.829,-0.823,-0.698,0,0
"2019-04-15 09:46:00.0",783693,-9999,93.9,-12.64,-12.64,-0.219,-9999,-9999,12.0416,40.05,39.9,18.92,-0.787,-0.841,-0.888,-0.817,-0.864,-0.847,-0.74,-0.783,-0.856,-0.88,-0.811,-0.851,-0.823,-0.722,-0.777,-0.835,-0.876,-0.813,-0.839,-0.799,-0.718,-0.777,-0.843,-0.876,-0.813,-0.827,-0.801,-0.728,0,0
"2019-04-15 09:46:20.0",783694,-9999,93.9,-12.57,-12.57,-0.218,-9999,-9999,12.0416,40.05,39.9,18.95,-0.789,-0.872,-0.902,-0.819,-0.845,-0.827,-0.758,-0.783,-0.864,-0.884,-0.811,-0.833,-0.823,-0.734,-0.777,-0.833,-0.878,-0.815,-0.841,-0.807,-0.724,-0.777,-0.847,-0.878,-0.815,-0.837,-0.821,-0.75,0,0
"2019-04-15 09:46:40.0",783695,-9999,94,-12.5,-12.5,-0.216,-9999,-9999,12.0472,40.05,39.9,18.95,-0.789,-0.866,-0.868,-0.823,-0.837,-0.813,-0.718,-0.781,-0.847,-0.882,-0.813,-0.86,-0.819,-0.714,-0.777,-0.853,-0.87,-0.831,-0.811,-0.839,-0.74,-0.771,-0.853,-0.878,-0.811,-0.811,-0.837,-0.746,0,700
"2019-04-15 09:47:00.0",783696,-9999,94,-12.43,-12.43,-0.215,-9999,-9999,12.0528,40.05,39.9,18.95,-0.785,-0.874,-0.884,-0.819,-0.847,-0.809,-0.732,-0.779,-0.88,-0.89,-0.813,-0.835,-0.843,-0.732,-0.771,-0.872,-0.866,-0.821,-0.858,-0.835,-0.73,-0.777,-0.878,-0.86,-0.795,-0.843,-0.819,-0.734,0,0
"2019-04-15 09:47:20.0",783697,-9999,94.1,-12.36,-12.36,-0.214,-9999,-9999,12.0416,40.04,39.91,18.97,-0.797,-0.845,-0.892,-0.817,-0.841,-0.829,-0.754,-0.777,-0.849,-0.886,-0.811,-0.821,-0.805,-0.748,-0.779,-0.829,-0.876,-0.811,-0.835,-0.795,-0.728,-0.781,-0.831,-0.886,-0.811,-0.841,-0.837,-0.706,0,0
"2019-04-15 09:47:40.0",783698,-9999,94.1,-12.29,-12.29,-0.213,-9999,-9999,12.0361,40.04,39.91,18.97,-0.791,-0.89,-0.888,-0.823,-0.839,-0.825,-0.712,-0.781,-0.847,-0.888,-0.835,-0.829,-0.839,-0.738,-0.781,-0.862,-0.882,-0.805,-0.813,-0.835,-0.722,-0.779,-0.866,-0.9,-0.811,-0.817,-0.815,-0.738,0,0
"2019-04-15 09:48:00.0",783699,-9999,94.1,-12.22,-12.22,-0.212,-9999,-9999,12.0528,40.04,39.91,19,-0.791,-0.874,-0.872,-0.823,-0.874,-0.815,-0.742,-0.779,-0.876,-0.888,-0.819,-0.835,-0.845,-0.75,-0.775,-0.849,-0.888,-0.815,-0.841,-0.833,-0.756,-0.781,-0.86,-0.886,-0.799,-0.847,-0.809,-0.712,0,0
"2019-04-15 09:48:20.0",783700,-9999,94.2,-12.15,-12.15,-0.21,-9999,-9999,12.0416,40.04,39.91,19,-0.793,-0.849,-0.904,-0.807,-0.851,-0.833,-0.716,-0.777,-0.858,-0.88,-0.813,-0.837,-0.827,-0.762,-0.781,-0.866,-0.884,-0.821,-0.837,-0.823,-0.748,-0.779,-0.855,-0.88,-0.817,-0.833,-0.803,-0.706,0,700
"2019-04-15 09:48:40.0",783701,-9999,94.2,-12.08,-12.08,-0.209,-9999,-9999,12.0472,40.04,39.91,19,-0.789,-0.853,-0.896,-0.829,-0.849,-0.855,-0.738,-0.781,-0.858,-0.884,-0.815,-0.833,-0.825,-0.758,-0.777,-0.853,-0.876,-0.809,-0.821,-0.803,-0.71,-0.781,-0.858,-0.882,-0.813,-0.815,-0.843,-0.726,0,0
"2019-04-15 09:49:00.0",783702,-9999,94.3,-12.01,-12.01,-0.208,-9999,-9999,12.0472,40.04,39.92,19,-0.791,-0.868,-0.884,-0.853,-0.845,-0.849,-0.742,-0.781,-0.878,-0.88,-0.819,-0.833,-0.827,-0.762,-0.775,-0.872,-0.906,-0.813,-0.821,-0.801,-0.732,-0.775,-0.876,-0.88,-0.817,-0.821,-0.809,-0.728,0,0
"2019-04-15 09:49:20.0",783703,-9999,94.3,-11.94,-11.94,-0.207,-9999,-9999,12.0472,40.04,39.92,19.02,-0.795,-0.841,-0.89,-0.819,-0.845,-0.809,-0.756,-0.777,-0.851,-0.88,-0.837,-0.819,-0.805,-0.716,-0.779,-0.86,-0.874,-0.807,-0.835,-0.797,-0.712,-0.779,-0.847,-0.886,-0.835,-0.833,-0.817,-0.726,0,0
"2019-04-15 09:49:40.0",783704,-9999,94.4,-11.87,-11.87,-0.206,-9999,-9999,12.0472,40.04,39.92,19.02,-0.791,-0.849,-0.898,-0.829,-0.843,-0.833,-0.746,-0.777,-0.87,-0.886,-0.815,-0.831,-0.813,-0.718,-0.777,-0.847,-0.878,-0.821,-0.833,-0.807,-0.734,-0.777,-0.858,-0.888,-0.813,-0.831,-0.839,-0.744,0,0
"2019-04-15 09:50:00.0",783705,-9999,94.4,-11.8,-11.8,-0.204,-9999,-9999,12.0416,40.04,39.92,19.02,-0.795,-0.845,-0.894,-0.821,-0.853,-0.847,-0.754,-0.785,-0.853,-0.876,-0.813,-0.837,-0.823,-0.726,-0.785,-0.853,-0.882,-0.811,-0.839,-0.821,-0.714,-0.779,-0.849,-0.888,-0.809,-0.833,-0.799,-0.732,0,700
"2019-04-15 09:50:20.0",783706,-9999,94.4,-11.73,-11.73,-0.203,-9999,-9999,12.0416,40.04,39.92,19.05,-0.789,-0.847,-0.896,-0.813,-0.841,-0.851,-0.75,-0.783,-0.882,-0.86,-0.817,-0.843,-0.819,-0.728,-0.779,-0.853,-0.886,-0.831,-0.823,-0.803,-0.718,-0.779,-0.858,-0.89,-0.815,-0.829,-0.839,-0.728,0,0
"2019-04-15 09:50:40.0",783707,-9999,94.5,-11.66,-11.66,-0.202,-9999,-9999,12.0472,40.04,39.92,19.05,-0.791,-0.872,-0.898,-0.823,-0.847,-0.853,-0.746,-0.785,-0.839,-0.858,-0.815,-0.829,-0.805,-0.76,-0.787,-0.853,-0.882,-0.811,-0.835,-0.819,-0.71,-0.783,-0.829,-0.884,-0.811,-0.837,-0.815,-0.73,0,0
"2019-04-15 09:51:00.0",783708,-9999,94.5,-11.59,-11.59,-0.201,-9999,-9999,12.0472,40.04,39.92,19.05,-0.791,-0.851,-0.898,-0.825,-0.831,-0.815,-0.74,-0.783,-0.87,-0.892,-0.817,-0.827,-0.809,-0.742,-0.783,-0.858,-0.862,-0.815,-0.829,-0.803,-0.75,-0.779,-0.876,-0.888,-0.815,-0.835,-0.839,-0.738,0,0
"2019-04-15 09:51:20.0",783709,-9999,94.6,-11.52,-11.52,-0.2,-9999,-9999,12.0472,40.04,39.92,19.08,-0.791,-0.888,-0.9,-0.827,-0.849,-0.851,-0.742,-0.779,-0.845,-0.86,-0.827,-0.837,-0.845,-0.736,-0.783,-0.855,-0.882,-0.815,-0.835,-0.813,-0.73,-0.781,-0.849,-0.855,-0.807,-0.839,-0.801,-0.74,0,0
"2019-04-15 09:51:40.0",783710,-9999,94.6,-11.45,-11.45,-0.198,-9999,-9999,12.0472,40.04,39.92,19.08,-0.799,-0.868,-0.91,-0.821,-0.853,-0.815,-0.748,-0.781,-0.841,-0.882,-0.809,-0.833,-0.811,-0.762,-0.779,-0.835,-0.876,-0.799,-0.829,-0.801,-0.75,-0.779,-0.845,-0.855,-0.815,-0.845,-0.847,-0.71,0,700
"2019-04-15 09:52:00.0",783711,-9999,94.7,-11.38,-11.38,-0.197,-9999,-9999,12.0416,40.04,39.92,19.1,-0.791,-0.845,-0.888,-0.829,-0.829,-0.819,-0.722,-0.781,-0.849,-0.882,-0.819,-0.837,-0.827,-0.744,-0.785,-0.874,-0.888,-0.813,-0.841,-0.799,-0.732,-0.781,-0.849,-0.874,-0.811,-0.837,-0.837,-0.742,0,0
"2019-04-15 09:52:20.0",783712,-9999,94.7,-11.31,-11.31,-0.196,-9999,-9999,12.0416,40.05,39.91,19.1,-0.795,-0.851,-0.9,-0.829,-0.855,-0.815,-0.744,-0.781,-0.835,-0.884,-0.815,-0.853,-0.829,-0.722,-0.783,-0.853,-0.902,-0.815,-0.833,-0.805,-0.732,-0.781,-0.835,-0.882,-0.815,-0.839,-0.833,-0.746,0,0
"2019-04-15 09:52:40.0",783713,-9999,94.7,-11.24,-11.24,-0.195,-9999,-9999,12.0472,40.05,39.91,19.1,-0.791,-0.87,-0.874,-0.825,-0.835,-0.825,-0.73,-0.783,-0.864,-0.886,-0.821,-0.841,-0.831,-0.746,-0.775,-0.841,-0.892,-0.811,-0.827,-0.841,-0.756,-0.785,-0.868,-0.86,-0.815,-0.839,-0.805,-0.73,0,0
"2019-04-15 09:53:00.0",783714,-9999,94.8,-11.17,-11.17,-0.194,-9999,-9999,12.0472,40.05,39.91,19.1,-0.795,-0.888,-0.91,-0.835,-0.847,-0.833,-0.724,-0.783,-0.862,-0.9,-0.817,-0.839,-0.827,-0.758,-0.783,-0.866,-0.882,-0.819,-0.831,-0.807,-0.754,-0.779,-0.864,-0.908,-0.815,-0.837,-0.845,-0.724,0,0
"2019-04-15 09:53:20.0",783715,-9999,94.8,-11.09,-11.09,-0.192,-9999,-9999,12.0472,40.05,39.91,19.1,-0.801,-0.851,-0.892,-0.823,-0.845,-0.851,-0.738,-0.783,-0.835,-0.902,-0.813,-0.851,-0.847,-0.738,-0.785,-0.831,-0.898,-0.811,-0.837,-0.823,-0.71,-0.783,-0.839,-0.882,-0.813,-0.833,-0.819,-0.722,0,700
"2019-04-15 09:53:40.0",783716,-9999,94.9,-11.03,-11.03,-0.191,-9999,-9999,12.0472,40.05,39.91,19.13,-0.795,-0.896,-0.9,-0.835,-0.855,-0.827,-0.764,-0.781,-0.87,-0.884,-0.847,-0.841,-0.823,-0.738,-0.781,-0.882,-0.88,-0.817,-0.837,-0.807,-0.72,-0.781,-0.876,-0.882,-0.819,-0.839,-0.841,-0.734,0,0
"2019-04-15 09:54:00.0",783717,-9999,94.9,-10.96,-10.96,-0.19,-9999,-9999,12.0472,40.04,39.92,19.13,-0.795,-0.853,-0.886,-0.807,-0.829,-0.853,-0.726,-0.785,-0.849,-0.892,-0.819,-0.843,-0.831,-0.771,-0.783,-0.837,-0.892,-0.817,-0.819,-0.813,-0.718,-0.777,-0.847,-0.872,-0.821,-0.843,-0.845,-0.74,0,0
"2019-04-15 09:54:20.0",783718,-9999,95,-10.88,-10.88,-0.189,-9999,-9999,12.0416,40.04,39.92,19.15,-0.795,-0.864,-0.892,-0.825,-0.845,-0.835,-0.736,-0.785,-0.853,-0.886,-0.817,-0.839,-0.825,-0.722,-0.779,-0.833,-0.878,-0.817,-0.835,-0.809,-0.708,-0.785,-0.864,-0.855,-0.817,-0.839,-0.819,-0.73,0,0
"2019-04-15 09:54:40.0",783719,-9999,95,-10.81,-10.81,-0.188,-9999,-9999,12.0416,40.04,39.92,19.15,-0.797,-0.886,-0.902,-0.831,-0.855,-0.853,-0.728,-0.783,-0.874,-0.864,-0.799,-0.835,-0.807,-0.754,-0.789,-0.855,-0.864,-0.813,-0.841,-0.815,-0.714,-0.787,-0.88,-0.884,-0.815,-0.845,-0.821,-0.724,0,0
"2019-04-15 09:55:00.0",783720,-9999,95.1,-10.74,-10.74,-0.186,-9999,-9999,12.0472,40.04,39.92,19.15,-0.793,-0.872,-0.898,-0.831,-0.855,-0.825,-0.738,-0.787,-0.843,-0.896,-0.819,-0.825,-0.857,-0.732,-0.779,-0.851,-0.896,-0.819,-0.851,-0.831,-0.714,-0.791,-0.87,-0.896,-0.817,-0.825,-0.815,-0.752,0,700
"2019-04-15 09:55:20.0",783721,-9999,95.1,-10.67,-10.67,-0.185,-9999,-9999,12.0416,40.04,39.92,19.15,-0.795,-0.896,-0.916,-0.853,-0.857,-0.819,-0.718,-0.785,-0.88,-0.892,-0.825,-0.847,-0.817,-0.734,-0.789,-0.876,-0.89,-0.809,-0.839,-0.841,-0.714,-0.781,-0.878,-0.888,-0.821,-0.841,-0.827,-0.746,0,0
"2019-04-15 09:55:40.0",783722,-9999,95.1,-10.6,-10.6,-0.184,-9999,-9999,12.0472,40.04,39.92,19.18,-0.797,-0.866,-0.896,-0.831,-0.87,-0.823,-0.75,-0.783,-0.853,-0.888,-0.817,-0.835,-0.843,-0.74,-0.787,-0.851,-0.882,-0.819,-0.821,-0.825,-0.732,-0.785,-0.882,-0.906,-0.841,-0.839,-0.803,-0.708,0,0
"2019-04-15 09:56:00.0",783723,-9999,95.2,-10.53,-10.53,-0.183,-9999,-9999,12.0416,40.04,39.92,19.18,-0.799,-0.878,-0.902,-0.831,-0.847,-0.821,-0.746,-0.787,-0.882,-0.886,-0.823,-0.825,-0.837,-0.752,-0.793,-0.88,-0.888,-0.817,-0.839,-0.805,-0.758,-0.787,-0.882,-0.892,-0.817,-0.835,-0.827,-0.722,0,0
"2019-04-15 09:56:20.0",783724,-9999,95.2,-10.46,-10.46,-0.182,-9999,-9999,12.0416,40.04,39.92,19.18,-0.799,-0.888,-0.898,-0.827,-0.876,-0.819,-0.75,-0.787,-0.847,-0.866,-0.821,-0.845,-0.837,-0.754,-0.787,-0.841,-0.868,-0.821,-0.843,-0.811,-0.744,-0.791,-0.86,-0.894,-0.825,-0.849,-0.833,-0.714,0,0
"2019-04-15 09:56:40.0",783725,-9999,95.3,-10.39,-10.39,-0.18,-9999,-9999,12.0472,40.04,39.92,19.18,-0.803,-0.898,-0.902,-0.845,-0.882,-0.866,-0.734,-0.791,-0.847,-0.906,-0.803,-0.855,-0.849,-0.766,-0.799,-0.847,-0.908,-0.819,-0.841,-0.829,-0.75,-0.791,-0.864,-0.896,-0.823,-0.87,-0.811,-0.734,0,700
"2019-04-15 09:57:00.0",783726,-9999,95.3,-10.32,-10.32,-0.179,-9999,-9999,12.0416,40.04,39.92,19.21,-0.801,-0.862,-0.928,-0.841,-0.862,-0.864,-0.73,-0.799,-0.89,-0.898,-0.833,-0.853,-0.864,-0.773,-0.791,-0.868,-0.918,-0.825,-0.86,-0.833,-0.726,-0.789,-0.853,-0.902,-0.823,-0.851,-0.857,-0.758,0,0
"2019-04-15 09:57:20.0",783727,-9999,95.4,-10.25,-10.25,-0.178,-9999,-9999,12.0472,40.01,39.92,19.21,-0.805,-0.882,-0.908,-0.857,-0.862,-0.847,-0.756,-0.797,-0.866,-0.894,-0.827,-0.853,-0.862,-0.754,-0.801,-0.876,-0.894,-0.819,-0.851,-0.825,-0.764,-0.795,-0.886,-0.894,-0.827,-0.829,-0.825,-0.722,0,0
"2019-04-15 09:57:40.0",783728,-9999,95.4,-10.18,-10.18,-0.177,-9999,-9999,12.0361,40.02,39.92,19.21,-0.809,-0.872,-0.918,-0.843,-0.886,-0.849,-0.738,-0.799,-0.862,-0.902,-0.837,-0.862,-0.87,-0.777,-0.791,-0.878,-0.902,-0.833,-0.855,-0.817,-0.754,-0.805,-0.882,-0.902,-0.835,-0.88,-0.866,-0.752,0,0
"2019-04-15 09:58:00.0",783729,-9999,95.4,-10.11,-10.11,-0.176,-9999,-9999,12.0472,40.01,39.92,19.21,-0.817,-0.882,-0.882,-0.845,-0.857,-0.851,-0.768,-0.799,-0.892,-0.898,-0.833,-0.855,-0.843,-0.74,-0.799,-0.876,-0.9,-0.835,-0.851,-0.819,-0.746,-0.803,-0.857,-0.902,-0.835,-0.837,-0.841,-0.732,0,0
"2019-04-15 09:58:20.0",783730,-9999,95.5,-10.04,-10.04,-0.174,-9999,-9999,12.0416,40.01,39.92,19.21,-0.809,-0.888,-0.892,-0.849,-0.87,-0.859,-0.779,-0.805,-0.864,-0.906,-0.845,-0.853,-0.847,-0.746,-0.807,-0.864,-0.914,-0.837,-0.868,-0.825,-0.768,-0.803,-0.872,-0.912,-0.837,-0.859,-0.847,-0.76,0,700
"2019-04-15 09:58:40.0",783731,-9999,95.5,-9.97,-9.97,-0.173,-9999,-9999,12.0416,40.01,39.92,19.21,-0.817,-0.872,-0.922,-0.849,-0.88,-0.888,-0.787,-0.809,-0.902,-0.928,-0.833,-0.882,-0.874,-0.75,-0.809,-0.904,-0.906,-0.837,-0.855,-0.827,-0.773,-0.805,-0.859,-0.916,-0.841,-0.855,-0.841,-0.748,0,0
"2019-04-15 09:59:00.0",783732,-9999,95.6,-9.9,-9.9,-0.172,-9999,-9999,12.0416,40.01,39.91,19.21,-0.819,-0.902,-0.922,-0.853,-0.872,-0.864,-0.783,-0.807,-0.886,-0.9,-0.839,-0.866,-0.868,-0.744,-0.807,-0.902,-0.91,-0.864,-0.855,-0.821,-0.764,-0.805,-0.862,-0.906,-0.837,-0.864,-0.845,-0.746,0,0
"2019-04-15 09:59:20.0",783733,-9999,95.6,-9.83,-9.83,-0.171,-9999,-9999,12.0416,40.01,39.91,19.21,-0.819,-0.906,-0.922,-0.862,-0.876,-0.847,-0.787,-0.813,-0.894,-0.934,-0.87,-0.864,-0.855,-0.766,-0.819,-0.904,-0.886,-0.841,-0.884,-0.859,-0.75,-0.807,-0.88,-0.912,-0.839,-0.864,-0.843,-0.73,0,0
"2019-04-15 09:59:40.0",783734,-9999,95.7,-9.76,-9.76,-0.17,-9999,-9999,12.0472,40.01,39.91,19.21,-0.819,-0.888,-0.934,-0.859,-0.862,-0.884,-0.785,-0.811,-0.91,-0.922,-0.847,-0.872,-0.88,-0.76,-0.813,-0.876,-0.91,-0.849,-0.89,-0.839,-0.781,-0.813,-0.888,-0.92,-0.843,-0.868,-0.849,-0.773,0,0
