"TOA5","","","1764","CR1000.Std.24","CPU:MFRSR_10012018V2.8.CR1","13574","TableHdr","PbCdlComm-1.6.0 (2016/01/26)"
"TIMESTAMP","RECORD","loggerID""headID""xpgmVerID""xlat""xlon""xSiteElev""xFULLREV""xCRXHSTEPS""xSCANseconds""xSCANnAvg""xSCANtrough""xHOMEoffset""xALLTIMEband"
"TS","RN","--""--""--""deg""deg""m""--""--""sec""--""--""--""--"
"","","Smp""Smp""Smp""Smp""Smp""Smp""Smp""Smp""Smp""Smp""Smp""Smp""Smp"
"2019-04-15 00:00:00.0",370,1764,180054423,2.8,-32.1259,-64.7287,1160,800,20,20,1,10,0,-1
"TOA5","","","1764","CR1000.Std.24","CPU:MFRSR_10012018V2.8.CR1","13574","Table155","PbCdlComm-1.6.0 (2016/01/26)"
"TIMESTAMP","RECORD","xoset""az""el""al""cosz""cosasz""pamass""vBat""Thead""THTC""Tlogger""Dnadir(1)""Dnadir(2)""Dnadir(3)""Dnadir(4)""Dnadir(5)""Dnadir(6)""Dnadir(7)""Deast(1)""Deast(2)""Deast(3)""Deast(4)""Deast(5)""Deast(6)""Deast(7)""Dsun(1)""Dsun(2)""Dsun(3)""Dsun(4)""Dsun(5)""Dsun(6)""Dsun(7)""Dwest(1)""Dwest(2)""Dwest(3)""Dwest(4)""Dwest(5)""Dwest(6)""Dwest(7)""kount""khome"
"TS","RN","sec""deg""deg""deg""--""--""--""Volt""degC""degC""degC""mV""mV""mV""mV""mV""mV""mV""mV""mV""mV""mV""mV""mV""mV""mV""mV""mV""mV""mV""mV""mV""mV""mV""mV""mV""mV""mV""mV""--""--"
"","","Smp""Smp""Smp""Smp""Smp""Smp""Smp""Smp""Smp""Smp""Smp""Smp""Smp""Smp""Smp""Smp""Smp""Smp""Smp""Smp""Smp""Smp""Smp""Smp""Smp""Smp""Smp""Smp""Smp""Smp""Smp""Smp""Smp""Smp""Smp""Smp""Smp""Smp""Smp""Smp""Smp"
"2019-04-15 02:00:00.0",782295,-9999,-63.53,-50.51,-50.51,-0.772,-9999,-9999,12.0431,40.03,39.92,20.83,-0.807,-0.91,-0.916,-0.847,-0.863,-0.875,-0.742,-0.799,-0.875,-0.906,-0.841,-0.853,-0.827,-0.76,-0.792,-0.894,-0.896,-0.833,-0.855,-0.859,-0.736,-0.794,-0.853,-0.877,-0.829,-0.851,-0.817,-0.746,0,700
"2019-04-15 02:00:20.0",782296,-9999,-63.45,-50.57,-50.57,-0.772,-9999,-9999,12.0431,40.03,39.92,20.83,-0.811,-0.889,-0.914,-0.845,-0.871,-0.849,-0.768,-0.799,-0.873,-0.908,-0.833,-0.843,-0.827,-0.74,-0.799,-0.898,-0.902,-0.833,-0.859,-0.857,-0.758,-0.799,-0.867,-0.9,-0.835,-0.879,-0.839,-0.726,0,0
"2019-04-15 02:00:40.0",782297,-9999,-63.37,-50.64,-50.64,-0.773,-9999,-9999,12.0486,40.03,39.92,20.83,-0.807,-0.883,-0.92,-0.827,-0.881,-0.877,-0.76,-0.809,-0.851,-0.877,-0.825,-0.853,-0.839,-0.754,-0.801,-0.867,-0.896,-0.829,-0.855,-0.815,-0.73,-0.801,-0.892,-0.92,-0.825,-0.851,-0.843,-0.76,0,0
"2019-04-15 02:01:00.0",782298,-9999,-63.29,-50.7,-50.7,-0.774,-9999,-9999,12.0375,40.03,39.92,20.8,-0.809,-0.908,-0.938,-0.869,-0.865,-0.851,-0.752,-0.801,-0.892,-0.896,-0.835,-0.859,-0.839,-0.744,-0.794,-0.873,-0.879,-0.831,-0.841,-0.829,-0.768,-0.801,-0.885,-0.898,-0.835,-0.853,-0.841,-0.744,0,0
"2019-04-15 02:01:20.0",782299,-9999,-63.2,-50.76,-50.76,-0.775,-9999,-9999,12.0375,40.03,39.92,20.8,-0.813,-0.889,-0.892,-0.843,-0.869,-0.837,-0.768,-0.796,-0.863,-0.908,-0.821,-0.863,-0.867,-0.782,-0.803,-0.873,-0.904,-0.829,-0.855,-0.829,-0.754,-0.792,-0.894,-0.904,-0.837,-0.839,-0.859,-0.722,0,0
"2019-04-15 02:01:40.0",782300,-9999,-63.12,-50.83,-50.83,-0.775,-9999,-9999,12.0431,40.03,39.92,20.77,-0.813,-0.91,-0.918,-0.845,-0.881,-0.871,-0.754,-0.801,-0.896,-0.9,-0.829,-0.847,-0.857,-0.776,-0.79,-0.855,-0.9,-0.835,-0.881,-0.819,-0.752,-0.799,-0.873,-0.924,-0.831,-0.851,-0.833,-0.724,0,700
"2019-04-15 02:02:00.0",782301,-9999,-63.04,-50.89,-50.89,-0.776,-9999,-9999,12.0375,40.03,39.92,20.77,-0.811,-0.892,-0.914,-0.845,-0.865,-0.849,-0.772,-0.706,-0.756,-0.815,-0.74,-0.76,-0.75,-0.631,-0.706,-0.782,-0.799,-0.72,-0.758,-0.742,-0.653,-0.708,-0.794,-0.815,-0.736,-0.764,-0.76,-0.647,0,0
"2019-04-15 02:02:20.0",782302,-9999,-62.95,-50.95,-50.95,-0.777,-9999,-9999,12.0431,40.03,39.92,20.74,-0.716,-0.813,-0.819,-0.738,-0.776,-0.744,-0.657,-0.716,-0.78,-0.79,-0.746,-0.746,-0.748,-0.671,-0.699,-0.752,-0.799,-0.736,-0.762,-0.768,-0.677,-0.704,-0.805,-0.803,-0.736,-0.758,-0.73,-0.657,0,0
"2019-04-15 02:02:40.0",782303,-9999,-62.87,-51.02,-51.02,-0.777,-9999,-9999,12.0375,40.03,39.92,20.74,-0.718,-0.801,-0.827,-0.756,-0.776,-0.782,-0.669,-0.706,-0.756,-0.809,-0.74,-0.79,-0.752,-0.639,-0.71,-0.778,-0.819,-0.746,-0.758,-0.778,-0.641,-0.712,-0.807,-0.811,-0.746,-0.792,-0.748,-0.683,0,0
"2019-04-15 02:03:00.0",782304,-9999,-62.79,-51.08,-51.08,-0.778,-9999,-9999,12.0431,40.03,39.92,20.74,-0.726,-0.772,-0.825,-0.752,-0.772,-0.754,-0.665,-0.701,-0.78,-0.809,-0.72,-0.784,-0.734,-0.665,-0.704,-0.799,-0.788,-0.74,-0.782,-0.746,-0.665,-0.708,-0.772,-0.809,-0.74,-0.77,-0.744,-0.677,0,0
"2019-04-15 02:03:20.0",782305,-9999,-62.7,-51.14,-51.14,-0.779,-9999,-9999,12.0375,40.03,39.92,20.72,-0.726,-0.782,-0.823,-0.752,-0.774,-0.742,-0.671,-0.714,-0.782,-0.833,-0.76,-0.772,-0.778,-0.649,-0.71,-0.805,-0.813,-0.738,-0.746,-0.758,-0.681,-0.706,-0.766,-0.807,-0.738,-0.758,-0.764,-0.667,0,700
"2019-04-15 02:03:40.0",782306,-9999,-62.62,-51.2,-51.2,-0.779,-9999,-9999,12.0375,40.03,39.92,20.72,-0.732,-0.829,-0.839,-0.794,-0.786,-0.758,-0.699,-0.724,-0.813,-0.821,-0.754,-0.782,-0.748,-0.673,-0.718,-0.774,-0.817,-0.754,-0.774,-0.758,-0.641,-0.722,-0.792,-0.815,-0.754,-0.774,-0.778,-0.675,0,0
"2019-04-15 02:04:00.0",782307,-9999,-62.53,-51.27,-51.27,-0.78,-9999,-9999,12.0375,40.03,39.92,20.72,-0.732,-0.835,-0.829,-0.766,-0.813,-0.754,-0.693,-0.718,-0.792,-0.823,-0.756,-0.77,-0.746,-0.663,-0.718,-0.815,-0.821,-0.75,-0.77,-0.758,-0.683,-0.72,-0.768,-0.821,-0.754,-0.774,-0.77,-0.663,0,0
"2019-04-15 02:04:20.0",782308,-9999,-62.45,-51.33,-51.33,-0.781,-9999,-9999,12.0431,40.03,39.92,20.72,-0.805,-0.885,-0.91,-0.843,-0.847,-0.851,-0.762,-0.796,-0.851,-0.916,-0.825,-0.849,-0.825,-0.77,-0.796,-0.873,-0.9,-0.831,-0.849,-0.833,-0.748,-0.805,-0.889,-0.896,-0.831,-0.837,-0.857,-0.72,0,0
"2019-04-15 02:04:40.0",782309,-9999,-62.36,-51.39,-51.39,-0.781,-9999,-9999,12.0375,40.03,39.92,20.69,-0.807,-0.863,-0.91,-0.849,-0.867,-0.863,-0.766,-0.799,-0.9,-0.881,-0.831,-0.855,-0.847,-0.738,-0.796,-0.847,-0.896,-0.831,-0.853,-0.853,-0.764,-0.805,-0.873,-0.898,-0.831,-0.851,-0.819,-0.734,0,0
"2019-04-15 02:05:00.0",782310,-9999,-62.28,-51.45,-51.45,-0.782,-9999,-9999,12.0431,40.03,39.92,20.69,-0.809,-0.892,-0.922,-0.851,-0.851,-0.841,-0.768,-0.803,-0.881,-0.883,-0.837,-0.873,-0.831,-0.776,-0.794,-0.875,-0.9,-0.839,-0.853,-0.841,-0.75,-0.799,-0.867,-0.9,-0.835,-0.853,-0.855,-0.722,0,700
"2019-04-15 02:05:20.0",782311,-9999,-62.19,-51.52,-51.52,-0.783,-9999,-9999,12.0431,40.03,39.92,20.66,-0.811,-0.873,-0.92,-0.851,-0.894,-0.865,-0.752,-0.807,-0.853,-0.896,-0.821,-0.857,-0.845,-0.764,-0.796,-0.857,-0.9,-0.835,-0.853,-0.857,-0.752,-0.803,-0.894,-0.879,-0.837,-0.859,-0.823,-0.766,0,0
"2019-04-15 02:05:40.0",782312,-9999,-62.1,-51.58,-51.58,-0.783,-9999,-9999,12.0431,40.03,39.92,20.66,-0.809,-0.9,-0.908,-0.841,-0.867,-0.833,-0.772,-0.803,-0.889,-0.904,-0.835,-0.843,-0.843,-0.758,-0.794,-0.873,-0.902,-0.827,-0.853,-0.817,-0.736,-0.799,-0.871,-0.902,-0.829,-0.867,-0.839,-0.756,0,0
"2019-04-15 02:06:00.0",782313,-9999,-62.02,-51.64,-51.64,-0.784,-9999,-9999,12.0375,40.03,39.92,20.66,-0.811,-0.871,-0.94,-0.829,-0.867,-0.837,-0.782,-0.799,-0.855,-0.896,-0.835,-0.853,-0.839,-0.776,-0.799,-0.853,-0.898,-0.837,-0.851,-0.837,-0.746,-0.73,-0.825,-0.823,-0.754,-0.78,-0.784,-0.657,0,0
"2019-04-15 02:06:20.0",782314,-9999,-61.93,-51.7,-51.7,-0.785,-9999,-9999,12.0486,40.03,39.92,20.66,-0.74,-0.819,-0.839,-0.766,-0.79,-0.794,-0.695,-0.72,-0.817,-0.821,-0.76,-0.799,-0.764,-0.708,-0.72,-0.801,-0.831,-0.756,-0.782,-0.746,-0.673,-0.724,-0.809,-0.839,-0.758,-0.784,-0.762,-0.657,0,0
"2019-04-15 02:06:40.0",782315,-9999,-61.85,-51.77,-51.77,-0.786,-9999,-9999,12.0375,40.03,39.92,20.64,-0.738,-0.831,-0.841,-0.77,-0.817,-0.796,-0.683,-0.726,-0.79,-0.799,-0.752,-0.776,-0.778,-0.699,-0.722,-0.813,-0.811,-0.75,-0.758,-0.734,-0.669,-0.724,-0.788,-0.819,-0.75,-0.796,-0.764,-0.651,0,700
"2019-04-15 02:07:00.0",782316,-9999,-61.76,-51.83,-51.83,-0.786,-9999,-9999,12.0375,40.03,39.92,20.64,-0.74,-0.794,-0.813,-0.764,-0.792,-0.772,-0.685,-0.724,-0.772,-0.829,-0.758,-0.796,-0.772,-0.697,-0.72,-0.801,-0.827,-0.754,-0.778,-0.784,-0.669,-0.724,-0.815,-0.825,-0.756,-0.774,-0.744,-0.653,0,0
"2019-04-15 02:07:20.0",782317,-9999,-61.67,-51.89,-51.89,-0.787,-9999,-9999,12.0375,40.03,39.92,20.61,-0.732,-0.829,-0.845,-0.768,-0.79,-0.764,-0.661,-0.797,-0.892,-0.869,-0.827,-0.875,-0.859,-0.738,-0.797,-0.859,-0.896,-0.833,-0.847,-0.825,-0.754,-0.801,-0.869,-0.892,-0.835,-0.853,-0.839,-0.744,0,0
"2019-04-15 02:07:40.0",782318,-9999,-61.59,-51.95,-51.95,-0.788,-9999,-9999,12.0375,40.03,39.92,20.61,-0.813,-0.877,-0.914,-0.841,-0.849,-0.827,-0.724,-0.799,-0.879,-0.91,-0.839,-0.857,-0.831,-0.738,-0.797,-0.894,-0.904,-0.841,-0.863,-0.861,-0.77,-0.799,-0.863,-0.91,-0.837,-0.843,-0.831,-0.75,0,0
"2019-04-15 02:08:00.0",782319,-9999,-61.5,-52.02,-52.02,-0.788,-9999,-9999,12.0319,40.03,39.92,20.61,-0.811,-0.885,-0.906,-0.831,-0.849,-0.845,-0.746,-0.807,-0.877,-0.9,-0.857,-0.859,-0.849,-0.74,-0.797,-0.881,-0.9,-0.837,-0.857,-0.833,-0.762,-0.799,-0.875,-0.894,-0.839,-0.837,-0.823,-0.744,0,0
"2019-04-15 02:08:20.0",782320,-9999,-61.41,-52.08,-52.08,-0.789,-9999,-9999,12.0431,40.03,39.92,20.61,-0.813,-0.865,-0.924,-0.849,-0.863,-0.841,-0.738,-0.794,-0.869,-0.894,-0.853,-0.859,-0.865,-0.732,-0.799,-0.885,-0.898,-0.829,-0.849,-0.835,-0.74,-0.799,-0.853,-0.898,-0.829,-0.857,-0.833,-0.726,0,700
"2019-04-15 02:08:40.0",782321,-9999,-61.32,-52.14,-52.14,-0.79,-9999,-9999,12.0431,40.03,39.92,20.58,-0.809,-0.906,-0.894,-0.847,-0.861,-0.837,-0.734,-0.805,-0.892,-0.9,-0.835,-0.857,-0.863,-0.738,-0.801,-0.857,-0.898,-0.837,-0.867,-0.835,-0.764,-0.797,-0.871,-0.9,-0.825,-0.853,-0.849,-0.742,0,0
"2019-04-15 02:09:00.0",782322,-9999,-61.24,-52.2,-52.2,-0.79,-9999,-9999,12.0375,40.03,39.92,20.58,-0.811,-0.914,-0.916,-0.871,-0.869,-0.833,-0.738,-0.801,-0.877,-0.9,-0.833,-0.861,-0.871,-0.74,-0.792,-0.851,-0.906,-0.855,-0.853,-0.841,-0.76,-0.801,-0.892,-0.9,-0.853,-0.855,-0.855,-0.744,0,0
"2019-04-15 02:09:20.0",782323,-9999,-61.15,-52.26,-52.26,-0.791,-9999,-9999,12.0431,40.03,39.92,20.58,-0.809,-0.879,-0.91,-0.865,-0.863,-0.829,-0.756,-0.794,-0.875,-0.896,-0.833,-0.859,-0.827,-0.76,-0.797,-0.861,-0.898,-0.835,-0.853,-0.837,-0.768,-0.799,-0.881,-0.9,-0.827,-0.857,-0.857,-0.766,0,0
"2019-04-15 02:09:40.0",782324,-9999,-61.06,-52.33,-52.33,-0.791,-9999,-9999,12.0375,40.03,39.92,20.56,-0.811,-0.912,-0.92,-0.847,-0.859,-0.871,-0.772,-0.794,-0.887,-0.877,-0.831,-0.835,-0.841,-0.776,-0.801,-0.857,-0.892,-0.853,-0.831,-0.859,-0.748,-0.799,-0.873,-0.92,-0.841,-0.867,-0.817,-0.724,0,0
"2019-04-15 02:10:00.0",782325,-9999,-60.97,-52.39,-52.39,-0.792,-9999,-9999,12.0431,40.03,39.92,20.56,-0.809,-0.902,-0.906,-0.841,-0.865,-0.829,-0.734,-0.799,-0.896,-0.906,-0.835,-0.857,-0.865,-0.736,-0.799,-0.865,-0.898,-0.839,-0.859,-0.829,-0.764,-0.797,-0.879,-0.928,-0.819,-0.857,-0.831,-0.742,0,700
"2019-04-15 02:10:20.0",782326,-9999,-60.88,-52.45,-52.45,-0.793,-9999,-9999,12.0431,40.03,39.92,20.56,-0.811,-0.904,-0.914,-0.843,-0.861,-0.827,-0.746,-0.797,-0.896,-0.877,-0.829,-0.853,-0.859,-0.786,-0.794,-0.859,-0.906,-0.831,-0.855,-0.841,-0.734,-0.797,-0.873,-0.904,-0.835,-0.849,-0.857,-0.772,0,0
"2019-04-15 02:10:40.0",782327,-9999,-60.79,-52.51,-52.51,-0.793,-9999,-9999,12.0375,40.03,39.92,20.53,-0.809,-0.889,-0.914,-0.847,-0.871,-0.845,-0.768,-0.794,-0.892,-0.894,-0.835,-0.857,-0.823,-0.758,-0.797,-0.9,-0.894,-0.833,-0.851,-0.855,-0.74,-0.799,-0.855,-0.9,-0.835,-0.855,-0.843,-0.756,0,0
"2019-04-15 02:11:00.0",782328,-9999,-60.7,-52.57,-52.57,-0.794,-9999,-9999,12.0486,40.03,39.92,20.53,-0.817,-0.883,-0.908,-0.845,-0.865,-0.865,-0.754,-0.797,-0.877,-0.904,-0.859,-0.879,-0.825,-0.778,-0.79,-0.879,-0.894,-0.833,-0.845,-0.835,-0.732,-0.799,-0.851,-0.879,-0.833,-0.849,-0.853,-0.764,0,0
"2019-04-15 02:11:20.0",782329,-9999,-60.61,-52.63,-52.63,-0.795,-9999,-9999,12.0431,40.03,39.92,20.53,-0.807,-0.869,-0.916,-0.845,-0.865,-0.841,-0.772,-0.794,-0.849,-0.922,-0.827,-0.871,-0.817,-0.764,-0.799,-0.871,-0.889,-0.827,-0.847,-0.835,-0.754,-0.799,-0.881,-0.902,-0.827,-0.853,-0.853,-0.724,0,0
"2019-04-15 02:11:40.0",782330,-9999,-60.52,-52.7,-52.7,-0.795,-9999,-9999,12.0431,40.03,39.92,20.53,-0.807,-0.863,-0.892,-0.845,-0.867,-0.829,-0.776,-0.805,-0.892,-0.896,-0.829,-0.873,-0.865,-0.748,-0.797,-0.857,-0.916,-0.821,-0.847,-0.831,-0.754,-0.797,-0.865,-0.894,-0.829,-0.855,-0.837,-0.758,0,700
"2019-04-15 02:12:00.0",782331,-9999,-60.43,-52.76,-52.76,-0.796,-9999,-9999,12.0431,40.03,39.92,20.5,-0.807,-0.879,-0.91,-0.843,-0.863,-0.833,-0.778,-0.797,-0.847,-0.877,-0.823,-0.845,-0.859,-0.774,-0.794,-0.863,-0.889,-0.825,-0.833,-0.819,-0.748,-0.797,-0.894,-0.918,-0.827,-0.859,-0.829,-0.726,0,0
"2019-04-15 02:12:20.0",782332,-9999,-60.34,-52.82,-52.82,-0.797,-9999,-9999,12.0431,40.03,39.92,20.5,-0.817,-0.867,-0.896,-0.847,-0.863,-0.849,-0.76,-0.799,-0.861,-0.904,-0.835,-0.839,-0.825,-0.754,-0.794,-0.871,-0.92,-0.855,-0.849,-0.835,-0.752,-0.794,-0.889,-0.898,-0.853,-0.849,-0.853,-0.716,0,0
"2019-04-15 02:12:40.0",782333,-9999,-60.25,-52.88,-52.88,-0.797,-9999,-9999,12.0431,40.03,39.92,20.5,-0.807,-0.898,-0.914,-0.851,-0.865,-0.851,-0.756,-0.797,-0.894,-0.904,-0.837,-0.879,-0.827,-0.754,-0.797,-0.898,-0.902,-0.829,-0.855,-0.833,-0.752,-0.797,-0.865,-0.877,-0.833,-0.839,-0.845,-0.764,0,0
"2019-04-15 02:13:00.0",782334,-9999,-60.16,-52.94,-52.94,-0.798,-9999,-9999,12.0375,40.03,39.92,20.5,-0.801,-0.883,-0.904,-0.839,-0.861,-0.831,-0.738,-0.797,-0.869,-0.902,-0.827,-0.849,-0.825,-0.752,-0.792,-0.889,-0.902,-0.829,-0.879,-0.857,-0.746,-0.797,-0.855,-0.908,-0.831,-0.853,-0.825,-0.722,0,0
"2019-04-15 02:13:20.0",782335,-9999,-60.07,-53,-53,-0.799,-9999,-9999,12.0431,40.03,39.92,20.5,-0.813,-0.865,-0.883,-0.843,-0.847,-0.841,-0.752,-0.797,-0.892,-0.9,-0.827,-0.873,-0.841,-0.74,-0.794,-0.855,-0.9,-0.829,-0.847,-0.835,-0.758,-0.792,-0.863,-0.894,-0.827,-0.853,-0.817,-0.75,0,700
"2019-04-15 02:13:40.0",782336,-9999,-59.98,-53.06,-53.06,-0.799,-9999,-9999,12.0431,40.03,39.92,20.48,-0.805,-0.879,-0.908,-0.839,-0.887,-0.833,-0.766,-0.799,-0.871,-0.898,-0.831,-0.853,-0.857,-0.758,-0.794,-0.865,-0.918,-0.855,-0.837,-0.827,-0.752,-0.797,-0.902,-0.873,-0.835,-0.851,-0.835,-0.766,0,0
"2019-04-15 02:14:00.0",782337,-9999,-59.89,-53.13,-53.13,-0.8,-9999,-9999,12.0431,40.03,39.92,20.48,-0.807,-0.906,-0.916,-0.839,-0.863,-0.853,-0.732,-0.794,-0.865,-0.894,-0.829,-0.845,-0.821,-0.73,-0.801,-0.885,-0.898,-0.825,-0.869,-0.829,-0.758,-0.79,-0.851,-0.892,-0.849,-0.849,-0.853,-0.736,0,0
"2019-04-15 02:14:20.0",782338,-9999,-59.8,-53.19,-53.19,-0.801,-9999,-9999,12.0431,40.03,39.92,20.48,-0.803,-0.887,-0.92,-0.839,-0.869,-0.871,-0.756,-0.794,-0.887,-0.902,-0.859,-0.845,-0.865,-0.762,-0.799,-0.896,-0.904,-0.819,-0.861,-0.833,-0.734,-0.792,-0.847,-0.9,-0.829,-0.847,-0.845,-0.746,0,0
"2019-04-15 02:14:40.0",782339,-9999,-59.71,-53.25,-53.25,-0.801,-9999,-9999,12.0431,40.03,39.92,20.45,-0.809,-0.859,-0.926,-0.841,-0.857,-0.859,-0.738,-0.797,-0.892,-0.898,-0.813,-0.849,-0.843,-0.726,-0.792,-0.889,-0.894,-0.829,-0.853,-0.819,-0.758,-0.797,-0.853,-0.894,-0.835,-0.857,-0.841,-0.742,0,0
"2019-04-15 02:15:00.0",782340,-9999,-59.61,-53.31,-53.31,-0.802,-9999,-9999,12.0431,40.03,39.92,20.45,-0.807,-0.9,-0.91,-0.845,-0.863,-0.873,-0.768,-0.797,-0.877,-0.875,-0.835,-0.835,-0.843,-0.74,-0.792,-0.869,-0.894,-0.837,-0.837,-0.839,-0.76,-0.792,-0.887,-0.9,-0.827,-0.875,-0.867,-0.74,0,700
"2019-04-15 02:15:20.0",782341,-9999,-59.52,-53.37,-53.37,-0.802,-9999,-9999,12.0431,40.03,39.92,20.45,-0.807,-0.894,-0.902,-0.843,-0.861,-0.831,-0.766,-0.797,-0.865,-0.892,-0.825,-0.849,-0.823,-0.772,-0.797,-0.865,-0.892,-0.823,-0.847,-0.843,-0.726,-0.792,-0.869,-0.889,-0.827,-0.851,-0.815,-0.758,0,0
"2019-04-15 02:15:40.0",782342,-9999,-59.43,-53.43,-53.43,-0.803,-9999,-9999,12.0431,40.03,39.92,20.45,-0.807,-0.887,-0.91,-0.843,-0.849,-0.849,-0.73,-0.794,-0.885,-0.918,-0.851,-0.865,-0.837,-0.772,-0.79,-0.853,-0.896,-0.825,-0.845,-0.817,-0.748,-0.792,-0.867,-0.894,-0.813,-0.851,-0.829,-0.728,0,0
"2019-04-15 02:16:00.0",782343,-9999,-59.34,-53.49,-53.49,-0.804,-9999,-9999,12.0486,40.03,39.92,20.45,-0.805,-0.906,-0.908,-0.847,-0.845,-0.831,-0.75,-0.797,-0.865,-0.877,-0.833,-0.873,-0.829,-0.742,-0.792,-0.885,-0.904,-0.829,-0.875,-0.855,-0.758,-0.797,-0.861,-0.896,-0.829,-0.849,-0.823,-0.736,0,0
"2019-04-15 02:16:20.0",782344,-9999,-59.24,-53.55,-53.55,-0.804,-9999,-9999,12.0431,40.03,39.92,20.42,-0.805,-0.877,-0.906,-0.835,-0.857,-0.863,-0.752,-0.794,-0.855,-0.896,-0.829,-0.847,-0.851,-0.728,-0.788,-0.867,-0.889,-0.827,-0.861,-0.835,-0.746,-0.794,-0.889,-0.91,-0.845,-0.855,-0.851,-0.722,0,0
"2019-04-15 02:16:40.0",782345,-9999,-59.15,-53.61,-53.61,-0.805,-9999,-9999,12.0431,40.03,39.92,20.42,-0.807,-0.873,-0.93,-0.839,-0.863,-0.839,-0.77,-0.792,-0.875,-0.9,-0.829,-0.875,-0.823,-0.77,-0.79,-0.857,-0.894,-0.827,-0.851,-0.847,-0.726,-0.801,-0.875,-0.9,-0.829,-0.851,-0.831,-0.764,0,700
"2019-04-15 02:17:00.0",782346,-9999,-59.06,-53.67,-53.67,-0.806,-9999,-9999,12.0431,40.03,39.92,20.4,-0.805,-0.902,-0.912,-0.845,-0.863,-0.865,-0.724,-0.797,-0.861,-0.9,-0.835,-0.851,-0.829,-0.738,-0.801,-0.892,-0.892,-0.851,-0.851,-0.857,-0.742,-0.792,-0.849,-0.9,-0.827,-0.847,-0.815,-0.72,0,0
"2019-04-15 02:17:20.0",782347,-9999,-58.96,-53.73,-53.73,-0.806,-9999,-9999,12.0431,40.03,39.92,20.4,-0.801,-0.894,-0.896,-0.825,-0.861,-0.831,-0.75,-0.79,-0.881,-0.9,-0.833,-0.839,-0.841,-0.734,-0.801,-0.867,-0.896,-0.827,-0.855,-0.819,-0.764,-0.786,-0.894,-0.9,-0.831,-0.871,-0.841,-0.736,0,0
"2019-04-15 02:17:40.0",782348,-9999,-58.87,-53.79,-53.79,-0.807,-9999,-9999,12.0431,40.03,39.92,20.4,-0.815,-0.875,-0.928,-0.821,-0.857,-0.867,-0.726,-0.803,-0.853,-0.894,-0.831,-0.857,-0.827,-0.772,-0.794,-0.871,-0.894,-0.853,-0.857,-0.853,-0.75,-0.797,-0.894,-0.904,-0.829,-0.857,-0.825,-0.732,0,0
"2019-04-15 02:18:00.0",782349,-9999,-58.78,-53.85,-53.85,-0.808,-9999,-9999,12.0431,40.03,39.92,20.4,-0.809,-0.865,-0.912,-0.843,-0.869,-0.871,-0.762,-0.794,-0.883,-0.9,-0.829,-0.851,-0.851,-0.748,-0.794,-0.873,-0.916,-0.831,-0.851,-0.833,-0.74,-0.79,-0.877,-0.877,-0.825,-0.845,-0.855,-0.762,0,0
"2019-04-15 02:18:20.0",782350,-9999,-58.68,-53.91,-53.91,-0.808,-9999,-9999,12.0431,40.03,39.92,20.4,-0.801,-0.859,-0.908,-0.841,-0.871,-0.827,-0.734,-0.792,-0.863,-0.889,-0.829,-0.833,-0.839,-0.732,-0.797,-0.881,-0.892,-0.847,-0.849,-0.813,-0.762,-0.794,-0.847,-0.896,-0.825,-0.847,-0.829,-0.734,0,700
"2019-04-15 02:18:40.0",782351,-9999,-58.59,-53.98,-53.98,-0.809,-9999,-9999,12.0431,40.03,39.92,20.37,-0.805,-0.898,-0.916,-0.865,-0.845,-0.863,-0.77,-0.794,-0.869,-0.912,-0.841,-0.851,-0.849,-0.752,-0.79,-0.869,-0.904,-0.833,-0.851,-0.821,-0.75,-0.794,-0.894,-0.898,-0.815,-0.839,-0.839,-0.772,0,0
"2019-04-15 02:19:00.0",782352,-9999,-58.49,-54.04,-54.04,-0.809,-9999,-9999,12.0431,40.03,39.92,20.4,-0.807,-0.885,-0.91,-0.837,-0.843,-0.831,-0.756,-0.794,-0.869,-0.9,-0.829,-0.849,-0.819,-0.75,-0.797,-0.859,-0.898,-0.827,-0.847,-0.825,-0.772,-0.797,-0.863,-0.914,-0.827,-0.851,-0.831,-0.74,0,0
"2019-04-15 02:19:20.0",782353,-9999,-58.4,-54.1,-54.1,-0.81,-9999,-9999,12.0431,40.03,39.92,20.37,-0.809,-0.875,-0.918,-0.867,-0.869,-0.833,-0.76,-0.794,-0.9,-0.889,-0.835,-0.853,-0.865,-0.766,-0.794,-0.889,-0.898,-0.837,-0.857,-0.821,-0.75,-0.794,-0.855,-0.906,-0.833,-0.833,-0.835,-0.746,0,0
"2019-04-15 02:19:40.0",782354,-9999,-58.3,-54.16,-54.16,-0.811,-9999,-9999,12.0431,40.03,39.92,20.37,-0.805,-0.9,-0.908,-0.867,-0.867,-0.871,-0.75,-0.794,-0.871,-0.902,-0.813,-0.851,-0.839,-0.768,-0.792,-0.892,-0.92,-0.835,-0.851,-0.817,-0.74,-0.797,-0.877,-0.879,-0.831,-0.847,-0.833,-0.726,0,0
"2019-04-15 02:20:00.0",782355,-9999,-58.2,-54.22,-54.22,-0.811,-9999,-9999,12.0375,40.03,39.92,20.37,-0.803,-0.877,-0.912,-0.845,-0.841,-0.841,-0.75,-0.792,-0.857,-0.885,-0.833,-0.847,-0.827,-0.732,-0.801,-0.851,-0.875,-0.825,-0.849,-0.851,-0.748,-0.794,-0.889,-0.894,-0.831,-0.847,-0.821,-0.722,0,700
"2019-04-15 02:20:20.0",782356,-9999,-58.11,-54.28,-54.28,-0.812,-9999,-9999,12.0431,40.03,39.92,20.34,-0.811,-0.873,-0.912,-0.845,-0.849,-0.835,-0.756,-0.794,-0.869,-0.904,-0.835,-0.855,-0.861,-0.74,-0.797,-0.877,-0.9,-0.819,-0.845,-0.833,-0.754,-0.794,-0.853,-0.904,-0.829,-0.849,-0.855,-0.746,0,0
"2019-04-15 02:20:40.0",782357,-9999,-58.01,-54.34,-54.34,-0.812,-9999,-9999,12.0375,40.03,39.92,20.34,-0.803,-0.879,-0.912,-0.837,-0.857,-0.827,-0.734,-0.792,-0.851,-0.896,-0.827,-0.847,-0.825,-0.77,-0.794,-0.853,-0.892,-0.809,-0.851,-0.851,-0.726,-0.794,-0.873,-0.914,-0.829,-0.847,-0.813,-0.752,0,0
"2019-04-15 02:21:00.0",782358,-9999,-57.92,-54.4,-54.4,-0.813,-9999,-9999,12.0431,40.03,39.92,20.34,-0.807,-0.865,-0.934,-0.845,-0.859,-0.839,-0.764,-0.797,-0.879,-0.9,-0.825,-0.855,-0.829,-0.732,-0.797,-0.867,-0.918,-0.827,-0.855,-0.855,-0.742,-0.799,-0.869,-0.877,-0.833,-0.849,-0.815,-0.72,0,0
"2019-04-15 02:21:20.0",782359,-9999,-57.82,-54.46,-54.46,-0.814,-9999,-9999,12.0375,40.03,39.92,20.34,-0.809,-0.863,-0.91,-0.839,-0.863,-0.829,-0.75,-0.797,-0.887,-0.914,-0.821,-0.857,-0.837,-0.774,-0.797,-0.873,-0.896,-0.829,-0.845,-0.819,-0.722,-0.797,-0.875,-0.9,-0.809,-0.857,-0.835,-0.758,0,0
"2019-04-15 02:21:40.0",782360,-9999,-57.72,-54.51,-54.51,-0.814,-9999,-9999,12.0431,40.03,39.92,20.31,-0.807,-0.861,-0.914,-0.849,-0.867,-0.867,-0.74,-0.794,-0.896,-0.902,-0.835,-0.839,-0.847,-0.766,-0.801,-0.892,-0.906,-0.817,-0.851,-0.821,-0.734,-0.794,-0.857,-0.908,-0.833,-0.873,-0.839,-0.742,0,700
"2019-04-15 02:22:00.0",782361,-9999,-57.62,-54.57,-54.57,-0.815,-9999,-9999,12.0431,40.03,39.92,20.31,-0.811,-0.892,-0.898,-0.837,-0.849,-0.829,-0.726,-0.797,-0.873,-0.904,-0.829,-0.839,-0.837,-0.776,-0.797,-0.869,-0.892,-0.829,-0.853,-0.847,-0.76,-0.799,-0.883,-0.896,-0.835,-0.849,-0.823,-0.742,0,0
"2019-04-15 02:22:20.0",782362,-9999,-57.53,-54.63,-54.63,-0.815,-9999,-9999,12.0431,40.03,39.92,20.31,-0.807,-0.885,-0.916,-0.847,-0.865,-0.855,-0.764,-0.799,-0.853,-0.908,-0.837,-0.855,-0.863,-0.742,-0.794,-0.875,-0.894,-0.859,-0.855,-0.839,-0.77,-0.799,-0.892,-0.898,-0.831,-0.859,-0.863,-0.744,0,0
"2019-04-15 02:22:40.0",782363,-9999,-57.43,-54.69,-54.69,-0.816,-9999,-9999,12.0431,40.03,39.92,20.31,-0.809,-0.863,-0.908,-0.867,-0.863,-0.871,-0.736,-0.799,-0.892,-0.916,-0.827,-0.839,-0.865,-0.736,-0.794,-0.89,-0.9,-0.831,-0.853,-0.817,-0.764,-0.797,-0.849,-0.896,-0.835,-0.877,-0.837,-0.746,0,0
"2019-04-15 02:23:00.0",782364,-9999,-57.33,-54.75,-54.75,-0.817,-9999,-9999,12.0375,40.03,39.92,20.29,-0.809,-0.906,-0.902,-0.843,-0.865,-0.845,-0.73,-0.799,-0.885,-0.9,-0.831,-0.851,-0.837,-0.774,-0.794,-0.898,-0.896,-0.833,-0.853,-0.825,-0.752,-0.797,-0.857,-0.881,-0.833,-0.853,-0.837,-0.726,0,0
"2019-04-15 02:23:20.0",782365,-9999,-57.23,-54.81,-54.81,-0.817,-9999,-9999,12.0431,40.03,39.92,20.29,-0.809,-0.883,-0.887,-0.837,-0.847,-0.823,-0.774,-0.794,-0.875,-0.902,-0.835,-0.877,-0.867,-0.762,-0.794,-0.869,-0.91,-0.827,-0.857,-0.839,-0.728,-0.797,-0.881,-0.898,-0.835,-0.855,-0.857,-0.764,0,700
"2019-04-15 02:23:40.0",782366,-9999,-57.14,-54.87,-54.87,-0.818,-9999,-9999,12.0431,40.03,39.92,20.29,-0.809,-0.871,-0.908,-0.859,-0.871,-0.875,-0.746,-0.794,-0.861,-0.902,-0.837,-0.857,-0.843,-0.74,-0.794,-0.847,-0.896,-0.839,-0.847,-0.823,-0.75,-0.799,-0.892,-0.898,-0.825,-0.853,-0.837,-0.724,0,0
"2019-04-15 02:24:00.0",782367,-9999,-57.04,-54.93,-54.93,-0.818,-9999,-9999,12.0431,40.03,39.92,20.29,-0.817,-0.916,-0.916,-0.847,-0.869,-0.851,-0.762,-0.803,-0.898,-0.93,-0.831,-0.875,-0.839,-0.732,-0.797,-0.857,-0.9,-0.819,-0.851,-0.829,-0.744,-0.805,-0.875,-0.904,-0.819,-0.859,-0.845,-0.726,0,0
"2019-04-15 02:24:20.0",782368,-9999,-56.94,-54.99,-54.99,-0.819,-9999,-9999,12.0431,40.03,39.92,20.29,-0.807,-0.904,-0.9,-0.841,-0.869,-0.843,-0.756,-0.794,-0.877,-0.902,-0.827,-0.861,-0.829,-0.77,-0.805,-0.894,-0.902,-0.833,-0.857,-0.833,-0.756,-0.792,-0.865,-0.922,-0.837,-0.849,-0.859,-0.734,0,0
"2019-04-15 02:24:40.0",782369,-9999,-56.84,-55.05,-55.05,-0.82,-9999,-9999,12.0375,40.03,39.92,20.29,-0.809,-0.896,-0.91,-0.847,-0.869,-0.869,-0.756,-0.79,-0.873,-0.896,-0.831,-0.837,-0.825,-0.756,-0.801,-0.892,-0.9,-0.827,-0.853,-0.853,-0.77,-0.792,-0.857,-0.898,-0.829,-0.871,-0.819,-0.74,0,0
"2019-04-15 02:25:00.0",782370,-9999,-56.74,-55.11,-55.11,-0.82,-9999,-9999,12.0431,40.03,39.92,20.26,-0.809,-0.875,-0.908,-0.855,-0.859,-0.831,-0.73,-0.797,-0.875,-0.9,-0.831,-0.837,-0.829,-0.758,-0.794,-0.89,-0.896,-0.833,-0.849,-0.855,-0.746,-0.794,-0.849,-0.869,-0.835,-0.871,-0.831,-0.73,0,700
"2019-04-15 02:25:20.0",782371,-9999,-56.64,-55.17,-55.17,-0.821,-9999,-9999,12.0375,40.03,39.92,20.26,-0.811,-0.879,-0.918,-0.843,-0.89,-0.867,-0.758,-0.797,-0.871,-0.9,-0.833,-0.847,-0.849,-0.736,-0.799,-0.887,-0.894,-0.853,-0.847,-0.833,-0.764,-0.794,-0.855,-0.898,-0.831,-0.855,-0.823,-0.744,0,0
"2019-04-15 02:25:40.0",782372,-9999,-56.54,-55.23,-55.23,-0.821,-9999,-9999,12.0431,40.03,39.92,20.26,-0.807,-0.875,-0.93,-0.839,-0.857,-0.843,-0.768,-0.797,-0.875,-0.908,-0.835,-0.875,-0.825,-0.76,-0.792,-0.894,-0.908,-0.829,-0.857,-0.857,-0.77,-0.797,-0.867,-0.924,-0.833,-0.853,-0.835,-0.752,0,0
"2019-04-15 02:26:00.0",782373,-9999,-56.44,-55.29,-55.29,-0.822,-9999,-9999,12.0431,40.03,39.92,20.26,-0.811,-0.861,-0.912,-0.839,-0.855,-0.831,-0.756,-0.794,-0.857,-0.898,-0.835,-0.857,-0.869,-0.756,-0.799,-0.875,-0.9,-0.827,-0.853,-0.839,-0.76,-0.794,-0.894,-0.92,-0.855,-0.847,-0.851,-0.766,0,0
"2019-04-15 02:26:20.0",782374,-9999,-56.34,-55.35,-55.35,-0.823,-9999,-9999,12.0431,40.03,39.92,20.24,-0.809,-0.859,-0.912,-0.869,-0.853,-0.841,-0.738,-0.799,-0.863,-0.9,-0.831,-0.853,-0.841,-0.734,-0.794,-0.885,-0.887,-0.835,-0.873,-0.827,-0.766,-0.797,-0.89,-0.918,-0.837,-0.859,-0.843,-0.754,0,0
"2019-04-15 02:26:40.0",782375,-9999,-56.24,-55.4,-55.4,-0.823,-9999,-9999,12.0375,40.03,39.92,20.24,-0.807,-0.863,-0.912,-0.841,-0.883,-0.829,-0.754,-0.794,-0.873,-0.881,-0.833,-0.855,-0.849,-0.752,-0.794,-0.863,-0.898,-0.829,-0.851,-0.841,-0.732,-0.797,-0.873,-0.896,-0.831,-0.837,-0.853,-0.752,0,700
"2019-04-15 02:27:00.0",782376,-9999,-56.13,-55.46,-55.46,-0.824,-9999,-9999,12.0431,40.03,39.92,20.24,-0.805,-0.898,-0.92,-0.845,-0.845,-0.849,-0.768,-0.799,-0.89,-0.892,-0.835,-0.859,-0.827,-0.73,-0.799,-0.875,-0.873,-0.829,-0.855,-0.829,-0.754,-0.803,-0.867,-0.89,-0.821,-0.853,-0.851,-0.742,0,0
"2019-04-15 02:27:20.0",782377,-9999,-56.03,-55.52,-55.52,-0.824,-9999,-9999,12.0431,40.03,39.92,20.24,-0.809,-0.914,-0.91,-0.841,-0.847,-0.835,-0.738,-0.795,-0.9,-0.904,-0.845,-0.851,-0.831,-0.774,-0.795,-0.9,-0.879,-0.835,-0.857,-0.855,-0.726,-0.797,-0.873,-0.896,-0.831,-0.839,-0.823,-0.746,0,0
"2019-04-15 02:27:40.0",782378,-9999,-55.93,-55.58,-55.58,-0.825,-9999,-9999,12.0431,40.03,39.92,20.24,-0.813,-0.896,-0.916,-0.845,-0.873,-0.833,-0.762,-0.801,-0.892,-0.904,-0.837,-0.877,-0.825,-0.736,-0.801,-0.863,-0.9,-0.835,-0.851,-0.853,-0.758,-0.797,-0.871,-0.898,-0.831,-0.855,-0.815,-0.744,0,0
"2019-04-15 02:28:00.0",782379,-9999,-55.83,-55.64,-55.64,-0.825,-9999,-9999,12.0431,40.03,39.92,20.21,-0.811,-0.908,-0.942,-0.847,-0.867,-0.857,-0.756,-0.805,-0.887,-0.902,-0.835,-0.853,-0.827,-0.764,-0.797,-0.869,-0.898,-0.829,-0.855,-0.851,-0.732,-0.797,-0.865,-0.924,-0.833,-0.847,-0.821,-0.764,0,0
"2019-04-15 02:28:20.0",782380,-9999,-55.73,-55.7,-55.7,-0.826,-9999,-9999,12.0431,40.03,39.92,20.21,-0.809,-0.902,-0.918,-0.845,-0.867,-0.833,-0.756,-0.803,-0.892,-0.894,-0.827,-0.849,-0.831,-0.748,-0.792,-0.851,-0.902,-0.815,-0.849,-0.835,-0.738,-0.797,-0.865,-0.883,-0.815,-0.857,-0.863,-0.76,0,700
"2019-04-15 02:28:40.0",782381,-9999,-55.62,-55.75,-55.75,-0.827,-9999,-9999,12.0375,40.03,39.92,20.21,-0.805,-0.898,-0.934,-0.847,-0.861,-0.837,-0.738,-0.801,-0.885,-0.922,-0.823,-0.855,-0.849,-0.762,-0.79,-0.861,-0.871,-0.829,-0.855,-0.855,-0.738,-0.801,-0.875,-0.902,-0.833,-0.877,-0.823,-0.724,0,0
"2019-04-15 02:29:00.0",782382,-9999,-55.52,-55.81,-55.81,-0.827,-9999,-9999,12.0375,40.03,39.92,20.21,-0.811,-0.867,-0.908,-0.841,-0.851,-0.831,-0.738,-0.792,-0.883,-0.883,-0.855,-0.851,-0.863,-0.76,-0.805,-0.867,-0.896,-0.835,-0.849,-0.839,-0.75,-0.797,-0.869,-0.906,-0.835,-0.851,-0.857,-0.734,0,0
"2019-04-15 02:29:20.0",782383,-9999,-55.42,-55.87,-55.87,-0.828,-9999,-9999,12.0431,40.03,39.92,20.21,-0.809,-0.902,-0.936,-0.849,-0.847,-0.839,-0.768,-0.801,-0.896,-0.89,-0.831,-0.855,-0.857,-0.774,-0.801,-0.865,-0.904,-0.831,-0.853,-0.839,-0.73,-0.799,-0.871,-0.902,-0.833,-0.859,-0.859,-0.764,0,0
"2019-04-15 02:29:40.0",782384,-9999,-55.32,-55.93,-55.93,-0.828,-9999,-9999,12.0431,40.03,39.92,20.18,-0.815,-0.9,-0.91,-0.849,-0.859,-0.851,-0.77,-0.801,-0.875,-0.894,-0.851,-0.873,-0.829,-0.756,-0.795,-0.853,-0.871,-0.829,-0.849,-0.853,-0.736,-0.799,-0.894,-0.902,-0.839,-0.855,-0.817,-0.76,0,0
"2019-04-15 02:30:00.0",782385,-9999,-55.21,-55.99,-55.99,-0.829,-9999,-9999,12.0431,40.03,39.92,20.18,-0.805,-0.892,-0.922,-0.849,-0.869,-0.833,-0.772,-0.799,-0.869,-0.896,-0.829,-0.871,-0.825,-0.754,-0.795,-0.853,-0.898,-0.831,-0.853,-0.825,-0.726,-0.803,-0.885,-0.896,-0.827,-0.837,-0.837,-0.76,0,700
"2019-04-15 02:30:20.0",782386,-9999,-55.11,-56.05,-56.05,-0.829,-9999,-9999,12.0431,40.03,39.92,20.18,-0.811,-0.867,-0.908,-0.821,-0.885,-0.827,-0.77,-0.801,-0.869,-0.894,-0.833,-0.857,-0.831,-0.746,-0.795,-0.871,-0.892,-0.829,-0.839,-0.825,-0.746,-0.795,-0.871,-0.902,-0.835,-0.873,-0.859,-0.754,0,0
"2019-04-15 02:30:40.0",782387,-9999,-55,-56.1,-56.1,-0.83,-9999,-9999,12.0375,40.03,39.92,20.18,-0.813,-0.867,-0.91,-0.849,-0.869,-0.877,-0.748,-0.801,-0.855,-0.9,-0.835,-0.851,-0.841,-0.738,-0.792,-0.869,-0.9,-0.829,-0.853,-0.819,-0.762,-0.801,-0.885,-0.92,-0.831,-0.847,-0.839,-0.75,0,0
"2019-04-15 02:31:00.0",782388,-9999,-54.9,-56.16,-56.16,-0.831,-9999,-9999,12.0375,40.03,39.92,20.18,-0.811,-0.875,-0.906,-0.845,-0.871,-0.845,-0.758,-0.799,-0.883,-0.926,-0.837,-0.859,-0.845,-0.76,-0.801,-0.875,-0.888,-0.837,-0.849,-0.863,-0.738,-0.801,-0.879,-0.904,-0.837,-0.859,-0.831,-0.764,0,0
"2019-04-15 02:31:20.0",782389,-9999,-54.79,-56.22,-56.22,-0.831,-9999,-9999,12.0431,40.03,39.92,20.18,-0.811,-0.883,-0.904,-0.871,-0.863,-0.867,-0.762,-0.797,-0.871,-0.904,-0.835,-0.851,-0.821,-0.758,-0.795,-0.892,-0.873,-0.831,-0.851,-0.855,-0.73,-0.799,-0.849,-0.896,-0.833,-0.837,-0.821,-0.752,0,0
"2019-04-15 02:31:40.0",782390,-9999,-54.69,-56.28,-56.28,-0.832,-9999,-9999,12.0375,40.03,39.92,20.15,-0.809,-0.885,-0.934,-0.843,-0.849,-0.869,-0.774,-0.801,-0.881,-0.912,-0.839,-0.855,-0.849,-0.78,-0.797,-0.892,-0.906,-0.817,-0.855,-0.851,-0.764,-0.799,-0.861,-0.922,-0.819,-0.849,-0.825,-0.734,0,700
"2019-04-15 02:32:00.0",782391,-9999,-54.58,-56.33,-56.33,-0.832,-9999,-9999,12.0431,40.03,39.92,20.15,-0.817,-0.883,-0.904,-0.849,-0.871,-0.835,-0.774,-0.801,-0.869,-0.904,-0.829,-0.879,-0.865,-0.778,-0.797,-0.896,-0.89,-0.837,-0.853,-0.835,-0.752,-0.801,-0.861,-0.9,-0.835,-0.855,-0.857,-0.736,0,0
"2019-04-15 02:32:20.0",782392,-9999,-54.48,-56.39,-56.39,-0.833,-9999,-9999,12.0375,40.03,39.92,20.15,-0.813,-0.908,-0.932,-0.843,-0.873,-0.851,-0.778,-0.803,-0.894,-0.896,-0.829,-0.859,-0.869,-0.774,-0.799,-0.877,-0.898,-0.831,-0.861,-0.827,-0.73,-0.801,-0.879,-0.904,-0.819,-0.855,-0.843,-0.726,0,0
"2019-04-15 02:32:40.0",782393,-9999,-54.37,-56.45,-56.45,-0.833,-9999,-9999,12.0431,40.03,39.92,20.15,-0.811,-0.894,-0.912,-0.849,-0.867,-0.837,-0.786,-0.799,-0.861,-0.908,-0.833,-0.859,-0.871,-0.758,-0.799,-0.881,-0.898,-0.835,-0.855,-0.825,-0.746,-0.799,-0.902,-0.886,-0.835,-0.851,-0.841,-0.762,0,0
"2019-04-15 02:33:00.0",782394,-9999,-54.26,-56.51,-56.51,-0.834,-9999,-9999,12.0431,40.03,39.92,20.15,-0.807,-0.886,-0.94,-0.845,-0.89,-0.871,-0.744,-0.795,-0.89,-0.881,-0.835,-0.849,-0.843,-0.734,-0.805,-0.896,-0.894,-0.831,-0.849,-0.843,-0.752,-0.795,-0.875,-0.9,-0.831,-0.859,-0.821,-0.748,0,0
"2019-04-15 02:33:20.0",782395,-9999,-54.16,-56.56,-56.56,-0.834,-9999,-9999,12.0431,40.03,39.92,20.15,-0.809,-0.869,-0.942,-0.871,-0.871,-0.877,-0.784,-0.801,-0.863,-0.904,-0.835,-0.855,-0.827,-0.758,-0.799,-0.877,-0.896,-0.833,-0.835,-0.857,-0.74,-0.797,-0.898,-0.879,-0.829,-0.877,-0.837,-0.77,0,700
"2019-04-15 02:33:40.0",782396,-9999,-54.05,-56.62,-56.62,-0.835,-9999,-9999,12.0431,40.03,39.92,20.13,-0.811,-0.886,-0.912,-0.845,-0.886,-0.845,-0.772,-0.801,-0.9,-0.9,-0.855,-0.877,-0.829,-0.77,-0.807,-0.855,-0.904,-0.831,-0.849,-0.837,-0.73,-0.797,-0.896,-0.898,-0.835,-0.859,-0.855,-0.746,0,0
"2019-04-15 02:34:00.0",782397,-9999,-53.94,-56.68,-56.68,-0.836,-9999,-9999,12.0431,40.03,39.92,20.13,-0.817,-0.896,-0.916,-0.843,-0.867,-0.841,-0.774,-0.803,-0.857,-0.924,-0.835,-0.855,-0.841,-0.78,-0.803,-0.869,-0.879,-0.831,-0.857,-0.863,-0.732,-0.807,-0.896,-0.9,-0.837,-0.855,-0.829,-0.77,0,0
"2019-04-15 02:34:20.0",782398,-9999,-53.84,-56.73,-56.73,-0.836,-9999,-9999,12.0375,40.03,39.92,20.13,-0.813,-0.91,-0.922,-0.853,-0.894,-0.859,-0.793,-0.805,-0.851,-0.904,-0.861,-0.853,-0.863,-0.788,-0.797,-0.881,-0.912,-0.835,-0.865,-0.827,-0.734,-0.801,-0.851,-0.908,-0.861,-0.855,-0.845,-0.764,0,0
"2019-04-15 02:34:40.0",782399,-9999,-53.73,-56.79,-56.79,-0.837,-9999,-9999,12.0375,40.03,39.92,20.13,-0.817,-0.863,-0.892,-0.841,-0.867,-0.851,-0.756,-0.801,-0.875,-0.93,-0.833,-0.861,-0.833,-0.778,-0.799,-0.888,-0.9,-0.835,-0.855,-0.841,-0.75,-0.801,-0.851,-0.908,-0.833,-0.857,-0.857,-0.724,0,0
"2019-04-15 02:35:00.0",782400,-9999,-53.62,-56.85,-56.85,-0.837,-9999,-9999,12.0431,40.03,39.92,20.1,-0.813,-0.879,-0.904,-0.841,-0.869,-0.869,-0.764,-0.801,-0.861,-0.9,-0.831,-0.859,-0.829,-0.78,-0.803,-0.877,-0.9,-0.813,-0.851,-0.835,-0.726,-0.799,-0.865,-0.888,-0.813,-0.853,-0.855,-0.716,0,700
"2019-04-15 02:35:20.0",782401,-9999,-53.51,-56.91,-56.91,-0.838,-9999,-9999,12.0375,40.03,39.92,20.1,-0.811,-0.908,-0.912,-0.847,-0.865,-0.865,-0.744,-0.799,-0.863,-0.881,-0.841,-0.839,-0.871,-0.77,-0.803,-0.871,-0.9,-0.833,-0.855,-0.831,-0.762,-0.803,-0.894,-0.91,-0.837,-0.857,-0.829,-0.764,0,0
"2019-04-15 02:35:40.0",782402,-9999,-53.4,-56.96,-56.96,-0.838,-9999,-9999,12.0486,40.03,39.92,20.1,-0.809,-0.908,-0.912,-0.847,-0.847,-0.853,-0.742,-0.799,-0.853,-0.904,-0.831,-0.849,-0.859,-0.772,-0.791,-0.853,-0.898,-0.835,-0.853,-0.819,-0.742,-0.799,-0.879,-0.892,-0.835,-0.851,-0.833,-0.732,0,0
"2019-04-15 02:36:00.0",782403,-9999,-53.29,-57.02,-57.02,-0.839,-9999,-9999,12.0431,40.01,39.92,20.1,-0.811,-0.888,-0.916,-0.845,-0.863,-0.855,-0.768,-0.803,-0.896,-0.877,-0.837,-0.861,-0.847,-0.784,-0.803,-0.857,-0.906,-0.853,-0.835,-0.861,-0.728,-0.801,-0.898,-0.898,-0.847,-0.875,-0.821,-0.746,0,0
"2019-04-15 02:36:20.0",782404,-9999,-53.18,-57.08,-57.08,-0.839,-9999,-9999,12.0375,40.03,39.92,20.1,-0.817,-0.908,-0.926,-0.851,-0.851,-0.877,-0.746,-0.803,-0.881,-0.9,-0.839,-0.859,-0.873,-0.764,-0.801,-0.863,-0.881,-0.837,-0.879,-0.831,-0.726,-0.803,-0.898,-0.906,-0.837,-0.867,-0.843,-0.746,0,0
"2019-04-15 02:36:40.0",782405,-9999,-53.07,-57.13,-57.13,-0.84,-9999,-9999,12.0431,40.03,39.92,20.08,-0.811,-0.912,-0.908,-0.845,-0.851,-0.873,-0.758,-0.799,-0.855,-0.898,-0.831,-0.861,-0.865,-0.778,-0.797,-0.869,-0.91,-0.827,-0.855,-0.821,-0.764,-0.801,-0.875,-0.922,-0.817,-0.837,-0.837,-0.732,0,700
"2019-04-15 02:37:00.0",782406,-9999,-52.96,-57.19,-57.19,-0.84,-9999,-9999,12.0319,40.03,39.92,20.05,-0.809,-0.869,-0.916,-0.851,-0.873,-0.851,-0.756,-0.799,-0.879,-0.912,-0.835,-0.859,-0.867,-0.774,-0.803,-0.896,-0.902,-0.847,-0.851,-0.825,-0.754,-0.799,-0.865,-0.904,-0.845,-0.859,-0.841,-0.73,0,0
"2019-04-15 02:37:20.0",782407,-9999,-52.85,-57.25,-57.25,-0.841,-9999,-9999,12.0431,40.03,39.92,20.05,-0.811,-0.875,-0.912,-0.839,-0.861,-0.869,-0.732,-0.801,-0.853,-0.926,-0.829,-0.855,-0.827,-0.758,-0.793,-0.867,-0.904,-0.831,-0.853,-0.857,-0.73,-0.797,-0.853,-0.902,-0.835,-0.851,-0.855,-0.754,0,0
"2019-04-15 02:37:40.0",782408,-9999,-52.74,-57.3,-57.3,-0.842,-9999,-9999,12.0375,40.03,39.92,20.05,-0.809,-0.904,-0.916,-0.849,-0.869,-0.857,-0.762,-0.799,-0.884,-0.91,-0.833,-0.875,-0.869,-0.768,-0.797,-0.851,-0.902,-0.831,-0.855,-0.827,-0.756,-0.797,-0.894,-0.922,-0.837,-0.839,-0.843,-0.752,0,0
"2019-04-15 02:38:00.0",782409,-9999,-52.63,-57.36,-57.36,-0.842,-9999,-9999,12.0431,40.03,39.92,20.05,-0.817,-0.886,-0.896,-0.843,-0.863,-0.865,-0.754,-0.799,-0.867,-0.904,-0.829,-0.855,-0.855,-0.758,-0.791,-0.888,-0.904,-0.825,-0.845,-0.819,-0.736,-0.801,-0.847,-0.904,-0.851,-0.851,-0.835,-0.756,0,0
"2019-04-15 02:38:20.0",782410,-9999,-52.52,-57.41,-57.41,-0.843,-9999,-9999,12.0431,40.03,39.92,20.05,-0.807,-0.9,-0.912,-0.843,-0.857,-0.845,-0.766,-0.799,-0.892,-0.892,-0.825,-0.853,-0.839,-0.772,-0.793,-0.888,-0.894,-0.829,-0.851,-0.851,-0.72,-0.797,-0.843,-0.875,-0.827,-0.847,-0.823,-0.718,0,700
"2019-04-15 02:38:40.0",782411,-9999,-52.41,-57.47,-57.47,-0.843,-9999,-9999,12.0431,40.03,39.92,20.05,-0.811,-0.892,-0.904,-0.847,-0.865,-0.859,-0.756,-0.797,-0.871,-0.91,-0.833,-0.853,-0.847,-0.742,-0.795,-0.896,-0.906,-0.837,-0.849,-0.819,-0.776,-0.793,-0.857,-0.926,-0.835,-0.859,-0.839,-0.744,0,0
"2019-04-15 02:39:00.0",782412,-9999,-52.3,-57.53,-57.53,-0.844,-9999,-9999,12.0431,40.03,39.92,20.08,-0.807,-0.863,-0.886,-0.837,-0.865,-0.829,-0.766,-0.797,-0.871,-0.871,-0.813,-0.873,-0.857,-0.758,-0.797,-0.894,-0.894,-0.823,-0.849,-0.815,-0.722,-0.797,-0.853,-0.896,-0.831,-0.855,-0.835,-0.762,0,0
"2019-04-15 02:39:20.0",782413,-9999,-52.19,-57.58,-57.58,-0.844,-9999,-9999,12.0375,40.03,39.92,20.08,-0.805,-0.906,-0.91,-0.843,-0.871,-0.865,-0.738,-0.797,-0.892,-0.906,-0.855,-0.853,-0.827,-0.74,-0.797,-0.879,-0.873,-0.833,-0.859,-0.855,-0.764,-0.797,-0.877,-0.898,-0.821,-0.853,-0.827,-0.744,0,0
"2019-04-15 02:39:40.0",782414,-9999,-52.07,-57.64,-57.64,-0.845,-9999,-9999,12.0431,40.03,39.92,20.05,-0.815,-0.904,-0.914,-0.839,-0.888,-0.851,-0.76,-0.791,-0.892,-0.89,-0.833,-0.847,-0.861,-0.772,-0.797,-0.847,-0.89,-0.827,-0.847,-0.813,-0.754,-0.799,-0.867,-0.9,-0.853,-0.835,-0.817,-0.726,0,0
"2019-04-15 02:40:00.0",782415,-9999,-51.96,-57.69,-57.69,-0.845,-9999,-9999,12.0431,40.03,39.92,20.05,-0.803,-0.886,-0.912,-0.841,-0.861,-0.851,-0.744,-0.797,-0.877,-0.892,-0.823,-0.849,-0.825,-0.756,-0.791,-0.857,-0.894,-0.821,-0.823,-0.825,-0.74,-0.793,-0.881,-0.898,-0.829,-0.847,-0.855,-0.726,0,700
"2019-04-15 02:40:20.0",782416,-9999,-51.85,-57.75,-57.75,-0.846,-9999,-9999,12.0486,40.03,39.92,20.05,-0.801,-0.894,-0.912,-0.867,-0.861,-0.871,-0.774,-0.797,-0.892,-0.9,-0.851,-0.849,-0.819,-0.768,-0.788,-0.879,-0.9,-0.825,-0.827,-0.851,-0.722,-0.797,-0.841,-0.916,-0.821,-0.871,-0.813,-0.714,0,0
"2019-04-15 02:40:40.0",782417,-9999,-51.74,-57.8,-57.8,-0.846,-9999,-9999,12.0375,40.03,39.92,20.05,-0.803,-0.904,-0.912,-0.843,-0.888,-0.851,-0.778,-0.799,-0.875,-0.898,-0.831,-0.851,-0.863,-0.752,-0.801,-0.896,-0.892,-0.823,-0.851,-0.823,-0.76,-0.791,-0.853,-0.894,-0.827,-0.829,-0.837,-0.738,0,0
"2019-04-15 02:41:00.0",782418,-9999,-51.62,-57.86,-57.86,-0.847,-9999,-9999,12.0431,40.03,39.92,20.05,-0.799,-0.89,-0.926,-0.831,-0.857,-0.841,-0.76,-0.795,-0.865,-0.902,-0.829,-0.845,-0.823,-0.736,-0.791,-0.859,-0.912,-0.823,-0.849,-0.847,-0.758,-0.795,-0.888,-0.865,-0.823,-0.843,-0.815,-0.744,0,0
"2019-04-15 02:41:20.0",782419,-9999,-51.51,-57.92,-57.92,-0.847,-9999,-9999,12.0542,40.03,39.92,20.02,-0.805,-0.873,-0.896,-0.837,-0.855,-0.861,-0.754,-0.797,-0.851,-0.9,-0.829,-0.849,-0.837,-0.752,-0.795,-0.867,-0.898,-0.825,-0.847,-0.851,-0.748,-0.793,-0.886,-0.908,-0.823,-0.853,-0.819,-0.756,0,0
"2019-04-15 02:41:40.0",782420,-9999,-51.39,-57.97,-57.97,-0.848,-9999,-9999,12.0486,40.03,39.92,20,-0.801,-0.867,-0.912,-0.839,-0.855,-0.845,-0.73,-0.789,-0.882,-0.9,-0.829,-0.853,-0.823,-0.77,-0.791,-0.89,-0.912,-0.823,-0.849,-0.821,-0.728,-0.797,-0.849,-0.873,-0.827,-0.829,-0.855,-0.738,0,700
"2019-04-15 02:42:00.0",782421,-9999,-51.28,-58.03,-58.03,-0.848,-9999,-9999,12.0375,40.03,39.92,20,-0.799,-0.898,-0.904,-0.837,-0.869,-0.847,-0.754,-0.797,-0.847,-0.894,-0.825,-0.845,-0.843,-0.77,-0.791,-0.857,-0.875,-0.841,-0.851,-0.825,-0.742,-0.793,-0.89,-0.894,-0.825,-0.851,-0.831,-0.714,0,0
"2019-04-15 02:42:20.0",782422,-9999,-51.16,-58.08,-58.08,-0.849,-9999,-9999,12.0435,40.03,39.92,20,-0.803,-0.888,-0.9,-0.835,-0.839,-0.839,-0.748,-0.791,-0.879,-0.9,-0.829,-0.851,-0.839,-0.768,-0.793,-0.869,-0.896,-0.833,-0.849,-0.837,-0.744,-0.791,-0.888,-0.896,-0.827,-0.843,-0.813,-0.718,0,0
"2019-04-15 02:42:40.0",782423,-9999,-51.05,-58.14,-58.14,-0.849,-9999,-9999,12.0435,40.03,39.92,20,-0.801,-0.859,-0.91,-0.835,-0.857,-0.823,-0.75,-0.791,-0.869,-0.89,-0.823,-0.837,-0.815,-0.768,-0.795,-0.863,-0.882,-0.815,-0.855,-0.823,-0.72,-0.791,-0.892,-0.896,-0.847,-0.851,-0.851,-0.762,0,0
"2019-04-15 02:43:00.0",782424,-9999,-50.93,-58.19,-58.19,-0.85,-9999,-9999,12.0435,40.03,39.92,20,-0.801,-0.879,-0.875,-0.835,-0.857,-0.859,-0.738,-0.791,-0.884,-0.888,-0.821,-0.849,-0.829,-0.73,-0.791,-0.847,-0.912,-0.819,-0.845,-0.849,-0.744,-0.791,-0.859,-0.869,-0.845,-0.845,-0.813,-0.708,0,0
"2019-04-15 02:43:20.0",782425,-9999,-50.81,-58.25,-58.25,-0.85,-9999,-9999,12.0435,40.03,39.92,20,-0.803,-0.875,-0.91,-0.839,-0.865,-0.829,-0.768,-0.789,-0.882,-0.892,-0.849,-0.847,-0.831,-0.746,-0.789,-0.835,-0.879,-0.811,-0.829,-0.827,-0.732,-0.786,-0.865,-0.912,-0.819,-0.839,-0.825,-0.734,0,700
"2019-04-15 02:43:40.0",782426,-9999,-50.7,-58.3,-58.3,-0.851,-9999,-9999,12.0435,40.03,39.92,20,-0.799,-0.861,-0.932,-0.835,-0.863,-0.851,-0.774,-0.789,-0.867,-0.898,-0.827,-0.847,-0.823,-0.762,-0.789,-0.861,-0.875,-0.819,-0.843,-0.849,-0.754,-0.786,-0.873,-0.894,-0.823,-0.867,-0.817,-0.734,0,0
"2019-04-15 02:44:00.0",782427,-9999,-50.58,-58.35,-58.35,-0.851,-9999,-9999,12.0378,40.03,39.92,20.02,-0.795,-0.877,-0.896,-0.835,-0.849,-0.847,-0.738,-0.787,-0.88,-0.912,-0.827,-0.841,-0.855,-0.742,-0.795,-0.88,-0.89,-0.825,-0.839,-0.827,-0.754,-0.784,-0.845,-0.894,-0.823,-0.847,-0.847,-0.732,0,0
"2019-04-15 02:44:20.0",782428,-9999,-50.46,-58.41,-58.41,-0.852,-9999,-9999,12.0434,40.03,39.92,20.02,-0.803,-0.886,-0.877,-0.861,-0.851,-0.845,-0.728,-0.791,-0.882,-0.89,-0.827,-0.843,-0.831,-0.754,-0.791,-0.853,-0.892,-0.823,-0.851,-0.817,-0.758,-0.787,-0.871,-0.888,-0.829,-0.851,-0.831,-0.738,0,0
"2019-04-15 02:44:40.0",782429,-9999,-50.35,-58.46,-58.46,-0.852,-9999,-9999,12.0434,40.03,39.92,20.02,-0.797,-0.847,-0.906,-0.833,-0.884,-0.837,-0.724,-0.791,-0.859,-0.882,-0.819,-0.825,-0.827,-0.746,-0.784,-0.861,-0.884,-0.819,-0.841,-0.811,-0.738,-0.791,-0.873,-0.884,-0.823,-0.829,-0.821,-0.738,0,0
"2019-04-15 02:45:00.0",782430,-9999,-50.23,-58.52,-58.52,-0.853,-9999,-9999,12.0434,40.03,39.92,20.02,-0.801,-0.875,-0.902,-0.849,-0.851,-0.819,-0.742,-0.795,-0.867,-0.894,-0.823,-0.827,-0.825,-0.762,-0.787,-0.884,-0.888,-0.823,-0.847,-0.809,-0.722,-0.787,-0.867,-0.892,-0.831,-0.827,-0.827,-0.75,0,700
"2019-04-15 02:45:20.0",782431,-9999,-50.11,-58.57,-58.57,-0.853,-9999,-9999,12.0434,40.03,39.92,20.02,-0.795,-0.873,-0.898,-0.811,-0.875,-0.823,-0.728,-0.787,-0.837,-0.906,-0.817,-0.857,-0.845,-0.758,-0.78,-0.843,-0.884,-0.807,-0.839,-0.823,-0.714,-0.782,-0.873,-0.892,-0.819,-0.865,-0.857,-0.746,0,0
"2019-04-15 02:45:40.0",782432,-9999,-49.99,-58.63,-58.63,-0.854,-9999,-9999,12.0382,40.03,39.92,20,-0.797,-0.867,-0.896,-0.849,-0.871,-0.831,-0.742,-0.789,-0.847,-0.884,-0.811,-0.839,-0.829,-0.722,-0.784,-0.835,-0.867,-0.819,-0.825,-0.799,-0.736,-0.778,-0.855,-0.877,-0.807,-0.837,-0.821,-0.728,0,0
"2019-04-15 02:46:00.0",782433,-9999,-49.87,-58.68,-58.68,-0.854,-9999,-9999,12.0438,40.03,39.92,19.97,-0.793,-0.839,-0.896,-0.825,-0.843,-0.829,-0.732,-0.791,-0.877,-0.88,-0.813,-0.831,-0.813,-0.762,-0.782,-0.869,-0.884,-0.815,-0.839,-0.837,-0.706,-0.778,-0.875,-0.884,-0.815,-0.837,-0.807,-0.738,0,0
"2019-04-15 02:46:20.0",782434,-9999,-49.75,-58.74,-58.74,-0.855,-9999,-9999,12.0382,40.03,39.92,20,-0.797,-0.89,-0.9,-0.827,-0.849,-0.857,-0.746,-0.78,-0.837,-0.888,-0.825,-0.823,-0.813,-0.762,-0.782,-0.845,-0.865,-0.831,-0.841,-0.839,-0.718,-0.78,-0.861,-0.884,-0.809,-0.829,-0.833,-0.734,0,0
"2019-04-15 02:46:40.0",782435,-9999,-49.64,-58.79,-58.79,-0.855,-9999,-9999,12.0382,40.03,39.92,19.97,-0.793,-0.89,-0.912,-0.827,-0.835,-0.813,-0.736,-0.782,-0.847,-0.882,-0.813,-0.837,-0.807,-0.738,-0.78,-0.849,-0.888,-0.811,-0.831,-0.801,-0.71,-0.776,-0.847,-0.882,-0.817,-0.831,-0.815,-0.744,0,700
"2019-04-15 02:47:00.0",782436,-9999,-49.52,-58.84,-58.84,-0.856,-9999,-9999,12.0382,40.03,39.92,19.97,-0.789,-0.869,-0.886,-0.819,-0.839,-0.811,-0.748,-0.78,-0.831,-0.861,-0.815,-0.841,-0.811,-0.728,-0.776,-0.841,-0.861,-0.807,-0.835,-0.843,-0.736,-0.787,-0.865,-0.884,-0.833,-0.839,-0.821,-0.744,0,0
"2019-04-15 02:47:20.0",782437,-9999,-49.4,-58.9,-58.9,-0.856,-9999,-9999,12.044,40.03,39.92,19.97,-0.793,-0.894,-0.9,-0.827,-0.847,-0.823,-0.738,-0.778,-0.882,-0.89,-0.831,-0.829,-0.811,-0.754,-0.784,-0.878,-0.884,-0.809,-0.833,-0.843,-0.712,-0.782,-0.841,-0.884,-0.841,-0.855,-0.825,-0.728,0,0
"2019-04-15 02:47:40.0",782438,-9999,-49.27,-58.95,-58.95,-0.857,-9999,-9999,12.044,40.03,39.92,19.97,-0.789,-0.847,-0.904,-0.825,-0.843,-0.819,-0.76,-0.778,-0.861,-0.884,-0.807,-0.841,-0.849,-0.744,-0.778,-0.853,-0.88,-0.815,-0.831,-0.821,-0.752,-0.784,-0.857,-0.902,-0.815,-0.835,-0.807,-0.71,0,0
"2019-04-15 02:48:00.0",782439,-9999,-49.15,-59,-59,-0.857,-9999,-9999,12.044,40.03,39.92,19.97,-0.795,-0.855,-0.892,-0.825,-0.849,-0.851,-0.718,-0.776,-0.855,-0.89,-0.813,-0.839,-0.827,-0.758,-0.782,-0.882,-0.88,-0.817,-0.837,-0.805,-0.744,-0.78,-0.855,-0.886,-0.813,-0.833,-0.837,-0.708,0,0
"2019-04-15 02:48:20.0",782440,-9999,-49.03,-59.06,-59.06,-0.858,-9999,-9999,12.0385,40.03,39.92,19.97,-0.791,-0.863,-0.892,-0.827,-0.849,-0.857,-0.718,-0.782,-0.861,-0.886,-0.809,-0.833,-0.831,-0.704,-0.782,-0.843,-0.863,-0.839,-0.835,-0.805,-0.708,-0.776,-0.855,-0.882,-0.813,-0.837,-0.839,-0.726,0,700
"2019-04-15 02:48:40.0",782441,-9999,-48.91,-59.11,-59.11,-0.858,-9999,-9999,12.0385,40.03,39.92,19.97,-0.78,-0.875,-0.884,-0.823,-0.839,-0.851,-0.728,-0.77,-0.849,-0.882,-0.809,-0.855,-0.819,-0.712,-0.77,-0.855,-0.855,-0.811,-0.831,-0.833,-0.73,-0.776,-0.843,-0.882,-0.805,-0.815,-0.819,-0.746,0,0
"2019-04-15 02:49:00.0",782442,-9999,-48.79,-59.16,-59.16,-0.859,-9999,-9999,12.0443,40.03,39.91,19.97,-0.791,-0.888,-0.886,-0.821,-0.867,-0.827,-0.74,-0.774,-0.859,-0.871,-0.813,-0.843,-0.819,-0.716,-0.78,-0.835,-0.882,-0.809,-0.817,-0.813,-0.732,-0.776,-0.847,-0.873,-0.809,-0.835,-0.803,-0.746,0,0
"2019-04-15 02:49:20.0",782443,-9999,-48.67,-59.22,-59.22,-0.859,-9999,-9999,12.0387,40.03,39.91,19.97,-0.789,-0.871,-0.898,-0.827,-0.851,-0.815,-0.756,-0.774,-0.833,-0.88,-0.825,-0.825,-0.817,-0.734,-0.768,-0.865,-0.882,-0.815,-0.837,-0.813,-0.74,-0.774,-0.855,-0.875,-0.813,-0.829,-0.815,-0.706,0,0
"2019-04-15 02:49:40.0",782444,-9999,-48.54,-59.27,-59.27,-0.86,-9999,-9999,12.0387,40.03,39.91,19.97,-0.787,-0.88,-0.886,-0.825,-0.847,-0.847,-0.744,-0.78,-0.833,-0.875,-0.795,-0.829,-0.821,-0.716,-0.774,-0.835,-0.851,-0.807,-0.849,-0.793,-0.702,-0.77,-0.837,-0.878,-0.807,-0.841,-0.831,-0.744,0,0
"2019-04-15 02:50:00.0",782445,-9999,-48.42,-59.32,-59.32,-0.86,-9999,-9999,12.0498,40.03,39.91,19.97,-0.785,-0.884,-0.892,-0.829,-0.827,-0.851,-0.726,-0.774,-0.833,-0.878,-0.811,-0.831,-0.827,-0.738,-0.77,-0.845,-0.884,-0.809,-0.823,-0.817,-0.744,-0.774,-0.849,-0.88,-0.811,-0.851,-0.801,-0.708,0,700
"2019-04-15 02:50:20.0",782446,-9999,-48.3,-59.38,-59.38,-0.861,-9999,-9999,12.0387,40.03,39.91,19.97,-0.791,-0.859,-0.908,-0.823,-0.841,-0.811,-0.732,-0.776,-0.875,-0.88,-0.813,-0.855,-0.805,-0.72,-0.776,-0.851,-0.851,-0.811,-0.815,-0.795,-0.714,-0.782,-0.851,-0.857,-0.835,-0.835,-0.839,-0.732,0,0
"2019-04-15 02:50:40.0",782447,-9999,-48.17,-59.43,-59.43,-0.861,-9999,-9999,12.0444,40.03,39.92,19.97,-0.791,-0.867,-0.894,-0.809,-0.847,-0.811,-0.756,-0.772,-0.841,-0.878,-0.813,-0.821,-0.805,-0.714,-0.776,-0.833,-0.88,-0.803,-0.837,-0.845,-0.726,-0.77,-0.831,-0.888,-0.811,-0.835,-0.817,-0.74,0,0
"2019-04-15 02:51:00.0",782448,-9999,-48.05,-59.48,-59.48,-0.861,-9999,-9999,12.0389,40.03,39.92,19.97,-0.787,-0.88,-0.871,-0.823,-0.845,-0.819,-0.756,-0.785,-0.857,-0.878,-0.813,-0.841,-0.821,-0.736,-0.782,-0.861,-0.882,-0.811,-0.859,-0.805,-0.732,-0.776,-0.873,-0.884,-0.811,-0.829,-0.845,-0.74,0,0
"2019-04-15 02:51:20.0",782449,-9999,-47.92,-59.53,-59.53,-0.862,-9999,-9999,12.0389,40.03,39.92,19.97,-0.791,-0.857,-0.896,-0.805,-0.839,-0.843,-0.712,-0.776,-0.851,-0.876,-0.809,-0.827,-0.807,-0.742,-0.776,-0.851,-0.878,-0.813,-0.851,-0.797,-0.726,-0.776,-0.851,-0.896,-0.809,-0.831,-0.835,-0.74,0,0
"2019-04-15 02:51:40.0",782450,-9999,-47.8,-59.59,-59.59,-0.862,-9999,-9999,12.0556,40.03,39.92,19.97,-0.795,-0.882,-0.896,-0.821,-0.841,-0.845,-0.752,-0.782,-0.873,-0.884,-0.811,-0.817,-0.805,-0.754,-0.778,-0.869,-0.863,-0.809,-0.831,-0.801,-0.732,-0.77,-0.871,-0.886,-0.809,-0.835,-0.837,-0.706,0,700
"2019-04-15 02:52:00.0",782451,-9999,-47.68,-59.64,-59.64,-0.863,-9999,-9999,12.0444,40.03,39.92,19.97,-0.791,-0.849,-0.89,-0.817,-0.843,-0.807,-0.736,-0.776,-0.853,-0.882,-0.815,-0.839,-0.825,-0.76,-0.77,-0.835,-0.906,-0.823,-0.835,-0.823,-0.756,-0.776,-0.833,-0.904,-0.813,-0.833,-0.801,-0.714,0,0
"2019-04-15 02:52:20.0",782452,-9999,-47.55,-59.69,-59.69,-0.863,-9999,-9999,12.0553,40.03,39.91,19.97,-0.789,-0.892,-0.896,-0.831,-0.847,-0.815,-0.744,-0.776,-0.855,-0.882,-0.841,-0.831,-0.823,-0.73,-0.774,-0.871,-0.876,-0.811,-0.841,-0.821,-0.718,-0.778,-0.878,-0.884,-0.797,-0.819,-0.805,-0.728,0,0
"2019-04-15 02:52:40.0",782453,-9999,-47.42,-59.74,-59.74,-0.864,-9999,-9999,12.0442,40.03,39.91,19.97,-0.787,-0.857,-0.89,-0.833,-0.827,-0.825,-0.74,-0.776,-0.869,-0.882,-0.807,-0.833,-0.817,-0.74,-0.776,-0.867,-0.882,-0.811,-0.829,-0.823,-0.738,-0.778,-0.869,-0.88,-0.807,-0.825,-0.801,-0.71,0,0
"2019-04-15 02:53:00.0",782454,-9999,-47.3,-59.79,-59.79,-0.864,-9999,-9999,12.0442,40.03,39.91,19.97,-0.791,-0.857,-0.9,-0.849,-0.853,-0.849,-0.742,-0.785,-0.855,-0.882,-0.815,-0.833,-0.807,-0.724,-0.783,-0.835,-0.878,-0.809,-0.833,-0.803,-0.712,-0.78,-0.833,-0.878,-0.795,-0.813,-0.815,-0.724,0,0
"2019-04-15 02:53:20.0",782455,-9999,-47.17,-59.85,-59.85,-0.865,-9999,-9999,12.033,40.03,39.91,19.97,-0.791,-0.884,-0.898,-0.829,-0.847,-0.813,-0.716,-0.78,-0.863,-0.906,-0.817,-0.819,-0.847,-0.742,-0.778,-0.878,-0.88,-0.817,-0.837,-0.843,-0.75,-0.774,-0.869,-0.882,-0.819,-0.835,-0.819,-0.73,0,700
"2019-04-15 02:53:40.0",782456,-9999,-47.04,-59.9,-59.9,-0.865,-9999,-9999,12.0386,40.03,39.91,19.97,-0.791,-0.863,-0.894,-0.823,-0.845,-0.845,-0.72,-0.78,-0.847,-0.88,-0.823,-0.817,-0.821,-0.726,-0.787,-0.865,-0.88,-0.815,-0.831,-0.795,-0.726,-0.783,-0.865,-0.882,-0.797,-0.829,-0.799,-0.74,0,0
"2019-04-15 02:54:00.0",782457,-9999,-46.92,-59.95,-59.95,-0.866,-9999,-9999,12.0384,40.03,39.91,19.97,-0.793,-0.89,-0.898,-0.827,-0.867,-0.839,-0.726,-0.78,-0.839,-0.878,-0.837,-0.831,-0.827,-0.758,-0.78,-0.835,-0.874,-0.815,-0.829,-0.793,-0.708,-0.778,-0.837,-0.884,-0.807,-0.833,-0.819,-0.724,0,0
"2019-04-15 02:54:20.0",782458,-9999,-46.79,-60,-60,-0.866,-9999,-9999,12.0439,40.03,39.91,19.97,-0.797,-0.853,-0.898,-0.841,-0.843,-0.857,-0.73,-0.778,-0.865,-0.88,-0.817,-0.823,-0.813,-0.754,-0.778,-0.863,-0.888,-0.815,-0.837,-0.811,-0.738,-0.783,-0.857,-0.882,-0.813,-0.837,-0.853,-0.74,0,0
"2019-04-15 02:54:40.0",782459,-9999,-46.66,-60.05,-60.05,-0.866,-9999,-9999,12.0439,40.03,39.91,19.97,-0.793,-0.878,-0.912,-0.835,-0.855,-0.859,-0.744,-0.783,-0.851,-0.878,-0.815,-0.839,-0.827,-0.758,-0.783,-0.878,-0.876,-0.811,-0.859,-0.799,-0.732,-0.783,-0.878,-0.876,-0.797,-0.855,-0.839,-0.728,0,0
"2019-04-15 02:55:00.0",782460,-9999,-46.53,-60.1,-60.1,-0.867,-9999,-9999,12.0439,40.03,39.91,19.97,-0.793,-0.847,-0.9,-0.809,-0.847,-0.849,-0.722,-0.791,-0.845,-0.894,-0.827,-0.847,-0.849,-0.728,-0.778,-0.841,-0.888,-0.819,-0.841,-0.827,-0.74,-0.785,-0.845,-0.882,-0.815,-0.843,-0.807,-0.742,0,700
"2019-04-15 02:55:20.0",782461,-9999,-46.4,-60.15,-60.15,-0.867,-9999,-9999,12.0384,40.03,39.91,19.97,-0.793,-0.892,-0.902,-0.821,-0.859,-0.821,-0.762,-0.787,-0.876,-0.888,-0.821,-0.841,-0.821,-0.75,-0.783,-0.878,-0.886,-0.817,-0.839,-0.805,-0.746,-0.785,-0.88,-0.884,-0.815,-0.843,-0.837,-0.718,0,0
"2019-04-15 02:55:40.0",782462,-9999,-46.27,-60.21,-60.21,-0.868,-9999,-9999,12.0438,40.03,39.91,19.97,-0.797,-0.876,-0.904,-0.831,-0.853,-0.839,-0.748,-0.785,-0.867,-0.914,-0.819,-0.861,-0.817,-0.744,-0.789,-0.855,-0.888,-0.805,-0.839,-0.815,-0.734,-0.787,-0.88,-0.902,-0.821,-0.843,-0.841,-0.726,0,0
"2019-04-15 02:56:00.0",782463,-9999,-46.14,-60.26,-60.26,-0.868,-9999,-9999,12.0382,40.03,39.91,19.97,-0.799,-0.874,-0.9,-0.829,-0.869,-0.837,-0.722,-0.785,-0.882,-0.894,-0.847,-0.837,-0.835,-0.74,-0.785,-0.88,-0.9,-0.825,-0.867,-0.817,-0.752,-0.785,-0.884,-0.894,-0.823,-0.867,-0.849,-0.716,0,0
"2019-04-15 02:56:20.0",782464,-9999,-46.01,-60.31,-60.31,-0.869,-9999,-9999,12.0438,40.03,39.91,19.97,-0.799,-0.849,-0.902,-0.835,-0.859,-0.831,-0.746,-0.791,-0.857,-0.892,-0.821,-0.843,-0.857,-0.758,-0.783,-0.855,-0.888,-0.823,-0.819,-0.829,-0.752,-0.791,-0.869,-0.892,-0.823,-0.829,-0.813,-0.734,0,0
"2019-04-15 02:56:40.0",782465,-9999,-45.88,-60.36,-60.36,-0.869,-9999,-9999,12.0382,40.03,39.91,19.97,-0.801,-0.865,-0.904,-0.833,-0.849,-0.839,-0.726,-0.793,-0.886,-0.898,-0.821,-0.851,-0.813,-0.742,-0.791,-0.888,-0.892,-0.827,-0.839,-0.841,-0.758,-0.787,-0.888,-0.9,-0.823,-0.843,-0.833,-0.714,0,700
"2019-04-15 02:57:00.0",782466,-9999,-45.75,-60.41,-60.41,-0.87,-9999,-9999,12.0438,40.03,39.91,19.97,-0.803,-0.888,-0.91,-0.835,-0.859,-0.831,-0.746,-0.795,-0.878,-0.89,-0.823,-0.876,-0.821,-0.742,-0.789,-0.876,-0.894,-0.821,-0.845,-0.847,-0.714,-0.791,-0.841,-0.892,-0.819,-0.847,-0.827,-0.748,0,0
"2019-04-15 02:57:20.0",782467,-9999,-45.62,-60.46,-60.46,-0.87,-9999,-9999,12.0329,40.03,39.91,19.97,-0.805,-0.896,-0.906,-0.835,-0.857,-0.843,-0.75,-0.795,-0.851,-0.898,-0.821,-0.831,-0.839,-0.758,-0.795,-0.843,-0.894,-0.835,-0.835,-0.819,-0.764,-0.793,-0.876,-0.896,-0.831,-0.831,-0.835,-0.736,0,0
"2019-04-15 02:57:40.0",782468,-9999,-45.49,-60.51,-60.51,-0.87,-9999,-9999,12.044,40.03,39.91,19.94,-0.803,-0.859,-0.896,-0.839,-0.884,-0.859,-0.752,-0.795,-0.888,-0.896,-0.823,-0.845,-0.823,-0.75,-0.791,-0.884,-0.906,-0.825,-0.851,-0.843,-0.766,-0.795,-0.849,-0.892,-0.827,-0.849,-0.823,-0.72,0,0
"2019-04-15 02:58:00.0",782469,-9999,-45.36,-60.56,-60.56,-0.871,-9999,-9999,12.0385,40.03,39.91,19.94,-0.803,-0.878,-0.9,-0.835,-0.845,-0.823,-0.77,-0.797,-0.894,-0.896,-0.829,-0.874,-0.861,-0.758,-0.795,-0.898,-0.9,-0.829,-0.872,-0.839,-0.744,-0.797,-0.859,-0.9,-0.833,-0.851,-0.867,-0.74,0,0
"2019-04-15 02:58:20.0",782470,-9999,-45.23,-60.61,-60.61,-0.871,-9999,-9999,12.044,40.03,39.91,19.94,-0.811,-0.88,-0.91,-0.837,-0.861,-0.863,-0.758,-0.795,-0.845,-0.898,-0.829,-0.851,-0.859,-0.736,-0.795,-0.837,-0.92,-0.827,-0.853,-0.831,-0.742,-0.793,-0.863,-0.898,-0.811,-0.853,-0.851,-0.728,0,700
"2019-04-15 02:58:40.0",782471,-9999,-45.09,-60.66,-60.66,-0.872,-9999,-9999,12.044,40.03,39.91,19.94,-0.807,-0.892,-0.908,-0.839,-0.886,-0.865,-0.778,-0.795,-0.892,-0.92,-0.827,-0.831,-0.863,-0.77,-0.797,-0.851,-0.894,-0.829,-0.833,-0.833,-0.728,-0.801,-0.849,-0.898,-0.827,-0.849,-0.853,-0.758,0,0
"2019-04-15 02:59:00.0",782472,-9999,-44.96,-60.71,-60.71,-0.872,-9999,-9999,12.0387,40.02,39.91,19.92,-0.807,-0.869,-0.904,-0.841,-0.863,-0.851,-0.768,-0.797,-0.874,-0.904,-0.855,-0.853,-0.843,-0.744,-0.797,-0.869,-0.898,-0.819,-0.853,-0.819,-0.766,-0.799,-0.896,-0.9,-0.837,-0.847,-0.837,-0.722,0,0
"2019-04-15 02:59:20.0",782473,-9999,-44.83,-60.76,-60.76,-0.873,-9999,-9999,12.0443,40.02,39.91,19.89,-0.813,-0.89,-0.91,-0.851,-0.876,-0.876,-0.774,-0.797,-0.884,-0.932,-0.837,-0.857,-0.833,-0.742,-0.803,-0.874,-0.908,-0.835,-0.855,-0.865,-0.774,-0.799,-0.904,-0.902,-0.839,-0.855,-0.831,-0.724,0,0
"2019-04-15 02:59:40.0",782474,-9999,-44.69,-60.81,-60.81,-0.873,-9999,-9999,12.0387,40.02,39.91,19.89,-0.811,-0.898,-0.912,-0.845,-0.872,-0.831,-0.744,-0.797,-0.896,-0.904,-0.835,-0.861,-0.847,-0.772,-0.797,-0.851,-0.898,-0.831,-0.835,-0.835,-0.728,-0.801,-0.878,-0.88,-0.861,-0.853,-0.841,-0.758,0,0
