"TOA5","","","1764","CR1000.Std.24","CPU:MFRSR_10012018V2.8.CR1","13574","TableHdr","PbCdlComm-1.6.0 (2016/01/26)"
"TIMESTAMP","RECORD","loggerID""headID""xpgmVerID""xlat""xlon""xSiteElev""xFULLREV""xCRXHSTEPS""xSCANseconds""xSCANnAvg""xSCANtrough""xHOMEoffset""xALLTIMEband"
"TS","RN","--""--""--""deg""deg""m""--""--""sec""--""--""--""--"
"","","Smp""Smp""Smp""Smp""Smp""Smp""Smp""Smp""Smp""Smp""Smp""Smp""Smp"
"2019-04-15 12:00:00.0",371,1764,180054423,2.8,-32.1259,-64.7287,1160,800,20,20,1,10,0,-1
"TOA5","","","1764","CR1000.Std.24","CPU:MFRSR_10012018V2.8.CR1","13574","Table155","PbCdlComm-1.6.0 (2016/01/26)"
"TIMESTAMP","RECORD","xoset""az""el""al""cosz""cosasz""pamass""vBat""Thead""THTC""Tlogger""Dnadir(1)""Dnadir(2)""Dnadir(3)""Dnadir(4)""Dnadir(5)""Dnadir(6)""Dnadir(7)""Deast(1)""Deast(2)""Deast(3)""Deast(4)""Deast(5)""Deast(6)""Deast(7)""Dsun(1)""Dsun(2)""Dsun(3)""Dsun(4)""Dsun(5)""Dsun(6)""Dsun(7)""Dwest(1)""Dwest(2)""Dwest(3)""Dwest(4)""Dwest(5)""Dwest(6)""Dwest(7)""kount""khome"
"TS","RN","sec""deg""deg""deg""--""--""--""Volt""degC""degC""degC""mV""mV""mV""mV""mV""mV""mV""mV""mV""mV""mV""mV""mV""mV""mV""mV""mV""mV""mV""mV""mV""mV""mV""mV""mV""mV""mV""mV""--""--"
"","","Smp""Smp""Smp""Smp""Smp""Smp""Smp""Smp""Smp""Smp""Smp""Smp""Smp""Smp""Smp""Smp""Smp""Smp""Smp""Smp""Smp""Smp""Smp""Smp""Smp""Smp""Smp""Smp""Smp""Smp""Smp""Smp""Smp""Smp""Smp""Smp""Smp""Smp""Smp""Smp""Smp"
"2019-04-15 13:00:00.0",784275,3540,122.4,26.17,26.21,0.441,0.442,2.256,12.0443,39.84,39.87,11.98,-0.815,9.31,9.24,8.02,8.77,10.6,1.291,-0.815,9.11,9.04,7.882,8.56,10.4,1.223,-0.815,9.04,8.97,7.746,8.49,10.33,1.291,-0.815,8.97,8.9,7.746,8.43,10.26,1.223,288,492
"2019-04-15 13:00:20.0",784276,3540,122.5,26.23,26.27,0.442,0.443,2.251,12.0443,39.84,39.87,11.98,-0.883,9.11,8.97,7.814,8.49,10.33,1.155,-0.883,8.9,8.83,7.61,8.29,10.06,1.155,-0.883,8.83,8.77,7.542,8.29,9.99,1.155,-0.883,8.7,8.63,7.474,8.15,9.92,1.155,288,492
"2019-04-15 13:00:40.0",784277,3540,122.6,26.29,26.32,0.443,0.443,2.246,12.0499,39.84,39.87,11.98,-0.883,8.77,8.63,7.474,8.15,9.92,1.019,-0.883,8.49,8.43,7.27,7.95,9.72,1.019,-0.883,8.49,8.36,7.203,7.882,9.58,1.019,-0.883,8.43,8.22,7.135,7.814,9.51,0.951,288,492
"2019-04-15 13:01:00.0",784278,3540,122.6,26.35,26.38,0.444,0.444,2.242,12.0443,39.84,39.87,11.98,-0.883,8.43,8.29,7.135,7.814,9.58,0.951,-0.883,8.22,8.09,6.999,7.61,9.31,0.883,-0.883,8.15,8.02,6.931,7.61,9.31,0.951,-0.883,8.09,7.95,6.863,7.474,9.17,0.883,288,492
"2019-04-15 13:01:20.0",784279,3550,122.7,26.41,26.44,0.445,0.445,2.237,12.0554,39.84,39.87,11.98,-0.883,8.36,8.22,7.067,7.746,9.44,0.883,-0.883,8.22,8.02,6.931,7.61,9.24,0.883,-0.883,8.15,8.02,6.931,7.542,9.17,0.883,-0.883,8.09,7.95,6.863,7.474,9.11,0.815,289,491
"2019-04-15 13:01:40.0",784280,3550,122.8,26.47,26.5,0.446,0.446,2.232,12.0554,39.84,39.87,11.98,-0.883,8.49,8.36,7.203,7.814,9.51,0.883,-0.883,8.36,8.22,7.067,7.746,9.31,0.883,-0.883,8.29,8.15,7.067,7.678,9.31,0.883,-0.883,8.29,8.15,6.999,7.61,9.24,0.883,289,491
"2019-04-15 13:02:00.0",784281,3550,122.8,26.53,26.56,0.447,0.447,2.228,12.0499,39.84,39.87,12,-0.883,8.77,8.63,7.406,8.09,9.72,1.019,-0.883,8.63,8.43,7.27,7.95,9.51,0.951,-0.883,8.56,8.43,7.203,7.882,9.44,1.019,-0.815,8.63,8.43,7.27,7.95,9.51,1.019,289,491
"2019-04-15 13:02:20.0",784282,3550,122.9,26.59,26.62,0.448,0.448,2.223,12.0499,39.83,39.89,12,-0.747,9.04,8.9,7.678,8.36,9.92,1.155,-0.747,8.9,8.7,7.542,8.22,9.72,1.087,-0.747,8.9,8.7,7.474,8.15,9.72,1.155,-0.747,8.77,8.63,7.406,8.09,9.65,1.087,289,491
"2019-04-15 13:02:40.0",784283,3550,123,26.65,26.68,0.449,0.449,2.219,12.0499,39.83,39.89,12,-0.747,9.17,8.9,7.746,8.43,9.99,1.155,-0.747,8.97,8.77,7.542,8.22,9.78,1.155,-0.747,8.9,8.7,7.474,8.15,9.78,1.155,-0.747,8.83,8.63,7.474,8.09,9.65,1.087,289,491
"2019-04-15 13:03:00.0",784284,3560,123,26.71,26.74,0.449,0.45,2.214,12.0443,39.83,39.91,12,-0.747,9.17,8.97,7.746,8.43,10.06,1.223,-0.815,8.97,8.77,7.61,8.29,9.85,1.223,-0.747,8.97,8.77,7.542,8.22,9.78,1.223,-0.747,8.83,8.63,7.474,8.15,9.72,1.155,290,490
"2019-04-15 13:03:20.0",784285,3550,123.1,26.77,26.8,0.45,0.451,2.21,12.0443,39.83,39.91,12,-0.747,9.31,9.11,7.882,8.56,10.19,1.291,-0.747,9.11,8.9,7.746,8.43,10.06,1.291,-0.747,9.11,8.9,7.678,8.36,9.92,1.291,-0.747,9.04,8.83,7.61,8.29,9.92,1.291,290,490
"2019-04-15 13:03:40.0",784286,3550,123.1,26.83,26.86,0.451,0.452,2.205,12.0331,39.83,39.89,12,-0.747,9.58,9.38,8.09,8.83,10.46,1.359,-0.747,9.51,9.24,7.95,8.7,10.26,1.359,-0.747,9.44,9.17,7.882,8.63,10.19,1.359,-0.747,9.31,9.11,7.882,8.56,10.19,1.359,290,490
"2019-04-15 13:04:00.0",784287,3550,123.2,26.89,26.92,0.452,0.453,2.201,12.0443,39.83,39.89,12,-0.747,9.92,9.72,8.36,9.11,10.74,1.495,-0.747,9.78,9.51,8.22,8.97,10.53,1.495,-0.747,9.65,9.44,8.15,8.9,10.46,1.495,-0.747,9.65,9.38,8.09,8.83,10.4,1.495,290,490
"2019-04-15 13:04:20.0",784288,3550,123.3,26.94,26.98,0.453,0.454,2.197,12.0554,39.83,39.87,12,-0.815,10.12,9.85,8.49,9.24,10.87,1.563,-0.815,9.92,9.65,8.36,9.11,10.67,1.495,-0.815,9.85,9.58,8.29,9.04,10.6,1.495,-0.815,9.78,9.51,8.22,8.97,10.6,1.495,290,490
"2019-04-15 13:04:40.0",784289,3550,123.3,27,27.03,0.454,0.455,2.192,12.0443,39.83,39.87,12,-0.815,10.33,10.12,8.7,9.51,11.14,1.631,-0.815,10.19,9.99,8.56,9.38,10.94,1.563,-0.815,10.19,9.92,8.56,9.31,10.94,1.563,-0.815,10.06,9.85,8.49,9.24,10.87,1.631,290,490
"2019-04-15 13:05:00.0",784290,3560,123.4,27.06,27.09,0.455,0.455,2.188,12.0499,39.83,39.87,12,-0.815,10.74,10.53,9.04,9.85,11.55,1.767,-0.815,10.6,10.4,8.97,9.72,11.28,1.699,-0.815,10.6,10.33,8.9,9.65,11.28,1.699,-0.815,10.53,10.26,8.83,9.65,11.21,1.699,291,489
"2019-04-15 13:05:20.0",784291,3560,123.5,27.12,27.15,0.456,0.456,2.184,12.0554,39.83,39.87,12,-0.815,11.21,10.87,9.38,10.19,11.89,1.835,-0.815,11.08,10.8,9.31,10.12,11.69,1.835,-0.815,11.01,10.74,9.24,10.06,11.62,1.835,-0.815,10.94,10.6,9.17,9.99,11.55,1.835,291,489
"2019-04-15 13:05:40.0",784292,3560,123.5,27.18,27.21,0.457,0.457,2.179,12.0554,39.83,39.87,12,-0.815,11.55,11.28,9.72,10.53,12.16,1.903,-0.815,11.35,11.08,9.58,10.4,11.96,1.903,-0.815,11.28,11.01,9.51,10.33,11.89,1.903,-0.815,11.21,10.94,9.44,10.26,11.82,1.903,291,489
"2019-04-15 13:06:00.0",784293,3560,123.6,27.24,27.27,0.458,0.458,2.175,12.0554,39.83,39.87,12,-0.747,11.82,11.55,9.99,10.87,12.43,2.038,-0.747,11.69,11.42,9.85,10.67,12.23,1.971,-0.747,11.62,11.35,9.78,10.67,12.16,1.971,-0.747,11.55,11.28,9.72,10.53,12.09,1.903,291,489
"2019-04-15 13:06:20.0",784294,3560,123.7,27.3,27.33,0.459,0.459,2.171,12.0499,39.83,39.89,12,-0.679,12.23,11.89,10.26,11.21,12.71,2.106,-0.679,12.03,11.76,10.12,11.01,12.5,2.106,-0.679,11.96,11.62,10.06,10.94,12.43,2.038,-0.679,11.89,11.55,9.99,10.87,12.37,2.038,291,489
"2019-04-15 13:06:40.0",784295,3570,123.7,27.36,27.39,0.46,0.46,2.166,12.0387,39.83,39.89,12,-0.679,12.37,12.09,10.4,11.35,12.84,2.174,-0.679,12.16,11.82,10.19,11.08,12.64,2.106,-0.679,12.03,11.76,10.12,11.01,12.57,2.106,-0.679,11.96,11.69,10.06,10.94,12.43,2.038,292,488
"2019-04-15 13:07:00.0",784296,3570,123.8,27.41,27.44,0.46,0.461,2.162,12.0443,39.83,39.89,12.02,-0.679,12.37,12.03,10.4,11.28,12.77,2.038,-0.679,12.09,11.82,10.12,11.01,12.5,2.038,-0.679,11.96,11.69,10.06,10.94,12.43,1.971,-0.679,11.89,11.55,9.99,10.87,12.3,1.971,292,488
"2019-04-15 13:07:20.0",784297,3570,123.9,27.47,27.5,0.461,0.462,2.158,12.0443,39.83,39.87,12.02,-0.747,12.03,11.69,10.06,10.94,12.43,1.903,-0.747,11.62,11.35,9.78,10.67,12.16,1.835,-0.747,11.55,11.28,9.72,10.53,12.03,1.835,-0.747,11.48,11.14,9.58,10.46,11.89,1.767,292,488
"2019-04-15 13:07:40.0",784298,3570,123.9,27.53,27.56,0.462,0.463,2.154,12.0443,39.84,39.87,12.02,-0.815,11.48,11.14,9.58,10.46,11.96,1.699,-0.815,11.14,10.87,9.31,10.19,11.62,1.631,-0.815,11.08,10.74,9.24,10.06,11.48,1.631,-0.815,10.94,10.6,9.11,9.99,11.42,1.563,292,488
"2019-04-15 13:08:00.0",784299,3570,124,27.59,27.62,0.463,0.464,2.15,12.0443,39.83,39.87,12.02,-0.815,10.87,10.53,9.04,9.85,11.35,1.495,-0.815,10.53,10.26,8.77,9.58,11.01,1.427,-0.815,10.46,10.12,8.7,9.51,10.94,1.427,-0.815,10.33,9.99,8.63,9.38,10.8,1.359,292,488
"2019-04-15 13:08:20.0",784300,3570,124,27.65,27.68,0.464,0.465,2.145,12.0387,39.83,39.87,12.02,-0.815,10.19,9.85,8.49,9.24,10.67,1.291,-0.815,9.85,9.58,8.22,8.97,10.4,1.223,-0.815,9.78,9.44,8.15,8.83,10.26,1.223,-0.815,9.65,9.38,8.02,8.77,10.12,1.155,292,488
"2019-04-15 13:08:40.0",784301,3570,124.1,27.71,27.74,0.465,0.465,2.141,12.0554,39.84,39.89,12.02,-0.883,9.51,9.24,7.95,8.63,10.06,1.155,-0.883,9.24,8.9,7.678,8.36,9.78,1.087,-0.883,9.17,8.83,7.61,8.29,9.65,1.019,-0.883,9.04,8.7,7.474,8.15,9.51,1.019,293,487
"2019-04-15 13:09:00.0",784302,3570,124.2,27.77,27.8,0.466,0.466,2.137,12.0554,39.84,39.87,12.02,-0.883,8.9,8.63,7.406,8.09,9.44,0.951,-0.883,8.63,8.36,7.203,7.814,9.11,0.883,-0.883,8.49,8.29,7.067,7.746,9.11,0.883,-0.883,8.43,8.15,6.999,7.61,8.97,0.815,293,487
"2019-04-15 13:09:20.0",784303,3570,124.2,27.82,27.85,0.467,0.467,2.133,12.0554,39.83,39.87,12.02,-0.883,8.36,8.09,6.931,7.542,8.9,0.815,-0.883,8.15,7.814,6.727,7.338,8.63,0.747,-0.883,8.09,7.746,6.659,7.27,8.56,0.747,-0.883,7.95,7.678,6.591,7.203,8.49,0.679,293,487
"2019-04-15 13:09:40.0",784304,3570,124.3,27.88,27.91,0.468,0.468,2.129,12.0554,39.83,39.87,12.02,-0.883,7.95,7.678,6.591,7.203,8.49,0.679,-0.883,7.746,7.474,6.387,6.999,8.22,0.612,-0.883,7.678,7.406,6.319,6.931,8.22,0.612,-0.883,7.542,7.338,6.251,6.863,8.09,0.612,293,487
"2019-04-15 13:10:00.0",784305,3570,124.4,27.94,27.97,0.469,0.469,2.125,12.0554,39.83,39.91,12.02,-0.883,7.678,7.406,6.319,6.931,8.22,0.544,-0.883,7.474,7.203,6.183,6.727,7.95,0.544,-0.883,7.406,7.135,6.115,6.659,7.882,0.544,-0.883,7.338,7.067,6.047,6.591,7.814,0.544,293,487
"2019-04-15 13:10:20.0",784306,3580,124.4,28,28.03,0.469,0.47,2.121,12.0443,39.83,39.87,12.02,-0.883,7.474,7.203,6.115,6.727,7.95,0.476,-0.883,7.338,6.999,6.047,6.523,7.746,0.476,-0.883,7.203,6.931,5.912,6.455,7.678,0.476,-0.883,7.135,6.863,5.844,6.387,7.61,0.476,294,486
"2019-04-15 13:10:40.0",784307,3580,124.5,28.06,28.09,0.47,0.471,2.117,12.0443,39.84,39.87,12.05,-0.883,7.338,7.067,6.047,6.591,7.814,0.476,-0.883,7.203,6.931,5.912,6.387,7.61,0.476,-0.883,7.067,6.863,5.844,6.387,7.542,0.476,-0.883,7.067,6.795,5.776,6.319,7.474,0.476,294,486
"2019-04-15 13:11:00.0",784308,3580,124.6,28.11,28.14,0.471,0.472,2.113,12.0387,39.83,39.87,12.05,-0.883,7.27,6.999,5.979,6.523,7.678,0.476,-0.883,7.135,6.863,5.844,6.387,7.542,0.476,-0.883,7.067,6.727,5.776,6.319,7.474,0.408,-0.883,7.067,6.727,5.708,6.251,7.406,0.408,294,486
"2019-04-15 13:11:20.0",784309,3580,124.6,28.17,28.2,0.472,0.473,2.109,12.0387,39.84,39.87,12.05,-0.883,7.27,6.999,5.979,6.455,7.678,0.476,-0.883,7.135,6.863,5.776,6.319,7.474,0.408,-0.883,7.067,6.727,5.776,6.319,7.406,0.408,-0.883,6.999,6.727,5.708,6.251,7.338,0.476,294,486
"2019-04-15 13:11:40.0",784310,3580,124.7,28.23,28.26,0.473,0.473,2.105,12.0443,39.83,39.87,12.05,-0.883,7.338,6.999,5.979,6.523,7.678,0.544,-0.883,7.135,6.795,5.844,6.319,7.474,0.476,-0.883,7.067,6.727,5.776,6.319,7.406,0.476,-0.883,6.999,6.727,5.708,6.251,7.338,0.408,294,486
"2019-04-15 13:12:00.0",784311,3600,124.8,28.29,28.32,0.474,0.474,2.101,12.0499,39.83,39.87,12.05,-0.883,7.27,6.999,5.979,6.523,7.678,0.544,-0.883,7.135,6.863,5.844,6.319,7.474,0.476,-0.883,7.135,6.795,5.776,6.319,7.406,0.476,-0.883,7.067,6.727,5.776,6.251,7.406,0.476,295,485
"2019-04-15 13:12:20.0",784312,3600,124.8,28.35,28.38,0.475,0.475,2.097,12.0554,39.82,39.89,12.05,-0.883,7.338,6.999,5.979,6.523,7.678,0.544,-0.883,7.203,6.863,5.844,6.387,7.474,0.544,-0.883,7.135,6.863,5.844,6.319,7.406,0.544,-0.883,6.999,6.727,5.776,6.251,7.406,0.544,295,485
"2019-04-15 13:12:40.0",784313,3600,124.9,28.4,28.43,0.476,0.476,2.093,12.0554,39.82,39.87,12.05,-0.883,7.338,6.999,5.979,6.523,7.678,0.544,-0.883,7.135,6.863,5.844,6.387,7.474,0.544,-0.883,7.135,6.795,5.776,6.319,7.406,0.544,-0.883,7.067,6.727,5.776,6.251,7.406,0.544,295,485
"2019-04-15 13:13:00.0",784314,3600,125,28.46,28.49,0.477,0.477,2.09,12.0554,39.82,39.87,12.05,-0.883,7.27,6.931,5.979,6.455,7.61,0.612,-0.883,7.135,6.795,5.844,6.319,7.406,0.544,-0.883,7.067,6.727,5.776,6.251,7.406,0.544,-0.883,6.999,6.659,5.708,6.251,7.338,0.612,295,485
"2019-04-15 13:13:20.0",784315,3600,125,28.52,28.55,0.477,0.478,2.086,12.061,39.82,39.87,12.05,-0.883,7.203,6.931,5.912,6.455,7.542,0.612,-0.883,7.067,6.727,5.776,6.251,7.338,0.612,-0.883,6.999,6.659,5.708,6.251,7.338,0.612,-0.883,6.931,6.659,5.64,6.183,7.27,0.612,295,485
"2019-04-15 13:13:40.0",784316,3600,125.1,28.58,28.61,0.478,0.479,2.082,12.0554,39.82,39.87,12.05,-0.883,7.135,6.795,5.776,6.319,7.474,0.612,-0.883,6.999,6.659,5.64,6.183,7.27,0.612,-0.883,6.863,6.591,5.64,6.115,7.203,0.544,-0.883,6.863,6.523,5.572,6.047,7.203,0.544,295,485
"2019-04-15 13:14:00.0",784317,3600,125.2,28.63,28.66,0.479,0.48,2.078,12.0443,39.82,39.87,12.05,-0.883,6.999,6.659,5.708,6.183,7.406,0.612,-0.883,6.863,6.523,5.572,6.047,7.203,0.612,-0.883,6.795,6.455,5.504,5.979,7.135,0.544,-0.883,6.727,6.387,5.436,5.912,7.067,0.544,296,484
"2019-04-15 13:14:20.0",784318,3600,125.2,28.69,28.72,0.48,0.481,2.074,12.0387,39.83,39.87,12.05,-0.883,6.863,6.523,5.64,6.115,7.27,0.612,-0.883,6.727,6.455,5.436,5.912,7.135,0.544,-0.883,6.659,6.387,5.436,5.912,7.067,0.544,-0.883,6.659,6.319,5.368,5.844,6.999,0.544,296,484
"2019-04-15 13:14:40.0",784319,3600,125.3,28.75,28.78,0.481,0.481,2.071,12.0387,39.82,39.87,12.05,-0.883,6.863,6.591,5.64,6.115,7.27,0.544,-0.883,6.727,6.455,5.504,5.979,7.067,0.544,-0.883,6.727,6.387,5.436,5.912,7.067,0.544,-0.883,6.659,6.319,5.368,5.844,6.999,0.544,296,484
"2019-04-15 13:15:00.0",784320,3600,125.4,28.81,28.84,0.482,0.482,2.067,12.0443,39.82,39.87,12.05,-0.883,6.999,6.659,5.64,6.183,7.338,0.612,-0.883,6.863,6.523,5.572,6.047,7.203,0.544,-0.883,6.795,6.455,5.504,5.979,7.135,0.544,-0.883,6.727,6.387,5.504,5.979,7.067,0.612,296,484
"2019-04-15 13:15:20.0",784321,3600,125.4,28.87,28.89,0.483,0.483,2.063,12.0443,39.83,39.87,12.05,-0.883,7.067,6.795,5.776,6.251,7.474,0.679,-0.883,6.931,6.659,5.64,6.115,7.27,0.612,-0.883,6.931,6.591,5.64,6.115,7.203,0.612,-0.883,6.863,6.523,5.572,6.047,7.203,0.612,296,484
"2019-04-15 13:15:40.0",784322,3600,125.5,28.92,28.95,0.484,0.484,2.059,12.0554,39.83,39.87,12.05,-0.883,7.27,6.931,5.912,6.387,7.61,0.747,-0.883,7.135,6.727,5.776,6.251,7.406,0.679,-0.883,7.067,6.727,5.708,6.251,7.406,0.679,-0.883,7.067,6.727,5.708,6.183,7.338,0.679,297,483
"2019-04-15 13:16:00.0",784323,3600,125.6,28.98,29.01,0.484,0.485,2.056,12.0499,39.82,39.89,12.05,-0.883,7.406,7.067,6.047,6.523,7.746,0.815,-0.883,7.27,6.931,5.912,6.387,7.61,0.747,-0.883,7.27,6.931,5.844,6.387,7.542,0.747,-0.883,7.203,6.863,5.844,6.319,7.542,0.747,297,483
"2019-04-15 13:16:20.0",784324,3610,125.6,29.04,29.07,0.485,0.486,2.052,12.0554,39.83,39.87,12.07,-0.883,7.61,7.27,6.183,6.727,7.95,0.883,-0.883,7.474,7.135,6.047,6.591,7.746,0.815,-0.883,7.474,7.067,6.047,6.523,7.746,0.815,-0.883,7.406,6.999,5.979,6.523,7.678,0.815,297,483
"2019-04-15 13:16:40.0",784325,3600,125.7,29.09,29.12,0.486,0.487,2.048,12.0554,39.82,39.87,12.07,-0.883,7.814,7.474,6.319,6.863,8.09,1.019,-0.883,7.746,7.338,6.251,6.727,7.95,0.951,-0.883,7.678,7.27,6.183,6.727,7.95,0.951,-0.883,7.61,7.203,6.115,6.659,7.882,0.951,297,483
"2019-04-15 13:17:00.0",784326,3600,125.8,29.15,29.18,0.487,0.488,2.045,12.0554,39.83,39.87,12.07,-0.883,8.02,7.61,6.455,6.999,8.29,1.087,-0.883,7.882,7.474,6.387,6.863,8.15,1.019,-0.883,7.814,7.474,6.319,6.863,8.09,1.019,-0.883,7.814,7.406,6.251,6.795,8.09,1.087,297,483
"2019-04-15 13:17:20.0",784327,3610,125.8,29.21,29.24,0.488,0.488,2.041,12.0554,39.86,39.88,12.07,-0.883,8.22,7.746,6.659,7.203,8.49,1.223,-0.883,8.09,7.678,6.523,7.067,8.36,1.155,-0.883,8.02,7.61,6.455,6.999,8.29,1.155,-0.883,8.02,7.61,6.455,6.999,8.22,1.087,297,483
"2019-04-15 13:17:40.0",784328,3620,125.9,29.27,29.29,0.489,0.489,2.038,12.0387,39.86,39.87,12.07,-0.883,8.43,7.95,6.795,7.338,8.7,1.291,-0.883,8.36,7.882,6.659,7.203,8.56,1.291,-0.883,8.29,7.814,6.659,7.203,8.49,1.223,-0.883,8.22,7.746,6.591,7.135,8.43,1.223,298,482
"2019-04-15 13:18:00.0",784329,3620,126,29.32,29.35,0.49,0.49,2.034,12.0443,39.84,39.88,12.07,-0.883,8.7,8.29,6.999,7.61,8.97,1.427,-0.883,8.56,8.15,6.863,7.406,8.83,1.359,-0.815,8.56,8.09,6.863,7.406,8.77,1.359,-0.883,8.43,8.02,6.795,7.338,8.7,1.359,298,482
"2019-04-15 13:18:20.0",784330,3620,126,29.38,29.41,0.491,0.491,2.03,12.0387,39.86,39.87,12.07,-0.883,8.97,8.56,7.27,7.814,9.24,1.563,-0.815,8.83,8.43,7.135,7.678,9.11,1.495,-0.815,8.83,8.36,7.067,7.678,9.04,1.495,-0.815,8.77,8.29,7.067,7.61,9.04,1.495,298,482
"2019-04-15 13:18:40.0",784331,3620,126.1,29.44,29.47,0.491,0.492,2.027,12.0443,39.86,39.88,12.07,-0.815,9.38,8.83,7.542,8.15,9.65,1.767,-0.815,9.24,8.7,7.406,8.02,9.44,1.699,-0.815,9.17,8.7,7.406,7.95,9.44,1.767,-0.815,9.17,8.63,7.338,7.95,9.38,1.699,298,482
"2019-04-15 13:19:00.0",784332,3620,126.2,29.49,29.52,0.492,0.493,2.023,12.0443,39.82,39.88,12.07,-0.815,9.78,9.24,7.882,8.49,10.06,1.971,-0.815,9.65,9.17,7.746,8.36,9.92,1.971,-0.815,9.65,9.11,7.746,8.29,9.78,1.903,-0.815,9.58,9.04,7.678,8.29,9.78,1.971,298,482
"2019-04-15 13:19:20.0",784333,3620,126.2,29.55,29.58,0.493,0.494,2.02,12.0443,39.83,39.87,12.07,-0.747,10.26,9.78,8.29,8.97,10.53,2.242,-0.747,10.19,9.65,8.15,8.83,10.33,2.242,-0.747,10.12,9.58,8.15,8.83,10.33,2.242,-0.747,10.06,9.58,8.15,8.77,10.26,2.242,299,481
"2019-04-15 13:19:40.0",784334,3620,126.3,29.61,29.64,0.494,0.494,2.016,12.0499,39.82,39.87,12.07,-0.747,10.94,10.33,8.77,9.44,11.01,2.514,-0.747,10.8,10.19,8.7,9.38,10.87,2.514,-0.747,10.74,10.12,8.63,9.31,10.87,2.514,-0.747,10.67,10.12,8.63,9.31,10.8,2.514,299,481
"2019-04-15 13:20:00.0",784335,3620,126.4,29.66,29.69,0.495,0.495,2.013,12.0499,39.85,39.88,12.07,-0.679,11.55,10.94,9.31,10.06,11.69,2.854,-0.679,11.42,10.87,9.17,9.92,11.48,2.854,-0.679,11.42,10.8,9.17,9.92,11.48,2.854,-0.679,11.28,10.74,9.11,9.85,11.42,2.854,299,481
"2019-04-15 13:20:20.0",784336,3620,126.4,29.72,29.75,0.496,0.496,2.009,12.0499,39.85,39.87,12.07,-0.679,12.23,11.55,9.85,10.6,12.23,3.194,-0.612,12.09,11.48,9.72,10.46,12.09,3.194,-0.612,12.03,11.42,9.72,10.46,12.03,3.126,-0.612,11.96,11.35,9.65,10.4,12.03,3.194,299,481
"2019-04-15 13:20:40.0",784337,3620,126.5,29.78,29.81,0.497,0.497,2.006,12.0554,39.85,39.88,12.07,-0.612,12.77,12.16,10.33,11.14,12.84,3.533,-0.612,12.64,12.03,10.19,11.01,12.64,3.465,-0.612,12.57,11.96,10.19,10.94,12.64,3.465,-0.612,12.5,11.89,10.12,10.87,12.5,3.397,299,481
"2019-04-15 13:21:00.0",784338,3630,126.6,29.84,29.86,0.498,0.498,2.003,12.0443,39.85,39.87,12.07,-0.544,13.25,12.64,10.74,11.55,13.25,3.737,-0.544,13.05,12.43,10.6,11.42,13.05,3.669,-0.544,12.98,12.37,10.53,11.35,12.98,3.669,-0.544,12.91,12.3,10.46,11.28,12.91,3.669,300,480
"2019-04-15 13:21:20.0",784339,3630,126.7,29.89,29.92,0.498,0.499,1.999,12.0443,39.85,39.87,12.07,-0.544,13.52,12.91,11.01,11.82,13.59,3.941,-0.544,13.25,12.71,10.8,11.62,13.32,3.805,-0.544,13.18,12.64,10.74,11.55,13.25,3.805,-0.544,13.11,12.5,10.67,11.48,13.18,3.737,300,480
"2019-04-15 13:21:40.0",784340,3630,126.7,29.95,29.97,0.499,0.5,1.996,12.0387,39.85,39.88,12.07,-0.476,13.59,12.98,11.08,11.96,13.73,3.941,-0.476,13.32,12.77,10.87,11.69,13.39,3.873,-0.476,13.25,12.64,10.8,11.62,13.32,3.873,-0.476,13.18,12.57,10.67,11.55,13.25,3.805,300,480
"2019-04-15 13:22:00.0",784341,3630,126.8,30,30.03,0.5,0.5,1.992,12.0443,39.85,39.88,12.07,-0.476,13.45,12.91,11.01,11.82,13.59,3.941,-0.476,13.18,12.64,10.74,11.55,13.32,3.873,-0.476,13.11,12.5,10.67,11.48,13.18,3.805,-0.476,12.98,12.43,10.6,11.42,13.11,3.805,300,480
"2019-04-15 13:22:20.0",784342,3630,126.9,30.06,30.09,0.501,0.501,1.989,12.0443,39.85,39.87,12.07,-0.476,13.25,12.64,10.8,11.62,13.39,3.873,-0.476,12.91,12.37,10.53,11.35,13.11,3.737,-0.476,12.84,12.23,10.46,11.28,12.98,3.737,-0.476,12.71,12.16,10.33,11.14,12.84,3.669,300,480
"2019-04-15 13:22:40.0",784343,3630,126.9,30.12,30.14,0.502,0.502,1.986,12.0443,39.85,39.87,12.07,-0.544,12.91,12.37,10.53,11.35,13.11,3.669,-0.544,12.64,12.03,10.26,11.08,12.84,3.601,-0.544,12.5,11.96,10.19,11.01,12.71,3.533,-0.544,12.43,11.82,10.12,10.87,12.64,3.533,300,480
"2019-04-15 13:23:00.0",784344,3630,127,30.17,30.2,0.503,0.503,1.982,12.0554,39.85,39.88,12.07,-0.544,12.57,11.96,10.26,11.08,12.84,3.533,-0.544,12.3,11.76,9.99,10.8,12.5,3.465,-0.544,12.23,11.62,9.92,10.67,12.43,3.397,-0.544,12.09,11.55,9.85,10.6,12.37,3.397,301,479
"2019-04-15 13:23:20.0",784345,3630,127.1,30.23,30.26,0.503,0.504,1.979,12.0554,39.85,39.87,12.07,-0.544,12.23,11.76,9.99,10.8,12.57,3.397,-0.544,11.96,11.42,9.72,10.46,12.23,3.262,-0.544,11.82,11.35,9.65,10.4,12.16,3.262,-0.544,11.82,11.21,9.58,10.33,12.09,3.194,301,479
"2019-04-15 13:23:40.0",784346,3630,127.1,30.29,30.31,0.504,0.505,1.976,12.0554,39.85,39.88,12.07,-0.544,11.96,11.42,9.78,10.53,12.3,3.194,-0.544,11.69,11.21,9.51,10.26,11.96,3.126,-0.544,11.62,11.08,9.44,10.19,11.89,3.126,-0.544,11.48,11.01,9.38,10.12,11.82,3.058,301,479
"2019-04-15 13:24:00.0",784347,3630,127.2,30.34,30.37,0.505,0.506,1.972,12.0499,39.85,39.87,12.07,-0.544,11.76,11.14,9.58,10.33,12.03,3.058,-0.544,11.42,10.87,9.31,10.06,11.69,2.99,-0.612,11.35,10.8,9.24,9.92,11.62,2.922,-0.612,11.28,10.74,9.17,9.85,11.55,2.922,301,479
"2019-04-15 13:24:20.0",784348,3630,127.3,30.4,30.43,0.506,0.506,1.969,12.0499,39.85,39.87,12.09,-0.612,11.35,10.87,9.24,9.99,11.69,2.922,-0.612,11.08,10.53,8.97,9.72,11.35,2.786,-0.612,11.01,10.46,8.9,9.58,11.28,2.786,-0.612,10.87,10.33,8.83,9.51,11.21,2.718,301,479
"2019-04-15 13:24:40.0",784349,3640,127.3,30.45,30.48,0.507,0.507,1.966,12.0387,39.85,39.87,12.09,-0.612,10.94,10.4,8.83,9.58,11.21,2.65,-0.612,10.67,10.06,8.56,9.24,10.87,2.582,-0.612,10.53,9.99,8.49,9.17,10.8,2.514,-0.679,10.46,9.92,8.43,9.04,10.74,2.446,302,478
"2019-04-15 13:25:00.0",784350,3640,127.4,30.51,30.54,0.508,0.508,1.963,12.0443,39.85,39.88,12.09,-0.679,10.53,9.92,8.43,9.11,10.74,2.446,-0.679,10.19,9.65,8.15,8.83,10.4,2.31,-0.679,10.12,9.58,8.09,8.77,10.33,2.31,-0.679,10.06,9.44,8.02,8.63,10.26,2.242,302,478
"2019-04-15 13:25:20.0",784351,3640,127.5,30.57,30.59,0.509,0.509,1.96,12.0443,39.85,39.87,12.09,-0.679,10.12,9.51,8.09,8.7,10.26,2.174,-0.679,9.85,9.24,7.814,8.43,9.99,2.106,-0.679,9.78,9.17,7.746,8.36,9.92,2.106,-0.679,9.72,9.11,7.678,8.22,9.78,2.038,302,478
"2019-04-15 13:25:40.0",784352,3640,127.6,30.62,30.65,0.509,0.51,1.956,12.0443,39.85,39.88,12.09,-0.747,9.85,9.24,7.746,8.36,9.92,2.038,-0.747,9.65,8.9,7.542,8.09,9.58,2.038,-0.747,9.51,8.83,7.474,8.02,9.51,1.971,-0.747,9.44,8.83,7.406,7.95,9.44,1.971,302,478
"2019-04-15 13:26:00.0",784353,3640,127.6,30.68,30.7,0.51,0.511,1.953,12.0387,39.85,39.87,12.09,-0.747,9.72,9.04,7.542,8.15,9.65,1.971,-0.747,9.51,8.77,7.338,7.882,9.38,1.903,-0.747,9.38,8.7,7.27,7.814,9.31,1.835,-0.747,9.31,8.63,7.203,7.814,9.24,1.903,302,478
"2019-04-15 13:26:20.0",784354,3640,127.7,30.73,30.76,0.511,0.511,1.95,12.0443,39.85,39.87,12.09,-0.747,9.72,8.97,7.474,8.02,9.51,1.903,-0.747,9.44,8.7,7.27,7.814,9.24,1.835,-0.747,9.38,8.7,7.27,7.746,9.24,1.835,-0.747,9.31,8.56,7.203,7.746,9.17,1.835,302,478
"2019-04-15 13:26:40.0",784355,3640,127.8,30.79,30.82,0.512,0.512,1.947,12.061,39.85,39.87,12.09,-0.747,9.72,8.97,7.474,8.09,9.51,1.971,-0.747,9.51,8.77,7.338,7.882,9.31,1.903,-0.747,9.51,8.7,7.27,7.814,9.24,1.835,-0.747,9.44,8.7,7.203,7.746,9.17,1.903,303,477
"2019-04-15 13:27:00.0",784356,3640,127.8,30.85,30.87,0.513,0.513,1.944,12.0666,39.85,39.88,12.09,-0.747,9.85,9.04,7.61,8.15,9.58,1.971,-0.747,9.65,8.83,7.406,7.95,9.38,1.903,-0.747,9.58,8.83,7.406,7.882,9.31,1.903,-0.747,9.58,8.77,7.27,7.882,9.24,1.903,303,477
"2019-04-15 13:27:20.0",784357,3640,127.9,30.9,30.93,0.514,0.514,1.941,12.055,39.85,39.88,12.09,-0.747,9.99,9.17,7.678,8.29,9.72,2.038,-0.747,9.85,9.04,7.542,8.09,9.44,1.971,-0.747,9.78,8.97,7.474,8.02,9.44,1.971,-0.747,9.72,8.9,7.406,7.95,9.38,1.971,303,477
"2019-04-15 13:27:40.0",784358,3640,128,30.96,30.98,0.514,0.515,1.937,12.0495,39.85,39.87,12.09,-0.747,10.19,9.31,7.814,8.36,9.78,2.038,-0.747,9.99,9.11,7.61,8.15,9.51,2.038,-0.747,9.85,9.04,7.542,8.09,9.51,1.971,-0.747,9.85,8.97,7.474,8.09,9.44,1.971,303,477
"2019-04-15 13:28:00.0",784359,3640,128,31.01,31.04,0.515,0.516,1.934,12.055,39.85,39.87,12.09,-0.747,10.26,9.44,7.882,8.43,9.85,2.038,-0.747,10.06,9.24,7.678,8.22,9.58,2.038,-0.747,9.99,9.11,7.61,8.15,9.51,1.971,-0.747,9.92,9.11,7.542,8.09,9.51,1.971,303,477
"2019-04-15 13:28:20.0",784360,3660,128.1,31.07,31.09,0.516,0.516,1.931,12.0383,39.85,39.88,12.12,-0.747,10.33,9.44,7.882,8.49,9.92,2.106,-0.747,10.12,9.24,7.678,8.29,9.65,1.971,-0.747,10.06,9.17,7.61,8.22,9.58,1.971,-0.747,9.99,9.11,7.61,8.15,9.51,1.971,304,476
"2019-04-15 13:28:40.0",784361,3660,128.2,31.12,31.15,0.517,0.517,1.928,12.0439,39.85,39.87,12.12,-0.747,10.4,9.44,7.882,8.49,9.92,2.038,-0.747,10.12,9.24,7.678,8.29,9.58,1.971,-0.747,10.06,9.17,7.61,8.22,9.51,1.971,-0.747,9.99,9.11,7.542,8.15,9.44,1.971,304,476
"2019-04-15 13:29:00.0",784362,3660,128.3,31.18,31.2,0.518,0.518,1.925,12.044,39.85,39.88,12.12,-0.747,10.33,9.44,7.882,8.43,9.78,2.038,-0.747,10.06,9.17,7.678,8.22,9.51,1.971,-0.747,10.06,9.11,7.61,8.15,9.44,1.971,-0.747,9.99,9.04,7.542,8.09,9.38,1.971,304,476
"2019-04-15 13:29:20.0",784363,3660,128.3,31.23,31.26,0.519,0.519,1.922,12.044,39.85,39.9,12.12,-0.747,10.26,9.38,7.814,8.36,9.72,1.971,-0.747,9.99,9.11,7.542,8.09,9.44,1.971,-0.747,9.92,9.04,7.474,8.09,9.38,1.903,-0.747,9.92,8.97,7.406,8.02,9.24,1.903,304,476
"2019-04-15 13:29:40.0",784364,3660,128.4,31.29,31.32,0.519,0.52,1.919,12.0384,39.85,39.87,12.12,-0.747,10.19,9.24,7.678,8.22,9.58,1.971,-0.747,9.92,8.97,7.474,8.02,9.31,1.903,-0.747,9.85,8.9,7.406,7.95,9.17,1.903,-0.747,9.78,8.83,7.338,7.882,9.11,1.835,304,476
"2019-04-15 13:30:00.0",784365,3660,128.5,31.34,31.37,0.52,0.521,1.916,12.0495,39.85,39.88,12.12,-0.747,10.12,9.11,7.61,8.09,9.38,1.903,-0.747,9.85,8.83,7.338,7.882,9.11,1.835,-0.747,9.72,8.77,7.27,7.746,9.04,1.835,-0.747,9.65,8.7,7.203,7.746,8.97,1.835,305,475
"2019-04-15 13:30:20.0",784366,3660,128.5,31.4,31.43,0.521,0.521,1.913,12.0551,39.85,39.88,12.12,-0.747,9.99,8.97,7.406,7.95,9.24,1.903,-0.747,9.72,8.77,7.203,7.746,8.97,1.835,-0.747,9.65,8.63,7.135,7.678,8.9,1.835,-0.747,9.58,8.56,7.067,7.61,8.83,1.835,305,475
"2019-04-15 13:30:40.0",784367,3660,128.6,31.45,31.48,0.522,0.522,1.91,12.0552,39.85,39.87,12.12,-0.747,9.92,8.9,7.338,7.882,9.11,1.903,-0.747,9.65,8.63,7.135,7.61,8.9,1.835,-0.747,9.58,8.56,7.067,7.542,8.77,1.767,-0.747,9.51,8.49,6.999,7.474,8.77,1.767,305,475
"2019-04-15 13:31:00.0",784368,3660,128.7,31.51,31.54,0.523,0.523,1.907,12.0608,39.85,39.87,12.14,-0.747,9.85,8.83,7.27,7.746,9.04,1.903,-0.747,9.58,8.63,7.067,7.542,8.77,1.835,-0.747,9.51,8.49,6.999,7.474,8.7,1.767,-0.747,9.44,8.43,6.931,7.406,8.63,1.767,305,475
"2019-04-15 13:31:20.0",784369,3660,128.8,31.56,31.59,0.523,0.524,1.904,12.0496,39.85,39.87,12.14,-0.747,9.85,8.77,7.203,7.678,8.97,1.903,-0.747,9.58,8.56,6.999,7.474,8.7,1.835,-0.747,9.44,8.43,6.931,7.406,8.63,1.835,-0.747,9.44,8.43,6.863,7.338,8.56,1.835,305,475
"2019-04-15 13:31:40.0",784370,3660,128.8,31.62,31.65,0.524,0.525,1.901,12.0552,39.85,39.87,12.14,-0.747,9.85,8.77,7.203,7.678,8.9,1.971,-0.679,9.58,8.56,6.999,7.474,8.7,1.903,-0.679,9.58,8.43,6.931,7.406,8.63,1.903,-0.679,9.44,8.43,6.863,7.338,8.56,1.903,305,475
"2019-04-15 13:32:00.0",784371,3670,128.9,31.67,31.7,0.525,0.525,1.898,12.044,39.85,39.88,12.14,-0.679,9.99,8.83,7.203,7.746,8.97,1.971,-0.679,9.78,8.63,7.067,7.542,8.7,1.971,-0.679,9.65,8.56,6.999,7.474,8.7,1.903,-0.679,9.65,8.49,6.931,7.406,8.63,1.903,306,474
"2019-04-15 13:32:20.0",784372,3670,129,31.73,31.76,0.526,0.526,1.895,12.0441,39.85,39.87,12.16,-0.679,10.26,9.04,7.406,7.882,9.11,2.106,-0.679,10.06,8.83,7.203,7.678,8.9,2.106,-0.679,9.92,8.77,7.135,7.61,8.83,2.106,-0.679,9.85,8.7,7.135,7.61,8.77,2.038,306,474
"2019-04-15 13:32:40.0",784373,3670,129,31.78,31.81,0.527,0.527,1.892,12.0441,39.85,39.88,12.16,-0.612,10.53,9.31,7.61,8.09,9.31,2.31,-0.612,10.33,9.11,7.406,7.95,9.11,2.242,-0.612,10.26,9.04,7.406,7.882,9.04,2.242,-0.612,10.26,9.04,7.338,7.814,8.97,2.242,306,474
"2019-04-15 13:33:00.0",784374,3670,129.1,31.84,31.86,0.528,0.528,1.89,12.0441,39.85,39.87,12.16,-0.612,11.01,9.65,7.882,8.43,9.58,2.446,-0.612,10.8,9.51,7.746,8.22,9.38,2.446,-0.612,10.74,9.44,7.678,8.15,9.38,2.446,-0.612,10.67,9.38,7.61,8.15,9.31,2.378,306,474
"2019-04-15 13:33:20.0",784375,3670,129.2,31.89,31.92,0.528,0.529,1.887,12.0441,39.85,39.87,12.16,-0.544,11.48,10.12,8.22,8.77,9.99,2.718,-0.544,11.28,9.92,8.09,8.56,9.78,2.65,-0.544,11.14,9.85,8.02,8.56,9.65,2.582,-0.544,11.14,9.78,7.95,8.49,9.65,2.582,306,474
"2019-04-15 13:33:40.0",784376,3680,129.3,31.95,31.97,0.529,0.53,1.884,12.0552,39.85,39.87,12.16,-0.544,11.96,10.53,8.63,9.17,10.33,2.922,-0.544,11.76,10.33,8.43,8.97,10.12,2.854,-0.544,11.62,10.26,8.36,8.9,10.06,2.854,-0.544,11.55,10.19,8.29,8.83,9.99,2.786,307,473
"2019-04-15 13:34:00.0",784377,3680,129.3,32,32.03,0.53,0.53,1.881,12.0497,39.86,39.87,12.16,-0.476,12.43,10.94,8.97,9.51,10.74,3.126,-0.476,12.16,10.8,8.77,9.31,10.46,3.058,-0.476,12.09,10.67,8.7,9.24,10.4,3.058,-0.476,12.03,10.53,8.63,9.17,10.26,2.99,307,473
"2019-04-15 13:34:20.0",784378,3680,129.4,32.06,32.08,0.531,0.531,1.878,12.0497,39.86,39.88,12.16,-0.408,12.91,11.42,9.31,9.92,11.01,3.262,-0.476,12.64,11.14,9.11,9.72,10.8,3.194,-0.476,12.57,11.08,8.97,9.58,10.67,3.194,-0.476,12.43,10.94,8.9,9.51,10.6,3.126,307,473
"2019-04-15 13:34:40.0",784379,3680,129.5,32.11,32.14,0.532,0.532,1.875,12.0553,39.86,39.88,12.19,-0.408,13.25,11.76,9.58,10.19,11.35,3.397,-0.408,12.98,11.48,9.38,9.99,11.08,3.329,-0.408,12.84,11.35,9.24,9.85,11.01,3.329,-0.408,12.71,11.28,9.17,9.78,10.87,3.262,307,473
"2019-04-15 13:35:00.0",784380,3680,129.5,32.17,32.19,0.532,0.533,1.872,12.0553,39.86,39.9,12.19,-0.408,13.45,11.96,9.78,10.4,11.55,3.533,-0.408,13.11,11.62,9.51,10.12,11.21,3.397,-0.408,13.05,11.55,9.44,10.06,11.14,3.397,-0.408,12.91,11.42,9.31,9.99,11.01,3.329,307,473
"2019-04-15 13:35:20.0",784381,3680,129.6,32.22,32.25,0.533,0.534,1.87,12.0553,39.86,39.88,12.19,-0.408,13.52,11.96,9.85,10.46,11.62,3.533,-0.408,13.18,11.69,9.58,10.19,11.28,3.397,-0.408,13.05,11.55,9.44,10.12,11.21,3.397,-0.408,12.98,11.48,9.38,9.99,11.14,3.397,307,473
"2019-04-15 13:35:40.0",784382,3680,129.7,32.28,32.3,0.534,0.534,1.867,12.0442,39.86,39.89,12.19,-0.408,13.45,11.96,9.78,10.4,11.55,3.465,-0.408,13.05,11.55,9.44,10.12,11.21,3.397,-0.408,12.91,11.48,9.38,9.99,11.14,3.329,-0.408,12.77,11.35,9.31,9.92,11.01,3.262,308,472
"2019-04-15 13:36:00.0",784383,3680,129.8,32.33,32.35,0.535,0.535,1.864,12.0442,39.86,39.89,12.19,-0.408,13.18,11.76,9.65,10.26,11.35,3.397,-0.408,12.77,11.35,9.31,9.92,11.01,3.262,-0.476,12.64,11.21,9.17,9.78,10.94,3.194,-0.476,12.5,11.08,9.11,9.72,10.8,3.194,308,472
"2019-04-15 13:36:20.0",784384,3680,129.8,32.38,32.41,0.536,0.536,1.861,12.0442,39.86,39.87,12.21,-0.476,12.84,11.35,9.31,9.92,11.08,3.262,-0.476,12.37,11.01,8.97,9.58,10.67,3.126,-0.476,12.23,10.87,8.9,9.44,10.6,3.058,-0.476,12.09,10.74,8.83,9.38,10.46,3.058,308,472
"2019-04-15 13:36:40.0",784385,3680,129.9,32.44,32.46,0.536,0.537,1.859,12.0442,39.86,39.91,12.21,-0.476,12.3,10.94,8.97,9.51,10.67,3.058,-0.476,11.89,10.6,8.63,9.17,10.33,2.922,-0.476,11.82,10.46,8.56,9.11,10.19,2.854,-0.476,11.69,10.33,8.49,9.04,10.12,2.854,308,472
"2019-04-15 13:37:00.0",784386,3680,130,32.49,32.52,0.537,0.538,1.856,12.0386,39.86,39.87,12.21,-0.544,11.82,10.46,8.56,9.11,10.26,2.854,-0.544,11.48,10.12,8.29,8.83,9.92,2.718,-0.544,11.28,10.06,8.22,8.7,9.78,2.718,-0.544,11.21,9.92,8.09,8.63,9.72,2.65,308,472
"2019-04-15 13:37:20.0",784387,3690,130.1,32.55,32.57,0.538,0.538,1.853,12.0498,39.86,39.89,12.21,-0.544,11.35,10.06,8.22,8.77,9.85,2.65,-0.544,11.01,9.72,7.95,8.43,9.58,2.514,-0.544,10.87,9.65,7.882,8.36,9.44,2.514,-0.544,10.8,9.51,7.746,8.29,9.38,2.446,309,471
"2019-04-15 13:37:40.0",784388,3690,130.1,32.6,32.62,0.539,0.539,1.85,12.0553,39.86,39.89,12.21,-0.612,11.01,9.72,7.95,8.43,9.51,2.446,-0.612,10.67,9.44,7.678,8.15,9.24,2.31,-0.612,10.53,9.31,7.61,8.09,9.11,2.31,-0.612,10.4,9.24,7.542,8.02,9.04,2.242,309,471
"2019-04-15 13:38:00.0",784389,3690,130.2,32.65,32.68,0.54,0.54,1.848,12.0553,39.86,39.89,12.21,-0.612,10.67,9.44,7.746,8.22,9.24,2.242,-0.612,10.33,9.17,7.474,7.95,9.04,2.174,-0.612,10.26,9.04,7.406,7.882,8.9,2.174,-0.612,10.19,8.97,7.338,7.814,8.83,2.174,309,471
"2019-04-15 13:38:20.0",784390,3690,130.3,32.71,32.73,0.54,0.541,1.845,12.0553,39.86,39.87,12.26,-0.612,10.4,9.24,7.542,8.02,9.11,2.174,-0.612,10.12,8.97,7.338,7.814,8.83,2.106,-0.612,10.06,8.9,7.27,7.746,8.77,2.106,-0.612,9.92,8.77,7.203,7.678,8.7,2.038,309,471
"2019-04-15 13:38:40.0",784391,3690,130.4,32.76,32.79,0.541,0.541,1.842,12.0498,39.86,39.89,12.26,-0.612,10.26,9.11,7.406,7.882,8.97,2.106,-0.612,9.99,8.83,7.203,7.678,8.77,2.038,-0.612,9.85,8.77,7.135,7.61,8.63,1.971,-0.612,9.78,8.7,7.067,7.542,8.56,1.971,309,471
"2019-04-15 13:39:00.0",784392,3700,130.4,32.81,32.84,0.542,0.542,1.84,12.0386,39.86,39.87,12.26,-0.612,10.06,8.97,7.338,7.814,8.83,2.038,-0.612,9.85,8.7,7.067,7.542,8.63,1.971,-0.612,9.72,8.63,7.067,7.474,8.49,1.971,-0.612,9.65,8.56,6.999,7.406,8.43,1.971,310,470
"2019-04-15 13:39:20.0",784393,3700,130.5,32.87,32.89,0.543,0.543,1.837,12.0442,39.86,39.91,12.26,-0.612,9.99,8.9,7.203,7.678,8.77,2.038,-0.612,9.72,8.63,6.999,7.474,8.49,1.971,-0.612,9.65,8.56,6.931,7.406,8.43,1.971,-0.612,9.58,8.43,6.931,7.338,8.36,1.903,310,470
"2019-04-15 13:39:40.0",784394,3700,130.6,32.92,32.95,0.543,0.544,1.835,12.0442,39.86,39.89,12.28,-0.612,9.99,8.77,7.203,7.61,8.7,2.038,-0.612,9.65,8.56,6.999,7.406,8.43,1.971,-0.612,9.65,8.49,6.931,7.406,8.36,1.971,-0.612,9.58,8.43,6.863,7.338,8.29,1.903,310,470
"2019-04-15 13:40:00.0",784395,3700,130.6,32.98,33,0.544,0.545,1.832,12.0442,39.86,39.89,12.28,-0.612,9.92,8.77,7.135,7.61,8.63,2.038,-0.612,9.72,8.49,6.931,7.406,8.36,1.971,-0.612,9.58,8.43,6.863,7.338,8.36,1.971,-0.612,9.51,8.36,6.795,7.27,8.29,1.903,310,470
"2019-04-15 13:40:20.0",784396,3700,130.7,33.03,33.05,0.545,0.545,1.829,12.0442,39.87,39.91,12.28,-0.612,9.92,8.7,7.067,7.542,8.56,2.038,-0.612,9.65,8.49,6.863,7.27,8.29,2.038,-0.612,9.58,8.43,6.795,7.27,8.22,1.971,-0.612,9.51,8.36,6.795,7.203,8.22,1.971,310,470
"2019-04-15 13:40:40.0",784397,3700,130.8,33.08,33.11,0.546,0.546,1.827,12.0442,39.87,39.89,12.28,-0.612,9.85,8.63,6.999,7.406,8.43,2.038,-0.612,9.58,8.36,6.795,7.203,8.22,1.971,-0.612,9.51,8.29,6.727,7.203,8.15,1.971,-0.612,9.44,8.29,6.659,7.135,8.09,1.971,310,470
"2019-04-15 13:41:00.0",784398,3700,130.9,33.14,33.16,0.547,0.547,1.824,12.0554,39.86,39.91,12.3,-0.612,9.72,8.49,6.863,7.338,8.36,1.971,-0.612,9.51,8.29,6.727,7.135,8.15,1.971,-0.612,9.44,8.22,6.659,7.067,8.09,1.903,-0.612,9.38,8.15,6.591,6.999,8.02,1.903,311,469
"2019-04-15 13:41:20.0",784399,3700,130.9,33.19,33.21,0.547,0.548,1.821,12.0498,39.88,39.89,12.3,-0.612,9.58,8.36,6.795,7.203,8.22,1.971,-0.612,9.38,8.15,6.591,6.999,8.02,1.971,-0.612,9.31,8.09,6.523,6.931,7.95,1.903,-0.612,9.24,8.02,6.455,6.863,7.95,1.903,311,469
"2019-04-15 13:41:40.0",784400,3700,131,33.24,33.27,0.548,0.549,1.819,12.0554,39.87,39.89,12.3,-0.612,9.51,8.22,6.659,7.067,8.09,1.903,-0.612,9.24,8.02,6.455,6.863,7.882,1.835,-0.612,9.17,7.95,6.387,6.795,7.814,1.835,-0.612,9.11,7.882,6.387,6.727,7.746,1.835,311,469
"2019-04-15 13:42:00.0",784401,3700,131.1,33.3,33.32,0.549,0.549,1.816,12.0554,39.88,39.91,12.3,-0.612,9.31,8.09,6.523,6.931,7.95,1.903,-0.612,9.11,7.882,6.319,6.727,7.746,1.835,-0.612,8.97,7.814,6.251,6.659,7.746,1.767,-0.612,8.9,7.746,6.251,6.591,7.61,1.767,311,469
"2019-04-15 13:42:20.0",784402,3700,131.2,33.35,33.37,0.55,0.55,1.814,12.0554,39.87,39.89,12.33,-0.612,9.17,7.95,6.387,6.795,7.814,1.767,-0.612,8.9,7.678,6.183,6.591,7.61,1.699,-0.612,8.83,7.61,6.183,6.523,7.61,1.699,-0.612,8.77,7.542,6.115,6.455,7.542,1.699,311,469
"2019-04-15 13:42:40.0",784403,3710,131.2,33.4,33.43,0.551,0.551,1.811,12.0554,39.88,39.89,12.33,-0.612,8.9,7.746,6.251,6.659,7.678,1.699,-0.612,8.7,7.542,6.115,6.455,7.474,1.631,-0.612,8.7,7.474,6.047,6.387,7.406,1.631,-0.612,8.56,7.406,5.979,6.319,7.406,1.631,312,468
"2019-04-15 13:43:00.0",784404,3710,131.3,33.45,33.48,0.551,0.552,1.809,12.0442,39.87,39.91,12.33,-0.612,8.77,7.61,6.115,6.523,7.61,1.631,-0.679,8.56,7.474,5.979,6.319,7.406,1.631,-0.679,8.49,7.406,5.912,6.319,7.338,1.563,-0.679,8.43,7.338,5.912,6.251,7.27,1.563,312,468
"2019-04-15 13:43:20.0",784405,3710,131.4,33.51,33.53,0.552,0.552,1.806,12.0442,39.88,39.91,12.35,-0.679,8.77,7.542,6.115,6.455,7.542,1.631,-0.679,8.49,7.338,5.912,6.251,7.27,1.563,-0.679,8.43,7.27,5.912,6.251,7.27,1.563,-0.679,8.43,7.27,5.844,6.251,7.27,1.563,312,468
"2019-04-15 13:43:40.0",784406,3710,131.5,33.56,33.58,0.553,0.553,1.804,12.0442,39.88,39.89,12.35,-0.679,8.77,7.542,6.115,6.455,7.474,1.563,-0.679,8.56,7.406,5.979,6.319,7.338,1.563,-0.679,8.49,7.338,5.912,6.251,7.27,1.563,-0.679,8.43,7.27,5.844,6.251,7.27,1.563,312,468
"2019-04-15 13:44:00.0",784407,3710,131.5,33.61,33.64,0.554,0.554,1.801,12.0443,39.88,39.89,12.35,-0.679,8.83,7.678,6.183,6.523,7.542,1.631,-0.679,8.7,7.474,6.047,6.387,7.406,1.563,-0.679,8.63,7.474,5.979,6.387,7.338,1.563,-0.679,8.56,7.406,5.979,6.319,7.338,1.563,312,468
"2019-04-15 13:44:20.0",784408,3710,131.6,33.67,33.69,0.554,0.555,1.799,12.0443,39.88,39.87,12.35,-0.612,8.97,7.746,6.251,6.659,7.61,1.631,-0.612,8.77,7.61,6.115,6.523,7.474,1.631,-0.612,8.77,7.61,6.115,6.455,7.406,1.631,-0.612,8.7,7.542,6.047,6.455,7.406,1.563,312,468
"2019-04-15 13:44:40.0",784409,3720,131.7,33.72,33.74,0.555,0.555,1.796,12.0498,39.88,39.89,12.35,-0.612,9.11,7.882,6.387,6.795,7.746,1.699,-0.612,8.97,7.746,6.251,6.659,7.61,1.631,-0.612,8.9,7.678,6.183,6.591,7.542,1.699,-0.612,8.83,7.678,6.183,6.523,7.474,1.631,313,467
"2019-04-15 13:45:00.0",784410,3720,131.8,33.77,33.79,0.556,0.556,1.794,12.0554,39.88,39.89,12.35,-0.612,9.24,8.09,6.523,6.863,7.882,1.767,-0.612,9.11,7.882,6.319,6.727,7.678,1.699,-0.612,9.04,7.814,6.319,6.659,7.61,1.699,-0.612,8.97,7.746,6.251,6.659,7.542,1.699,313,467
"2019-04-15 13:45:20.0",784411,3720,131.9,33.82,33.85,0.557,0.557,1.792,12.0554,39.88,39.89,12.37,-0.612,9.38,8.15,6.591,6.931,7.882,1.835,-0.612,9.17,7.95,6.387,6.795,7.678,1.767,-0.612,9.11,7.882,6.319,6.727,7.61,1.699,-0.612,9.04,7.814,6.319,6.727,7.61,1.699,313,467
"2019-04-15 13:45:40.0",784412,3720,131.9,33.88,33.9,0.557,0.558,1.789,12.0666,39.88,39.89,12.39,-0.612,9.38,8.15,6.591,6.999,7.882,1.767,-0.612,9.17,7.95,6.387,6.795,7.678,1.699,-0.612,9.11,7.882,6.319,6.727,7.61,1.631,-0.612,8.97,7.814,6.319,6.659,7.542,1.699,313,467
"2019-04-15 13:46:00.0",784413,3720,132,33.93,33.95,0.558,0.558,1.787,12.0554,39.88,39.89,12.39,-0.612,9.31,8.02,6.523,6.931,7.814,1.767,-0.612,9.04,7.814,6.319,6.727,7.542,1.631,-0.612,8.97,7.746,6.251,6.591,7.542,1.631,-0.612,8.9,7.746,6.183,6.591,7.406,1.563,313,467
"2019-04-15 13:46:20.0",784414,3730,132.1,33.98,34,0.559,0.559,1.784,12.0387,39.88,39.89,12.42,-0.679,9.11,7.882,6.387,6.795,7.678,1.631,-0.679,8.9,7.678,6.183,6.591,7.406,1.563,-0.679,8.83,7.61,6.115,6.523,7.338,1.563,-0.679,8.7,7.542,6.047,6.455,7.27,1.495,314,466
"2019-04-15 13:46:40.0",784415,3730,132.2,34.03,34.06,0.56,0.56,1.782,12.0443,39.88,39.89,12.42,-0.679,8.9,7.746,6.251,6.591,7.474,1.495,-0.679,8.63,7.474,6.047,6.387,7.203,1.495,-0.679,8.56,7.406,5.979,6.319,7.135,1.427,-0.679,8.49,7.338,5.912,6.319,7.135,1.427,314,466
"2019-04-15 13:47:00.0",784416,3730,132.2,34.09,34.11,0.56,0.561,1.779,12.0443,39.88,39.89,12.42,-0.679,8.63,7.474,6.047,6.387,7.27,1.427,-0.679,8.36,7.203,5.844,6.183,7.067,1.359,-0.679,8.29,7.203,5.776,6.115,6.999,1.291,-0.679,8.22,7.067,5.708,6.115,6.863,1.291,314,466
"2019-04-15 13:47:20.0",784417,3730,132.3,34.14,34.16,0.561,0.562,1.777,12.0443,39.88,39.88,12.42,-0.679,8.29,7.203,5.844,6.183,7.067,1.291,-0.747,8.09,6.999,5.64,5.979,6.863,1.223,-0.747,8.02,6.931,5.572,5.912,6.795,1.223,-0.747,7.95,6.863,5.504,5.844,6.659,1.223,314,466
"2019-04-15 13:47:40.0",784418,3730,132.4,34.19,34.21,0.562,0.562,1.775,12.0443,39.88,39.88,12.44,-0.747,8.09,6.931,5.64,5.979,6.863,1.223,-0.747,7.746,6.727,5.436,5.776,6.591,1.155,-0.747,7.746,6.659,5.368,5.708,6.523,1.087,-0.747,7.61,6.591,5.3,5.64,6.523,1.087,314,466
"2019-04-15 13:48:00.0",784419,3730,132.5,34.24,34.27,0.563,0.563,1.772,12.0554,39.88,39.9,12.44,-0.747,7.814,6.727,5.436,5.776,6.591,1.087,-0.747,7.474,6.455,5.232,5.572,6.387,1.019,-0.747,7.406,6.387,5.164,5.504,6.319,1.019,-0.747,7.406,6.387,5.164,5.504,6.319,0.951,315,465
"2019-04-15 13:48:20.0",784420,3730,132.5,34.29,34.32,0.563,0.564,1.77,12.0666,39.88,39.87,12.44,-0.747,7.542,6.523,5.232,5.572,6.455,0.951,-0.747,7.27,6.319,5.096,5.436,6.251,0.883,-0.747,7.27,6.251,5.028,5.368,6.183,0.883,-0.747,7.203,6.183,4.96,5.3,6.183,0.883,315,465
"2019-04-15 13:48:40.0",784421,3730,132.6,34.35,34.37,0.564,0.565,1.768,12.0554,39.88,39.87,12.46,-0.747,7.338,6.387,5.164,5.504,6.319,0.951,-0.815,7.135,6.183,4.96,5.3,6.115,0.883,-0.815,7.067,6.115,4.892,5.232,6.115,0.815,-0.815,6.999,6.115,4.892,5.232,6.047,0.815,315,465
"2019-04-15 13:49:00.0",784422,3730,132.7,34.4,34.42,0.565,0.565,1.765,12.0554,39.88,39.9,12.46,-0.815,7.27,6.319,5.096,5.436,6.251,0.883,-0.815,7.067,6.115,4.892,5.232,6.047,0.815,-0.815,7.067,6.047,4.892,5.164,6.047,0.815,-0.815,6.999,5.979,4.824,5.164,5.979,0.815,315,465
"2019-04-15 13:49:20.0",784423,3730,132.8,34.45,34.47,0.566,0.566,1.763,12.0554,39.88,39.9,12.49,-0.815,7.27,6.251,5.096,5.368,6.251,0.883,-0.815,7.067,6.115,4.892,5.232,6.047,0.815,-0.815,7.067,6.047,4.892,5.164,6.047,0.815,-0.815,6.999,6.047,4.824,5.164,6.047,0.815,315,465
"2019-04-15 13:49:40.0",784424,3730,132.8,34.5,34.52,0.566,0.567,1.761,12.0498,39.88,39.87,12.49,-0.815,7.338,6.319,5.096,5.436,6.319,0.883,-0.815,7.135,6.183,4.96,5.3,6.115,0.883,-0.815,7.135,6.115,4.96,5.232,6.115,0.815,-0.815,7.067,6.047,4.892,5.232,6.115,0.815,315,465
"2019-04-15 13:50:00.0",784425,3740,132.9,34.55,34.58,0.567,0.567,1.759,12.0443,39.88,39.88,12.49,-0.747,7.474,6.455,5.164,5.504,6.387,0.951,-0.815,7.27,6.319,5.096,5.368,6.251,0.883,-0.747,7.27,6.251,5.028,5.368,6.251,0.883,-0.815,7.203,6.183,5.028,5.3,6.183,0.883,316,464
"2019-04-15 13:50:20.0",784426,3740,133,34.6,34.63,0.568,0.568,1.756,12.0443,39.88,39.9,12.51,-0.747,7.678,6.659,5.368,5.64,6.591,0.951,-0.747,7.542,6.455,5.232,5.572,6.387,0.951,-0.747,7.474,6.455,5.164,5.504,6.387,0.951,-0.747,7.406,6.387,5.164,5.504,6.319,0.951,316,464
"2019-04-15 13:50:40.0",784427,3740,133.1,34.66,34.68,0.569,0.569,1.754,12.0443,39.88,39.9,12.51,-0.747,7.882,6.795,5.504,5.912,6.795,1.087,-0.747,7.746,6.727,5.368,5.708,6.659,1.019,-0.747,7.746,6.659,5.368,5.708,6.591,1.019,-0.747,7.61,6.591,5.3,5.64,6.523,1.019,316,464
"2019-04-15 13:51:00.0",784428,3740,133.2,34.71,34.73,0.569,0.57,1.752,12.0443,39.88,39.88,12.51,-0.747,8.22,7.067,5.708,6.047,6.999,1.155,-0.747,8.02,6.931,5.64,5.979,6.863,1.087,-0.747,8.02,6.931,5.572,5.912,6.795,1.087,-0.747,7.95,6.863,5.572,5.912,6.795,1.087,316,464
"2019-04-15 13:51:20.0",784429,3740,133.2,34.76,34.78,0.57,0.57,1.749,12.0443,39.88,39.87,12.51,-0.747,8.49,7.406,5.979,6.319,7.27,1.155,-0.747,8.36,7.203,5.844,6.183,7.135,1.155,-0.747,8.29,7.203,5.776,6.183,7.067,1.155,-0.747,8.22,7.135,5.776,6.115,7.067,1.155,316,464
"2019-04-15 13:51:40.0",784430,3750,133.3,34.81,34.83,0.571,0.571,1.747,12.0554,39.88,39.9,12.53,-0.747,8.83,7.678,6.183,6.591,7.542,1.291,-0.747,8.63,7.474,6.047,6.455,7.406,1.291,-0.747,8.56,7.474,6.047,6.387,7.338,1.223,-0.747,8.56,7.406,5.979,6.387,7.27,1.223,317,463
"2019-04-15 13:52:00.0",784431,3750,133.4,34.86,34.88,0.572,0.572,1.745,12.0554,39.88,39.87,12.53,-0.747,9.11,7.95,6.455,6.863,7.814,1.359,-0.747,8.97,7.746,6.319,6.659,7.61,1.291,-0.747,8.9,7.678,6.251,6.659,7.61,1.291,-0.747,8.83,7.678,6.183,6.591,7.542,1.291,317,463
"2019-04-15 13:52:20.0",784432,3750,133.5,34.91,34.93,0.572,0.573,1.743,12.0554,39.88,39.88,12.53,-0.679,9.31,8.15,6.659,7.067,8.02,1.359,-0.747,9.11,7.95,6.455,6.931,7.882,1.359,-0.747,9.04,7.95,6.455,6.863,7.814,1.291,-0.747,9.04,7.882,6.387,6.795,7.746,1.291,317,463
"2019-04-15 13:52:40.0",784433,3750,133.5,34.96,34.99,0.573,0.573,1.741,12.0554,39.88,39.88,12.56,-0.679,9.58,8.36,6.795,7.27,8.22,1.359,-0.679,9.31,8.15,6.659,6.999,8.02,1.359,-0.679,9.24,8.09,6.591,6.999,7.95,1.291,-0.679,9.24,8.02,6.523,6.999,7.95,1.291,317,463
"2019-04-15 13:53:00.0",784434,3750,133.6,35.01,35.04,0.574,0.574,1.738,12.0554,39.88,39.9,12.56,-0.679,9.65,8.49,6.931,7.338,8.36,1.359,-0.747,9.38,8.22,6.727,7.135,8.09,1.291,-0.747,9.31,8.15,6.659,7.135,8.09,1.291,-0.679,9.24,8.15,6.659,7.067,8.02,1.291,317,463
"2019-04-15 13:53:20.0",784435,3750,133.7,35.07,35.09,0.575,0.575,1.736,12.0554,39.88,39.88,12.56,-0.747,9.65,8.49,6.931,7.406,8.43,1.359,-0.747,9.38,8.29,6.727,7.203,8.15,1.359,-0.747,9.38,8.15,6.727,7.135,8.15,1.291,-0.747,9.24,8.15,6.659,7.067,8.09,1.291,317,463
"2019-04-15 13:53:40.0",784436,3750,133.8,35.12,35.14,0.575,0.576,1.734,12.0443,39.88,39.9,12.58,-0.747,9.65,8.43,6.931,7.406,8.43,1.359,-0.747,9.31,8.22,6.727,7.135,8.15,1.291,-0.747,9.24,8.15,6.659,7.067,8.09,1.223,-0.747,9.17,8.09,6.591,6.999,8.02,1.223,318,462
"2019-04-15 13:54:00.0",784437,3750,133.9,35.17,35.19,0.576,0.576,1.732,12.0443,39.88,39.88,12.58,-0.747,9.44,8.36,6.863,7.27,8.36,1.291,-0.747,9.17,8.09,6.659,7.067,8.09,1.155,-0.747,9.11,8.02,6.591,6.999,8.02,1.223,-0.747,9.04,7.95,6.523,6.931,7.95,1.155,318,462
"2019-04-15 13:54:20.0",784438,3750,133.9,35.22,35.24,0.577,0.577,1.73,12.0387,39.88,39.87,12.58,-0.747,9.31,8.15,6.727,7.135,8.22,1.155,-0.747,8.97,7.882,6.455,6.931,7.95,1.155,-0.747,8.83,7.814,6.455,6.863,7.882,1.087,-0.747,8.83,7.746,6.387,6.795,7.814,1.087,318,462
"2019-04-15 13:54:40.0",784439,3750,134,35.27,35.29,0.577,0.578,1.727,12.0443,39.88,39.87,12.6,-0.747,9.04,7.95,6.523,6.931,8.02,1.087,-0.747,8.77,7.746,6.319,6.727,7.814,1.019,-0.747,8.7,7.678,6.251,6.659,7.746,1.019,-0.747,8.56,7.542,6.183,6.591,7.61,0.951,318,462
"2019-04-15 13:55:00.0",784440,3750,134.1,35.32,35.34,0.578,0.578,1.725,12.0443,39.88,39.87,12.6,-0.747,8.77,7.746,6.387,6.795,7.882,1.019,-0.815,8.43,7.474,6.115,6.523,7.61,0.951,-0.747,8.43,7.406,6.115,6.523,7.542,0.951,-0.815,8.29,7.338,6.047,6.455,7.474,0.883,318,462
"2019-04-15 13:55:20.0",784441,3760,134.2,35.37,35.39,0.579,0.579,1.723,12.0554,39.88,39.87,12.6,-0.815,8.49,7.542,6.183,6.591,7.678,0.951,-0.815,8.15,7.203,5.912,6.319,7.406,0.815,-0.815,8.15,7.203,5.912,6.251,7.338,0.883,-0.815,8.02,7.135,5.844,6.251,7.27,0.815,319,461
"2019-04-15 13:55:40.0",784442,3760,134.3,35.42,35.44,0.58,0.58,1.721,12.0554,39.88,39.9,12.6,-0.815,8.22,7.27,5.979,6.387,7.474,0.815,-0.815,7.95,6.999,5.776,6.115,7.203,0.747,-0.815,7.814,6.999,5.708,6.047,7.203,0.747,-0.815,7.814,6.931,5.64,6.047,7.135,0.747,319,461
"2019-04-15 13:56:00.0",784443,3760,134.3,35.47,35.49,0.58,0.581,1.719,12.0554,39.88,39.87,12.63,-0.815,7.95,7.067,5.776,6.183,7.338,0.747,-0.815,7.678,6.795,5.572,5.979,7.067,0.679,-0.815,7.678,6.727,5.504,5.844,6.999,0.679,-0.815,7.542,6.659,5.436,5.844,6.931,0.679,319,461
"2019-04-15 13:56:20.0",784444,3760,134.4,35.52,35.54,0.581,0.581,1.717,12.0499,39.88,39.88,12.63,-0.815,7.746,6.863,5.64,5.979,7.135,0.612,-0.815,7.474,6.591,5.436,5.776,6.931,0.612,-0.815,7.406,6.523,5.368,5.708,6.863,0.612,-0.815,7.406,6.455,5.3,5.64,6.795,0.612,319,461
"2019-04-15 13:56:40.0",784445,3760,134.5,35.57,35.59,0.582,0.582,1.715,12.0554,39.88,39.88,12.63,-0.815,7.61,6.659,5.504,5.844,7.067,0.612,-0.815,7.338,6.455,5.3,5.64,6.795,0.544,-0.815,7.27,6.387,5.232,5.572,6.727,0.544,-0.815,7.203,6.387,5.232,5.572,6.727,0.544,319,461
"2019-04-15 13:57:00.0",784446,3770,134.6,35.62,35.64,0.582,0.583,1.713,12.0443,39.88,39.88,12.65,-0.815,7.474,6.591,5.436,5.776,6.999,0.476,-0.815,7.27,6.387,5.232,5.572,6.795,0.476,-0.815,7.203,6.319,5.164,5.572,6.727,0.476,-0.815,7.135,6.251,5.164,5.504,6.727,0.476,320,460
"2019-04-15 13:57:20.0",784447,3770,134.7,35.67,35.69,0.583,0.583,1.711,12.0439,39.88,39.88,12.65,-0.815,7.474,6.591,5.436,5.776,7.067,0.476,-0.815,7.27,6.387,5.3,5.64,6.863,0.408,-0.815,7.203,6.387,5.232,5.572,6.795,0.476,-0.815,7.203,6.319,5.164,5.572,6.795,0.408,320,460
"2019-04-15 13:57:40.0",784448,3770,134.7,35.72,35.74,0.584,0.584,1.709,12.0439,39.88,39.88,12.65,-0.815,7.678,6.727,5.572,5.912,7.203,0.476,-0.815,7.474,6.591,5.368,5.776,6.999,0.476,-0.815,7.406,6.523,5.368,5.708,6.999,0.476,-0.815,7.338,6.455,5.3,5.708,6.931,0.408,320,460
"2019-04-15 13:58:00.0",784449,3770,134.8,35.77,35.79,0.585,0.585,1.706,12.0439,39.88,39.88,12.65,-0.815,7.882,6.999,5.708,6.115,7.406,0.544,-0.815,7.746,6.795,5.64,5.979,7.27,0.476,-0.747,7.678,6.795,5.572,5.979,7.27,0.476,-0.815,7.678,6.795,5.572,5.912,7.203,0.544,320,460
"2019-04-15 13:58:20.0",784450,3770,134.9,35.82,35.84,0.585,0.586,1.704,12.0439,39.88,39.88,12.67,-0.747,8.29,7.338,6.047,6.455,7.746,0.544,-0.747,8.15,7.203,5.912,6.319,7.61,0.544,-0.747,8.09,7.135,5.912,6.319,7.61,0.544,-0.747,8.09,7.135,5.844,6.251,7.542,0.544,320,460
"2019-04-15 13:58:40.0",784451,3770,135,35.87,35.89,0.586,0.586,1.702,12.0439,39.88,39.88,12.67,-0.747,8.9,7.814,6.455,6.863,8.22,0.679,-0.747,8.7,7.678,6.319,6.727,8.09,0.679,-0.747,8.7,7.678,6.319,6.727,8.02,0.679,-0.747,8.63,7.61,6.319,6.727,8.02,0.679,320,460
"2019-04-15 13:59:00.0",784452,3770,135.1,35.92,35.94,0.587,0.587,1.7,12.0547,39.88,39.89,12.7,-0.747,9.51,8.36,6.931,7.338,8.77,0.815,-0.747,9.38,8.29,6.795,7.27,8.56,0.815,-0.747,9.31,8.22,6.795,7.203,8.49,0.815,-0.747,9.31,8.22,6.727,7.203,8.56,0.815,321,459
"2019-04-15 13:59:20.0",784453,3770,135.1,35.97,35.99,0.587,0.588,1.698,12.0547,39.88,39.89,12.7,-0.679,10.19,9.04,7.474,7.95,9.31,0.951,-0.679,10.06,8.9,7.338,7.814,9.11,0.951,-0.679,9.99,8.83,7.27,7.746,9.11,0.951,-0.679,9.99,8.83,7.27,7.746,9.11,0.951,321,459
"2019-04-15 13:59:40.0",784454,3770,135.2,36.02,36.04,0.588,0.588,1.696,12.0547,39.88,39.89,12.7,-0.679,10.94,9.72,8.02,8.49,9.92,1.155,-0.679,10.74,9.51,7.882,8.36,9.72,1.155,-0.679,10.74,9.51,7.814,8.36,9.65,1.155,-0.679,10.67,9.44,7.814,8.29,9.65,1.087,321,459
