"TOA5","","","1764","CR1000.Std.24","CPU:MFRSR_10012018V2.8.CR1","13574","TableHdr","PbCdlComm-1.6.0 (2016/01/26)"
"TIMESTAMP","RECORD","loggerID""headID""xpgmVerID""xlat""xlon""xSiteElev""xFULLREV""xCRXHSTEPS""xSCANseconds""xSCANnAvg""xSCANtrough""xHOMEoffset""xALLTIMEband"
"TS","RN","--""--""--""deg""deg""m""--""--""sec""--""--""--""--"
"","","Smp""Smp""Smp""Smp""Smp""Smp""Smp""Smp""Smp""Smp""Smp""Smp""Smp"
"2019-04-15 00:00:00.0",370,1764,180054423,2.8,-32.1259,-64.7287,1160,800,20,20,1,10,0,-1
"TOA5","","","1764","CR1000.Std.24","CPU:MFRSR_10012018V2.8.CR1","13574","Table155","PbCdlComm-1.6.0 (2016/01/26)"
"TIMESTAMP","RECORD","xoset""az""el""al""cosz""cosasz""pamass""vBat""Thead""THTC""Tlogger""Dnadir(1)""Dnadir(2)""Dnadir(3)""Dnadir(4)""Dnadir(5)""Dnadir(6)""Dnadir(7)""Deast(1)""Deast(2)""Deast(3)""Deast(4)""Deast(5)""Deast(6)""Deast(7)""Dsun(1)""Dsun(2)""Dsun(3)""Dsun(4)""Dsun(5)""Dsun(6)""Dsun(7)""Dwest(1)""Dwest(2)""Dwest(3)""Dwest(4)""Dwest(5)""Dwest(6)""Dwest(7)""kount""khome"
"TS","RN","sec""deg""deg""deg""--""--""--""Volt""degC""degC""degC""mV""mV""mV""mV""mV""mV""mV""mV""mV""mV""mV""mV""mV""mV""mV""mV""mV""mV""mV""mV""mV""mV""mV""mV""mV""mV""mV""mV""--""--"
"","","Smp""Smp""Smp""Smp""Smp""Smp""Smp""Smp""Smp""Smp""Smp""Smp""Smp""Smp""Smp""Smp""Smp""Smp""Smp""Smp""Smp""Smp""Smp""Smp""Smp""Smp""Smp""Smp""Smp""Smp""Smp""Smp""Smp""Smp""Smp""Smp""Smp""Smp""Smp""Smp""Smp"
"2019-04-15 03:00:00.0",782475,-9999,-44.56,-60.86,-60.86,-0.873,-9999,-9999,12.0443,40.02,39.91,19.89,-0.811,-0.863,-0.894,-0.839,-0.847,-0.849,-0.774,-0.803,-0.894,-0.904,-0.833,-0.859,-0.831,-0.76,-0.799,-0.894,-0.902,-0.855,-0.857,-0.859,-0.76,-0.801,-0.853,-0.876,-0.829,-0.874,-0.841,-0.746,0,700
"2019-04-15 03:00:20.0",782476,-9999,-44.42,-60.91,-60.91,-0.874,-9999,-9999,12.0443,40.02,39.91,19.89,-0.813,-0.867,-0.908,-0.843,-0.865,-0.849,-0.77,-0.803,-0.876,-0.902,-0.839,-0.859,-0.859,-0.76,-0.805,-0.859,-0.9,-0.833,-0.855,-0.839,-0.73,-0.805,-0.874,-0.882,-0.839,-0.853,-0.857,-0.762,0,0
"2019-04-15 03:00:40.0",782477,-9999,-44.29,-60.96,-60.96,-0.874,-9999,-9999,12.044,40.03,39.91,19.89,-0.817,-0.914,-0.916,-0.872,-0.869,-0.878,-0.744,-0.805,-0.898,-0.89,-0.835,-0.884,-0.843,-0.748,-0.805,-0.89,-0.908,-0.837,-0.861,-0.831,-0.768,-0.801,-0.89,-0.912,-0.847,-0.859,-0.853,-0.75,0,0
"2019-04-15 03:01:00.0",782478,-9999,-44.15,-61.01,-61.01,-0.875,-9999,-9999,12.044,40.03,39.91,19.86,-0.821,-0.906,-0.92,-0.855,-0.876,-0.849,-0.768,-0.799,-0.886,-0.924,-0.841,-0.859,-0.835,-0.766,-0.809,-0.863,-0.88,-0.841,-0.884,-0.863,-0.732,-0.803,-0.902,-0.906,-0.837,-0.865,-0.845,-0.774,0,0
"2019-04-15 03:01:20.0",782479,-9999,-44.02,-61.06,-61.06,-0.875,-9999,-9999,12.0385,40.03,39.91,19.86,-0.815,-0.882,-0.92,-0.843,-0.874,-0.839,-0.783,-0.815,-0.902,-0.904,-0.843,-0.865,-0.837,-0.744,-0.807,-0.867,-0.914,-0.847,-0.865,-0.869,-0.758,-0.815,-0.912,-0.938,-0.841,-0.874,-0.876,-0.77,0,0
"2019-04-15 03:01:40.0",782480,-9999,-43.88,-61.11,-61.11,-0.876,-9999,-9999,12.044,40.02,39.91,19.86,-0.817,-0.908,-0.926,-0.88,-0.876,-0.872,-0.785,-0.805,-0.872,-0.922,-0.867,-0.867,-0.843,-0.742,-0.805,-0.884,-0.908,-0.843,-0.892,-0.849,-0.76,-0.809,-0.902,-0.916,-0.839,-0.874,-0.863,-0.768,0,700
"2019-04-15 03:02:00.0",782481,-9999,-43.74,-61.16,-61.16,-0.876,-9999,-9999,12.0385,40,39.91,19.86,-0.821,-0.876,-0.92,-0.861,-0.878,-0.859,-0.762,-0.718,-0.807,-0.809,-0.746,-0.764,-0.781,-0.673,-0.716,-0.764,-0.789,-0.748,-0.762,-0.754,-0.647,-0.72,-0.787,-0.833,-0.75,-0.766,-0.74,-0.643,0,0
"2019-04-15 03:02:20.0",782482,-9999,-43.61,-61.2,-61.2,-0.876,-9999,-9999,12.0383,40,39.91,19.84,-0.726,-0.815,-0.813,-0.787,-0.781,-0.805,-0.665,-0.726,-0.813,-0.801,-0.75,-0.774,-0.748,-0.653,-0.718,-0.766,-0.819,-0.748,-0.774,-0.758,-0.671,-0.72,-0.807,-0.819,-0.734,-0.774,-0.776,-0.681,0,0
"2019-04-15 03:02:40.0",782483,-9999,-43.47,-61.25,-61.25,-0.877,-9999,-9999,12.0383,40,39.91,19.84,-0.724,-0.809,-0.857,-0.789,-0.764,-0.762,-0.677,-0.72,-0.805,-0.815,-0.75,-0.774,-0.766,-0.694,-0.718,-0.791,-0.813,-0.76,-0.776,-0.764,-0.675,-0.718,-0.823,-0.843,-0.752,-0.762,-0.756,-0.671,0,0
"2019-04-15 03:03:00.0",782484,-9999,-43.33,-61.3,-61.3,-0.877,-9999,-9999,12.0383,40,39.91,19.84,-0.73,-0.787,-0.807,-0.756,-0.785,-0.764,-0.653,-0.722,-0.801,-0.815,-0.756,-0.76,-0.768,-0.665,-0.718,-0.772,-0.817,-0.754,-0.772,-0.781,-0.692,-0.72,-0.819,-0.823,-0.75,-0.781,-0.785,-0.69,0,0
"2019-04-15 03:03:20.0",782485,-9999,-43.19,-61.35,-61.35,-0.878,-9999,-9999,12.0383,40,39.91,19.84,-0.728,-0.811,-0.839,-0.768,-0.793,-0.768,-0.694,-0.718,-0.805,-0.821,-0.752,-0.801,-0.75,-0.679,-0.716,-0.825,-0.829,-0.75,-0.781,-0.76,-0.673,-0.718,-0.803,-0.795,-0.752,-0.776,-0.779,-0.651,0,700
"2019-04-15 03:03:40.0",782486,-9999,-43.06,-61.4,-61.4,-0.878,-9999,-9999,12.0438,40,39.91,19.81,-0.75,-0.803,-0.855,-0.785,-0.799,-0.805,-0.712,-0.742,-0.827,-0.833,-0.766,-0.793,-0.758,-0.692,-0.732,-0.797,-0.833,-0.762,-0.77,-0.772,-0.661,-0.738,-0.821,-0.837,-0.766,-0.787,-0.785,-0.657,0,0
"2019-04-15 03:04:00.0",782487,-9999,-42.92,-61.45,-61.45,-0.878,-9999,-9999,12.0501,40,39.91,19.81,-0.746,-0.841,-0.843,-0.776,-0.805,-0.791,-0.679,-0.73,-0.815,-0.835,-0.764,-0.787,-0.799,-0.712,-0.736,-0.831,-0.835,-0.768,-0.791,-0.776,-0.692,-0.742,-0.813,-0.853,-0.776,-0.813,-0.76,-0.681,0,0
"2019-04-15 03:04:20.0",782488,-9999,-42.78,-61.5,-61.5,-0.879,-9999,-9999,12.0445,40,39.91,19.81,-0.823,-0.876,-0.946,-0.855,-0.882,-0.863,-0.787,-0.815,-0.92,-0.948,-0.851,-0.859,-0.888,-0.789,-0.811,-0.888,-0.924,-0.833,-0.892,-0.841,-0.783,-0.815,-0.88,-0.92,-0.861,-0.872,-0.857,-0.783,0,0
"2019-04-15 03:04:40.0",782489,-9999,-42.64,-61.54,-61.54,-0.879,-9999,-9999,12.0389,40,39.91,19.81,-0.825,-0.924,-0.928,-0.863,-0.884,-0.89,-0.781,-0.815,-0.886,-0.914,-0.849,-0.857,-0.874,-0.752,-0.815,-0.886,-0.906,-0.831,-0.872,-0.872,-0.75,-0.815,-0.912,-0.91,-0.874,-0.872,-0.872,-0.752,0,0
"2019-04-15 03:05:00.0",782490,-9999,-42.5,-61.59,-61.59,-0.88,-9999,-9999,12.0389,40,39.91,19.78,-0.823,-0.904,-0.934,-0.855,-0.882,-0.861,-0.779,-0.817,-0.882,-0.918,-0.87,-0.872,-0.855,-0.766,-0.813,-0.863,-0.89,-0.843,-0.865,-0.874,-0.764,-0.813,-0.902,-0.912,-0.847,-0.865,-0.876,-0.75,0,700
"2019-04-15 03:05:20.0",782491,-9999,-42.36,-61.64,-61.64,-0.88,-9999,-9999,12.0445,40,39.91,19.78,-0.825,-0.878,-0.924,-0.853,-0.874,-0.886,-0.781,-0.815,-0.878,-0.942,-0.849,-0.876,-0.88,-0.785,-0.813,-0.912,-0.918,-0.865,-0.865,-0.837,-0.762,-0.813,-0.886,-0.9,-0.847,-0.87,-0.835,-0.762,0,0
"2019-04-15 03:05:40.0",782492,-9999,-42.21,-61.69,-61.69,-0.88,-9999,-9999,12.0442,40,39.91,19.78,-0.829,-0.886,-0.928,-0.859,-0.88,-0.87,-0.758,-0.817,-0.888,-0.932,-0.876,-0.874,-0.882,-0.77,-0.817,-0.91,-0.918,-0.857,-0.88,-0.882,-0.744,-0.821,-0.894,-0.92,-0.847,-0.872,-0.876,-0.776,0,0
"2019-04-15 03:06:00.0",782493,-9999,-42.07,-61.73,-61.73,-0.881,-9999,-9999,12.0387,40,39.91,19.78,-0.827,-0.92,-0.906,-0.861,-0.888,-0.855,-0.772,-0.736,-0.789,-0.841,-0.772,-0.791,-0.807,-0.712,-0.738,-0.811,-0.833,-0.783,-0.799,-0.764,-0.706,-0.74,-0.805,-0.821,-0.781,-0.793,-0.766,-0.704,0,0
"2019-04-15 03:06:20.0",782494,-9999,-41.93,-61.78,-61.78,-0.881,-9999,-9999,12.0387,40,39.91,19.76,-0.75,-0.815,-0.857,-0.783,-0.803,-0.774,-0.716,-0.738,-0.813,-0.841,-0.77,-0.813,-0.807,-0.681,-0.732,-0.787,-0.841,-0.797,-0.793,-0.793,-0.675,-0.732,-0.829,-0.837,-0.768,-0.785,-0.791,-0.659,0,0
"2019-04-15 03:06:40.0",782495,-9999,-41.79,-61.83,-61.83,-0.882,-9999,-9999,12.0387,40,39.91,19.76,-0.752,-0.805,-0.847,-0.789,-0.805,-0.803,-0.708,-0.734,-0.823,-0.847,-0.774,-0.819,-0.776,-0.7,-0.74,-0.793,-0.857,-0.764,-0.799,-0.768,-0.708,-0.738,-0.835,-0.841,-0.774,-0.793,-0.762,-0.704,0,700
"2019-04-15 03:07:00.0",782496,-9999,-41.65,-61.88,-61.88,-0.882,-9999,-9999,12.0331,40,39.91,19.76,-0.748,-0.807,-0.847,-0.785,-0.827,-0.766,-0.673,-0.823,-0.898,-0.942,-0.855,-0.876,-0.888,-0.795,-0.817,-0.882,-0.924,-0.855,-0.896,-0.845,-0.758,-0.817,-0.91,-0.926,-0.855,-0.855,-0.847,-0.785,0,0
"2019-04-15 03:07:20.0",782497,-9999,-41.5,-61.92,-61.92,-0.882,-9999,-9999,12.0444,40,39.91,19.73,-0.829,-0.908,-0.934,-0.863,-0.878,-0.87,-0.748,-0.819,-0.914,-0.898,-0.853,-0.876,-0.849,-0.791,-0.817,-0.896,-0.948,-0.876,-0.882,-0.847,-0.787,-0.819,-0.87,-0.914,-0.859,-0.874,-0.845,-0.772,0,0
"2019-04-15 03:07:40.0",782498,-9999,-41.36,-61.97,-61.97,-0.883,-9999,-9999,12.0444,40,39.91,19.73,-0.827,-0.928,-0.958,-0.863,-0.886,-0.892,-0.752,-0.821,-0.892,-0.924,-0.855,-0.872,-0.888,-0.797,-0.815,-0.876,-0.902,-0.87,-0.872,-0.855,-0.762,-0.821,-0.888,-0.922,-0.855,-0.88,-0.884,-0.785,0,0
"2019-04-15 03:08:00.0",782499,-9999,-41.22,-62.02,-62.02,-0.883,-9999,-9999,12.0388,40,39.91,19.73,-0.831,-0.932,-0.942,-0.865,-0.894,-0.861,-0.766,-0.813,-0.863,-0.936,-0.849,-0.867,-0.843,-0.783,-0.817,-0.908,-0.914,-0.851,-0.874,-0.841,-0.766,-0.817,-0.89,-0.914,-0.853,-0.872,-0.837,-0.785,0,0
"2019-04-15 03:08:20.0",782500,-9999,-41.07,-62.06,-62.06,-0.883,-9999,-9999,12.0388,40,39.91,19.73,-0.831,-0.892,-0.906,-0.859,-0.888,-0.87,-0.75,-0.821,-0.896,-0.944,-0.853,-0.857,-0.859,-0.762,-0.815,-0.87,-0.918,-0.845,-0.865,-0.851,-0.779,-0.819,-0.906,-0.92,-0.845,-0.87,-0.853,-0.738,0,700
"2019-04-15 03:08:40.0",782501,-9999,-40.93,-62.11,-62.11,-0.884,-9999,-9999,12.05,40,39.91,19.73,-0.831,-0.898,-0.936,-0.859,-0.884,-0.849,-0.793,-0.819,-0.872,-0.908,-0.853,-0.876,-0.865,-0.752,-0.819,-0.912,-0.936,-0.851,-0.892,-0.855,-0.742,-0.819,-0.894,-0.916,-0.87,-0.87,-0.878,-0.762,0,0
"2019-04-15 03:09:00.0",782502,-9999,-40.78,-62.15,-62.15,-0.884,-9999,-9999,12.045,40.01,39.9,19.7,-0.831,-0.884,-0.93,-0.867,-0.884,-0.865,-0.75,-0.819,-0.904,-0.926,-0.849,-0.89,-0.89,-0.76,-0.819,-0.892,-0.922,-0.855,-0.878,-0.859,-0.738,-0.817,-0.874,-0.904,-0.847,-0.878,-0.874,-0.758,0,0
"2019-04-15 03:09:20.0",782503,-9999,-40.64,-62.2,-62.2,-0.885,-9999,-9999,12.045,40.01,39.9,19.7,-0.829,-0.886,-0.956,-0.849,-0.884,-0.853,-0.764,-0.815,-0.892,-0.938,-0.855,-0.878,-0.886,-0.779,-0.817,-0.878,-0.928,-0.851,-0.896,-0.882,-0.785,-0.819,-0.896,-0.918,-0.853,-0.855,-0.884,-0.75,0,0
"2019-04-15 03:09:40.0",782504,-9999,-40.49,-62.25,-62.25,-0.885,-9999,-9999,12.045,40.01,39.9,19.7,-0.831,-0.924,-0.93,-0.857,-0.882,-0.851,-0.797,-0.817,-0.896,-0.896,-0.855,-0.87,-0.863,-0.785,-0.815,-0.896,-0.942,-0.849,-0.849,-0.884,-0.777,-0.815,-0.912,-0.948,-0.849,-0.874,-0.857,-0.779,0,0
"2019-04-15 03:10:00.0",782505,-9999,-40.35,-62.29,-62.29,-0.885,-9999,-9999,12.0394,40.01,39.9,19.68,-0.829,-0.912,-0.908,-0.886,-0.886,-0.851,-0.781,-0.821,-0.884,-0.934,-0.835,-0.863,-0.87,-0.795,-0.815,-0.916,-0.926,-0.851,-0.867,-0.851,-0.795,-0.819,-0.916,-0.936,-0.851,-0.884,-0.859,-0.74,0,700
"2019-04-15 03:10:20.0",782506,-9999,-40.2,-62.34,-62.34,-0.886,-9999,-9999,12.0394,40.01,39.9,19.68,-0.829,-0.924,-0.928,-0.87,-0.908,-0.874,-0.756,-0.821,-0.872,-0.918,-0.855,-0.894,-0.859,-0.789,-0.817,-0.91,-0.91,-0.849,-0.878,-0.843,-0.787,-0.815,-0.914,-0.914,-0.874,-0.872,-0.872,-0.736,0,0
"2019-04-15 03:10:40.0",782507,-9999,-40.05,-62.38,-62.38,-0.886,-9999,-9999,12.0454,40.01,39.91,19.7,-0.837,-0.91,-0.954,-0.861,-0.874,-0.888,-0.762,-0.815,-0.882,-0.914,-0.853,-0.878,-0.865,-0.797,-0.815,-0.912,-0.928,-0.839,-0.872,-0.886,-0.785,-0.819,-0.896,-0.926,-0.855,-0.878,-0.865,-0.746,0,0
"2019-04-15 03:11:00.0",782508,-9999,-39.9,-62.43,-62.43,-0.886,-9999,-9999,12.0398,40.01,39.91,19.68,-0.825,-0.888,-0.918,-0.868,-0.886,-0.874,-0.795,-0.817,-0.906,-0.9,-0.872,-0.896,-0.886,-0.795,-0.821,-0.904,-0.932,-0.851,-0.876,-0.88,-0.787,-0.821,-0.882,-0.946,-0.857,-0.878,-0.855,-0.787,0,0
"2019-04-15 03:11:20.0",782509,-9999,-39.75,-62.47,-62.47,-0.887,-9999,-9999,12.0454,40.01,39.91,19.65,-0.827,-0.884,-0.928,-0.865,-0.863,-0.872,-0.774,-0.817,-0.892,-0.928,-0.87,-0.876,-0.865,-0.76,-0.815,-0.878,-0.916,-0.851,-0.896,-0.847,-0.744,-0.817,-0.916,-0.916,-0.855,-0.855,-0.851,-0.742,0,0
"2019-04-15 03:11:40.0",782510,-9999,-39.61,-62.52,-62.52,-0.887,-9999,-9999,12.0454,40.01,39.91,19.65,-0.831,-0.926,-0.934,-0.87,-0.892,-0.874,-0.789,-0.815,-0.859,-0.918,-0.847,-0.868,-0.872,-0.772,-0.813,-0.918,-0.908,-0.843,-0.851,-0.855,-0.768,-0.817,-0.902,-0.938,-0.849,-0.872,-0.851,-0.758,0,700
"2019-04-15 03:12:00.0",782511,-9999,-39.46,-62.56,-62.56,-0.888,-9999,-9999,12.0398,40.01,39.91,19.65,-0.823,-0.904,-0.93,-0.865,-0.888,-0.847,-0.75,-0.811,-0.876,-0.916,-0.872,-0.87,-0.859,-0.758,-0.817,-0.91,-0.912,-0.843,-0.874,-0.853,-0.752,-0.817,-0.896,-0.916,-0.851,-0.876,-0.859,-0.748,0,0
"2019-04-15 03:12:20.0",782512,-9999,-39.31,-62.61,-62.61,-0.888,-9999,-9999,12.0458,40.01,39.91,19.65,-0.827,-0.898,-0.93,-0.865,-0.886,-0.886,-0.774,-0.815,-0.878,-0.916,-0.835,-0.872,-0.878,-0.752,-0.817,-0.898,-0.912,-0.845,-0.882,-0.872,-0.742,-0.817,-0.894,-0.894,-0.847,-0.874,-0.851,-0.748,0,0
"2019-04-15 03:12:40.0",782513,-9999,-39.16,-62.65,-62.65,-0.888,-9999,-9999,12.0346,40.01,39.91,19.63,-0.829,-0.912,-0.93,-0.886,-0.861,-0.855,-0.779,-0.817,-0.906,-0.914,-0.853,-0.872,-0.863,-0.787,-0.823,-0.888,-0.894,-0.853,-0.851,-0.849,-0.787,-0.821,-0.868,-0.918,-0.849,-0.872,-0.853,-0.779,0,0
"2019-04-15 03:13:00.0",782514,-9999,-39.01,-62.7,-62.7,-0.889,-9999,-9999,12.0458,40.01,39.91,19.63,-0.825,-0.928,-0.932,-0.863,-0.884,-0.888,-0.793,-0.825,-0.884,-0.916,-0.851,-0.87,-0.841,-0.77,-0.819,-0.874,-0.92,-0.849,-0.872,-0.831,-0.772,-0.815,-0.908,-0.924,-0.845,-0.868,-0.843,-0.764,0,0
"2019-04-15 03:13:20.0",782515,-9999,-38.86,-62.74,-62.74,-0.889,-9999,-9999,12.0402,40.01,39.91,19.63,-0.831,-0.904,-0.956,-0.863,-0.88,-0.851,-0.754,-0.817,-0.88,-0.92,-0.861,-0.87,-0.876,-0.783,-0.811,-0.902,-0.914,-0.849,-0.868,-0.872,-0.777,-0.815,-0.89,-0.89,-0.845,-0.886,-0.865,-0.777,0,700
"2019-04-15 03:13:40.0",782516,-9999,-38.7,-62.79,-62.79,-0.889,-9999,-9999,12.0402,40.01,39.91,19.63,-0.829,-0.918,-0.93,-0.865,-0.886,-0.857,-0.779,-0.811,-0.88,-0.944,-0.849,-0.89,-0.847,-0.758,-0.817,-0.902,-0.926,-0.849,-0.88,-0.839,-0.76,-0.819,-0.888,-0.914,-0.849,-0.878,-0.857,-0.742,0,0
"2019-04-15 03:14:00.0",782517,-9999,-38.55,-62.83,-62.83,-0.89,-9999,-9999,12.0405,40.01,39.91,19.63,-0.825,-0.902,-0.959,-0.863,-0.886,-0.861,-0.772,-0.823,-0.894,-0.914,-0.874,-0.88,-0.863,-0.754,-0.823,-0.912,-0.912,-0.853,-0.876,-0.853,-0.75,-0.823,-0.894,-0.916,-0.855,-0.874,-0.855,-0.74,0,0
"2019-04-15 03:14:20.0",782518,-9999,-38.4,-62.88,-62.88,-0.89,-9999,-9999,12.0461,40.01,39.91,19.63,-0.829,-0.906,-0.948,-0.872,-0.872,-0.89,-0.754,-0.815,-0.874,-0.94,-0.853,-0.876,-0.845,-0.797,-0.817,-0.908,-0.918,-0.878,-0.847,-0.845,-0.774,-0.817,-0.88,-0.91,-0.851,-0.87,-0.839,-0.774,0,0
"2019-04-15 03:14:40.0",782519,-9999,-38.25,-62.92,-62.92,-0.89,-9999,-9999,12.0461,40.01,39.91,19.6,-0.831,-0.908,-0.936,-0.872,-0.91,-0.872,-0.781,-0.821,-0.872,-0.92,-0.859,-0.896,-0.845,-0.793,-0.819,-0.914,-0.896,-0.849,-0.876,-0.837,-0.785,-0.821,-0.906,-0.92,-0.853,-0.876,-0.841,-0.73,0,0
"2019-04-15 03:15:00.0",782520,-9999,-38.1,-62.96,-62.96,-0.891,-9999,-9999,12.0461,40.01,39.91,19.6,-0.833,-0.92,-0.94,-0.886,-0.886,-0.884,-0.787,-0.825,-0.9,-0.914,-0.845,-0.874,-0.886,-0.777,-0.821,-0.874,-0.9,-0.851,-0.894,-0.872,-0.772,-0.819,-0.912,-0.926,-0.845,-0.878,-0.859,-0.764,0,700
"2019-04-15 03:15:20.0",782521,-9999,-37.94,-63.01,-63.01,-0.891,-9999,-9999,12.0405,40.01,39.91,19.6,-0.831,-0.902,-0.938,-0.87,-0.89,-0.874,-0.795,-0.817,-0.874,-0.922,-0.861,-0.902,-0.853,-0.746,-0.817,-0.914,-0.922,-0.874,-0.882,-0.845,-0.77,-0.819,-0.898,-0.93,-0.859,-0.884,-0.845,-0.756,0,0
"2019-04-15 03:15:40.0",782522,-9999,-37.79,-63.05,-63.05,-0.891,-9999,-9999,12.0463,40.01,39.91,19.57,-0.831,-0.926,-0.93,-0.863,-0.886,-0.89,-0.752,-0.823,-0.92,-0.93,-0.855,-0.88,-0.882,-0.779,-0.821,-0.886,-0.922,-0.851,-0.876,-0.878,-0.781,-0.821,-0.888,-0.926,-0.857,-0.882,-0.87,-0.789,0,0
"2019-04-15 03:16:00.0",782523,-9999,-37.64,-63.09,-63.09,-0.892,-9999,-9999,12.0463,40.01,39.91,19.57,-0.833,-0.928,-0.932,-0.861,-0.91,-0.868,-0.791,-0.821,-0.922,-0.92,-0.857,-0.902,-0.882,-0.76,-0.823,-0.896,-0.924,-0.859,-0.87,-0.884,-0.77,-0.825,-0.88,-0.93,-0.857,-0.886,-0.884,-0.766,0,0
"2019-04-15 03:16:20.0",782524,-9999,-37.48,-63.14,-63.14,-0.892,-9999,-9999,12.0407,40.01,39.91,19.57,-0.831,-0.924,-0.938,-0.872,-0.886,-0.868,-0.77,-0.823,-0.92,-0.924,-0.861,-0.882,-0.855,-0.797,-0.827,-0.894,-0.93,-0.855,-0.861,-0.849,-0.783,-0.823,-0.896,-0.936,-0.863,-0.886,-0.849,-0.756,0,0
"2019-04-15 03:16:40.0",782525,-9999,-37.33,-63.18,-63.18,-0.892,-9999,-9999,12.0519,40.01,39.91,19.57,-0.835,-0.892,-0.928,-0.87,-0.886,-0.89,-0.752,-0.827,-0.878,-0.92,-0.859,-0.861,-0.868,-0.803,-0.823,-0.92,-0.932,-0.853,-0.876,-0.861,-0.779,-0.823,-0.916,-0.93,-0.861,-0.878,-0.859,-0.752,0,700
"2019-04-15 03:17:00.0",782526,-9999,-37.17,-63.22,-63.22,-0.893,-9999,-9999,12.0463,40.01,39.91,19.55,-0.837,-0.934,-0.948,-0.882,-0.894,-0.878,-0.768,-0.825,-0.922,-0.936,-0.863,-0.882,-0.89,-0.805,-0.825,-0.928,-0.9,-0.863,-0.876,-0.884,-0.791,-0.833,-0.892,-0.932,-0.859,-0.876,-0.888,-0.752,0,0
"2019-04-15 03:17:20.0",782527,-9999,-37.01,-63.26,-63.26,-0.893,-9999,-9999,12.0465,40.01,39.9,19.55,-0.839,-0.92,-0.938,-0.894,-0.896,-0.855,-0.766,-0.827,-0.886,-0.934,-0.859,-0.865,-0.874,-0.797,-0.827,-0.906,-0.91,-0.868,-0.886,-0.865,-0.797,-0.831,-0.932,-0.916,-0.872,-0.886,-0.853,-0.758,0,0
"2019-04-15 03:17:40.0",782528,-9999,-36.86,-63.31,-63.31,-0.893,-9999,-9999,12.0465,39.99,39.9,19.52,-0.839,-0.902,-0.944,-0.851,-0.892,-0.868,-0.76,-0.831,-0.906,-0.898,-0.865,-0.906,-0.855,-0.797,-0.823,-0.904,-0.928,-0.859,-0.888,-0.855,-0.795,-0.831,-0.908,-0.934,-0.859,-0.886,-0.888,-0.754,0,0
"2019-04-15 03:18:00.0",782529,-9999,-36.7,-63.35,-63.35,-0.894,-9999,-9999,12.0409,39.98,39.9,19.52,-0.845,-0.9,-0.944,-0.863,-0.912,-0.89,-0.807,-0.831,-0.918,-0.93,-0.861,-0.882,-0.896,-0.797,-0.831,-0.908,-0.932,-0.865,-0.884,-0.886,-0.799,-0.837,-0.904,-0.932,-0.888,-0.914,-0.872,-0.76,0,0
"2019-04-15 03:18:20.0",782530,-9999,-36.54,-63.39,-63.39,-0.894,-9999,-9999,12.0465,39.98,39.9,19.52,-0.843,-0.914,-0.95,-0.876,-0.9,-0.87,-0.791,-0.833,-0.9,-0.916,-0.853,-0.884,-0.896,-0.793,-0.833,-0.904,-0.93,-0.859,-0.89,-0.886,-0.756,-0.827,-0.914,-0.914,-0.865,-0.868,-0.872,-0.777,0,700
"2019-04-15 03:18:40.0",782531,-9999,-36.39,-63.43,-63.43,-0.894,-9999,-9999,12.0409,39.98,39.9,19.52,-0.847,-0.936,-0.93,-0.859,-0.896,-0.904,-0.787,-0.837,-0.932,-0.932,-0.865,-0.884,-0.874,-0.772,-0.829,-0.906,-0.938,-0.865,-0.884,-0.853,-0.777,-0.831,-0.9,-0.952,-0.847,-0.904,-0.894,-0.789,0,0
"2019-04-15 03:19:00.0",782532,-9999,-36.23,-63.48,-63.48,-0.895,-9999,-9999,12.0466,39.98,39.91,19.49,-0.845,-0.904,-0.938,-0.878,-0.898,-0.882,-0.797,-0.837,-0.894,-0.93,-0.868,-0.89,-0.855,-0.77,-0.827,-0.904,-0.928,-0.865,-0.888,-0.888,-0.789,-0.835,-0.884,-0.936,-0.865,-0.888,-0.874,-0.791,0,0
"2019-04-15 03:19:20.0",782533,-9999,-36.07,-63.52,-63.52,-0.895,-9999,-9999,12.0466,39.98,39.91,19.49,-0.843,-0.944,-0.961,-0.878,-0.908,-0.882,-0.768,-0.843,-0.934,-0.946,-0.87,-0.898,-0.882,-0.805,-0.835,-0.938,-0.932,-0.87,-0.896,-0.874,-0.756,-0.833,-0.92,-0.93,-0.89,-0.89,-0.874,-0.783,0,0
"2019-04-15 03:19:40.0",782534,-9999,-35.91,-63.56,-63.56,-0.895,-9999,-9999,12.0466,39.98,39.91,19.47,-0.847,-0.926,-0.946,-0.886,-0.908,-0.886,-0.809,-0.835,-0.938,-0.938,-0.876,-0.888,-0.886,-0.805,-0.839,-0.938,-0.93,-0.874,-0.92,-0.882,-0.805,-0.835,-0.936,-0.956,-0.876,-0.904,-0.908,-0.77,0,0
"2019-04-15 03:20:00.0",782535,-9999,-35.75,-63.6,-63.6,-0.896,-9999,-9999,12.041,39.98,39.91,19.47,-0.847,-0.91,-0.946,-0.882,-0.902,-0.892,-0.797,-0.839,-0.92,-0.948,-0.872,-0.898,-0.908,-0.785,-0.843,-0.922,-0.95,-0.872,-0.892,-0.876,-0.789,-0.835,-0.914,-0.946,-0.872,-0.894,-0.868,-0.807,0,700
"2019-04-15 03:20:20.0",782536,-9999,-35.59,-63.64,-63.64,-0.896,-9999,-9999,12.041,39.98,39.91,19.44,-0.847,-0.908,-0.952,-0.89,-0.908,-0.88,-0.787,-0.839,-0.922,-0.946,-0.898,-0.894,-0.87,-0.77,-0.835,-0.926,-0.92,-0.876,-0.916,-0.874,-0.785,-0.841,-0.926,-0.936,-0.876,-0.89,-0.878,-0.766,0,0
"2019-04-15 03:20:40.0",782537,-9999,-35.43,-63.68,-63.68,-0.896,-9999,-9999,12.0467,39.98,39.91,19.44,-0.857,-0.952,-0.971,-0.888,-0.91,-0.882,-0.813,-0.839,-0.934,-0.92,-0.874,-0.92,-0.88,-0.77,-0.837,-0.932,-0.916,-0.865,-0.888,-0.872,-0.787,-0.839,-0.91,-0.934,-0.857,-0.92,-0.9,-0.803,0,0
"2019-04-15 03:21:00.0",782538,-9999,-35.27,-63.72,-63.72,-0.897,-9999,-9999,12.0467,39.98,39.91,19.44,-0.853,-0.904,-0.959,-0.888,-0.904,-0.878,-0.77,-0.843,-0.904,-0.942,-0.874,-0.9,-0.888,-0.793,-0.841,-0.91,-0.938,-0.876,-0.894,-0.87,-0.813,-0.841,-0.9,-0.946,-0.874,-0.904,-0.878,-0.791,0,0
"2019-04-15 03:21:20.0",782539,-9999,-35.11,-63.76,-63.76,-0.897,-9999,-9999,12.0356,39.98,39.91,19.42,-0.859,-0.928,-0.94,-0.884,-0.91,-0.916,-0.777,-0.843,-0.928,-0.916,-0.853,-0.896,-0.914,-0.813,-0.839,-0.928,-0.946,-0.876,-0.898,-0.88,-0.783,-0.843,-0.888,-0.94,-0.874,-0.884,-0.88,-0.787,0,0
"2019-04-15 03:21:40.0",782540,-9999,-34.95,-63.8,-63.8,-0.897,-9999,-9999,12.0412,39.98,39.91,19.42,-0.857,-0.928,-0.95,-0.888,-0.904,-0.876,-0.787,-0.839,-0.922,-0.944,-0.882,-0.902,-0.886,-0.799,-0.841,-0.92,-0.948,-0.876,-0.906,-0.896,-0.807,-0.841,-0.924,-0.942,-0.878,-0.896,-0.863,-0.781,0,700
"2019-04-15 03:22:00.0",782541,-9999,-34.79,-63.85,-63.85,-0.898,-9999,-9999,12.0412,39.98,39.91,19.42,-0.859,-0.918,-0.959,-0.894,-0.888,-0.892,-0.817,-0.847,-0.942,-0.95,-0.878,-0.902,-0.876,-0.803,-0.845,-0.928,-0.952,-0.908,-0.9,-0.912,-0.813,-0.843,-0.906,-0.973,-0.876,-0.906,-0.868,-0.791,0,0
"2019-04-15 03:22:20.0",782542,-9999,-34.62,-63.89,-63.89,-0.898,-9999,-9999,12.0413,39.98,39.91,19.39,-0.859,-0.914,-0.95,-0.918,-0.896,-0.916,-0.815,-0.847,-0.948,-0.924,-0.886,-0.92,-0.888,-0.821,-0.847,-0.948,-0.956,-0.882,-0.932,-0.874,-0.772,-0.845,-0.91,-0.971,-0.884,-0.91,-0.892,-0.807,0,0
"2019-04-15 03:22:40.0",782543,-9999,-34.46,-63.93,-63.93,-0.898,-9999,-9999,12.0468,39.98,39.91,19.39,-0.857,-0.952,-0.971,-0.9,-0.91,-0.898,-0.791,-0.853,-0.942,-0.934,-0.88,-0.88,-0.908,-0.809,-0.855,-0.94,-0.946,-0.878,-0.89,-0.888,-0.821,-0.849,-0.906,-0.954,-0.894,-0.904,-0.91,-0.783,0,0
"2019-04-15 03:23:00.0",782544,-9999,-34.3,-63.97,-63.97,-0.899,-9999,-9999,12.0468,39.98,39.91,19.36,-0.857,-0.954,-0.965,-0.894,-0.916,-0.92,-0.793,-0.845,-0.944,-0.975,-0.884,-0.906,-0.906,-0.801,-0.849,-0.912,-0.946,-0.878,-0.9,-0.866,-0.811,-0.849,-0.926,-0.942,-0.878,-0.924,-0.888,-0.795,0,0
"2019-04-15 03:23:20.0",782545,-9999,-34.13,-64,-64,-0.899,-9999,-9999,12.0413,39.98,39.91,19.36,-0.857,-0.94,-0.973,-0.898,-0.92,-0.906,-0.809,-0.845,-0.916,-0.928,-0.882,-0.9,-0.872,-0.821,-0.849,-0.938,-0.946,-0.88,-0.9,-0.902,-0.783,-0.853,-0.9,-0.948,-0.908,-0.9,-0.872,-0.809,0,700
"2019-04-15 03:23:40.0",782546,-9999,-33.97,-64.04,-64.04,-0.899,-9999,-9999,12.0413,39.98,39.91,19.34,-0.863,-0.93,-0.965,-0.892,-0.916,-0.894,-0.817,-0.855,-0.944,-0.952,-0.884,-0.904,-0.896,-0.813,-0.845,-0.948,-0.973,-0.886,-0.906,-0.91,-0.783,-0.851,-0.91,-0.959,-0.888,-0.908,-0.882,-0.811,0,0
"2019-04-15 03:24:00.0",782547,-9999,-33.8,-64.08,-64.08,-0.899,-9999,-9999,12.0413,39.99,39.89,19.34,-0.863,-0.957,-0.954,-0.896,-0.91,-0.918,-0.781,-0.853,-0.928,-0.961,-0.882,-0.908,-0.894,-0.825,-0.853,-0.93,-0.952,-0.892,-0.91,-0.874,-0.781,-0.849,-0.924,-0.95,-0.886,-0.912,-0.892,-0.815,0,0
"2019-04-15 03:24:20.0",782548,-9999,-33.64,-64.12,-64.12,-0.9,-9999,-9999,12.0358,39.99,39.89,19.31,-0.866,-0.961,-0.973,-0.9,-0.942,-0.93,-0.823,-0.849,-0.93,-0.954,-0.888,-0.906,-0.896,-0.807,-0.849,-0.94,-0.946,-0.89,-0.906,-0.874,-0.795,-0.851,-0.896,-0.944,-0.884,-0.904,-0.87,-0.807,0,0
"2019-04-15 03:24:40.0",782549,-9999,-33.47,-64.16,-64.16,-0.9,-9999,-9999,12.0413,39.99,39.91,19.31,-0.866,-0.965,-0.965,-0.886,-0.916,-0.92,-0.813,-0.851,-0.928,-0.965,-0.888,-0.932,-0.884,-0.795,-0.853,-0.942,-0.957,-0.89,-0.906,-0.914,-0.815,-0.851,-0.914,-0.959,-0.888,-0.908,-0.896,-0.815,0,0
"2019-04-15 03:25:00.0",782550,-9999,-33.31,-64.2,-64.2,-0.9,-9999,-9999,12.0413,39.99,39.91,19.28,-0.863,-0.952,-0.965,-0.9,-0.944,-0.902,-0.811,-0.847,-0.946,-0.954,-0.892,-0.934,-0.916,-0.831,-0.855,-0.908,-0.957,-0.89,-0.91,-0.876,-0.797,-0.853,-0.916,-0.977,-0.884,-0.908,-0.888,-0.797,0,700
"2019-04-15 03:25:20.0",782551,-9999,-33.14,-64.24,-64.24,-0.901,-9999,-9999,12.0413,39.99,39.91,19.28,-0.863,-0.944,-0.977,-0.902,-0.908,-0.908,-0.815,-0.857,-0.932,-0.959,-0.894,-0.916,-0.876,-0.807,-0.853,-0.944,-0.952,-0.886,-0.9,-0.89,-0.775,-0.855,-0.912,-0.948,-0.888,-0.906,-0.89,-0.809,0,0
"2019-04-15 03:25:40.0",782552,-9999,-32.97,-64.28,-64.28,-0.901,-9999,-9999,12.0414,39.99,39.91,19.26,-0.866,-0.93,-0.971,-0.904,-0.918,-0.884,-0.803,-0.857,-0.914,-0.977,-0.894,-0.894,-0.896,-0.817,-0.855,-0.924,-0.961,-0.884,-0.904,-0.91,-0.779,-0.861,-0.904,-0.977,-0.882,-0.916,-0.9,-0.791,0,0
"2019-04-15 03:26:00.0",782553,-9999,-32.81,-64.32,-64.32,-0.901,-9999,-9999,12.0414,39.99,39.91,19.23,-0.868,-0.93,-0.993,-0.908,-0.918,-0.914,-0.815,-0.859,-0.922,-0.981,-0.886,-0.904,-0.88,-0.825,-0.855,-0.942,-0.948,-0.886,-0.898,-0.888,-0.787,-0.859,-0.912,-0.954,-0.89,-0.904,-0.888,-0.801,0,0
"2019-04-15 03:26:20.0",782554,-9999,-32.64,-64.36,-64.36,-0.902,-9999,-9999,12.0414,39.99,39.91,19.23,-0.866,-0.936,-0.954,-0.906,-0.926,-0.894,-0.815,-0.853,-0.942,-0.932,-0.888,-0.908,-0.898,-0.821,-0.859,-0.914,-0.952,-0.874,-0.906,-0.892,-0.827,-0.857,-0.946,-0.934,-0.888,-0.91,-0.892,-0.799,0,0
"2019-04-15 03:26:40.0",782555,-9999,-32.47,-64.39,-64.39,-0.902,-9999,-9999,12.0414,39.99,39.89,19.21,-0.866,-0.924,-0.963,-0.896,-0.904,-0.892,-0.821,-0.853,-0.936,-0.965,-0.892,-0.9,-0.902,-0.795,-0.859,-0.948,-0.981,-0.918,-0.914,-0.922,-0.823,-0.855,-0.936,-0.965,-0.892,-0.916,-0.92,-0.813,0,700
"2019-04-15 03:27:00.0",782556,-9999,-32.3,-64.43,-64.43,-0.902,-9999,-9999,12.0414,39.99,39.91,19.21,-0.872,-0.932,-0.973,-0.906,-0.942,-0.91,-0.795,-0.857,-0.934,-0.952,-0.89,-0.914,-0.884,-0.805,-0.857,-0.93,-0.975,-0.88,-0.91,-0.894,-0.781,-0.855,-0.93,-0.961,-0.888,-0.892,-0.9,-0.783,0,0
"2019-04-15 03:27:20.0",782557,-9999,-32.13,-64.47,-64.47,-0.902,-9999,-9999,12.0526,39.98,39.91,19.21,-0.874,-0.938,-0.967,-0.9,-0.918,-0.906,-0.795,-0.859,-0.908,-0.942,-0.91,-0.92,-0.922,-0.821,-0.855,-0.957,-0.959,-0.9,-0.918,-0.882,-0.821,-0.857,-0.914,-0.954,-0.898,-0.934,-0.884,-0.807,0,0
"2019-04-15 03:27:40.0",782558,-9999,-31.96,-64.51,-64.51,-0.903,-9999,-9999,12.047,39.98,39.91,19.18,-0.87,-0.934,-0.952,-0.906,-0.926,-0.906,-0.795,-0.857,-0.948,-0.948,-0.89,-0.914,-0.904,-0.833,-0.853,-0.92,-0.957,-0.898,-0.91,-0.886,-0.809,-0.859,-0.959,-0.959,-0.898,-0.914,-0.882,-0.807,0,0
"2019-04-15 03:28:00.0",782559,-9999,-31.79,-64.54,-64.54,-0.903,-9999,-9999,12.0414,39.98,39.91,19.15,-0.872,-0.959,-0.981,-0.91,-0.926,-0.912,-0.797,-0.859,-0.928,-0.957,-0.892,-0.912,-0.9,-0.833,-0.857,-0.92,-0.938,-0.89,-0.898,-0.896,-0.807,-0.866,-0.932,-0.957,-0.894,-0.914,-0.894,-0.803,0,0
"2019-04-15 03:28:20.0",782560,-9999,-31.62,-64.58,-64.58,-0.903,-9999,-9999,12.0414,39.98,39.89,19.15,-0.874,-0.973,-0.975,-0.904,-0.924,-0.91,-0.823,-0.855,-0.942,-0.957,-0.892,-0.92,-0.898,-0.793,-0.857,-0.904,-0.952,-0.888,-0.914,-0.912,-0.833,-0.857,-0.938,-0.954,-0.888,-0.908,-0.91,-0.825,0,700
"2019-04-15 03:28:40.0",782561,-9999,-31.45,-64.62,-64.62,-0.903,-9999,-9999,12.0414,39.98,39.89,19.15,-0.872,-0.975,-0.946,-0.904,-0.922,-0.894,-0.827,-0.861,-0.957,-0.954,-0.888,-0.906,-0.884,-0.835,-0.857,-0.906,-0.963,-0.892,-0.912,-0.894,-0.807,-0.857,-0.948,-0.961,-0.89,-0.914,-0.892,-0.801,0,0
"2019-04-15 03:29:00.0",782562,-9999,-31.28,-64.65,-64.65,-0.904,-9999,-9999,12.0415,39.98,39.91,19.13,-0.872,-0.961,-0.975,-0.91,-0.954,-0.926,-0.817,-0.866,-0.963,-0.969,-0.896,-0.912,-0.906,-0.817,-0.859,-0.924,-0.967,-0.9,-0.916,-0.886,-0.791,-0.859,-0.959,-0.969,-0.9,-0.922,-0.89,-0.791,0,0
"2019-04-15 03:29:20.0",782563,-9999,-31.11,-64.69,-64.69,-0.904,-9999,-9999,12.0415,39.98,39.91,19.1,-0.868,-0.948,-0.993,-0.914,-0.924,-0.908,-0.819,-0.855,-0.95,-0.963,-0.894,-0.914,-0.922,-0.793,-0.855,-0.904,-0.954,-0.896,-0.916,-0.918,-0.787,-0.859,-0.957,-0.957,-0.896,-0.91,-0.896,-0.783,0,0
"2019-04-15 03:29:40.0",782564,-9999,-30.94,-64.73,-64.73,-0.904,-9999,-9999,12.0415,39.98,39.91,19.1,-0.872,-0.928,-0.965,-0.902,-0.924,-0.886,-0.815,-0.868,-0.914,-0.959,-0.89,-0.912,-0.89,-0.813,-0.857,-0.93,-0.963,-0.89,-0.9,-0.886,-0.787,-0.855,-0.92,-0.983,-0.902,-0.914,-0.882,-0.783,0,0
"2019-04-15 03:30:00.0",782565,-9999,-30.76,-64.76,-64.76,-0.905,-9999,-9999,12.0415,39.98,39.91,19.08,-0.87,-0.952,-0.977,-0.908,-0.93,-0.928,-0.825,-0.859,-0.942,-0.963,-0.896,-0.904,-0.892,-0.817,-0.861,-0.95,-0.963,-0.9,-0.914,-0.902,-0.793,-0.866,-0.94,-0.981,-0.9,-0.912,-0.9,-0.793,0,700
"2019-04-15 03:30:20.0",782566,-9999,-30.59,-64.8,-64.8,-0.905,-9999,-9999,12.0415,39.98,39.89,19.08,-0.87,-0.94,-0.965,-0.912,-0.924,-0.934,-0.823,-0.859,-0.92,-0.961,-0.92,-0.912,-0.906,-0.835,-0.861,-0.94,-0.965,-0.894,-0.92,-0.896,-0.827,-0.861,-0.926,-0.961,-0.924,-0.912,-0.9,-0.813,0,0
"2019-04-15 03:30:40.0",782567,-9999,-30.42,-64.84,-64.84,-0.905,-9999,-9999,12.0415,39.98,39.91,19.05,-0.872,-0.961,-0.971,-0.906,-0.922,-0.918,-0.833,-0.863,-0.952,-0.983,-0.892,-0.914,-0.888,-0.807,-0.861,-0.918,-0.961,-0.892,-0.898,-0.884,-0.813,-0.859,-0.957,-0.952,-0.89,-0.906,-0.882,-0.821,0,0
"2019-04-15 03:31:00.0",782568,-9999,-30.24,-64.87,-64.87,-0.905,-9999,-9999,12.0415,39.98,39.89,19.02,-0.872,-0.952,-0.952,-0.912,-0.912,-0.936,-0.803,-0.859,-0.92,-0.973,-0.9,-0.92,-0.908,-0.821,-0.861,-0.959,-0.957,-0.888,-0.92,-0.904,-0.819,-0.861,-0.936,-0.993,-0.902,-0.92,-0.908,-0.811,0,0
"2019-04-15 03:31:20.0",782569,-9999,-30.07,-64.91,-64.91,-0.906,-9999,-9999,12.0471,39.98,39.91,19.02,-0.866,-0.934,-0.975,-0.91,-0.924,-0.916,-0.801,-0.857,-0.916,-0.969,-0.9,-0.906,-0.906,-0.825,-0.855,-0.952,-0.961,-0.898,-0.936,-0.922,-0.823,-0.859,-0.916,-0.969,-0.896,-0.892,-0.9,-0.807,0,0
"2019-04-15 03:31:40.0",782570,-9999,-29.89,-64.94,-64.94,-0.906,-9999,-9999,12.0415,39.98,39.91,19,-0.87,-0.926,-0.993,-0.91,-0.926,-0.906,-0.829,-0.861,-0.934,-0.957,-0.892,-0.92,-0.884,-0.799,-0.861,-0.928,-0.959,-0.894,-0.914,-0.898,-0.791,-0.866,-0.948,-0.932,-0.92,-0.932,-0.88,-0.783,0,700
"2019-04-15 03:32:00.0",782571,-9999,-29.72,-64.98,-64.98,-0.906,-9999,-9999,12.0415,39.98,39.89,19,-0.876,-0.967,-0.971,-0.904,-0.924,-0.914,-0.831,-0.863,-0.914,-0.967,-0.89,-0.894,-0.92,-0.815,-0.859,-0.928,-0.936,-0.892,-0.936,-0.916,-0.813,-0.863,-0.91,-0.961,-0.916,-0.914,-0.916,-0.807,0,0
"2019-04-15 03:32:20.0",782572,-9999,-29.54,-65.01,-65.01,-0.906,-9999,-9999,12.036,39.99,39.89,19,-0.874,-0.95,-0.967,-0.906,-0.932,-0.89,-0.787,-0.859,-0.93,-0.961,-0.896,-0.922,-0.92,-0.821,-0.866,-0.936,-0.959,-0.896,-0.914,-0.92,-0.787,-0.863,-0.924,-0.94,-0.898,-0.92,-0.918,-0.785,0,0
"2019-04-15 03:32:40.0",782573,-9999,-29.37,-65.05,-65.05,-0.907,-9999,-9999,12.0415,39.99,39.91,18.97,-0.874,-0.952,-0.985,-0.912,-0.93,-0.936,-0.801,-0.861,-0.954,-0.969,-0.896,-0.92,-0.908,-0.841,-0.857,-0.914,-0.969,-0.9,-0.914,-0.902,-0.807,-0.861,-0.928,-0.991,-0.9,-0.922,-0.878,-0.805,0,0
"2019-04-15 03:33:00.0",782574,-9999,-29.19,-65.08,-65.08,-0.907,-9999,-9999,12.0415,39.99,39.89,18.95,-0.872,-0.948,-0.963,-0.908,-0.922,-0.908,-0.821,-0.863,-0.961,-0.985,-0.902,-0.92,-0.914,-0.839,-0.859,-0.944,-0.961,-0.896,-0.898,-0.902,-0.827,-0.859,-0.92,-0.963,-0.898,-0.92,-0.904,-0.823,0,0
"2019-04-15 03:33:20.0",782575,-9999,-29.01,-65.12,-65.12,-0.907,-9999,-9999,12.0415,39.99,39.91,18.95,-0.872,-0.948,-0.973,-0.908,-0.932,-0.916,-0.809,-0.859,-0.957,-0.963,-0.894,-0.912,-0.92,-0.831,-0.861,-0.932,-0.965,-0.878,-0.91,-0.914,-0.819,-0.857,-0.91,-0.95,-0.894,-0.908,-0.91,-0.821,0,700
"2019-04-15 03:33:40.0",782576,-9999,-28.84,-65.15,-65.15,-0.907,-9999,-9999,12.0415,39.99,39.91,18.92,-0.87,-0.946,-0.977,-0.908,-0.912,-0.896,-0.835,-0.861,-0.92,-0.942,-0.896,-0.92,-0.91,-0.799,-0.859,-0.93,-0.985,-0.898,-0.916,-0.912,-0.791,-0.863,-0.918,-0.967,-0.892,-0.916,-0.902,-0.783,0,0
"2019-04-15 03:34:00.0",782577,-9999,-28.66,-65.19,-65.19,-0.908,-9999,-9999,12.0415,39.99,39.91,18.89,-0.868,-0.967,-0.981,-0.912,-0.922,-0.914,-0.831,-0.861,-0.914,-0.979,-0.894,-0.888,-0.884,-0.791,-0.857,-0.948,-0.95,-0.892,-0.932,-0.876,-0.825,-0.859,-0.926,-0.965,-0.896,-0.916,-0.896,-0.815,0,0
"2019-04-15 03:34:20.0",782578,-9999,-28.48,-65.22,-65.22,-0.908,-9999,-9999,12.036,39.99,39.91,18.89,-0.874,-0.932,-0.975,-0.908,-0.928,-0.914,-0.817,-0.855,-0.934,-0.938,-0.894,-0.91,-0.92,-0.829,-0.859,-0.944,-0.987,-0.894,-0.908,-0.912,-0.813,-0.861,-0.928,-0.954,-0.89,-0.928,-0.916,-0.813,0,0
"2019-04-15 03:34:40.0",782579,-9999,-28.3,-65.25,-65.25,-0.908,-9999,-9999,12.036,39.99,39.91,18.89,-0.876,-0.942,-0.963,-0.904,-0.928,-0.912,-0.831,-0.855,-0.944,-0.967,-0.896,-0.906,-0.916,-0.793,-0.855,-0.914,-0.954,-0.882,-0.916,-0.916,-0.781,-0.861,-0.952,-0.975,-0.894,-0.914,-0.912,-0.772,0,0
"2019-04-15 03:35:00.0",782580,-9999,-28.12,-65.29,-65.29,-0.908,-9999,-9999,12.0415,39.99,39.91,18.87,-0.868,-0.969,-0.971,-0.934,-0.928,-0.898,-0.821,-0.859,-0.948,-0.987,-0.898,-0.916,-0.908,-0.831,-0.855,-0.918,-0.948,-0.896,-0.912,-0.902,-0.821,-0.855,-0.948,-0.961,-0.886,-0.912,-0.9,-0.817,0,700
"2019-04-15 03:35:20.0",782581,-9999,-27.94,-65.32,-65.32,-0.909,-9999,-9999,12.0415,39.99,39.91,18.87,-0.87,-0.959,-0.971,-0.902,-0.906,-0.904,-0.817,-0.853,-0.916,-0.967,-0.892,-0.912,-0.902,-0.813,-0.857,-0.924,-0.93,-0.89,-0.914,-0.89,-0.783,-0.861,-0.916,-0.957,-0.89,-0.908,-0.894,-0.781,0,0
"2019-04-15 03:35:40.0",782582,-9999,-27.76,-65.35,-65.35,-0.909,-9999,-9999,12.036,39.99,39.91,18.84,-0.868,-0.928,-0.977,-0.906,-0.924,-0.922,-0.819,-0.855,-0.926,-0.975,-0.914,-0.916,-0.9,-0.813,-0.857,-0.944,-0.952,-0.892,-0.914,-0.892,-0.787,-0.849,-0.934,-0.93,-0.908,-0.914,-0.888,-0.781,0,0
"2019-04-15 03:36:00.0",782583,-9999,-27.58,-65.38,-65.38,-0.909,-9999,-9999,12.0416,39.99,39.91,18.82,-0.876,-0.946,-0.95,-0.904,-0.932,-0.892,-0.829,-0.863,-0.948,-0.963,-0.89,-0.912,-0.904,-0.797,-0.855,-0.912,-0.959,-0.894,-0.914,-0.882,-0.783,-0.855,-0.948,-0.961,-0.89,-0.916,-0.88,-0.791,0,0
"2019-04-15 03:36:20.0",782584,-9999,-27.4,-65.42,-65.42,-0.909,-9999,-9999,12.0416,39.99,39.91,18.82,-0.872,-0.942,-0.965,-0.904,-0.92,-0.892,-0.825,-0.855,-0.92,-0.969,-0.892,-0.916,-0.888,-0.811,-0.857,-0.932,-0.948,-0.894,-0.894,-0.88,-0.809,-0.855,-0.92,-0.965,-0.894,-0.914,-0.882,-0.799,0,0
"2019-04-15 03:36:40.0",782585,-9999,-27.22,-65.45,-65.45,-0.91,-9999,-9999,12.0416,39.99,39.91,18.82,-0.866,-0.928,-0.975,-0.9,-0.904,-0.904,-0.811,-0.861,-0.92,-0.959,-0.896,-0.916,-0.902,-0.813,-0.855,-0.965,-0.961,-0.894,-0.91,-0.902,-0.813,-0.851,-0.91,-0.954,-0.896,-0.924,-0.9,-0.787,0,700
"2019-04-15 03:37:00.0",782586,-9999,-27.04,-65.48,-65.48,-0.91,-9999,-9999,12.0416,39.99,39.91,18.79,-0.863,-0.963,-0.973,-0.904,-0.902,-0.89,-0.801,-0.855,-0.957,-0.952,-0.892,-0.914,-0.92,-0.795,-0.849,-0.932,-0.959,-0.888,-0.914,-0.9,-0.791,-0.853,-0.912,-0.961,-0.898,-0.916,-0.916,-0.783,0,0
"2019-04-15 03:37:20.0",782587,-9999,-26.85,-65.52,-65.52,-0.91,-9999,-9999,12.0471,39.99,39.91,18.79,-0.87,-0.961,-0.967,-0.898,-0.908,-0.904,-0.803,-0.853,-0.948,-0.936,-0.896,-0.914,-0.884,-0.821,-0.857,-0.928,-0.946,-0.872,-0.908,-0.872,-0.793,-0.857,-0.912,-0.946,-0.882,-0.908,-0.874,-0.793,0,0
"2019-04-15 03:37:40.0",782588,-9999,-26.67,-65.55,-65.55,-0.91,-9999,-9999,12.0471,39.99,39.91,18.77,-0.866,-0.961,-0.946,-0.9,-0.924,-0.924,-0.823,-0.855,-0.91,-0.948,-0.886,-0.93,-0.896,-0.803,-0.853,-0.926,-0.954,-0.886,-0.902,-0.908,-0.811,-0.855,-0.904,-0.959,-0.898,-0.908,-0.908,-0.819,0,0
"2019-04-15 03:38:00.0",782589,-9999,-26.49,-65.58,-65.58,-0.911,-9999,-9999,12.0416,39.99,39.91,18.77,-0.87,-0.924,-0.961,-0.896,-0.92,-0.92,-0.823,-0.857,-0.92,-0.967,-0.892,-0.938,-0.89,-0.819,-0.853,-0.928,-0.961,-0.892,-0.912,-0.894,-0.801,-0.857,-0.914,-0.957,-0.888,-0.91,-0.874,-0.795,0,0
"2019-04-15 03:38:20.0",782590,-9999,-26.3,-65.61,-65.61,-0.911,-9999,-9999,12.0471,39.99,39.91,18.74,-0.861,-0.961,-0.973,-0.902,-0.926,-0.91,-0.805,-0.851,-0.94,-0.944,-0.888,-0.906,-0.892,-0.779,-0.851,-0.91,-0.952,-0.884,-0.912,-0.906,-0.821,-0.849,-0.928,-0.959,-0.884,-0.91,-0.886,-0.813,0,700
"2019-04-15 03:38:40.0",782591,-9999,-26.12,-65.64,-65.64,-0.911,-9999,-9999,12.0416,39.99,39.91,18.74,-0.861,-0.934,-0.936,-0.894,-0.918,-0.902,-0.821,-0.853,-0.912,-0.981,-0.89,-0.912,-0.89,-0.825,-0.851,-0.946,-0.954,-0.874,-0.908,-0.896,-0.807,-0.853,-0.904,-0.959,-0.892,-0.932,-0.896,-0.777,0,0
"2019-04-15 03:39:00.0",782592,-9999,-25.94,-65.67,-65.67,-0.911,-9999,-9999,12.0416,39.98,39.91,18.74,-0.863,-0.922,-0.946,-0.9,-0.938,-0.888,-0.797,-0.857,-0.954,-0.952,-0.874,-0.91,-0.884,-0.813,-0.851,-0.94,-0.94,-0.89,-0.912,-0.882,-0.823,-0.853,-0.954,-0.954,-0.894,-0.916,-0.88,-0.803,0,0
"2019-04-15 03:39:20.0",782593,-9999,-25.75,-65.7,-65.7,-0.911,-9999,-9999,12.0416,39.98,39.91,18.71,-0.866,-0.942,-0.975,-0.9,-0.924,-0.902,-0.785,-0.855,-0.936,-0.948,-0.87,-0.91,-0.896,-0.789,-0.851,-0.957,-0.952,-0.888,-0.898,-0.898,-0.817,-0.853,-0.93,-0.928,-0.886,-0.908,-0.92,-0.803,0,0
"2019-04-15 03:39:40.0",782594,-9999,-25.57,-65.73,-65.73,-0.912,-9999,-9999,12.0416,39.98,39.91,18.69,-0.863,-0.94,-0.971,-0.924,-0.924,-0.908,-0.803,-0.855,-0.944,-0.95,-0.884,-0.91,-0.896,-0.785,-0.851,-0.934,-0.928,-0.884,-0.904,-0.916,-0.779,-0.851,-0.922,-0.959,-0.888,-0.896,-0.888,-0.817,0,0
"2019-04-15 03:40:00.0",782595,-9999,-25.38,-65.76,-65.76,-0.912,-9999,-9999,12.036,39.98,39.91,18.69,-0.866,-0.936,-0.963,-0.898,-0.922,-0.904,-0.809,-0.853,-0.91,-0.957,-0.878,-0.912,-0.916,-0.791,-0.851,-0.938,-0.979,-0.888,-0.906,-0.876,-0.795,-0.847,-0.902,-0.95,-0.888,-0.902,-0.874,-0.815,0,700
"2019-04-15 03:40:20.0",782596,-9999,-25.19,-65.79,-65.79,-0.912,-9999,-9999,12.0416,39.98,39.91,18.69,-0.863,-0.92,-0.977,-0.904,-0.92,-0.926,-0.811,-0.851,-0.904,-0.95,-0.89,-0.906,-0.892,-0.791,-0.851,-0.92,-0.93,-0.888,-0.924,-0.904,-0.811,-0.853,-0.912,-0.973,-0.892,-0.91,-0.91,-0.797,0,0
"2019-04-15 03:40:40.0",782597,-9999,-25.01,-65.82,-65.82,-0.912,-9999,-9999,12.0416,39.98,39.91,18.69,-0.863,-0.928,-0.959,-0.898,-0.924,-0.908,-0.795,-0.853,-0.948,-0.952,-0.886,-0.904,-0.916,-0.805,-0.851,-0.906,-0.948,-0.884,-0.904,-0.91,-0.779,-0.853,-0.946,-0.969,-0.884,-0.93,-0.908,-0.781,0,0
"2019-04-15 03:41:00.0",782598,-9999,-24.82,-65.85,-65.85,-0.913,-9999,-9999,12.0472,39.98,39.91,18.66,-0.863,-0.963,-0.969,-0.9,-0.942,-0.926,-0.803,-0.859,-0.904,-0.954,-0.884,-0.902,-0.878,-0.791,-0.847,-0.942,-0.952,-0.886,-0.906,-0.892,-0.77,-0.853,-0.912,-0.95,-0.888,-0.93,-0.89,-0.811,0,0
"2019-04-15 03:41:20.0",782599,-9999,-24.63,-65.88,-65.88,-0.913,-9999,-9999,12.0416,39.98,39.91,18.66,-0.866,-0.93,-0.989,-0.902,-0.928,-0.906,-0.813,-0.847,-0.942,-0.94,-0.908,-0.904,-0.912,-0.811,-0.851,-0.91,-0.942,-0.884,-0.904,-0.89,-0.775,-0.851,-0.946,-0.959,-0.886,-0.906,-0.896,-0.777,0,0
"2019-04-15 03:41:40.0",782600,-9999,-24.44,-65.91,-65.91,-0.913,-9999,-9999,12.036,39.98,39.91,18.64,-0.87,-0.942,-0.963,-0.894,-0.916,-0.894,-0.825,-0.847,-0.93,-0.934,-0.89,-0.912,-0.894,-0.811,-0.849,-0.916,-0.944,-0.884,-0.908,-0.884,-0.783,-0.853,-0.938,-0.948,-0.882,-0.912,-0.882,-0.77,0,700
"2019-04-15 03:42:00.0",782601,-9999,-24.26,-65.94,-65.94,-0.913,-9999,-9999,12.036,39.98,39.91,18.64,-0.863,-0.928,-0.965,-0.894,-0.912,-0.92,-0.789,-0.851,-0.934,-0.963,-0.892,-0.92,-0.886,-0.793,-0.851,-0.908,-0.934,-0.89,-0.932,-0.894,-0.821,-0.851,-0.946,-0.969,-0.886,-0.916,-0.888,-0.805,0,0
"2019-04-15 03:42:20.0",782602,-9999,-24.07,-65.97,-65.97,-0.913,-9999,-9999,12.0416,39.98,39.91,18.61,-0.87,-0.942,-0.965,-0.902,-0.916,-0.92,-0.801,-0.851,-0.957,-0.961,-0.89,-0.91,-0.884,-0.793,-0.853,-0.912,-0.961,-0.89,-0.896,-0.898,-0.827,-0.851,-0.959,-0.963,-0.894,-0.91,-0.9,-0.817,0,0
"2019-04-15 03:42:40.0",782603,-9999,-23.88,-66,-66,-0.914,-9999,-9999,12.0416,39.98,39.91,18.61,-0.861,-0.954,-0.961,-0.9,-0.934,-0.904,-0.813,-0.851,-0.928,-0.971,-0.884,-0.904,-0.918,-0.809,-0.853,-0.936,-0.946,-0.882,-0.914,-0.876,-0.785,-0.853,-0.904,-0.934,-0.888,-0.9,-0.878,-0.781,0,0
"2019-04-15 03:43:00.0",782604,-9999,-23.69,-66.03,-66.03,-0.914,-9999,-9999,12.0416,39.98,39.91,18.61,-0.868,-0.922,-0.938,-0.898,-0.9,-0.89,-0.827,-0.853,-0.957,-0.981,-0.89,-0.912,-0.884,-0.827,-0.851,-0.912,-0.952,-0.89,-0.912,-0.894,-0.797,-0.853,-0.959,-0.936,-0.89,-0.908,-0.904,-0.779,0,0
"2019-04-15 03:43:20.0",782605,-9999,-23.5,-66.06,-66.06,-0.914,-9999,-9999,12.0416,39.98,39.91,18.58,-0.866,-0.946,-0.973,-0.88,-0.924,-0.916,-0.791,-0.853,-0.898,-0.965,-0.886,-0.912,-0.896,-0.825,-0.851,-0.922,-0.928,-0.892,-0.926,-0.878,-0.799,-0.853,-0.906,-0.971,-0.886,-0.904,-0.888,-0.795,0,700
"2019-04-15 03:43:40.0",782606,-9999,-23.31,-66.09,-66.09,-0.914,-9999,-9999,12.0416,39.98,39.91,18.58,-0.868,-0.922,-0.973,-0.908,-0.924,-0.922,-0.815,-0.851,-0.948,-0.961,-0.89,-0.908,-0.92,-0.817,-0.851,-0.912,-0.94,-0.888,-0.912,-0.912,-0.789,-0.849,-0.944,-0.95,-0.89,-0.912,-0.916,-0.777,0,0
"2019-04-15 03:44:00.0",782607,-9999,-23.12,-66.11,-66.11,-0.914,-9999,-9999,12.0416,39.98,39.91,18.58,-0.872,-0.954,-0.967,-0.898,-0.924,-0.904,-0.825,-0.855,-0.93,-0.959,-0.894,-0.914,-0.924,-0.829,-0.855,-0.938,-0.934,-0.892,-0.936,-0.926,-0.809,-0.853,-0.934,-0.95,-0.912,-0.91,-0.896,-0.779,0,0
"2019-04-15 03:44:20.0",782608,-9999,-22.93,-66.14,-66.14,-0.915,-9999,-9999,12.0416,39.98,39.91,18.56,-0.866,-0.959,-0.961,-0.898,-0.92,-0.89,-0.827,-0.861,-0.944,-0.948,-0.886,-0.916,-0.9,-0.815,-0.857,-0.954,-0.95,-0.89,-0.914,-0.912,-0.785,-0.853,-0.94,-0.952,-0.892,-0.934,-0.92,-0.787,0,0
"2019-04-15 03:44:40.0",782609,-9999,-22.74,-66.17,-66.17,-0.915,-9999,-9999,12.0472,39.98,39.91,18.56,-0.87,-0.948,-0.969,-0.902,-0.924,-0.908,-0.825,-0.853,-0.908,-0.963,-0.894,-0.936,-0.902,-0.831,-0.853,-0.944,-0.977,-0.89,-0.916,-0.896,-0.811,-0.853,-0.912,-0.957,-0.892,-0.916,-0.894,-0.772,0,0
"2019-04-15 03:45:00.0",782610,-9999,-22.54,-66.2,-66.2,-0.915,-9999,-9999,12.0416,39.98,39.91,18.53,-0.866,-0.91,-0.963,-0.896,-0.916,-0.924,-0.791,-0.857,-0.908,-0.959,-0.87,-0.91,-0.9,-0.825,-0.857,-0.932,-0.932,-0.888,-0.912,-0.894,-0.821,-0.861,-0.912,-0.95,-0.888,-0.932,-0.896,-0.797,0,700
"2019-04-15 03:45:20.0",782611,-9999,-22.35,-66.22,-66.22,-0.915,-9999,-9999,12.0416,39.98,39.89,18.53,-0.863,-0.942,-0.967,-0.908,-0.928,-0.892,-0.807,-0.853,-0.906,-0.963,-0.89,-0.896,-0.92,-0.823,-0.849,-0.934,-0.952,-0.892,-0.904,-0.908,-0.795,-0.855,-0.91,-0.95,-0.89,-0.906,-0.91,-0.799,0,0
"2019-04-15 03:45:40.0",782612,-9999,-22.16,-66.25,-66.25,-0.915,-9999,-9999,12.0416,39.98,39.89,18.53,-0.866,-0.942,-0.954,-0.898,-0.918,-0.922,-0.813,-0.855,-0.912,-0.957,-0.9,-0.91,-0.904,-0.807,-0.853,-0.954,-0.961,-0.874,-0.916,-0.892,-0.827,-0.857,-0.94,-0.969,-0.894,-0.936,-0.902,-0.817,0,0
"2019-04-15 03:46:00.0",782613,-9999,-21.97,-66.28,-66.28,-0.915,-9999,-9999,12.0416,39.98,39.91,18.51,-0.87,-0.944,-0.989,-0.89,-0.922,-0.93,-0.811,-0.853,-0.932,-0.965,-0.896,-0.912,-0.9,-0.839,-0.861,-0.948,-0.932,-0.892,-0.914,-0.884,-0.809,-0.855,-0.928,-0.967,-0.896,-0.916,-0.884,-0.783,0,0
"2019-04-15 03:46:20.0",782614,-9999,-21.77,-66.3,-66.3,-0.916,-9999,-9999,12.0416,39.98,39.91,18.51,-0.866,-0.936,-0.975,-0.908,-0.928,-0.912,-0.793,-0.855,-0.94,-0.957,-0.894,-0.932,-0.888,-0.813,-0.861,-0.934,-0.959,-0.89,-0.91,-0.898,-0.793,-0.853,-0.906,-0.938,-0.89,-0.908,-0.904,-0.783,0,0
"2019-04-15 03:46:40.0",782615,-9999,-21.58,-66.33,-66.33,-0.916,-9999,-9999,12.0472,39.98,39.91,18.48,-0.87,-0.952,-0.989,-0.898,-0.92,-0.902,-0.797,-0.853,-0.948,-0.948,-0.888,-0.912,-0.902,-0.797,-0.859,-0.914,-0.954,-0.888,-0.91,-0.878,-0.821,-0.855,-0.957,-0.985,-0.89,-0.908,-0.878,-0.821,0,700
"2019-04-15 03:47:00.0",782616,-9999,-21.38,-66.35,-66.35,-0.916,-9999,-9999,12.0416,39.98,39.91,18.48,-0.87,-0.936,-0.973,-0.9,-0.944,-0.924,-0.803,-0.859,-0.946,-0.963,-0.896,-0.914,-0.902,-0.823,-0.855,-0.957,-0.965,-0.894,-0.914,-0.902,-0.791,-0.863,-0.932,-0.959,-0.894,-0.92,-0.9,-0.785,0,0
"2019-04-15 03:47:20.0",782617,-9999,-21.19,-66.38,-66.38,-0.916,-9999,-9999,12.0528,39.98,39.91,18.48,-0.88,-0.932,-0.971,-0.904,-0.926,-0.906,-0.797,-0.855,-0.918,-0.983,-0.888,-0.916,-0.904,-0.789,-0.853,-0.957,-0.954,-0.898,-0.892,-0.894,-0.785,-0.861,-0.942,-0.942,-0.898,-0.916,-0.902,-0.823,0,0
"2019-04-15 03:47:40.0",782618,-9999,-20.99,-66.4,-66.4,-0.916,-9999,-9999,12.0416,39.98,39.91,18.46,-0.861,-0.924,-0.969,-0.902,-0.928,-0.892,-0.811,-0.857,-0.91,-0.977,-0.888,-0.908,-0.88,-0.807,-0.851,-0.94,-0.957,-0.884,-0.902,-0.876,-0.805,-0.857,-0.93,-0.954,-0.892,-0.894,-0.882,-0.791,0,0
"2019-04-15 03:48:00.0",782619,-9999,-20.8,-66.43,-66.43,-0.917,-9999,-9999,12.0416,39.98,39.91,18.46,-0.868,-0.934,-0.993,-0.904,-0.922,-0.892,-0.833,-0.857,-0.914,-0.954,-0.892,-0.912,-0.902,-0.835,-0.855,-0.926,-0.932,-0.888,-0.912,-0.888,-0.805,-0.857,-0.908,-0.95,-0.89,-0.912,-0.89,-0.797,0,0
"2019-04-15 03:48:20.0",782620,-9999,-20.6,-66.46,-66.46,-0.917,-9999,-9999,12.0416,39.98,39.91,18.43,-0.863,-0.971,-0.975,-0.906,-0.902,-0.926,-0.815,-0.855,-0.912,-0.959,-0.882,-0.904,-0.912,-0.787,-0.855,-0.93,-0.95,-0.884,-0.91,-0.886,-0.779,-0.855,-0.91,-0.952,-0.89,-0.914,-0.87,-0.815,0,700
"2019-04-15 03:48:40.0",782621,-9999,-20.41,-66.48,-66.48,-0.917,-9999,-9999,12.0416,39.98,39.91,18.4,-0.866,-0.961,-0.944,-0.9,-0.916,-0.89,-0.823,-0.861,-0.908,-0.948,-0.89,-0.91,-0.916,-0.837,-0.851,-0.926,-0.957,-0.902,-0.914,-0.92,-0.805,-0.855,-0.918,-0.959,-0.894,-0.916,-0.896,-0.805,0,0
"2019-04-15 03:49:00.0",782622,-9999,-20.21,-66.51,-66.51,-0.917,-9999,-9999,12.036,39.98,39.91,18.4,-0.863,-0.946,-0.975,-0.902,-0.924,-0.896,-0.801,-0.853,-0.926,-0.983,-0.894,-0.906,-0.896,-0.795,-0.853,-0.93,-0.957,-0.886,-0.906,-0.912,-0.775,-0.859,-0.926,-0.963,-0.89,-0.928,-0.912,-0.777,0,0
"2019-04-15 03:49:20.0",782623,-9999,-20.01,-66.53,-66.53,-0.917,-9999,-9999,12.0416,39.98,39.91,18.38,-0.868,-0.924,-0.961,-0.884,-0.92,-0.902,-0.801,-0.853,-0.944,-0.983,-0.892,-0.92,-0.902,-0.831,-0.853,-0.932,-0.961,-0.888,-0.93,-0.914,-0.803,-0.853,-0.914,-0.961,-0.89,-0.916,-0.92,-0.807,0,0
"2019-04-15 03:49:40.0",782624,-9999,-19.82,-66.55,-66.55,-0.917,-9999,-9999,12.036,39.98,39.91,18.38,-0.866,-0.938,-0.973,-0.898,-0.92,-0.924,-0.823,-0.851,-0.92,-0.959,-0.888,-0.892,-0.91,-0.823,-0.855,-0.902,-0.957,-0.888,-0.906,-0.872,-0.795,-0.857,-0.952,-0.926,-0.884,-0.904,-0.874,-0.775,0,0
"2019-04-15 03:50:00.0",782625,-9999,-19.62,-66.58,-66.58,-0.918,-9999,-9999,12.0416,39.98,39.91,18.38,-0.866,-0.954,-0.973,-0.908,-0.922,-0.924,-0.813,-0.857,-0.93,-0.932,-0.894,-0.92,-0.918,-0.807,-0.851,-0.946,-0.977,-0.894,-0.904,-0.894,-0.787,-0.849,-0.92,-0.954,-0.89,-0.904,-0.896,-0.781,0,700
"2019-04-15 03:50:20.0",782626,-9999,-19.42,-66.6,-66.6,-0.918,-9999,-9999,12.0416,39.98,39.91,18.35,-0.866,-0.928,-0.979,-0.898,-0.92,-0.89,-0.801,-0.855,-0.914,-0.938,-0.892,-0.91,-0.888,-0.833,-0.849,-0.922,-0.981,-0.89,-0.906,-0.898,-0.825,-0.853,-0.918,-0.957,-0.89,-0.908,-0.898,-0.799,0,0
"2019-04-15 03:50:40.0",782627,-9999,-19.22,-66.62,-66.62,-0.918,-9999,-9999,12.036,39.98,39.9,18.35,-0.87,-0.942,-0.963,-0.894,-0.916,-0.902,-0.819,-0.855,-0.91,-0.948,-0.888,-0.892,-0.878,-0.825,-0.859,-0.954,-0.954,-0.886,-0.908,-0.876,-0.801,-0.853,-0.91,-0.957,-0.89,-0.904,-0.878,-0.799,0,0
"2019-04-15 03:51:00.0",782628,-9999,-19.03,-66.65,-66.65,-0.918,-9999,-9999,12.0528,39.98,39.9,18.35,-0.861,-0.924,-0.973,-0.902,-0.92,-0.93,-0.835,-0.851,-0.95,-0.973,-0.89,-0.912,-0.92,-0.811,-0.851,-0.93,-0.965,-0.894,-0.912,-0.916,-0.789,-0.853,-0.954,-0.965,-0.89,-0.912,-0.918,-0.783,0,0
"2019-04-15 03:51:20.0",782629,-9999,-18.83,-66.67,-66.67,-0.918,-9999,-9999,12.0416,39.98,39.9,18.33,-0.859,-0.952,-0.971,-0.888,-0.92,-0.92,-0.787,-0.851,-0.944,-0.957,-0.888,-0.908,-0.898,-0.801,-0.851,-0.894,-0.944,-0.886,-0.906,-0.892,-0.781,-0.853,-0.92,-0.948,-0.88,-0.908,-0.892,-0.764,0,0
"2019-04-15 03:51:40.0",782630,-9999,-18.63,-66.69,-66.69,-0.918,-9999,-9999,12.0528,39.98,39.9,18.33,-0.861,-0.94,-0.981,-0.892,-0.916,-0.896,-0.791,-0.851,-0.91,-0.973,-0.866,-0.902,-0.894,-0.791,-0.851,-0.916,-0.952,-0.908,-0.904,-0.888,-0.809,-0.851,-0.916,-0.95,-0.88,-0.936,-0.89,-0.805,0,700
"2019-04-15 03:52:00.0",782631,-9999,-18.43,-66.72,-66.72,-0.919,-9999,-9999,12.0416,39.98,39.9,18.33,-0.861,-0.922,-0.969,-0.898,-0.916,-0.882,-0.825,-0.851,-0.944,-0.954,-0.886,-0.902,-0.894,-0.797,-0.849,-0.91,-0.93,-0.882,-0.9,-0.874,-0.783,-0.845,-0.942,-0.973,-0.88,-0.91,-0.888,-0.779,0,0
"2019-04-15 03:52:20.0",782632,-9999,-18.23,-66.74,-66.74,-0.919,-9999,-9999,12.0528,39.99,39.9,18.33,-0.866,-0.961,-0.961,-0.892,-0.906,-0.882,-0.827,-0.853,-0.902,-0.954,-0.886,-0.93,-0.888,-0.821,-0.855,-0.944,-0.957,-0.89,-0.904,-0.904,-0.803,-0.851,-0.906,-0.928,-0.888,-0.904,-0.904,-0.787,0,0
"2019-04-15 03:52:40.0",782633,-9999,-18.03,-66.76,-66.76,-0.919,-9999,-9999,12.0416,39.99,39.9,18.33,-0.863,-0.95,-0.965,-0.896,-0.918,-0.9,-0.829,-0.851,-0.922,-0.952,-0.888,-0.902,-0.924,-0.801,-0.851,-0.948,-0.946,-0.888,-0.908,-0.882,-0.779,-0.849,-0.91,-0.961,-0.898,-0.908,-0.874,-0.783,0,0
"2019-04-15 03:53:00.0",782634,-9999,-17.83,-66.78,-66.78,-0.919,-9999,-9999,12.0416,39.99,39.9,18.33,-0.861,-0.952,-0.963,-0.878,-0.906,-0.92,-0.813,-0.847,-0.926,-0.948,-0.886,-0.906,-0.892,-0.803,-0.847,-0.936,-0.944,-0.88,-0.904,-0.91,-0.811,-0.851,-0.92,-0.952,-0.876,-0.902,-0.906,-0.785,0,0
"2019-04-15 03:53:20.0",782635,-9999,-17.63,-66.8,-66.8,-0.919,-9999,-9999,12.0528,39.99,39.9,18.3,-0.868,-0.912,-0.957,-0.888,-0.916,-0.898,-0.777,-0.855,-0.948,-0.95,-0.902,-0.926,-0.878,-0.789,-0.843,-0.898,-0.938,-0.884,-0.902,-0.884,-0.811,-0.849,-0.92,-0.954,-0.88,-0.904,-0.884,-0.809,0,700
"2019-04-15 03:53:40.0",782636,-9999,-17.42,-66.83,-66.83,-0.919,-9999,-9999,12.0416,39.99,39.9,18.3,-0.857,-0.92,-0.961,-0.894,-0.904,-0.9,-0.827,-0.845,-0.906,-0.959,-0.882,-0.914,-0.884,-0.785,-0.843,-0.928,-0.948,-0.882,-0.906,-0.884,-0.817,-0.849,-0.912,-0.952,-0.882,-0.908,-0.908,-0.807,0,0
"2019-04-15 03:54:00.0",782637,-9999,-17.22,-66.85,-66.85,-0.919,-9999,-9999,12.0416,39.98,39.91,18.28,-0.859,-0.936,-0.959,-0.888,-0.916,-0.916,-0.803,-0.845,-0.93,-0.938,-0.878,-0.902,-0.892,-0.813,-0.845,-0.898,-0.944,-0.874,-0.9,-0.902,-0.791,-0.839,-0.916,-0.961,-0.882,-0.918,-0.9,-0.77,0,0
"2019-04-15 03:54:20.0",782638,-9999,-17.02,-66.87,-66.87,-0.92,-9999,-9999,12.0361,39.98,39.91,18.25,-0.859,-0.932,-0.961,-0.892,-0.894,-0.894,-0.785,-0.841,-0.924,-0.946,-0.886,-0.904,-0.904,-0.803,-0.839,-0.938,-0.948,-0.876,-0.896,-0.882,-0.775,-0.847,-0.902,-0.952,-0.863,-0.898,-0.87,-0.813,0,0
"2019-04-15 03:54:40.0",782639,-9999,-16.82,-66.89,-66.89,-0.92,-9999,-9999,12.0416,39.98,39.91,18.25,-0.861,-0.908,-0.954,-0.888,-0.892,-0.898,-0.817,-0.843,-0.898,-0.944,-0.882,-0.898,-0.91,-0.815,-0.843,-0.94,-0.952,-0.872,-0.9,-0.874,-0.791,-0.841,-0.9,-0.924,-0.894,-0.896,-0.89,-0.799,0,0
"2019-04-15 03:55:00.0",782640,-9999,-16.61,-66.91,-66.91,-0.92,-9999,-9999,12.0416,39.98,39.91,18.25,-0.853,-0.944,-0.952,-0.888,-0.912,-0.884,-0.809,-0.845,-0.93,-0.967,-0.882,-0.916,-0.886,-0.811,-0.839,-0.892,-0.946,-0.876,-0.89,-0.892,-0.785,-0.841,-0.906,-0.94,-0.874,-0.898,-0.896,-0.76,0,700
"2019-04-15 03:55:20.0",782641,-9999,-16.41,-66.93,-66.93,-0.92,-9999,-9999,12.0416,39.98,39.91,18.25,-0.851,-0.9,-0.95,-0.884,-0.89,-0.888,-0.793,-0.839,-0.93,-0.961,-0.88,-0.9,-0.904,-0.805,-0.839,-0.932,-0.916,-0.87,-0.89,-0.872,-0.807,-0.839,-0.888,-0.934,-0.876,-0.892,-0.866,-0.807,0,0
"2019-04-15 03:55:40.0",782642,-9999,-16.21,-66.95,-66.95,-0.92,-9999,-9999,12.0416,39.98,39.9,18.25,-0.851,-0.934,-0.957,-0.888,-0.91,-0.894,-0.791,-0.847,-0.908,-0.952,-0.88,-0.878,-0.888,-0.799,-0.837,-0.922,-0.948,-0.876,-0.904,-0.908,-0.813,-0.841,-0.94,-0.942,-0.882,-0.92,-0.868,-0.799,0,0
"2019-04-15 03:56:00.0",782643,-9999,-16,-66.97,-66.97,-0.92,-9999,-9999,12.0416,39.98,39.9,18.23,-0.847,-0.942,-0.922,-0.88,-0.906,-0.906,-0.797,-0.839,-0.902,-0.94,-0.868,-0.892,-0.868,-0.77,-0.841,-0.92,-0.936,-0.872,-0.89,-0.878,-0.805,-0.839,-0.924,-0.961,-0.9,-0.896,-0.892,-0.779,0,0
"2019-04-15 03:56:20.0",782644,-9999,-15.8,-66.99,-66.99,-0.92,-9999,-9999,12.0416,39.98,39.9,18.23,-0.847,-0.954,-0.963,-0.89,-0.904,-0.894,-0.815,-0.839,-0.888,-0.938,-0.868,-0.872,-0.9,-0.799,-0.837,-0.896,-0.942,-0.866,-0.892,-0.859,-0.803,-0.835,-0.914,-0.934,-0.866,-0.92,-0.857,-0.789,0,0
"2019-04-15 03:56:40.0",782645,-9999,-15.6,-67.01,-67.01,-0.921,-9999,-9999,12.0472,39.98,39.9,18.23,-0.855,-0.902,-0.948,-0.882,-0.888,-0.888,-0.785,-0.837,-0.922,-0.932,-0.876,-0.896,-0.884,-0.775,-0.837,-0.936,-0.94,-0.876,-0.89,-0.878,-0.791,-0.835,-0.898,-0.918,-0.874,-0.892,-0.894,-0.758,0,700
"2019-04-15 03:57:00.0",782646,-9999,-15.39,-67.02,-67.02,-0.921,-9999,-9999,12.0416,39.98,39.9,18.23,-0.849,-0.9,-0.926,-0.878,-0.902,-0.884,-0.777,-0.833,-0.902,-0.969,-0.872,-0.898,-0.886,-0.801,-0.835,-0.916,-0.94,-0.876,-0.892,-0.896,-0.775,-0.837,-0.934,-0.946,-0.872,-0.89,-0.868,-0.797,0,0
"2019-04-15 03:57:20.0",782647,-9999,-15.19,-67.04,-67.04,-0.921,-9999,-9999,12.0416,39.99,39.91,18.23,-0.843,-0.95,-0.967,-0.88,-0.902,-0.868,-0.807,-0.837,-0.926,-0.944,-0.87,-0.87,-0.906,-0.772,-0.833,-0.924,-0.946,-0.868,-0.866,-0.874,-0.772,-0.835,-0.89,-0.932,-0.878,-0.892,-0.894,-0.768,0,0
"2019-04-15 03:57:40.0",782648,-9999,-14.98,-67.06,-67.06,-0.921,-9999,-9999,12.0361,39.99,39.91,18.23,-0.847,-0.938,-0.942,-0.896,-0.902,-0.882,-0.809,-0.835,-0.916,-0.94,-0.87,-0.888,-0.884,-0.785,-0.833,-0.912,-0.94,-0.868,-0.894,-0.872,-0.813,-0.841,-0.934,-0.942,-0.874,-0.89,-0.902,-0.785,0,0
"2019-04-15 03:58:00.0",782649,-9999,-14.77,-67.08,-67.08,-0.921,-9999,-9999,12.0472,39.99,39.91,18.23,-0.845,-0.896,-0.942,-0.874,-0.9,-0.87,-0.799,-0.833,-0.918,-0.928,-0.866,-0.886,-0.87,-0.807,-0.833,-0.876,-0.932,-0.863,-0.886,-0.863,-0.762,-0.835,-0.888,-0.932,-0.866,-0.888,-0.847,-0.795,0,0
"2019-04-15 03:58:20.0",782650,-9999,-14.57,-67.1,-67.1,-0.921,-9999,-9999,12.0472,39.99,39.91,18.23,-0.841,-0.932,-0.94,-0.872,-0.898,-0.882,-0.789,-0.833,-0.904,-0.936,-0.868,-0.912,-0.902,-0.807,-0.831,-0.888,-0.957,-0.868,-0.908,-0.855,-0.762,-0.831,-0.91,-0.914,-0.866,-0.884,-0.866,-0.789,0,700
"2019-04-15 03:58:40.0",782651,-9999,-14.36,-67.12,-67.12,-0.921,-9999,-9999,12.0416,39.99,39.91,18.23,-0.843,-0.922,-0.963,-0.88,-0.9,-0.886,-0.789,-0.829,-0.906,-0.924,-0.87,-0.872,-0.861,-0.805,-0.831,-0.936,-0.954,-0.845,-0.886,-0.872,-0.762,-0.833,-0.926,-0.938,-0.868,-0.874,-0.9,-0.805,0,0
"2019-04-15 03:59:00.0",782652,-9999,-14.16,-67.13,-67.13,-0.921,-9999,-9999,12.0361,39.98,39.91,18.2,-0.845,-0.902,-0.954,-0.88,-0.882,-0.87,-0.813,-0.829,-0.908,-0.928,-0.863,-0.884,-0.894,-0.807,-0.827,-0.908,-0.908,-0.857,-0.866,-0.866,-0.758,-0.829,-0.914,-0.936,-0.863,-0.89,-0.89,-0.775,0,0
"2019-04-15 03:59:20.0",782653,-9999,-13.95,-67.15,-67.15,-0.922,-9999,-9999,12.0416,39.98,39.91,18.2,-0.843,-0.922,-0.944,-0.88,-0.902,-0.888,-0.775,-0.827,-0.884,-0.924,-0.847,-0.884,-0.872,-0.805,-0.829,-0.882,-0.95,-0.863,-0.874,-0.847,-0.754,-0.831,-0.884,-0.932,-0.868,-0.882,-0.87,-0.779,0,0
"2019-04-15 03:59:40.0",782654,-9999,-13.74,-67.17,-67.17,-0.922,-9999,-9999,12.0416,39.98,39.91,18.17,-0.835,-0.918,-0.92,-0.876,-0.9,-0.876,-0.805,-0.829,-0.928,-0.932,-0.857,-0.906,-0.884,-0.779,-0.827,-0.906,-0.924,-0.855,-0.878,-0.866,-0.793,-0.829,-0.918,-0.954,-0.863,-0.882,-0.884,-0.754,0,0
