"TOA5","","","1764","CR1000.Std.24","CPU:MFRSR_10012018V2.8.CR1","13574","TableHdr","PbCdlComm-1.6.0 (2016/01/26)"
"TIMESTAMP","RECORD","loggerID""headID""xpgmVerID""xlat""xlon""xSiteElev""xFULLREV""xCRXHSTEPS""xSCANseconds""xSCANnAvg""xSCANtrough""xHOMEoffset""xALLTIMEband"
"TS","RN","--""--""--""deg""deg""m""--""--""sec""--""--""--""--"
"","","Smp""Smp""Smp""Smp""Smp""Smp""Smp""Smp""Smp""Smp""Smp""Smp""Smp"
"2019-04-15 00:00:00.0",370,1764,180054423,2.8,-32.1259,-64.7287,1160,800,20,20,1,10,0,-1
"TOA5","","","1764","CR1000.Std.24","CPU:MFRSR_10012018V2.8.CR1","13574","Table155","PbCdlComm-1.6.0 (2016/01/26)"
"TIMESTAMP","RECORD","xoset""az""el""al""cosz""cosasz""pamass""vBat""Thead""THTC""Tlogger""Dnadir(1)""Dnadir(2)""Dnadir(3)""Dnadir(4)""Dnadir(5)""Dnadir(6)""Dnadir(7)""Deast(1)""Deast(2)""Deast(3)""Deast(4)""Deast(5)""Deast(6)""Deast(7)""Dsun(1)""Dsun(2)""Dsun(3)""Dsun(4)""Dsun(5)""Dsun(6)""Dsun(7)""Dwest(1)""Dwest(2)""Dwest(3)""Dwest(4)""Dwest(5)""Dwest(6)""Dwest(7)""kount""khome"
"TS","RN","sec""deg""deg""deg""--""--""--""Volt""degC""degC""degC""mV""mV""mV""mV""mV""mV""mV""mV""mV""mV""mV""mV""mV""mV""mV""mV""mV""mV""mV""mV""mV""mV""mV""mV""mV""mV""mV""mV""--""--"
"","","Smp""Smp""Smp""Smp""Smp""Smp""Smp""Smp""Smp""Smp""Smp""Smp""Smp""Smp""Smp""Smp""Smp""Smp""Smp""Smp""Smp""Smp""Smp""Smp""Smp""Smp""Smp""Smp""Smp""Smp""Smp""Smp""Smp""Smp""Smp""Smp""Smp""Smp""Smp""Smp""Smp"
"2019-04-15 06:00:00.0",783015,-9999,51.24,-58.11,-58.11,-0.849,-9999,-9999,12.0416,40,39.91,18.17,-0.868,-0.92,-0.967,-0.904,-0.92,-0.886,-0.811,-0.855,-0.946,-0.952,-0.886,-0.91,-0.914,-0.811,-0.853,-0.914,-0.948,-0.886,-0.908,-0.914,-0.787,-0.859,-0.94,-0.95,-0.886,-0.906,-0.896,-0.781,0,700
"2019-04-15 06:00:20.0",783016,-9999,51.36,-58.05,-58.05,-0.849,-9999,-9999,12.0416,40,39.91,18.17,-0.87,-0.957,-0.963,-0.898,-0.92,-0.9,-0.815,-0.855,-0.91,-0.938,-0.894,-0.908,-0.92,-0.829,-0.851,-0.926,-0.961,-0.888,-0.908,-0.912,-0.795,-0.851,-0.912,-0.948,-0.888,-0.914,-0.888,-0.791,0,0
"2019-04-15 06:00:40.0",783017,-9999,51.47,-58,-58,-0.848,-9999,-9999,12.0361,39.99,39.91,18.15,-0.87,-0.961,-0.967,-0.9,-0.92,-0.906,-0.825,-0.853,-0.926,-0.936,-0.886,-0.93,-0.904,-0.827,-0.855,-0.95,-0.979,-0.916,-0.912,-0.898,-0.799,-0.853,-0.93,-0.965,-0.894,-0.908,-0.9,-0.777,0,0
"2019-04-15 06:01:00.0",783018,-9999,51.59,-57.94,-57.94,-0.848,-9999,-9999,12.0361,39.99,39.91,18.15,-0.868,-0.928,-0.975,-0.906,-0.936,-0.894,-0.787,-0.853,-0.916,-0.938,-0.892,-0.926,-0.894,-0.825,-0.853,-0.948,-0.955,-0.884,-0.902,-0.876,-0.819,-0.861,-0.936,-0.955,-0.888,-0.906,-0.89,-0.797,0,0
"2019-04-15 06:01:20.0",783019,-9999,51.7,-57.89,-57.89,-0.847,-9999,-9999,12.0472,39.99,39.91,18.15,-0.872,-0.924,-0.959,-0.894,-0.918,-0.922,-0.823,-0.853,-0.924,-0.957,-0.888,-0.884,-0.878,-0.823,-0.853,-0.95,-0.946,-0.888,-0.916,-0.89,-0.797,-0.851,-0.92,-0.95,-0.884,-0.89,-0.87,-0.793,0,0
"2019-04-15 06:01:40.0",783020,-9999,51.81,-57.83,-57.83,-0.846,-9999,-9999,12.0416,39.99,39.91,18.15,-0.863,-0.932,-0.967,-0.9,-0.916,-0.898,-0.803,-0.855,-0.948,-0.963,-0.888,-0.91,-0.9,-0.827,-0.845,-0.908,-0.963,-0.89,-0.912,-0.894,-0.807,-0.851,-0.934,-0.961,-0.89,-0.902,-0.89,-0.793,0,700
"2019-04-15 06:02:00.0",783021,-9999,51.93,-57.78,-57.78,-0.846,-9999,-9999,12.0472,39.99,39.91,18.12,-0.863,-0.932,-0.965,-0.884,-0.93,-0.92,-0.783,-0.764,-0.829,-0.866,-0.799,-0.817,-0.793,-0.708,-0.766,-0.853,-0.831,-0.793,-0.811,-0.815,-0.702,-0.762,-0.811,-0.876,-0.801,-0.815,-0.821,-0.696,0,0
"2019-04-15 06:02:20.0",783022,-9999,52.04,-57.72,-57.72,-0.845,-9999,-9999,12.0416,39.99,39.91,18.12,-0.772,-0.866,-0.874,-0.811,-0.833,-0.801,-0.708,-0.76,-0.843,-0.861,-0.795,-0.817,-0.801,-0.72,-0.76,-0.815,-0.859,-0.791,-0.817,-0.821,-0.698,-0.762,-0.851,-0.886,-0.799,-0.827,-0.813,-0.694,0,0
"2019-04-15 06:02:40.0",783023,-9999,52.15,-57.67,-57.67,-0.845,-9999,-9999,12.0416,39.99,39.91,18.1,-0.775,-0.831,-0.863,-0.787,-0.827,-0.795,-0.716,-0.76,-0.817,-0.863,-0.77,-0.817,-0.829,-0.732,-0.764,-0.861,-0.886,-0.797,-0.811,-0.797,-0.728,-0.76,-0.821,-0.861,-0.801,-0.817,-0.823,-0.71,0,0
"2019-04-15 06:03:00.0",783024,-9999,52.27,-57.61,-57.61,-0.844,-9999,-9999,12.0416,39.99,39.91,18.1,-0.785,-0.857,-0.88,-0.805,-0.827,-0.807,-0.712,-0.766,-0.837,-0.841,-0.793,-0.823,-0.815,-0.69,-0.756,-0.811,-0.857,-0.795,-0.811,-0.809,-0.728,-0.762,-0.853,-0.861,-0.795,-0.797,-0.787,-0.73,0,0
"2019-04-15 06:03:20.0",783025,-9999,52.38,-57.55,-57.55,-0.844,-9999,-9999,12.0361,39.99,39.91,18.1,-0.775,-0.835,-0.874,-0.807,-0.829,-0.805,-0.734,-0.76,-0.833,-0.833,-0.801,-0.817,-0.821,-0.712,-0.762,-0.849,-0.876,-0.795,-0.835,-0.821,-0.696,-0.756,-0.827,-0.859,-0.781,-0.817,-0.821,-0.694,0,700
"2019-04-15 06:03:40.0",783026,-9999,52.49,-57.5,-57.5,-0.843,-9999,-9999,12.0361,39.98,39.91,18.1,-0.787,-0.868,-0.898,-0.825,-0.841,-0.831,-0.738,-0.783,-0.872,-0.878,-0.807,-0.829,-0.813,-0.738,-0.772,-0.829,-0.896,-0.809,-0.831,-0.815,-0.706,-0.779,-0.868,-0.882,-0.813,-0.833,-0.791,-0.706,0,0
"2019-04-15 06:04:00.0",783027,-9999,52.61,-57.44,-57.44,-0.843,-9999,-9999,12.0416,39.98,39.91,18.07,-0.791,-0.857,-0.894,-0.819,-0.863,-0.825,-0.706,-0.779,-0.837,-0.878,-0.813,-0.837,-0.823,-0.714,-0.777,-0.872,-0.863,-0.817,-0.833,-0.819,-0.704,-0.777,-0.833,-0.878,-0.813,-0.835,-0.843,-0.736,0,0
"2019-04-15 06:04:20.0",783028,-9999,52.72,-57.39,-57.39,-0.842,-9999,-9999,12.0416,39.99,39.91,18.07,-0.866,-0.924,-0.973,-0.902,-0.922,-0.922,-0.809,-0.851,-0.906,-0.957,-0.884,-0.91,-0.918,-0.819,-0.853,-0.932,-0.963,-0.888,-0.916,-0.91,-0.785,-0.855,-0.914,-0.981,-0.89,-0.906,-0.92,-0.787,0,0
"2019-04-15 06:04:40.0",783029,-9999,52.83,-57.33,-57.33,-0.842,-9999,-9999,12.0416,39.98,39.91,18.05,-0.866,-0.93,-0.981,-0.886,-0.92,-0.906,-0.787,-0.857,-0.948,-0.959,-0.89,-0.932,-0.904,-0.793,-0.861,-0.91,-0.955,-0.884,-0.904,-0.894,-0.813,-0.857,-0.936,-0.975,-0.888,-0.932,-0.89,-0.819,0,0
"2019-04-15 06:05:00.0",783030,-9999,52.94,-57.27,-57.27,-0.841,-9999,-9999,12.0416,39.99,39.91,18.05,-0.868,-0.94,-0.948,-0.9,-0.922,-0.934,-0.815,-0.857,-0.912,-0.973,-0.892,-0.91,-0.904,-0.825,-0.857,-0.93,-0.95,-0.868,-0.934,-0.894,-0.823,-0.853,-0.914,-0.967,-0.89,-0.894,-0.88,-0.815,0,700
"2019-04-15 06:05:20.0",783031,-9999,53.05,-57.22,-57.22,-0.841,-9999,-9999,12.0416,39.98,39.91,18.05,-0.868,-0.916,-0.969,-0.896,-0.916,-0.924,-0.795,-0.855,-0.916,-0.942,-0.896,-0.92,-0.904,-0.789,-0.857,-0.932,-0.965,-0.896,-0.936,-0.896,-0.777,-0.859,-0.924,-0.959,-0.888,-0.898,-0.884,-0.785,0,0
"2019-04-15 06:05:40.0",783032,-9999,53.16,-57.16,-57.16,-0.84,-9999,-9999,12.0416,39.96,39.91,18.05,-0.87,-0.934,-0.957,-0.894,-0.924,-0.914,-0.835,-0.855,-0.916,-0.955,-0.898,-0.904,-0.886,-0.821,-0.855,-0.918,-0.965,-0.892,-0.914,-0.874,-0.813,-0.857,-0.902,-0.955,-0.892,-0.912,-0.88,-0.805,0,0
"2019-04-15 06:06:00.0",783033,-9999,53.27,-57.1,-57.1,-0.84,-9999,-9999,12.0416,39.98,39.91,18.05,-0.866,-0.928,-0.95,-0.912,-0.922,-0.91,-0.829,-0.783,-0.843,-0.888,-0.809,-0.843,-0.823,-0.748,-0.783,-0.859,-0.884,-0.813,-0.835,-0.813,-0.726,-0.791,-0.831,-0.88,-0.819,-0.859,-0.821,-0.726,0,0
"2019-04-15 06:06:20.0",783034,-9999,53.38,-57.05,-57.05,-0.839,-9999,-9999,12.0416,39.99,39.91,18.02,-0.791,-0.847,-0.89,-0.823,-0.837,-0.809,-0.732,-0.779,-0.861,-0.87,-0.817,-0.839,-0.813,-0.722,-0.779,-0.868,-0.908,-0.819,-0.841,-0.811,-0.748,-0.783,-0.863,-0.89,-0.819,-0.841,-0.825,-0.738,0,0
"2019-04-15 06:06:40.0",783035,-9999,53.49,-56.99,-56.99,-0.839,-9999,-9999,12.0416,39.98,39.91,18.02,-0.793,-0.874,-0.878,-0.829,-0.872,-0.835,-0.754,-0.787,-0.831,-0.884,-0.817,-0.833,-0.817,-0.712,-0.781,-0.868,-0.898,-0.819,-0.837,-0.833,-0.708,-0.777,-0.843,-0.882,-0.793,-0.831,-0.815,-0.704,0,700
"2019-04-15 06:07:00.0",783036,-9999,53.6,-56.93,-56.93,-0.838,-9999,-9999,12.0416,39.99,39.91,18.02,-0.793,-0.861,-0.89,-0.823,-0.847,-0.845,-0.718,-0.859,-0.955,-0.959,-0.896,-0.902,-0.89,-0.815,-0.857,-0.934,-0.963,-0.896,-0.914,-0.884,-0.811,-0.857,-0.914,-0.963,-0.898,-0.92,-0.888,-0.797,0,0
"2019-04-15 06:07:20.0",783037,-9999,53.7,-56.88,-56.88,-0.838,-9999,-9999,12.0361,39.99,39.92,17.99,-0.872,-0.95,-0.975,-0.91,-0.926,-0.914,-0.835,-0.855,-0.924,-0.952,-0.892,-0.914,-0.902,-0.791,-0.859,-0.908,-0.961,-0.894,-0.912,-0.898,-0.785,-0.864,-0.952,-0.959,-0.892,-0.906,-0.882,-0.783,0,0
"2019-04-15 06:07:40.0",783038,-9999,53.81,-56.82,-56.82,-0.837,-9999,-9999,12.0472,39.99,39.92,17.99,-0.872,-0.959,-0.969,-0.888,-0.898,-0.922,-0.793,-0.853,-0.95,-0.961,-0.896,-0.92,-0.92,-0.827,-0.859,-0.914,-0.963,-0.894,-0.916,-0.922,-0.799,-0.859,-0.959,-0.963,-0.898,-0.914,-0.896,-0.799,0,0
"2019-04-15 06:08:00.0",783039,-9999,53.92,-56.76,-56.76,-0.836,-9999,-9999,12.0472,39.99,39.92,17.99,-0.87,-0.959,-0.981,-0.912,-0.928,-0.9,-0.815,-0.861,-0.922,-0.94,-0.892,-0.912,-0.92,-0.833,-0.87,-0.934,-0.987,-0.88,-0.922,-0.922,-0.821,-0.87,-0.922,-0.963,-0.894,-0.922,-0.894,-0.827,0,0
"2019-04-15 06:08:20.0",783040,-9999,54.03,-56.71,-56.71,-0.836,-9999,-9999,12.0361,39.98,39.92,17.97,-0.87,-0.922,-0.975,-0.904,-0.93,-0.928,-0.817,-0.861,-0.936,-0.967,-0.896,-0.91,-0.92,-0.793,-0.868,-0.91,-0.961,-0.892,-0.908,-0.912,-0.789,-0.866,-0.952,-0.934,-0.892,-0.93,-0.894,-0.791,0,700
"2019-04-15 06:08:40.0",783041,-9999,54.14,-56.65,-56.65,-0.835,-9999,-9999,12.0416,39.98,39.92,17.97,-0.878,-0.967,-0.991,-0.924,-0.928,-0.924,-0.807,-0.861,-0.922,-0.961,-0.898,-0.916,-0.936,-0.797,-0.861,-0.955,-0.989,-0.9,-0.89,-0.924,-0.795,-0.859,-0.926,-0.963,-0.894,-0.918,-0.92,-0.783,0,0
"2019-04-15 06:09:00.0",783042,-9999,54.24,-56.59,-56.59,-0.835,-9999,-9999,12.0416,39.99,39.92,17.97,-0.88,-0.948,-0.993,-0.908,-0.928,-0.942,-0.835,-0.864,-0.955,-0.938,-0.898,-0.916,-0.904,-0.829,-0.859,-0.944,-0.961,-0.894,-0.938,-0.896,-0.813,-0.861,-0.928,-0.987,-0.904,-0.914,-0.904,-0.827,0,0
"2019-04-15 06:09:20.0",783043,-9999,54.35,-56.54,-56.54,-0.834,-9999,-9999,12.0416,39.98,39.92,17.95,-0.872,-0.973,-0.983,-0.906,-0.936,-0.934,-0.823,-0.861,-0.926,-0.969,-0.9,-0.914,-0.904,-0.793,-0.864,-0.952,-0.975,-0.896,-0.91,-0.9,-0.827,-0.861,-0.936,-0.957,-0.89,-0.912,-0.88,-0.821,0,0
"2019-04-15 06:09:40.0",783044,-9999,54.46,-56.48,-56.48,-0.834,-9999,-9999,12.0361,39.96,39.9,17.95,-0.872,-0.928,-0.973,-0.906,-0.928,-0.892,-0.817,-0.864,-0.95,-0.946,-0.902,-0.914,-0.894,-0.805,-0.859,-0.944,-0.971,-0.898,-0.906,-0.89,-0.823,-0.864,-0.916,-0.985,-0.902,-0.924,-0.93,-0.799,0,0
"2019-04-15 06:10:00.0",783045,-9999,54.56,-56.42,-56.42,-0.833,-9999,-9999,12.0416,39.96,39.92,17.95,-0.876,-0.967,-0.957,-0.906,-0.952,-0.93,-0.801,-0.859,-0.932,-0.987,-0.924,-0.922,-0.91,-0.833,-0.872,-0.92,-0.967,-0.898,-0.92,-0.902,-0.821,-0.861,-0.948,-0.955,-0.896,-0.936,-0.886,-0.821,0,700
"2019-04-15 06:10:20.0",783046,-9999,54.67,-56.36,-56.36,-0.833,-9999,-9999,12.0361,39.96,39.9,17.95,-0.88,-0.95,-0.983,-0.904,-0.928,-0.916,-0.791,-0.872,-0.924,-0.946,-0.896,-0.918,-0.912,-0.819,-0.866,-0.963,-0.971,-0.882,-0.904,-0.904,-0.833,-0.868,-0.942,-0.993,-0.9,-0.922,-0.89,-0.829,0,0
"2019-04-15 06:10:40.0",783047,-9999,54.77,-56.31,-56.31,-0.832,-9999,-9999,12.0361,39.96,39.92,17.92,-0.876,-0.952,-0.983,-0.912,-0.918,-0.902,-0.827,-0.87,-0.926,-0.959,-0.902,-0.902,-0.924,-0.813,-0.861,-0.948,-0.95,-0.9,-0.91,-0.898,-0.811,-0.87,-0.934,-0.967,-0.894,-0.938,-0.9,-0.805,0,0
"2019-04-15 06:11:00.0",783048,-9999,54.88,-56.25,-56.25,-0.831,-9999,-9999,12.0416,39.96,39.92,17.92,-0.88,-0.944,-0.981,-0.908,-0.928,-0.896,-0.823,-0.866,-0.936,-0.969,-0.9,-0.908,-0.906,-0.823,-0.866,-0.914,-0.971,-0.906,-0.912,-0.9,-0.787,-0.866,-0.95,-0.963,-0.898,-0.916,-0.888,-0.811,0,0
"2019-04-15 06:11:20.0",783049,-9999,54.98,-56.19,-56.19,-0.831,-9999,-9999,12.0416,39.96,39.92,17.92,-0.876,-0.967,-0.977,-0.892,-0.957,-0.936,-0.827,-0.866,-0.961,-0.977,-0.902,-0.92,-0.912,-0.839,-0.866,-0.944,-0.975,-0.902,-0.922,-0.892,-0.811,-0.861,-0.93,-0.971,-0.906,-0.922,-0.932,-0.831,0,0
"2019-04-15 06:11:40.0",783050,-9999,55.09,-56.13,-56.13,-0.83,-9999,-9999,12.0416,39.96,39.92,17.89,-0.878,-0.942,-1.001,-0.918,-0.932,-0.9,-0.845,-0.861,-0.92,-0.969,-0.9,-0.918,-0.906,-0.803,-0.866,-0.955,-0.969,-0.896,-0.914,-0.92,-0.791,-0.857,-0.93,-0.981,-0.92,-0.92,-0.9,-0.791,0,700
"2019-04-15 06:12:00.0",783051,-9999,55.19,-56.07,-56.07,-0.83,-9999,-9999,12.0361,39.96,39.9,17.89,-0.876,-0.942,-1.001,-0.91,-0.936,-0.932,-0.817,-0.868,-0.944,-0.965,-0.904,-0.92,-0.934,-0.801,-0.864,-0.932,-0.965,-0.898,-0.926,-0.924,-0.795,-0.872,-0.963,-0.969,-0.904,-0.926,-0.91,-0.787,0,0
"2019-04-15 06:12:20.0",783052,-9999,55.3,-56.02,-56.02,-0.829,-9999,-9999,12.0416,39.96,39.92,17.89,-0.874,-0.926,-0.975,-0.94,-0.93,-0.906,-0.823,-0.864,-0.922,-0.971,-0.898,-0.92,-0.938,-0.803,-0.866,-0.967,-0.975,-0.894,-0.918,-0.904,-0.797,-0.864,-0.946,-0.961,-0.9,-0.918,-0.892,-0.801,0,0
"2019-04-15 06:12:40.0",783053,-9999,55.4,-55.96,-55.96,-0.829,-9999,-9999,12.0416,39.96,39.92,17.87,-0.878,-0.981,-0.975,-0.912,-0.936,-0.944,-0.801,-0.866,-0.955,-0.983,-0.924,-0.938,-0.902,-0.835,-0.876,-0.926,-0.965,-0.894,-0.904,-0.888,-0.793,-0.868,-0.94,-0.967,-0.898,-0.914,-0.924,-0.811,0,0
"2019-04-15 06:13:00.0",783054,-9999,55.51,-55.9,-55.9,-0.828,-9999,-9999,12.0416,39.96,39.92,17.87,-0.876,-0.961,-0.979,-0.892,-0.922,-0.912,-0.819,-0.866,-0.965,-0.969,-0.916,-0.922,-0.934,-0.807,-0.866,-0.95,-0.961,-0.894,-0.94,-0.918,-0.829,-0.866,-0.932,-0.95,-0.906,-0.926,-0.896,-0.823,0,0
"2019-04-15 06:13:20.0",783055,-9999,55.61,-55.84,-55.84,-0.827,-9999,-9999,12.0416,39.96,39.92,17.84,-0.874,-0.944,-0.981,-0.914,-0.926,-0.902,-0.791,-0.866,-0.961,-0.973,-0.902,-0.898,-0.89,-0.823,-0.87,-0.918,-0.94,-0.898,-0.916,-0.89,-0.835,-0.866,-0.918,-0.942,-0.898,-0.916,-0.92,-0.795,0,700
"2019-04-15 06:13:40.0",783056,-9999,55.71,-55.78,-55.78,-0.827,-9999,-9999,12.0416,39.96,39.92,17.84,-0.876,-0.959,-0.983,-0.916,-0.95,-0.922,-0.833,-0.866,-0.969,-0.955,-0.902,-0.916,-0.908,-0.793,-0.866,-0.914,-0.969,-0.896,-0.9,-0.884,-0.809,-0.866,-0.914,-0.967,-0.904,-0.918,-0.906,-0.779,0,0
"2019-04-15 06:14:00.0",783057,-9999,55.81,-55.73,-55.73,-0.826,-9999,-9999,12.0416,39.96,39.91,17.84,-0.876,-0.953,-0.971,-0.912,-0.924,-0.932,-0.841,-0.87,-0.944,-0.969,-0.9,-0.942,-0.91,-0.835,-0.861,-0.938,-0.953,-0.902,-0.922,-0.904,-0.829,-0.864,-0.959,-0.948,-0.906,-0.924,-0.894,-0.791,0,0
"2019-04-15 06:14:20.0",783058,-9999,55.92,-55.67,-55.67,-0.826,-9999,-9999,12.0472,39.96,39.91,17.84,-0.876,-0.926,-0.948,-0.906,-0.948,-0.89,-0.811,-0.861,-0.92,-0.965,-0.896,-0.924,-0.896,-0.817,-0.861,-0.963,-0.989,-0.898,-0.916,-0.89,-0.825,-0.866,-0.959,-0.965,-0.902,-0.92,-0.926,-0.799,0,0
"2019-04-15 06:14:40.0",783059,-9999,56.02,-55.61,-55.61,-0.825,-9999,-9999,12.0416,39.96,39.91,17.84,-0.872,-0.926,-0.989,-0.914,-0.928,-0.934,-0.827,-0.861,-0.916,-0.963,-0.9,-0.906,-0.924,-0.809,-0.864,-0.948,-0.967,-0.894,-0.94,-0.92,-0.817,-0.861,-0.936,-0.959,-0.892,-0.916,-0.896,-0.787,0,0
"2019-04-15 06:15:00.0",783060,-9999,56.12,-55.55,-55.55,-0.825,-9999,-9999,12.0361,39.96,39.91,17.82,-0.878,-0.979,-0.975,-0.916,-0.91,-0.918,-0.817,-0.864,-0.967,-0.975,-0.904,-0.91,-0.91,-0.837,-0.857,-0.936,-0.977,-0.906,-0.922,-0.904,-0.781,-0.864,-0.93,-0.944,-0.898,-0.936,-0.892,-0.783,0,700
"2019-04-15 06:15:20.0",783061,-9999,56.22,-55.49,-55.49,-0.824,-9999,-9999,12.0416,39.96,39.91,17.82,-0.876,-0.971,-0.991,-0.906,-0.946,-0.908,-0.793,-0.864,-0.961,-0.963,-0.894,-0.94,-0.928,-0.821,-0.866,-0.932,-0.961,-0.894,-0.892,-0.9,-0.813,-0.861,-0.922,-0.969,-0.902,-0.916,-0.906,-0.821,0,0
"2019-04-15 06:15:40.0",783062,-9999,56.32,-55.43,-55.43,-0.823,-9999,-9999,12.0416,39.97,39.91,17.79,-0.874,-0.955,-0.981,-0.91,-0.932,-0.896,-0.813,-0.862,-0.92,-0.961,-0.89,-0.916,-0.886,-0.841,-0.859,-0.942,-0.94,-0.9,-0.914,-0.882,-0.785,-0.859,-0.934,-0.94,-0.896,-0.916,-0.916,-0.783,0,0
"2019-04-15 06:16:00.0",783063,-9999,56.43,-55.38,-55.38,-0.823,-9999,-9999,12.0416,39.97,39.91,17.79,-0.874,-0.961,-1.003,-0.912,-0.95,-0.94,-0.823,-0.862,-0.942,-0.985,-0.924,-0.924,-0.93,-0.831,-0.868,-0.959,-0.967,-0.896,-0.914,-0.92,-0.831,-0.866,-0.95,-0.965,-0.898,-0.898,-0.904,-0.787,0,0
"2019-04-15 06:16:20.0",783064,-9999,56.53,-55.32,-55.32,-0.822,-9999,-9999,12.0472,39.97,39.91,17.79,-0.872,-0.965,-0.975,-0.902,-0.944,-0.894,-0.799,-0.857,-0.938,-0.973,-0.9,-0.914,-0.914,-0.815,-0.862,-0.93,-0.987,-0.9,-0.92,-0.894,-0.827,-0.859,-0.971,-0.967,-0.9,-0.92,-0.904,-0.831,0,0
"2019-04-15 06:16:40.0",783065,-9999,56.63,-55.26,-55.26,-0.822,-9999,-9999,12.0416,40,39.91,17.77,-0.874,-0.926,-0.95,-0.904,-0.906,-0.908,-0.827,-0.864,-0.932,-0.969,-0.918,-0.912,-0.922,-0.835,-0.866,-0.932,-0.975,-0.894,-0.918,-0.918,-0.785,-0.862,-0.94,-0.981,-0.892,-0.92,-0.898,-0.783,0,700
"2019-04-15 06:17:00.0",783066,-9999,56.73,-55.2,-55.2,-0.821,-9999,-9999,12.0416,39.97,39.91,17.77,-0.874,-0.965,-0.979,-0.932,-0.926,-0.91,-0.837,-0.862,-0.928,-0.953,-0.89,-0.898,-0.924,-0.829,-0.866,-0.914,-0.936,-0.894,-0.914,-0.916,-0.805,-0.864,-0.93,-0.934,-0.894,-0.944,-0.896,-0.785,0,0
"2019-04-15 06:17:20.0",783067,-9999,56.83,-55.14,-55.14,-0.821,-9999,-9999,12.0416,39.98,39.91,17.77,-0.87,-0.948,-0.979,-0.912,-0.932,-0.916,-0.831,-0.859,-0.938,-0.959,-0.898,-0.91,-0.922,-0.835,-0.862,-0.914,-0.944,-0.898,-0.918,-0.896,-0.825,-0.862,-0.957,-0.953,-0.896,-0.924,-0.924,-0.787,0,0
"2019-04-15 06:17:40.0",783068,-9999,56.93,-55.08,-55.08,-0.82,-9999,-9999,12.0416,39.97,39.91,17.77,-0.872,-0.963,-0.975,-0.906,-0.926,-0.904,-0.793,-0.87,-0.942,-0.963,-0.894,-0.916,-0.906,-0.821,-0.857,-0.914,-0.961,-0.898,-0.918,-0.898,-0.811,-0.864,-0.967,-0.967,-0.896,-0.902,-0.9,-0.819,0,0
"2019-04-15 06:18:00.0",783069,-9999,57.03,-55.02,-55.02,-0.819,-9999,-9999,12.0416,39.97,39.91,17.74,-0.868,-0.971,-0.953,-0.912,-0.926,-0.904,-0.803,-0.864,-0.932,-0.963,-0.9,-0.916,-0.92,-0.801,-0.866,-0.914,-0.959,-0.922,-0.918,-0.9,-0.785,-0.859,-0.94,-0.959,-0.902,-0.912,-0.906,-0.803,0,0
"2019-04-15 06:18:20.0",783070,-9999,57.12,-54.96,-54.96,-0.819,-9999,-9999,12.0416,39.97,39.91,17.74,-0.878,-0.94,-0.944,-0.906,-0.92,-0.89,-0.791,-0.862,-0.942,-0.963,-0.894,-0.92,-0.92,-0.805,-0.859,-0.959,-0.957,-0.896,-0.912,-0.918,-0.787,-0.862,-0.957,-0.961,-0.89,-0.9,-0.902,-0.785,0,700
"2019-04-15 06:18:40.0",783071,-9999,57.22,-54.9,-54.9,-0.818,-9999,-9999,12.0416,39.98,39.91,17.74,-0.874,-0.959,-0.979,-0.906,-0.934,-0.934,-0.833,-0.859,-0.914,-0.989,-0.898,-0.916,-0.892,-0.829,-0.864,-0.95,-0.959,-0.894,-0.922,-0.882,-0.825,-0.864,-0.936,-0.971,-0.896,-0.922,-0.902,-0.827,0,0
"2019-04-15 06:19:00.0",783072,-9999,57.32,-54.84,-54.84,-0.818,-9999,-9999,12.0416,39.97,39.91,17.74,-0.872,-0.92,-0.973,-0.9,-0.92,-0.892,-0.829,-0.86,-0.961,-0.971,-0.894,-0.92,-0.904,-0.813,-0.862,-0.942,-0.979,-0.912,-0.918,-0.92,-0.823,-0.862,-0.926,-0.979,-0.896,-0.92,-0.916,-0.783,0,0
"2019-04-15 06:19:20.0",783073,-9999,57.42,-54.78,-54.78,-0.817,-9999,-9999,12.0416,39.97,39.91,17.72,-0.872,-0.951,-0.973,-0.916,-0.928,-0.942,-0.843,-0.866,-0.953,-0.975,-0.9,-0.906,-0.906,-0.799,-0.857,-0.946,-0.971,-0.9,-0.916,-0.908,-0.791,-0.86,-0.922,-0.971,-0.904,-0.92,-0.886,-0.813,0,0
"2019-04-15 06:19:40.0",783074,-9999,57.52,-54.72,-54.72,-0.816,-9999,-9999,12.0361,39.97,39.91,17.72,-0.872,-0.918,-0.999,-0.908,-0.922,-0.896,-0.791,-0.862,-0.92,-0.967,-0.892,-0.916,-0.884,-0.835,-0.862,-0.94,-0.965,-0.89,-0.916,-0.89,-0.819,-0.86,-0.93,-0.957,-0.89,-0.914,-0.91,-0.791,0,0
"2019-04-15 06:20:00.0",783075,-9999,57.62,-54.66,-54.66,-0.816,-9999,-9999,12.0416,39.98,39.91,17.72,-0.872,-0.975,-0.975,-0.908,-0.928,-0.932,-0.821,-0.86,-0.946,-0.957,-0.89,-0.938,-0.92,-0.811,-0.866,-0.912,-0.934,-0.888,-0.912,-0.912,-0.811,-0.86,-0.908,-0.94,-0.888,-0.914,-0.89,-0.815,0,700
"2019-04-15 06:20:20.0",783076,-9999,57.72,-54.61,-54.61,-0.815,-9999,-9999,12.0416,39.98,39.91,17.72,-0.87,-0.93,-1.003,-0.912,-0.93,-0.91,-0.823,-0.857,-0.963,-0.969,-0.9,-0.918,-0.884,-0.789,-0.86,-0.912,-0.969,-0.916,-0.914,-0.88,-0.779,-0.86,-0.932,-0.938,-0.896,-0.908,-0.88,-0.801,0,0
"2019-04-15 06:20:40.0",783077,-9999,57.81,-54.55,-54.55,-0.815,-9999,-9999,12.0361,39.98,39.91,17.69,-0.87,-0.977,-0.985,-0.906,-0.928,-0.916,-0.843,-0.862,-0.92,-0.944,-0.902,-0.92,-0.894,-0.817,-0.857,-0.961,-0.965,-0.896,-0.912,-0.878,-0.813,-0.857,-0.934,-0.985,-0.894,-0.9,-0.884,-0.821,0,0
"2019-04-15 06:21:00.0",783078,-9999,57.91,-54.49,-54.49,-0.814,-9999,-9999,12.0416,39.99,39.91,17.69,-0.872,-0.948,-0.967,-0.9,-0.953,-0.91,-0.831,-0.862,-0.918,-0.936,-0.886,-0.912,-0.92,-0.831,-0.857,-0.955,-0.953,-0.896,-0.918,-0.914,-0.825,-0.862,-0.938,-0.989,-0.892,-0.91,-0.9,-0.823,0,0
"2019-04-15 06:21:20.0",783079,-9999,58.01,-54.43,-54.43,-0.813,-9999,-9999,12.0361,39.98,39.91,17.69,-0.87,-0.955,-0.999,-0.908,-0.924,-0.928,-0.801,-0.86,-0.918,-0.965,-0.892,-0.92,-0.926,-0.805,-0.862,-0.953,-0.969,-0.89,-0.912,-0.918,-0.791,-0.862,-0.938,-0.969,-0.896,-0.91,-0.892,-0.809,0,0
"2019-04-15 06:21:40.0",783080,-9999,58.1,-54.37,-54.37,-0.813,-9999,-9999,12.0361,39.98,39.91,17.69,-0.87,-0.928,-0.944,-0.896,-0.926,-0.89,-0.795,-0.855,-0.951,-0.961,-0.9,-0.918,-0.912,-0.801,-0.855,-0.926,-0.948,-0.89,-0.914,-0.884,-0.787,-0.857,-0.953,-0.967,-0.898,-0.916,-0.916,-0.807,0,700
"2019-04-15 06:22:00.0",783081,-9999,58.2,-54.31,-54.31,-0.812,-9999,-9999,12.0416,39.99,39.91,17.69,-0.866,-0.942,-0.997,-0.91,-0.932,-0.9,-0.823,-0.857,-0.92,-0.967,-0.908,-0.94,-0.906,-0.831,-0.862,-0.957,-0.961,-0.898,-0.896,-0.9,-0.793,-0.86,-0.94,-0.985,-0.896,-0.912,-0.902,-0.793,0,0
"2019-04-15 06:22:20.0",783082,-9999,58.3,-54.25,-54.25,-0.812,-9999,-9999,12.0416,39.99,39.91,17.66,-0.87,-0.928,-0.955,-0.908,-0.93,-0.932,-0.839,-0.862,-0.938,-0.965,-0.896,-0.918,-0.892,-0.831,-0.853,-0.918,-0.94,-0.898,-0.936,-0.888,-0.821,-0.857,-0.953,-0.957,-0.922,-0.914,-0.888,-0.801,0,0
"2019-04-15 06:22:40.0",783083,-9999,58.39,-54.19,-54.19,-0.811,-9999,-9999,12.0528,39.98,39.91,17.66,-0.874,-0.924,-0.955,-0.906,-0.928,-0.93,-0.829,-0.866,-0.94,-0.987,-0.884,-0.916,-0.906,-0.815,-0.86,-0.934,-0.969,-0.892,-0.912,-0.894,-0.807,-0.857,-0.922,-0.957,-0.9,-0.9,-0.902,-0.823,0,0
"2019-04-15 06:23:00.0",783084,-9999,58.49,-54.13,-54.13,-0.81,-9999,-9999,12.0416,39.98,39.91,17.66,-0.878,-0.963,-0.979,-0.906,-0.93,-0.928,-0.821,-0.857,-0.934,-0.963,-0.9,-0.916,-0.89,-0.825,-0.851,-0.953,-0.967,-0.892,-0.912,-0.896,-0.823,-0.853,-0.953,-0.955,-0.88,-0.938,-0.88,-0.781,0,0
"2019-04-15 06:23:20.0",783085,-9999,58.58,-54.07,-54.07,-0.81,-9999,-9999,12.0416,39.99,39.91,17.64,-0.868,-0.926,-0.955,-0.906,-0.92,-0.906,-0.809,-0.857,-0.93,-0.981,-0.894,-0.906,-0.884,-0.815,-0.864,-0.918,-0.955,-0.894,-0.91,-0.878,-0.805,-0.862,-0.942,-0.955,-0.894,-0.91,-0.88,-0.795,0,700
"2019-04-15 06:23:40.0",783086,-9999,58.68,-54.01,-54.01,-0.809,-9999,-9999,12.0361,39.99,39.91,17.64,-0.864,-0.926,-0.961,-0.896,-0.918,-0.89,-0.791,-0.86,-0.953,-0.955,-0.89,-0.91,-0.896,-0.799,-0.855,-0.92,-0.963,-0.896,-0.912,-0.916,-0.793,-0.86,-0.955,-0.959,-0.894,-0.916,-0.916,-0.811,0,0
"2019-04-15 06:24:00.0",783087,-9999,58.77,-53.95,-53.95,-0.808,-9999,-9999,12.0416,39.98,39.91,17.64,-0.868,-0.963,-0.963,-0.902,-0.928,-0.912,-0.831,-0.86,-0.959,-0.965,-0.896,-0.922,-0.928,-0.811,-0.853,-0.942,-0.965,-0.896,-0.92,-0.918,-0.813,-0.855,-0.92,-0.971,-0.902,-0.918,-0.924,-0.821,0,0
"2019-04-15 06:24:20.0",783088,-9999,58.87,-53.88,-53.88,-0.808,-9999,-9999,12.0416,39.99,39.91,17.64,-0.868,-0.932,-0.977,-0.906,-0.926,-0.902,-0.817,-0.858,-0.93,-0.961,-0.9,-0.898,-0.906,-0.797,-0.853,-0.91,-0.965,-0.898,-0.922,-0.9,-0.811,-0.862,-0.959,-0.965,-0.9,-0.92,-0.882,-0.801,0,0
"2019-04-15 06:24:40.0",783089,-9999,58.96,-53.82,-53.82,-0.807,-9999,-9999,12.0416,39.98,39.91,17.64,-0.87,-0.93,-0.981,-0.904,-0.93,-0.916,-0.813,-0.864,-0.938,-0.961,-0.902,-0.918,-0.904,-0.811,-0.855,-0.946,-0.961,-0.898,-0.914,-0.898,-0.791,-0.855,-0.961,-0.967,-0.896,-0.918,-0.922,-0.799,0,0
"2019-04-15 06:25:00.0",783090,-9999,59.05,-53.76,-53.76,-0.807,-9999,-9999,12.0416,39.99,39.91,17.64,-0.87,-0.969,-0.977,-0.908,-0.928,-0.91,-0.799,-0.86,-0.928,-0.973,-0.894,-0.938,-0.908,-0.803,-0.858,-0.961,-0.959,-0.892,-0.92,-0.898,-0.785,-0.858,-0.924,-0.959,-0.896,-0.91,-0.9,-0.787,0,700
"2019-04-15 06:25:20.0",783091,-9999,59.15,-53.7,-53.7,-0.806,-9999,-9999,12.0416,39.99,39.91,17.62,-0.87,-0.932,-0.983,-0.904,-0.926,-0.91,-0.823,-0.853,-0.961,-0.963,-0.896,-0.914,-0.9,-0.833,-0.855,-0.924,-0.965,-0.896,-0.94,-0.9,-0.829,-0.858,-0.946,-0.946,-0.898,-0.892,-0.902,-0.783,0,0
"2019-04-15 06:25:40.0",783092,-9999,59.24,-53.64,-53.64,-0.805,-9999,-9999,12.0416,39.99,39.91,17.62,-0.868,-0.936,-0.971,-0.902,-0.926,-0.912,-0.797,-0.858,-0.963,-0.963,-0.906,-0.918,-0.924,-0.837,-0.862,-0.92,-0.961,-0.896,-0.916,-0.916,-0.825,-0.862,-0.955,-0.942,-0.9,-0.914,-0.914,-0.783,0,0
"2019-04-15 06:26:00.0",783093,-9999,59.34,-53.58,-53.58,-0.805,-9999,-9999,12.0361,39.98,39.91,17.62,-0.87,-0.949,-0.971,-0.932,-0.91,-0.904,-0.797,-0.86,-0.934,-0.965,-0.888,-0.906,-0.902,-0.799,-0.855,-0.934,-0.965,-0.886,-0.914,-0.9,-0.793,-0.855,-0.928,-0.959,-0.896,-0.914,-0.896,-0.817,0,0
"2019-04-15 06:26:20.0",783094,-9999,59.43,-53.52,-53.52,-0.804,-9999,-9999,12.0472,39.99,39.91,17.62,-0.866,-0.953,-0.985,-0.9,-0.92,-0.894,-0.825,-0.86,-0.916,-0.959,-0.896,-0.94,-0.924,-0.833,-0.858,-0.955,-0.949,-0.888,-0.908,-0.92,-0.801,-0.86,-0.934,-0.961,-0.892,-0.916,-0.916,-0.791,0,0
"2019-04-15 06:26:40.0",783095,-9999,59.52,-53.46,-53.46,-0.803,-9999,-9999,12.0416,39.99,39.91,17.62,-0.868,-0.965,-0.969,-0.902,-0.92,-0.928,-0.807,-0.858,-0.924,-0.957,-0.884,-0.91,-0.882,-0.791,-0.858,-0.94,-0.946,-0.912,-0.914,-0.88,-0.781,-0.855,-0.932,-0.951,-0.884,-0.91,-0.878,-0.795,0,700
"2019-04-15 06:27:00.0",783096,-9999,59.62,-53.4,-53.4,-0.803,-9999,-9999,12.0416,39.99,39.91,17.59,-0.868,-0.951,-0.989,-0.9,-0.92,-0.926,-0.795,-0.858,-0.91,-0.977,-0.89,-0.908,-0.888,-0.821,-0.853,-0.934,-0.961,-0.88,-0.91,-0.898,-0.823,-0.858,-0.912,-0.963,-0.896,-0.916,-0.896,-0.823,0,0
"2019-04-15 06:27:20.0",783097,-9999,59.71,-53.34,-53.34,-0.802,-9999,-9999,12.0528,39.99,39.91,17.59,-0.876,-0.92,-0.961,-0.9,-0.922,-0.924,-0.823,-0.855,-0.93,-0.967,-0.896,-0.918,-0.926,-0.831,-0.853,-0.922,-0.957,-0.872,-0.916,-0.918,-0.773,-0.853,-0.959,-0.955,-0.894,-0.912,-0.914,-0.777,0,0
"2019-04-15 06:27:40.0",783098,-9999,59.8,-53.28,-53.28,-0.802,-9999,-9999,12.0416,39.99,39.91,17.59,-0.87,-0.932,-0.957,-0.898,-0.92,-0.922,-0.803,-0.855,-0.947,-0.951,-0.884,-0.906,-0.896,-0.781,-0.86,-0.904,-0.949,-0.89,-0.906,-0.89,-0.811,-0.86,-0.953,-0.955,-0.888,-0.932,-0.888,-0.779,0,0
"2019-04-15 06:28:00.0",783099,-9999,59.89,-53.22,-53.22,-0.801,-9999,-9999,12.0416,39.98,39.91,17.59,-0.864,-0.955,-0.983,-0.898,-0.92,-0.894,-0.827,-0.855,-0.908,-0.977,-0.884,-0.906,-0.914,-0.813,-0.86,-0.924,-0.949,-0.886,-0.906,-0.886,-0.801,-0.855,-0.91,-0.957,-0.892,-0.904,-0.91,-0.815,0,0
"2019-04-15 06:28:20.0",783100,-9999,59.98,-53.16,-53.16,-0.8,-9999,-9999,12.0416,39.99,39.91,17.59,-0.862,-0.916,-0.965,-0.896,-0.916,-0.88,-0.795,-0.86,-0.908,-0.955,-0.888,-0.886,-0.92,-0.791,-0.853,-0.938,-0.961,-0.888,-0.904,-0.91,-0.787,-0.849,-0.928,-0.949,-0.89,-0.91,-0.906,-0.777,0,700
"2019-04-15 06:28:40.0",783101,-9999,60.07,-53.1,-53.1,-0.8,-9999,-9999,12.0528,39.98,39.91,17.59,-0.87,-0.928,-0.979,-0.9,-0.916,-0.928,-0.783,-0.855,-0.906,-0.963,-0.89,-0.906,-0.912,-0.813,-0.853,-0.918,-0.951,-0.888,-0.908,-0.872,-0.809,-0.855,-0.912,-0.93,-0.884,-0.91,-0.876,-0.811,0,0
"2019-04-15 06:29:00.0",783102,-9999,60.17,-53.03,-53.03,-0.799,-9999,-9999,12.0361,39.99,39.91,17.56,-0.866,-0.959,-0.961,-0.916,-0.916,-0.896,-0.791,-0.856,-0.932,-0.955,-0.884,-0.91,-0.894,-0.821,-0.847,-0.904,-0.932,-0.884,-0.902,-0.894,-0.819,-0.853,-0.949,-0.951,-0.884,-0.906,-0.894,-0.777,0,0
"2019-04-15 06:29:20.0",783103,-9999,60.26,-52.97,-52.97,-0.798,-9999,-9999,12.0361,39.99,39.91,17.56,-0.866,-0.928,-0.969,-0.9,-0.918,-0.906,-0.825,-0.856,-0.918,-0.975,-0.886,-0.912,-0.894,-0.813,-0.853,-0.934,-0.953,-0.89,-0.908,-0.894,-0.807,-0.858,-0.916,-0.949,-0.886,-0.914,-0.896,-0.815,0,0
"2019-04-15 06:29:40.0",783104,-9999,60.35,-52.91,-52.91,-0.798,-9999,-9999,12.0472,39.99,39.91,17.56,-0.872,-0.961,-0.961,-0.89,-0.918,-0.902,-0.821,-0.853,-0.944,-0.957,-0.892,-0.928,-0.916,-0.811,-0.856,-0.908,-0.947,-0.878,-0.906,-0.87,-0.821,-0.862,-0.949,-0.947,-0.87,-0.908,-0.88,-0.813,0,0
"2019-04-15 06:30:00.0",783105,-9999,60.44,-52.85,-52.85,-0.797,-9999,-9999,12.0416,39.99,39.91,17.56,-0.862,-0.922,-0.961,-0.896,-0.922,-0.888,-0.813,-0.86,-0.949,-0.947,-0.91,-0.91,-0.894,-0.809,-0.849,-0.906,-0.961,-0.886,-0.904,-0.886,-0.817,-0.853,-0.957,-0.971,-0.902,-0.91,-0.894,-0.781,0,700
"2019-04-15 06:30:20.0",783106,-9999,60.53,-52.79,-52.79,-0.796,-9999,-9999,12.0361,39.99,39.91,17.56,-0.866,-0.92,-0.971,-0.906,-0.924,-0.906,-0.821,-0.851,-0.922,-0.953,-0.886,-0.908,-0.918,-0.805,-0.845,-0.934,-0.944,-0.882,-0.906,-0.87,-0.807,-0.853,-0.918,-0.938,-0.87,-0.9,-0.886,-0.791,0,0
"2019-04-15 06:30:40.0",783107,-9999,60.62,-52.73,-52.73,-0.796,-9999,-9999,12.0361,39.98,39.91,17.56,-0.87,-0.94,-0.975,-0.896,-0.92,-0.892,-0.809,-0.851,-0.932,-0.949,-0.892,-0.91,-0.882,-0.791,-0.856,-0.947,-0.977,-0.89,-0.908,-0.878,-0.781,-0.851,-0.93,-0.965,-0.89,-0.914,-0.88,-0.773,0,0
"2019-04-15 06:31:00.0",783108,-9999,60.71,-52.67,-52.67,-0.795,-9999,-9999,12.0416,39.99,39.91,17.56,-0.862,-0.961,-0.938,-0.902,-0.942,-0.908,-0.821,-0.847,-0.926,-0.981,-0.888,-0.906,-0.892,-0.791,-0.847,-0.944,-0.965,-0.896,-0.908,-0.912,-0.779,-0.851,-0.922,-0.951,-0.892,-0.912,-0.91,-0.781,0,0
"2019-04-15 06:31:20.0",783109,-9999,60.8,-52.6,-52.6,-0.794,-9999,-9999,12.0416,39.98,39.91,17.56,-0.862,-0.955,-0.989,-0.884,-0.922,-0.906,-0.829,-0.847,-0.955,-0.961,-0.896,-0.934,-0.892,-0.797,-0.849,-0.912,-0.983,-0.888,-0.908,-0.892,-0.783,-0.853,-0.951,-0.957,-0.892,-0.906,-0.876,-0.783,0,0
"2019-04-15 06:31:40.0",783110,-9999,60.89,-52.54,-52.54,-0.794,-9999,-9999,12.0416,39.99,39.91,17.54,-0.862,-0.93,-0.969,-0.898,-0.924,-0.904,-0.825,-0.851,-0.947,-0.94,-0.89,-0.912,-0.904,-0.829,-0.847,-0.902,-0.955,-0.894,-0.908,-0.912,-0.815,-0.845,-0.949,-0.953,-0.888,-0.91,-0.892,-0.815,0,700
"2019-04-15 06:32:00.0",783111,-9999,60.98,-52.48,-52.48,-0.793,-9999,-9999,12.0416,39.99,39.91,17.54,-0.862,-0.953,-0.973,-0.904,-0.914,-0.924,-0.789,-0.851,-0.92,-0.951,-0.888,-0.902,-0.896,-0.789,-0.851,-0.942,-0.949,-0.888,-0.908,-0.906,-0.781,-0.845,-0.928,-0.932,-0.882,-0.924,-0.912,-0.779,0,0
"2019-04-15 06:32:20.0",783112,-9999,61.07,-52.42,-52.42,-0.793,-9999,-9999,12.0361,39.98,39.91,17.54,-0.86,-0.916,-0.969,-0.892,-0.916,-0.878,-0.813,-0.858,-0.942,-0.967,-0.888,-0.906,-0.874,-0.809,-0.847,-0.902,-0.947,-0.882,-0.906,-0.888,-0.783,-0.851,-0.936,-0.928,-0.874,-0.9,-0.884,-0.773,0,0
"2019-04-15 06:32:40.0",783113,-9999,61.15,-52.36,-52.36,-0.792,-9999,-9999,12.0361,39.99,39.91,17.54,-0.864,-0.953,-0.959,-0.894,-0.918,-0.9,-0.825,-0.851,-0.922,-0.969,-0.882,-0.91,-0.882,-0.807,-0.851,-0.928,-0.942,-0.89,-0.892,-0.888,-0.803,-0.849,-0.922,-0.924,-0.91,-0.896,-0.89,-0.805,0,0
"2019-04-15 06:33:00.0",783114,-9999,61.24,-52.3,-52.3,-0.791,-9999,-9999,12.0416,39.99,39.91,17.54,-0.862,-0.94,-0.985,-0.9,-0.904,-0.902,-0.831,-0.851,-0.916,-0.928,-0.872,-0.914,-0.896,-0.827,-0.845,-0.94,-0.947,-0.89,-0.89,-0.878,-0.795,-0.847,-0.912,-0.959,-0.888,-0.906,-0.874,-0.803,0,0
"2019-04-15 06:33:20.0",783115,-9999,61.33,-52.23,-52.23,-0.791,-9999,-9999,12.0416,39.98,39.91,17.54,-0.862,-0.959,-0.967,-0.896,-0.918,-0.888,-0.799,-0.851,-0.926,-0.953,-0.884,-0.908,-0.878,-0.805,-0.847,-0.936,-0.955,-0.894,-0.902,-0.89,-0.795,-0.851,-0.898,-0.953,-0.88,-0.904,-0.888,-0.793,0,700
"2019-04-15 06:33:40.0",783116,-9999,61.42,-52.17,-52.17,-0.79,-9999,-9999,12.0416,39.99,39.91,17.54,-0.86,-0.902,-0.953,-0.892,-0.912,-0.916,-0.789,-0.849,-0.92,-0.945,-0.884,-0.886,-0.89,-0.793,-0.847,-0.942,-0.945,-0.878,-0.906,-0.902,-0.815,-0.849,-0.922,-0.92,-0.878,-0.898,-0.908,-0.779,0,0
"2019-04-15 06:34:00.0",783117,-9999,61.51,-52.11,-52.11,-0.789,-9999,-9999,12.0416,39.99,39.91,17.54,-0.86,-0.959,-0.967,-0.902,-0.928,-0.904,-0.809,-0.851,-0.912,-0.951,-0.888,-0.904,-0.902,-0.807,-0.843,-0.93,-0.957,-0.888,-0.906,-0.912,-0.771,-0.851,-0.947,-0.957,-0.884,-0.926,-0.912,-0.775,0,0
"2019-04-15 06:34:20.0",783118,-9999,61.59,-52.05,-52.05,-0.789,-9999,-9999,12.0416,39.99,39.91,17.54,-0.858,-0.926,-0.963,-0.896,-0.916,-0.912,-0.785,-0.847,-0.94,-0.947,-0.886,-0.9,-0.896,-0.815,-0.851,-0.904,-0.953,-0.88,-0.906,-0.89,-0.817,-0.845,-0.918,-0.924,-0.884,-0.904,-0.872,-0.809,0,0
"2019-04-15 06:34:40.0",783119,-9999,61.68,-51.99,-51.99,-0.788,-9999,-9999,12.0416,39.99,39.91,17.54,-0.86,-0.961,-0.957,-0.9,-0.912,-0.888,-0.795,-0.849,-0.949,-0.93,-0.884,-0.9,-0.878,-0.803,-0.847,-0.91,-0.947,-0.898,-0.904,-0.892,-0.805,-0.845,-0.942,-0.953,-0.882,-0.906,-0.886,-0.805,0,0
"2019-04-15 06:35:00.0",783120,-9999,61.77,-51.92,-51.92,-0.787,-9999,-9999,12.0361,39.99,39.91,17.54,-0.86,-0.953,-0.981,-0.89,-0.916,-0.916,-0.793,-0.847,-0.9,-0.973,-0.888,-0.902,-0.914,-0.785,-0.847,-0.906,-0.93,-0.88,-0.9,-0.872,-0.787,-0.845,-0.949,-0.969,-0.886,-0.902,-0.864,-0.777,0,700
"2019-04-15 06:35:20.0",783121,-9999,61.86,-51.86,-51.86,-0.787,-9999,-9999,12.0528,39.99,39.91,17.54,-0.856,-0.949,-0.963,-0.884,-0.904,-0.894,-0.801,-0.843,-0.945,-0.973,-0.884,-0.9,-0.888,-0.823,-0.843,-0.894,-0.924,-0.874,-0.896,-0.904,-0.815,-0.845,-0.932,-0.969,-0.886,-0.9,-0.884,-0.781,0,0
"2019-04-15 06:35:40.0",783122,-9999,61.94,-51.8,-51.8,-0.786,-9999,-9999,12.0416,39.99,39.91,17.54,-0.862,-0.93,-0.983,-0.89,-0.92,-0.888,-0.797,-0.843,-0.922,-0.94,-0.884,-0.898,-0.888,-0.817,-0.843,-0.936,-0.924,-0.878,-0.894,-0.9,-0.789,-0.847,-0.902,-0.969,-0.882,-0.904,-0.908,-0.801,0,0
"2019-04-15 06:36:00.0",783123,-9999,62.03,-51.74,-51.74,-0.785,-9999,-9999,12.0416,39.99,39.91,17.54,-0.854,-0.947,-0.951,-0.89,-0.902,-0.914,-0.779,-0.843,-0.934,-0.951,-0.882,-0.922,-0.908,-0.793,-0.843,-0.918,-0.949,-0.878,-0.902,-0.868,-0.783,-0.847,-0.922,-0.955,-0.884,-0.884,-0.874,-0.773,0,0
"2019-04-15 06:36:20.0",783124,-9999,62.11,-51.67,-51.67,-0.785,-9999,-9999,12.0416,39.99,39.91,17.54,-0.858,-0.936,-0.967,-0.894,-0.926,-0.882,-0.805,-0.845,-0.949,-0.959,-0.884,-0.902,-0.916,-0.783,-0.841,-0.926,-0.942,-0.86,-0.924,-0.89,-0.767,-0.843,-0.918,-0.949,-0.906,-0.9,-0.876,-0.779,0,0
"2019-04-15 06:36:40.0",783125,-9999,62.2,-51.61,-51.61,-0.784,-9999,-9999,12.0416,39.99,39.91,17.54,-0.856,-0.947,-0.932,-0.89,-0.912,-0.92,-0.771,-0.845,-0.932,-0.971,-0.88,-0.898,-0.888,-0.769,-0.851,-0.928,-0.957,-0.874,-0.896,-0.906,-0.771,-0.835,-0.892,-0.94,-0.878,-0.922,-0.892,-0.801,0,700
"2019-04-15 06:37:00.0",783126,-9999,62.29,-51.55,-51.55,-0.783,-9999,-9999,12.0416,39.99,39.91,17.54,-0.856,-0.904,-0.947,-0.886,-0.902,-0.886,-0.773,-0.851,-0.918,-0.94,-0.88,-0.898,-0.88,-0.781,-0.845,-0.896,-0.961,-0.86,-0.892,-0.902,-0.811,-0.845,-0.94,-0.942,-0.906,-0.902,-0.864,-0.799,0,0
"2019-04-15 06:37:20.0",783127,-9999,62.37,-51.49,-51.49,-0.782,-9999,-9999,12.0416,39.99,39.91,17.54,-0.86,-0.94,-0.957,-0.884,-0.892,-0.888,-0.815,-0.843,-0.918,-0.936,-0.876,-0.894,-0.886,-0.793,-0.839,-0.94,-0.947,-0.9,-0.896,-0.902,-0.775,-0.843,-0.904,-0.945,-0.872,-0.89,-0.9,-0.769,0,0
"2019-04-15 06:37:40.0",783128,-9999,62.46,-51.43,-51.43,-0.782,-9999,-9999,12.0416,39.99,39.91,17.54,-0.862,-0.957,-0.955,-0.888,-0.916,-0.916,-0.791,-0.841,-0.92,-0.953,-0.88,-0.906,-0.91,-0.827,-0.841,-0.945,-0.947,-0.884,-0.894,-0.872,-0.791,-0.843,-0.908,-0.951,-0.882,-0.904,-0.882,-0.791,0,0
"2019-04-15 06:38:00.0",783129,-9999,62.54,-51.36,-51.36,-0.781,-9999,-9999,12.0416,39.99,39.91,17.54,-0.849,-0.914,-0.951,-0.884,-0.894,-0.916,-0.781,-0.841,-0.91,-0.945,-0.872,-0.916,-0.874,-0.805,-0.841,-0.928,-0.934,-0.876,-0.892,-0.876,-0.791,-0.841,-0.894,-0.938,-0.878,-0.898,-0.898,-0.765,0,0
"2019-04-15 06:38:20.0",783130,-9999,62.63,-51.3,-51.3,-0.78,-9999,-9999,12.0416,39.99,39.91,17.54,-0.854,-0.918,-0.959,-0.88,-0.91,-0.894,-0.783,-0.841,-0.942,-0.969,-0.878,-0.9,-0.916,-0.797,-0.843,-0.916,-0.924,-0.88,-0.902,-0.886,-0.769,-0.841,-0.914,-0.967,-0.878,-0.912,-0.882,-0.758,0,700
"2019-04-15 06:38:40.0",783131,-9999,62.71,-51.24,-51.24,-0.78,-9999,-9999,12.0361,39.99,39.91,17.54,-0.847,-0.896,-0.926,-0.888,-0.9,-0.884,-0.781,-0.841,-0.928,-0.92,-0.876,-0.898,-0.886,-0.823,-0.841,-0.924,-0.945,-0.878,-0.886,-0.878,-0.795,-0.839,-0.914,-0.94,-0.878,-0.9,-0.878,-0.787,0,0
"2019-04-15 06:39:00.0",783132,-9999,62.8,-51.18,-51.18,-0.779,-9999,-9999,12.0361,39.99,39.91,17.54,-0.849,-0.91,-0.955,-0.89,-0.89,-0.906,-0.807,-0.835,-0.908,-0.938,-0.896,-0.898,-0.888,-0.779,-0.835,-0.932,-0.938,-0.872,-0.874,-0.896,-0.801,-0.837,-0.878,-0.908,-0.87,-0.89,-0.88,-0.791,0,0
"2019-04-15 06:39:20.0",783133,-9999,62.88,-51.11,-51.11,-0.778,-9999,-9999,12.0416,39.99,39.91,17.54,-0.849,-0.926,-0.945,-0.886,-0.908,-0.876,-0.817,-0.839,-0.934,-0.949,-0.88,-0.896,-0.91,-0.813,-0.843,-0.94,-0.945,-0.88,-0.92,-0.878,-0.791,-0.837,-0.902,-0.945,-0.882,-0.898,-0.882,-0.769,0,0
"2019-04-15 06:39:40.0",783134,-9999,62.97,-51.05,-51.05,-0.778,-9999,-9999,12.0416,39.99,39.91,17.54,-0.847,-0.94,-0.953,-0.886,-0.902,-0.874,-0.795,-0.837,-0.938,-0.945,-0.884,-0.902,-0.91,-0.791,-0.839,-0.918,-0.945,-0.874,-0.874,-0.862,-0.771,-0.839,-0.892,-0.951,-0.878,-0.898,-0.882,-0.811,0,0
"2019-04-15 06:40:00.0",783135,-9999,63.05,-50.99,-50.99,-0.777,-9999,-9999,12.0416,39.99,39.91,17.54,-0.849,-0.922,-0.949,-0.886,-0.928,-0.882,-0.797,-0.841,-0.922,-0.957,-0.872,-0.912,-0.898,-0.789,-0.837,-0.928,-0.934,-0.868,-0.912,-0.868,-0.791,-0.839,-0.892,-0.932,-0.868,-0.892,-0.872,-0.791,0,700
"2019-04-15 06:40:20.0",783136,-9999,63.13,-50.92,-50.92,-0.776,-9999,-9999,12.0416,39.99,39.91,17.54,-0.845,-0.922,-0.953,-0.886,-0.89,-0.892,-0.775,-0.837,-0.94,-0.938,-0.878,-0.896,-0.872,-0.771,-0.837,-0.932,-0.934,-0.87,-0.896,-0.898,-0.801,-0.839,-0.894,-0.94,-0.874,-0.894,-0.898,-0.785,0,0
"2019-04-15 06:40:40.0",783137,-9999,63.22,-50.86,-50.86,-0.776,-9999,-9999,12.0416,39.99,39.91,17.54,-0.849,-0.896,-0.943,-0.882,-0.902,-0.872,-0.787,-0.839,-0.896,-0.945,-0.87,-0.876,-0.864,-0.793,-0.839,-0.888,-0.959,-0.868,-0.888,-0.876,-0.801,-0.835,-0.92,-0.916,-0.868,-0.91,-0.896,-0.797,0,0
"2019-04-15 06:41:00.0",783138,-9999,63.3,-50.8,-50.8,-0.775,-9999,-9999,12.0528,39.99,39.91,17.54,-0.849,-0.93,-0.945,-0.886,-0.888,-0.88,-0.811,-0.843,-0.916,-0.963,-0.874,-0.9,-0.888,-0.793,-0.833,-0.908,-0.94,-0.874,-0.89,-0.9,-0.758,-0.835,-0.936,-0.936,-0.866,-0.878,-0.862,-0.793,0,0
"2019-04-15 06:41:20.0",783139,-9999,63.38,-50.73,-50.73,-0.774,-9999,-9999,12.0416,39.99,39.91,17.54,-0.843,-0.916,-0.951,-0.88,-0.9,-0.904,-0.813,-0.835,-0.886,-0.928,-0.87,-0.914,-0.868,-0.815,-0.841,-0.912,-0.932,-0.876,-0.882,-0.896,-0.789,-0.835,-0.934,-0.94,-0.868,-0.892,-0.856,-0.769,0,0
"2019-04-15 06:41:40.0",783140,-9999,63.47,-50.67,-50.67,-0.774,-9999,-9999,12.0416,39.99,39.91,17.54,-0.845,-0.9,-0.951,-0.908,-0.9,-0.886,-0.791,-0.833,-0.9,-0.945,-0.88,-0.88,-0.884,-0.811,-0.833,-0.894,-0.936,-0.87,-0.898,-0.88,-0.785,-0.833,-0.914,-0.918,-0.872,-0.888,-0.878,-0.773,0,700
"2019-04-15 06:42:00.0",783141,-9999,63.55,-50.61,-50.61,-0.773,-9999,-9999,12.0361,39.99,39.91,17.54,-0.849,-0.94,-0.945,-0.88,-0.9,-0.884,-0.783,-0.833,-0.908,-0.943,-0.872,-0.89,-0.876,-0.797,-0.837,-0.912,-0.934,-0.892,-0.89,-0.87,-0.762,-0.835,-0.926,-0.959,-0.868,-0.89,-0.896,-0.781,0,0
"2019-04-15 06:42:20.0",783142,-9999,63.63,-50.55,-50.55,-0.772,-9999,-9999,12.0416,39.99,39.91,17.54,-0.847,-0.906,-0.936,-0.908,-0.902,-0.868,-0.793,-0.829,-0.92,-0.93,-0.87,-0.888,-0.862,-0.767,-0.833,-0.924,-0.912,-0.86,-0.884,-0.888,-0.797,-0.833,-0.886,-0.938,-0.868,-0.912,-0.854,-0.748,0,0
"2019-04-15 06:42:40.0",783143,-9999,63.72,-50.48,-50.48,-0.771,-9999,-9999,12.0361,39.99,39.91,17.54,-0.851,-0.9,-0.924,-0.878,-0.898,-0.88,-0.775,-0.833,-0.922,-0.932,-0.849,-0.886,-0.884,-0.797,-0.839,-0.922,-0.932,-0.872,-0.87,-0.858,-0.763,-0.833,-0.888,-0.932,-0.847,-0.884,-0.872,-0.791,0,0
"2019-04-15 06:43:00.0",783144,-9999,63.8,-50.42,-50.42,-0.771,-9999,-9999,12.0472,39.99,39.91,17.54,-0.845,-0.898,-0.943,-0.88,-0.904,-0.868,-0.803,-0.833,-0.898,-0.945,-0.876,-0.888,-0.878,-0.767,-0.833,-0.91,-0.934,-0.892,-0.884,-0.86,-0.805,-0.835,-0.93,-0.961,-0.876,-0.892,-0.876,-0.763,0,0
"2019-04-15 06:43:20.0",783145,-9999,63.88,-50.36,-50.36,-0.77,-9999,-9999,12.0528,39.99,39.91,17.54,-0.847,-0.94,-0.953,-0.886,-0.898,-0.892,-0.813,-0.835,-0.896,-0.936,-0.866,-0.888,-0.864,-0.801,-0.831,-0.896,-0.932,-0.874,-0.888,-0.892,-0.763,-0.833,-0.908,-0.957,-0.866,-0.91,-0.854,-0.791,0,700
"2019-04-15 06:43:40.0",783146,-9999,63.96,-50.29,-50.29,-0.769,-9999,-9999,12.0416,39.99,39.91,17.54,-0.849,-0.894,-0.949,-0.878,-0.892,-0.888,-0.807,-0.831,-0.9,-0.943,-0.87,-0.914,-0.866,-0.781,-0.829,-0.894,-0.93,-0.87,-0.902,-0.894,-0.785,-0.835,-0.91,-0.94,-0.866,-0.898,-0.862,-0.785,0,0
"2019-04-15 06:44:00.0",783147,-9999,64.04,-50.23,-50.23,-0.769,-9999,-9999,12.0416,39.99,39.92,17.56,-0.843,-0.904,-0.965,-0.874,-0.904,-0.864,-0.771,-0.835,-0.912,-0.932,-0.868,-0.886,-0.898,-0.771,-0.831,-0.904,-0.932,-0.862,-0.886,-0.87,-0.783,-0.829,-0.92,-0.94,-0.87,-0.886,-0.894,-0.799,0,0
"2019-04-15 06:44:20.0",783148,-9999,64.12,-50.17,-50.17,-0.768,-9999,-9999,12.0416,39.99,39.92,17.56,-0.845,-0.928,-0.947,-0.878,-0.898,-0.908,-0.775,-0.829,-0.912,-0.959,-0.874,-0.892,-0.904,-0.769,-0.829,-0.904,-0.94,-0.87,-0.912,-0.858,-0.781,-0.833,-0.926,-0.943,-0.872,-0.888,-0.896,-0.76,0,0
"2019-04-15 06:44:40.0",783149,-9999,64.21,-50.1,-50.1,-0.767,-9999,-9999,12.0416,39.99,39.92,17.56,-0.841,-0.926,-0.953,-0.866,-0.904,-0.884,-0.777,-0.843,-0.91,-0.955,-0.872,-0.89,-0.88,-0.765,-0.831,-0.912,-0.957,-0.856,-0.888,-0.878,-0.791,-0.833,-0.932,-0.922,-0.876,-0.894,-0.898,-0.76,0,0
"2019-04-15 06:45:00.0",783150,-9999,64.29,-50.04,-50.04,-0.766,-9999,-9999,12.0416,39.99,39.92,17.56,-0.843,-0.9,-0.94,-0.864,-0.904,-0.868,-0.767,-0.833,-0.912,-0.943,-0.872,-0.886,-0.882,-0.771,-0.827,-0.91,-0.943,-0.87,-0.894,-0.862,-0.785,-0.837,-0.932,-0.961,-0.868,-0.884,-0.876,-0.76,0,700
"2019-04-15 06:45:20.0",783151,-9999,64.37,-49.98,-49.98,-0.766,-9999,-9999,12.0472,39.99,39.92,17.56,-0.849,-0.902,-0.949,-0.872,-0.884,-0.88,-0.771,-0.833,-0.91,-0.928,-0.866,-0.89,-0.878,-0.795,-0.829,-0.91,-0.945,-0.868,-0.884,-0.87,-0.797,-0.841,-0.906,-0.926,-0.866,-0.888,-0.898,-0.758,0,0
"2019-04-15 06:45:40.0",783152,-9999,64.45,-49.91,-49.91,-0.765,-9999,-9999,12.0416,39.98,39.92,17.56,-0.851,-0.93,-0.94,-0.88,-0.916,-0.86,-0.791,-0.829,-0.926,-0.922,-0.866,-0.872,-0.858,-0.783,-0.831,-0.92,-0.926,-0.86,-0.884,-0.89,-0.752,-0.835,-0.88,-0.94,-0.866,-0.89,-0.849,-0.785,0,0
"2019-04-15 06:46:00.0",783153,-9999,64.53,-49.85,-49.85,-0.764,-9999,-9999,12.0416,39.98,39.92,17.56,-0.843,-0.912,-0.92,-0.872,-0.902,-0.862,-0.781,-0.831,-0.89,-0.932,-0.868,-0.886,-0.876,-0.801,-0.829,-0.896,-0.93,-0.882,-0.89,-0.864,-0.756,-0.831,-0.922,-0.924,-0.89,-0.882,-0.866,-0.785,0,0
"2019-04-15 06:46:20.0",783154,-9999,64.61,-49.78,-49.78,-0.764,-9999,-9999,12.0361,39.98,39.92,17.56,-0.843,-0.928,-0.949,-0.858,-0.876,-0.882,-0.803,-0.831,-0.922,-0.936,-0.868,-0.886,-0.878,-0.767,-0.829,-0.928,-0.938,-0.862,-0.886,-0.851,-0.787,-0.839,-0.884,-0.959,-0.87,-0.888,-0.872,-0.795,0,0
"2019-04-15 06:46:40.0",783155,-9999,64.69,-49.72,-49.72,-0.763,-9999,-9999,12.0416,39.98,39.92,17.59,-0.843,-0.926,-0.949,-0.884,-0.92,-0.872,-0.807,-0.831,-0.926,-0.957,-0.872,-0.89,-0.868,-0.805,-0.831,-0.928,-0.936,-0.868,-0.89,-0.9,-0.765,-0.833,-0.93,-0.94,-0.866,-0.886,-0.86,-0.799,0,700
"2019-04-15 06:47:00.0",783156,-9999,64.77,-49.66,-49.66,-0.762,-9999,-9999,12.0416,39.98,39.92,17.59,-0.843,-0.904,-0.94,-0.882,-0.896,-0.864,-0.805,-0.833,-0.896,-0.928,-0.866,-0.88,-0.876,-0.795,-0.831,-0.886,-0.934,-0.862,-0.882,-0.849,-0.75,-0.825,-0.88,-0.934,-0.866,-0.882,-0.866,-0.767,0,0
"2019-04-15 06:47:20.0",783157,-9999,64.85,-49.59,-49.59,-0.761,-9999,-9999,12.0416,39.98,39.92,17.59,-0.847,-0.92,-0.965,-0.872,-0.894,-0.886,-0.763,-0.829,-0.912,-0.934,-0.858,-0.892,-0.874,-0.801,-0.829,-0.904,-0.93,-0.862,-0.884,-0.856,-0.758,-0.831,-0.9,-0.934,-0.866,-0.882,-0.866,-0.791,0,0
"2019-04-15 06:47:40.0",783158,-9999,64.93,-49.53,-49.53,-0.761,-9999,-9999,12.0416,39.98,39.92,17.59,-0.847,-0.943,-0.949,-0.882,-0.904,-0.878,-0.793,-0.833,-0.91,-0.926,-0.9,-0.894,-0.88,-0.795,-0.831,-0.91,-0.943,-0.868,-0.884,-0.874,-0.805,-0.833,-0.932,-0.922,-0.856,-0.894,-0.88,-0.765,0,0
"2019-04-15 06:48:00.0",783159,-9999,65.01,-49.47,-49.47,-0.76,-9999,-9999,12.0416,39.98,39.92,17.59,-0.839,-0.94,-0.947,-0.878,-0.902,-0.87,-0.809,-0.841,-0.932,-0.912,-0.866,-0.888,-0.904,-0.779,-0.833,-0.924,-0.914,-0.851,-0.898,-0.876,-0.783,-0.827,-0.932,-0.938,-0.86,-0.912,-0.9,-0.799,0,0
"2019-04-15 06:48:20.0",783160,-9999,65.09,-49.4,-49.4,-0.759,-9999,-9999,12.0361,39.98,39.92,17.59,-0.839,-0.951,-0.957,-0.886,-0.91,-0.886,-0.785,-0.839,-0.934,-0.949,-0.872,-0.894,-0.884,-0.793,-0.833,-0.932,-0.936,-0.872,-0.892,-0.862,-0.801,-0.833,-0.902,-0.938,-0.87,-0.88,-0.874,-0.756,0,700
"2019-04-15 06:48:40.0",783161,-9999,65.17,-49.34,-49.34,-0.759,-9999,-9999,12.0472,39.98,39.92,17.59,-0.843,-0.928,-0.949,-0.88,-0.924,-0.908,-0.777,-0.829,-0.918,-0.938,-0.868,-0.892,-0.872,-0.779,-0.833,-0.924,-0.938,-0.874,-0.898,-0.896,-0.791,-0.835,-0.93,-0.947,-0.872,-0.89,-0.864,-0.803,0,0
"2019-04-15 06:49:00.0",783162,-9999,65.25,-49.27,-49.27,-0.758,-9999,-9999,12.0416,39.98,39.92,17.59,-0.839,-0.906,-0.934,-0.878,-0.928,-0.886,-0.813,-0.835,-0.896,-0.94,-0.868,-0.896,-0.886,-0.813,-0.831,-0.908,-0.945,-0.898,-0.886,-0.866,-0.763,-0.831,-0.908,-0.943,-0.872,-0.896,-0.902,-0.783,0,0
"2019-04-15 06:49:20.0",783163,-9999,65.32,-49.21,-49.21,-0.757,-9999,-9999,12.0416,39.98,39.92,17.62,-0.845,-0.898,-0.951,-0.878,-0.904,-0.872,-0.791,-0.833,-0.888,-0.938,-0.874,-0.886,-0.878,-0.771,-0.829,-0.886,-0.932,-0.864,-0.886,-0.87,-0.771,-0.835,-0.902,-0.932,-0.864,-0.886,-0.878,-0.754,0,0
"2019-04-15 06:49:40.0",783164,-9999,65.4,-49.15,-49.15,-0.756,-9999,-9999,12.0416,39.98,39.92,17.59,-0.845,-0.936,-0.949,-0.882,-0.9,-0.882,-0.805,-0.831,-0.892,-0.914,-0.874,-0.898,-0.86,-0.805,-0.837,-0.892,-0.91,-0.874,-0.888,-0.9,-0.767,-0.843,-0.892,-0.94,-0.868,-0.896,-0.864,-0.783,0,0
"2019-04-15 06:50:00.0",783165,-9999,65.48,-49.08,-49.08,-0.756,-9999,-9999,12.0416,39.98,39.92,17.62,-0.843,-0.947,-0.959,-0.884,-0.902,-0.888,-0.787,-0.835,-0.922,-0.94,-0.868,-0.892,-0.862,-0.807,-0.835,-0.918,-0.924,-0.866,-0.886,-0.894,-0.763,-0.841,-0.888,-0.928,-0.866,-0.89,-0.856,-0.791,0,700
"2019-04-15 06:50:20.0",783166,-9999,65.56,-49.02,-49.02,-0.755,-9999,-9999,12.0416,39.98,39.92,17.62,-0.845,-0.957,-0.957,-0.886,-0.906,-0.884,-0.807,-0.837,-0.926,-0.945,-0.872,-0.894,-0.9,-0.775,-0.835,-0.93,-0.965,-0.87,-0.894,-0.878,-0.789,-0.833,-0.89,-0.938,-0.87,-0.894,-0.896,-0.769,0,0
"2019-04-15 06:50:40.0",783167,-9999,65.64,-48.95,-48.95,-0.754,-9999,-9999,12.0416,39.99,39.92,17.62,-0.843,-0.949,-0.975,-0.896,-0.91,-0.896,-0.811,-0.837,-0.892,-0.961,-0.874,-0.898,-0.882,-0.771,-0.835,-0.896,-0.936,-0.872,-0.894,-0.862,-0.803,-0.837,-0.904,-0.934,-0.868,-0.876,-0.874,-0.765,0,0
"2019-04-15 06:51:00.0",783168,-9999,65.71,-48.89,-48.89,-0.753,-9999,-9999,12.0528,39.99,39.92,17.62,-0.852,-0.947,-0.949,-0.888,-0.908,-0.872,-0.813,-0.837,-0.894,-0.947,-0.874,-0.91,-0.862,-0.793,-0.833,-0.892,-0.932,-0.87,-0.91,-0.896,-0.791,-0.839,-0.894,-0.932,-0.874,-0.886,-0.864,-0.758,0,0
"2019-04-15 06:51:20.0",783169,-9999,65.79,-48.82,-48.82,-0.753,-9999,-9999,12.0472,39.99,39.92,17.62,-0.852,-0.912,-0.951,-0.89,-0.908,-0.898,-0.785,-0.841,-0.91,-0.949,-0.878,-0.914,-0.882,-0.807,-0.839,-0.912,-0.92,-0.874,-0.916,-0.882,-0.763,-0.839,-0.94,-0.938,-0.872,-0.894,-0.9,-0.805,0,0
"2019-04-15 06:51:40.0",783170,-9999,65.87,-48.76,-48.76,-0.752,-9999,-9999,12.0416,39.99,39.92,17.62,-0.854,-0.945,-0.967,-0.906,-0.908,-0.91,-0.807,-0.839,-0.92,-0.943,-0.878,-0.896,-0.884,-0.793,-0.841,-0.912,-0.918,-0.878,-0.894,-0.878,-0.801,-0.845,-0.928,-0.936,-0.868,-0.92,-0.896,-0.787,0,700
"2019-04-15 06:52:00.0",783171,-9999,65.95,-48.7,-48.7,-0.751,-9999,-9999,12.0416,39.99,39.92,17.62,-0.852,-0.912,-0.951,-0.878,-0.888,-0.884,-0.797,-0.843,-0.926,-0.963,-0.874,-0.896,-0.898,-0.773,-0.839,-0.934,-0.936,-0.872,-0.888,-0.854,-0.785,-0.835,-0.894,-0.932,-0.872,-0.918,-0.874,-0.763,0,0
"2019-04-15 06:52:20.0",783172,-9999,66.02,-48.63,-48.63,-0.75,-9999,-9999,12.0361,39.99,39.92,17.62,-0.852,-0.955,-0.963,-0.892,-0.932,-0.882,-0.785,-0.843,-0.926,-0.945,-0.88,-0.894,-0.874,-0.775,-0.843,-0.936,-0.947,-0.882,-0.874,-0.904,-0.791,-0.841,-0.9,-0.949,-0.882,-0.902,-0.884,-0.763,0,0
"2019-04-15 06:52:40.0",783173,-9999,66.1,-48.57,-48.57,-0.75,-9999,-9999,12.0416,39.99,39.92,17.62,-0.856,-0.918,-0.953,-0.884,-0.92,-0.914,-0.793,-0.839,-0.92,-0.965,-0.888,-0.882,-0.866,-0.795,-0.845,-0.92,-0.951,-0.898,-0.9,-0.894,-0.817,-0.841,-0.932,-0.94,-0.874,-0.898,-0.864,-0.791,0,0
"2019-04-15 06:53:00.0",783174,-9999,66.18,-48.5,-48.5,-0.749,-9999,-9999,12.0361,39.99,39.92,17.62,-0.852,-0.926,-0.983,-0.89,-0.91,-0.916,-0.817,-0.841,-0.926,-0.914,-0.876,-0.9,-0.878,-0.817,-0.837,-0.908,-0.947,-0.884,-0.894,-0.88,-0.793,-0.843,-0.936,-0.965,-0.876,-0.926,-0.886,-0.797,0,0
"2019-04-15 06:53:20.0",783175,-9999,66.25,-48.44,-48.44,-0.748,-9999,-9999,12.0416,39.99,39.92,17.62,-0.854,-0.924,-0.971,-0.886,-0.906,-0.874,-0.793,-0.843,-0.896,-0.912,-0.876,-0.898,-0.87,-0.779,-0.837,-0.902,-0.938,-0.872,-0.898,-0.878,-0.807,-0.839,-0.914,-0.961,-0.878,-0.896,-0.878,-0.773,0,700
"2019-04-15 06:53:40.0",783176,-9999,66.33,-48.37,-48.37,-0.747,-9999,-9999,12.0528,39.99,39.92,17.62,-0.852,-0.949,-0.961,-0.892,-0.908,-0.89,-0.805,-0.847,-0.914,-0.965,-0.874,-0.896,-0.886,-0.803,-0.833,-0.916,-0.943,-0.872,-0.886,-0.884,-0.799,-0.847,-0.932,-0.936,-0.87,-0.894,-0.894,-0.787,0,0
"2019-04-15 06:54:00.0",783177,-9999,66.41,-48.31,-48.31,-0.747,-9999,-9999,12.0472,39.99,39.92,17.62,-0.856,-0.914,-0.938,-0.89,-0.91,-0.896,-0.781,-0.841,-0.934,-0.943,-0.88,-0.89,-0.87,-0.787,-0.845,-0.894,-0.94,-0.88,-0.898,-0.88,-0.795,-0.845,-0.92,-0.922,-0.88,-0.884,-0.902,-0.769,0,0
"2019-04-15 06:54:20.0",783178,-9999,66.48,-48.24,-48.24,-0.746,-9999,-9999,12.0528,39.99,39.92,17.62,-0.854,-0.908,-0.977,-0.872,-0.916,-0.912,-0.811,-0.843,-0.898,-0.938,-0.874,-0.918,-0.87,-0.777,-0.843,-0.894,-0.959,-0.878,-0.896,-0.884,-0.791,-0.843,-0.918,-0.943,-0.876,-0.892,-0.904,-0.771,0,0
"2019-04-15 06:54:40.0",783179,-9999,66.56,-48.18,-48.18,-0.745,-9999,-9999,12.0416,39.99,39.92,17.62,-0.854,-0.938,-0.955,-0.888,-0.928,-0.878,-0.781,-0.839,-0.906,-0.918,-0.874,-0.892,-0.866,-0.795,-0.841,-0.924,-0.936,-0.874,-0.896,-0.88,-0.807,-0.841,-0.894,-0.965,-0.876,-0.898,-0.882,-0.783,0,0
"2019-04-15 06:55:00.0",783180,-9999,66.63,-48.11,-48.11,-0.744,-9999,-9999,12.0361,39.99,39.92,17.62,-0.86,-0.912,-0.961,-0.894,-0.916,-0.92,-0.801,-0.843,-0.894,-0.969,-0.904,-0.894,-0.884,-0.823,-0.845,-0.912,-0.945,-0.876,-0.9,-0.868,-0.793,-0.847,-0.932,-0.945,-0.874,-0.896,-0.876,-0.765,0,700
"2019-04-15 06:55:20.0",783181,-9999,66.71,-48.05,-48.05,-0.744,-9999,-9999,12.0361,39.99,39.92,17.62,-0.854,-0.902,-0.979,-0.912,-0.906,-0.89,-0.813,-0.852,-0.906,-0.949,-0.87,-0.9,-0.896,-0.809,-0.843,-0.91,-0.947,-0.884,-0.908,-0.888,-0.815,-0.852,-0.943,-0.959,-0.878,-0.906,-0.872,-0.793,0,0
"2019-04-15 06:55:40.0",783182,-9999,66.78,-47.98,-47.98,-0.743,-9999,-9999,12.0416,39.99,39.92,17.62,-0.852,-0.934,-0.963,-0.896,-0.9,-0.904,-0.797,-0.852,-0.938,-0.936,-0.858,-0.902,-0.904,-0.815,-0.847,-0.896,-0.94,-0.882,-0.898,-0.862,-0.773,-0.854,-0.926,-0.922,-0.876,-0.9,-0.886,-0.811,0,0
"2019-04-15 06:56:00.0",783183,-9999,66.86,-47.92,-47.92,-0.742,-9999,-9999,12.0416,39.99,39.92,17.62,-0.86,-0.936,-0.957,-0.89,-0.916,-0.898,-0.789,-0.845,-0.9,-0.971,-0.884,-0.898,-0.906,-0.791,-0.843,-0.916,-0.916,-0.88,-0.898,-0.868,-0.773,-0.845,-0.932,-0.943,-0.876,-0.894,-0.878,-0.803,0,0
"2019-04-15 06:56:20.0",783184,-9999,66.94,-47.85,-47.85,-0.741,-9999,-9999,12.0416,39.99,39.92,17.62,-0.858,-0.936,-0.961,-0.89,-0.896,-0.894,-0.787,-0.847,-0.904,-0.922,-0.878,-0.9,-0.874,-0.789,-0.849,-0.904,-0.945,-0.882,-0.9,-0.882,-0.807,-0.849,-0.945,-0.949,-0.898,-0.9,-0.908,-0.795,0,0
"2019-04-15 06:56:40.0",783185,-9999,67.01,-47.79,-47.79,-0.741,-9999,-9999,12.0416,39.99,39.92,17.62,-0.854,-0.957,-0.953,-0.888,-0.914,-0.882,-0.813,-0.845,-0.906,-0.981,-0.886,-0.908,-0.892,-0.831,-0.845,-0.92,-0.932,-0.882,-0.904,-0.89,-0.771,-0.847,-0.934,-0.957,-0.878,-0.914,-0.902,-0.805,0,700
"2019-04-15 06:57:00.0",783186,-9999,67.08,-47.72,-47.72,-0.74,-9999,-9999,12.0416,39.99,39.92,17.62,-0.862,-0.902,-0.953,-0.888,-0.894,-0.914,-0.781,-0.849,-0.945,-0.955,-0.912,-0.912,-0.9,-0.829,-0.849,-0.904,-0.961,-0.884,-0.902,-0.888,-0.783,-0.854,-0.932,-0.953,-0.892,-0.908,-0.88,-0.771,0,0
"2019-04-15 06:57:20.0",783187,-9999,67.16,-47.66,-47.66,-0.739,-9999,-9999,12.0416,39.99,39.92,17.62,-0.86,-0.957,-0.963,-0.902,-0.924,-0.904,-0.829,-0.852,-0.924,-0.949,-0.87,-0.896,-0.894,-0.781,-0.847,-0.936,-0.947,-0.88,-0.902,-0.906,-0.803,-0.856,-0.912,-0.951,-0.882,-0.902,-0.89,-0.791,0,0
"2019-04-15 06:57:40.0",783188,-9999,67.23,-47.59,-47.59,-0.738,-9999,-9999,12.0416,39.99,39.92,17.62,-0.858,-0.922,-0.965,-0.892,-0.894,-0.894,-0.797,-0.852,-0.914,-0.94,-0.882,-0.904,-0.9,-0.787,-0.847,-0.922,-0.953,-0.884,-0.908,-0.87,-0.795,-0.852,-0.94,-0.955,-0.88,-0.9,-0.878,-0.799,0,0
"2019-04-15 06:58:00.0",783189,-9999,67.31,-47.53,-47.53,-0.738,-9999,-9999,12.0416,39.99,39.92,17.62,-0.86,-0.922,-0.985,-0.902,-0.914,-0.884,-0.781,-0.849,-0.902,-0.951,-0.876,-0.906,-0.894,-0.781,-0.847,-0.924,-0.967,-0.876,-0.928,-0.904,-0.809,-0.852,-0.932,-0.947,-0.89,-0.902,-0.89,-0.795,0,0
"2019-04-15 06:58:20.0",783190,-9999,67.38,-47.46,-47.46,-0.737,-9999,-9999,12.0416,39.99,39.92,17.62,-0.86,-0.943,-0.965,-0.896,-0.945,-0.904,-0.827,-0.854,-0.93,-0.957,-0.89,-0.91,-0.9,-0.817,-0.849,-0.951,-0.979,-0.886,-0.93,-0.876,-0.823,-0.849,-0.902,-0.957,-0.886,-0.908,-0.898,-0.793,0,700
"2019-04-15 06:58:40.0",783191,-9999,67.46,-47.4,-47.4,-0.736,-9999,-9999,12.0416,39.99,39.92,17.62,-0.862,-0.961,-0.969,-0.902,-0.916,-0.888,-0.809,-0.852,-0.961,-0.981,-0.892,-0.906,-0.918,-0.829,-0.847,-0.951,-0.934,-0.89,-0.904,-0.876,-0.807,-0.852,-0.934,-0.981,-0.892,-0.91,-0.886,-0.775,0,0
"2019-04-15 06:59:00.0",783192,-9999,67.53,-47.33,-47.33,-0.735,-9999,-9999,12.0528,39.99,39.91,17.62,-0.868,-0.926,-0.965,-0.898,-0.9,-0.92,-0.809,-0.854,-0.904,-0.951,-0.886,-0.906,-0.894,-0.821,-0.847,-0.916,-0.973,-0.884,-0.902,-0.91,-0.805,-0.849,-0.924,-0.943,-0.886,-0.904,-0.89,-0.773,0,0
"2019-04-15 06:59:20.0",783193,-9999,67.6,-47.27,-47.27,-0.735,-9999,-9999,12.0361,39.98,39.91,17.62,-0.858,-0.951,-0.969,-0.878,-0.908,-0.898,-0.825,-0.854,-0.943,-0.957,-0.884,-0.906,-0.916,-0.821,-0.852,-0.904,-0.947,-0.87,-0.898,-0.872,-0.787,-0.854,-0.945,-0.949,-0.882,-0.908,-0.872,-0.775,0,0
"2019-04-15 06:59:40.0",783194,-9999,67.68,-47.2,-47.2,-0.734,-9999,-9999,12.0416,39.98,39.91,17.62,-0.862,-0.943,-0.957,-0.892,-0.916,-0.918,-0.825,-0.854,-0.922,-0.951,-0.884,-0.886,-0.878,-0.783,-0.849,-0.947,-0.928,-0.88,-0.904,-0.884,-0.813,-0.852,-0.93,-0.973,-0.89,-0.906,-0.888,-0.805,0,0
