"TOA5","","","1764","CR1000.Std.24","CPU:MFRSR_10012018V2.8.CR1","13574","TableHdr","PbCdlComm-1.6.0 (2016/01/26)"
"TIMESTAMP","RECORD","loggerID""headID""xpgmVerID""xlat""xlon""xSiteElev""xFULLREV""xCRXHSTEPS""xSCANseconds""xSCANnAvg""xSCANtrough""xHOMEoffset""xALLTIMEband"
"TS","RN","--""--""--""deg""deg""m""--""--""sec""--""--""--""--"
"","","Smp""Smp""Smp""Smp""Smp""Smp""Smp""Smp""Smp""Smp""Smp""Smp""Smp"
"2019-04-16 00:00:00.0",372,1764,180054423,2.8,-32.1259,-64.7287,1160,800,20,20,1,10,0,-1
"TOA5","","","1764","CR1000.Std.24","CPU:MFRSR_10012018V2.8.CR1","13574","Table155","PbCdlComm-1.6.0 (2016/01/26)"
"TIMESTAMP","RECORD","xoset""az""el""al""cosz""cosasz""pamass""vBat""Thead""THTC""Tlogger""Dnadir(1)""Dnadir(2)""Dnadir(3)""Dnadir(4)""Dnadir(5)""Dnadir(6)""Dnadir(7)""Deast(1)""Deast(2)""Deast(3)""Deast(4)""Deast(5)""Deast(6)""Deast(7)""Dsun(1)""Dsun(2)""Dsun(3)""Dsun(4)""Dsun(5)""Dsun(6)""Dsun(7)""Dwest(1)""Dwest(2)""Dwest(3)""Dwest(4)""Dwest(5)""Dwest(6)""Dwest(7)""kount""khome"
"TS","RN","sec""deg""deg""deg""--""--""--""Volt""degC""degC""degC""mV""mV""mV""mV""mV""mV""mV""mV""mV""mV""mV""mV""mV""mV""mV""mV""mV""mV""mV""mV""mV""mV""mV""mV""mV""mV""mV""mV""--""--"
"","","Smp""Smp""Smp""Smp""Smp""Smp""Smp""Smp""Smp""Smp""Smp""Smp""Smp""Smp""Smp""Smp""Smp""Smp""Smp""Smp""Smp""Smp""Smp""Smp""Smp""Smp""Smp""Smp""Smp""Smp""Smp""Smp""Smp""Smp""Smp""Smp""Smp""Smp""Smp""Smp""Smp"
"2019-04-16 01:00:00.0",786435,-9999,-76.22,-38.83,-38.83,-0.627,-9999,-9999,12.0451,39.92,39.91,15.48,-0.916,-0.999,-1.028,-0.953,-0.977,-0.981,-0.838,-0.908,-0.999,-1.022,-0.951,-0.971,-0.943,-0.89,-0.908,-0.989,-1.018,-0.947,-0.967,-0.933,-0.878,-0.904,-0.965,-0.993,-0.929,-0.961,-0.971,-0.864,0,0
"2019-04-16 01:00:20.0",786436,-9999,-76.16,-38.9,-38.9,-0.628,-9999,-9999,12.0451,39.92,39.88,15.48,-0.918,-0.969,-1.012,-0.949,-0.967,-0.957,-0.868,-0.908,-0.993,-1.001,-0.939,-0.955,-0.937,-0.838,-0.906,-0.987,-0.999,-0.939,-0.959,-0.967,-0.84,-0.908,-0.957,-0.997,-0.937,-0.955,-0.939,-0.84,0,700
"2019-04-16 01:00:40.0",786437,-9999,-76.1,-38.96,-38.96,-0.629,-9999,-9999,12.0448,39.92,39.91,15.48,-0.918,-0.987,-1.026,-0.957,-0.971,-0.953,-0.872,-0.908,-1.01,-1.038,-0.947,-0.961,-0.959,-0.876,-0.908,-0.987,-1.016,-0.947,-0.963,-0.953,-0.872,-0.902,-0.973,-1.012,-0.949,-0.969,-0.951,-0.831,0,0
"2019-04-16 01:01:00.0",786438,-9999,-76.05,-39.03,-39.03,-0.63,-9999,-9999,12.0448,39.92,39.89,15.48,-0.918,-0.975,-1.026,-0.953,-0.973,-0.971,-0.868,-0.904,-0.953,-1.008,-0.943,-0.959,-0.953,-0.834,-0.912,-1.001,-1.024,-0.941,-0.959,-0.963,-0.829,-0.906,-0.981,-1.003,-0.935,-0.977,-0.943,-0.844,0,0
"2019-04-16 01:01:20.0",786439,-9999,-75.99,-39.1,-39.1,-0.631,-9999,-9999,12.0392,39.92,39.91,15.48,-0.929,-0.995,-1.018,-0.953,-0.975,-0.957,-0.878,-0.904,-0.965,-1.016,-0.951,-0.969,-0.959,-0.876,-0.91,-1.014,-1.018,-0.949,-0.969,-0.957,-0.876,-0.91,-0.989,-1.018,-0.953,-0.991,-0.941,-0.864,0,0
"2019-04-16 01:01:40.0",786440,-9999,-75.93,-39.17,-39.17,-0.632,-9999,-9999,12.0448,39.92,39.91,15.46,-0.921,-1.014,-1.022,-0.955,-0.973,-0.977,-0.874,-0.908,-0.965,-1.024,-0.939,-0.957,-0.945,-0.858,-0.904,-0.967,-1.005,-0.939,-0.959,-0.941,-0.846,-0.91,-0.999,-1.001,-0.935,-0.955,-0.935,-0.862,0,0
"2019-04-16 01:02:00.0",786441,-9999,-75.87,-39.24,-39.24,-0.633,-9999,-9999,12.0448,39.92,39.91,15.46,-0.918,-0.983,-1.022,-0.961,-0.977,-0.963,-0.864,-0.815,-0.908,-0.923,-0.86,-0.854,-0.868,-0.767,-0.815,-0.878,-0.923,-0.846,-0.866,-0.852,-0.763,-0.813,-0.866,-0.912,-0.854,-0.868,-0.836,-0.753,0,700
"2019-04-16 01:02:20.0",786442,-9999,-75.81,-39.31,-39.31,-0.633,-9999,-9999,12.039,39.91,39.91,15.46,-0.823,-0.876,-0.929,-0.854,-0.878,-0.842,-0.747,-0.813,-0.904,-0.916,-0.838,-0.89,-0.868,-0.751,-0.815,-0.894,-0.904,-0.852,-0.882,-0.856,-0.791,-0.817,-0.9,-0.927,-0.84,-0.862,-0.852,-0.73,0,0
"2019-04-16 01:02:40.0",786443,-9999,-75.75,-39.37,-39.37,-0.634,-9999,-9999,12.039,39.91,39.91,15.46,-0.827,-0.876,-0.921,-0.86,-0.876,-0.856,-0.757,-0.811,-0.886,-0.931,-0.86,-0.886,-0.854,-0.745,-0.815,-0.91,-0.918,-0.856,-0.888,-0.894,-0.753,-0.813,-0.892,-0.916,-0.854,-0.87,-0.86,-0.763,0,0
"2019-04-16 01:03:00.0",786444,-9999,-75.7,-39.44,-39.44,-0.635,-9999,-9999,12.039,39.91,39.91,15.46,-0.821,-0.916,-0.923,-0.856,-0.896,-0.88,-0.765,-0.811,-0.864,-0.935,-0.854,-0.876,-0.852,-0.781,-0.821,-0.91,-0.921,-0.856,-0.87,-0.856,-0.787,-0.831,-0.914,-0.927,-0.854,-0.85,-0.858,-0.771,0,0
"2019-04-16 01:03:20.0",786445,-9999,-75.64,-39.51,-39.51,-0.636,-9999,-9999,12.0502,39.91,39.91,15.46,-0.823,-0.906,-0.906,-0.882,-0.882,-0.85,-0.755,-0.809,-0.864,-0.882,-0.848,-0.854,-0.878,-0.763,-0.815,-0.896,-0.904,-0.84,-0.856,-0.866,-0.761,-0.807,-0.88,-0.9,-0.846,-0.86,-0.848,-0.769,0,0
"2019-04-16 01:03:40.0",786446,-9999,-75.58,-39.58,-39.58,-0.637,-9999,-9999,12.039,39.91,39.91,15.46,-0.842,-0.9,-0.965,-0.88,-0.898,-0.9,-0.797,-0.825,-0.89,-0.925,-0.864,-0.874,-0.854,-0.793,-0.827,-0.878,-0.904,-0.864,-0.878,-0.862,-0.791,-0.827,-0.914,-0.902,-0.856,-0.862,-0.862,-0.734,0,700
"2019-04-16 01:04:00.0",786447,-9999,-75.52,-39.65,-39.65,-0.638,-9999,-9999,12.0388,39.92,39.91,15.46,-0.838,-0.925,-0.943,-0.87,-0.888,-0.86,-0.763,-0.829,-0.9,-0.955,-0.864,-0.882,-0.858,-0.785,-0.829,-0.914,-0.929,-0.862,-0.878,-0.852,-0.781,-0.825,-0.908,-0.927,-0.864,-0.884,-0.888,-0.771,0,0
"2019-04-16 01:04:20.0",786448,-9999,-75.46,-39.72,-39.72,-0.639,-9999,-9999,12.0444,39.92,39.89,15.46,-0.918,-0.973,-1.022,-0.959,-0.977,-0.937,-0.88,-0.902,-0.991,-1.018,-0.939,-0.957,-0.927,-0.874,-0.908,-0.963,-1.012,-0.937,-0.961,-0.959,-0.862,-0.906,-0.957,-0.995,-0.937,-0.937,-0.937,-0.862,0,0
"2019-04-16 01:04:40.0",786449,-9999,-75.4,-39.78,-39.78,-0.64,-9999,-9999,12.0388,39.92,39.89,15.43,-0.914,-0.987,-1.012,-0.947,-0.967,-0.939,-0.829,-0.9,-0.989,-1.003,-0.941,-0.943,-0.947,-0.874,-0.904,-0.951,-1.014,-0.939,-0.955,-0.941,-0.858,-0.9,-0.953,-1.005,-0.935,-0.961,-0.925,-0.856,0,0
"2019-04-16 01:05:00.0",786450,-9999,-75.34,-39.85,-39.85,-0.641,-9999,-9999,12.0388,39.92,39.91,15.43,-0.914,-0.995,-1.03,-0.959,-0.971,-0.965,-0.88,-0.912,-1.005,-1.018,-0.949,-0.965,-0.941,-0.842,-0.91,-0.969,-1.018,-0.945,-0.963,-0.949,-0.876,-0.91,-0.997,-1.008,-0.945,-0.983,-0.951,-0.84,0,0
"2019-04-16 01:05:20.0",786451,-9999,-75.28,-39.92,-39.92,-0.642,-9999,-9999,12.0444,39.92,39.91,15.43,-0.918,-0.997,-1.048,-0.953,-0.977,-0.977,-0.878,-0.902,-1.008,-0.991,-0.943,-0.963,-0.957,-0.888,-0.904,-0.969,-1.036,-0.949,-0.961,-0.965,-0.876,-0.904,-0.981,-1.034,-0.939,-0.965,-0.945,-0.832,0,700
"2019-04-16 01:05:40.0",786452,-9999,-75.22,-39.99,-39.99,-0.643,-9999,-9999,12.0447,39.92,39.89,15.43,-0.916,-0.991,-1.016,-0.949,-0.969,-0.955,-0.856,-0.9,-0.995,-0.979,-0.939,-0.959,-0.941,-0.858,-0.906,-0.961,-1.012,-0.941,-0.977,-0.943,-0.844,-0.906,-1.001,-1.028,-0.931,-0.941,-0.937,-0.864,0,0
"2019-04-16 01:06:00.0",786453,-9999,-75.16,-40.06,-40.06,-0.644,-9999,-9999,12.0391,39.92,39.91,15.43,-0.921,-0.979,-1.028,-0.953,-0.979,-0.963,-0.846,-0.832,-0.914,-0.935,-0.868,-0.882,-0.9,-0.763,-0.832,-0.89,-0.947,-0.87,-0.888,-0.87,-0.761,-0.832,-0.925,-0.916,-0.864,-0.904,-0.874,-0.783,0,0
"2019-04-16 01:06:20.0",786454,-9999,-75.11,-40.13,-40.13,-0.644,-9999,-9999,12.0391,39.92,39.91,15.43,-0.842,-0.9,-0.949,-0.88,-0.894,-0.886,-0.797,-0.829,-0.888,-0.937,-0.868,-0.872,-0.88,-0.801,-0.829,-0.923,-0.957,-0.868,-0.88,-0.856,-0.795,-0.825,-0.902,-0.941,-0.862,-0.884,-0.894,-0.785,0,0
"2019-04-16 01:06:40.0",786455,-9999,-75.05,-40.2,-40.2,-0.645,-9999,-9999,12.0391,39.92,39.91,15.43,-0.838,-0.896,-0.943,-0.876,-0.894,-0.88,-0.759,-0.823,-0.89,-0.921,-0.86,-0.88,-0.892,-0.793,-0.834,-0.874,-0.929,-0.858,-0.876,-0.878,-0.787,-0.825,-0.906,-0.927,-0.858,-0.878,-0.84,-0.74,0,0
"2019-04-16 01:07:00.0",786456,-9999,-74.99,-40.26,-40.26,-0.646,-9999,-9999,12.0447,39.92,39.91,15.41,-0.84,-0.914,-0.931,-0.872,-0.888,-0.89,-0.771,-0.902,-0.969,-1.001,-0.929,-0.949,-0.923,-0.856,-0.904,-0.963,-1.018,-0.933,-0.957,-0.935,-0.821,-0.904,-0.987,-0.997,-0.927,-0.949,-0.939,-0.842,0,700
"2019-04-16 01:07:20.0",786457,-9999,-74.93,-40.33,-40.33,-0.647,-9999,-9999,12.0449,39.92,39.91,15.41,-0.916,-0.961,-0.989,-0.941,-0.965,-0.945,-0.868,-0.9,-0.965,-0.981,-0.937,-0.951,-0.959,-0.838,-0.906,-0.993,-1.022,-0.937,-0.953,-0.941,-0.829,-0.904,-0.985,-0.997,-0.933,-0.959,-0.921,-0.817,0,0
"2019-04-16 01:07:40.0",786458,-9999,-74.87,-40.4,-40.4,-0.648,-9999,-9999,12.0393,39.92,39.89,15.41,-0.916,-0.965,-1.018,-0.945,-0.965,-0.955,-0.864,-0.902,-0.955,-0.981,-0.939,-0.961,-0.961,-0.872,-0.908,-0.995,-1.028,-0.939,-0.963,-0.941,-0.866,-0.904,-0.977,-1.005,-0.941,-0.979,-0.929,-0.825,0,0
"2019-04-16 01:08:00.0",786459,-9999,-74.81,-40.47,-40.47,-0.649,-9999,-9999,12.0449,39.92,39.91,15.41,-0.914,-1.008,-1.032,-0.953,-0.993,-0.975,-0.829,-0.906,-0.961,-1.008,-0.947,-0.961,-0.935,-0.84,-0.904,-0.981,-1.016,-0.945,-0.959,-0.971,-0.856,-0.904,-0.963,-1.01,-0.945,-0.961,-0.947,-0.821,0,0
"2019-04-16 01:08:20.0",786460,-9999,-74.75,-40.54,-40.54,-0.65,-9999,-9999,12.0393,39.92,39.91,15.41,-0.91,-0.989,-1.042,-0.957,-0.975,-0.963,-0.876,-0.904,-0.997,-1.016,-0.943,-0.963,-0.975,-0.868,-0.904,-0.961,-0.991,-0.943,-0.967,-0.949,-0.827,-0.904,-0.977,-1.016,-0.945,-0.963,-0.945,-0.85,0,0
"2019-04-16 01:08:40.0",786461,-9999,-74.69,-40.6,-40.6,-0.651,-9999,-9999,12.0393,39.92,39.89,15.41,-0.916,-0.977,-1.022,-0.959,-0.969,-0.959,-0.866,-0.906,-0.985,-1.016,-0.943,-0.963,-0.975,-0.842,-0.906,-0.963,-1.008,-0.949,-0.967,-0.945,-0.844,-0.904,-1.01,-1.02,-0.941,-0.987,-0.929,-0.827,0,700
"2019-04-16 01:09:00.0",786462,-9999,-74.63,-40.67,-40.67,-0.652,-9999,-9999,12.0395,39.92,39.91,15.41,-0.914,-0.975,-1.018,-0.957,-0.973,-0.959,-0.844,-0.9,-0.989,-1.022,-0.947,-0.961,-0.953,-0.878,-0.908,-0.971,-0.991,-0.973,-0.959,-0.935,-0.858,-0.908,-1.003,-0.999,-0.943,-0.987,-0.963,-0.872,0,0
"2019-04-16 01:09:20.0",786463,-9999,-74.57,-40.74,-40.74,-0.653,-9999,-9999,12.0395,39.92,39.89,15.41,-0.918,-0.961,-1.028,-0.945,-0.965,-0.969,-0.844,-0.902,-0.981,-1.003,-0.941,-0.939,-0.971,-0.84,-0.906,-1.003,-1.014,-0.943,-0.983,-0.939,-0.832,-0.904,-0.995,-0.989,-0.945,-0.955,-0.927,-0.825,0,0
"2019-04-16 01:09:40.0",786464,-9999,-74.5,-40.81,-40.81,-0.654,-9999,-9999,12.0395,39.92,39.91,15.41,-0.914,-0.985,-1.024,-0.957,-0.975,-0.949,-0.866,-0.906,-0.961,-1.005,-0.945,-0.969,-0.973,-0.85,-0.906,-1.005,-1.005,-0.943,-0.983,-0.971,-0.842,-0.908,-0.987,-1.014,-0.941,-0.947,-0.935,-0.834,0,0
"2019-04-16 01:10:00.0",786465,-9999,-74.44,-40.88,-40.88,-0.654,-9999,-9999,12.0395,39.92,39.91,15.41,-0.914,-1.014,-1.001,-0.953,-0.979,-0.979,-0.848,-0.906,-0.957,-0.997,-0.937,-0.961,-0.929,-0.876,-0.906,-1.001,-1.003,-0.937,-0.979,-0.941,-0.846,-0.904,-0.975,-0.995,-0.933,-0.945,-0.933,-0.836,0,0
"2019-04-16 01:10:20.0",786466,-9999,-74.38,-40.94,-40.94,-0.655,-9999,-9999,12.0451,39.92,39.89,15.41,-0.912,-0.999,-1.005,-0.949,-0.949,-0.933,-0.834,-0.906,-0.955,-1.003,-0.939,-0.955,-0.939,-0.832,-0.902,-0.995,-0.999,-0.941,-0.953,-0.937,-0.832,-0.9,-0.973,-0.973,-0.937,-0.955,-0.921,-0.815,0,700
"2019-04-16 01:10:40.0",786467,-9999,-74.32,-41.01,-41.01,-0.656,-9999,-9999,12.0448,39.92,39.91,15.41,-0.914,-0.977,-0.983,-0.945,-0.971,-0.935,-0.825,-0.9,-0.975,-1.001,-0.937,-0.959,-0.961,-0.876,-0.906,-0.991,-0.989,-0.935,-0.957,-0.963,-0.858,-0.898,-0.991,-0.997,-0.941,-0.955,-0.941,-0.864,0,0
"2019-04-16 01:11:00.0",786468,-9999,-74.26,-41.08,-41.08,-0.657,-9999,-9999,12.0559,39.92,39.91,15.41,-0.923,-1.01,-1.024,-0.959,-0.965,-0.945,-0.836,-0.904,-1.008,-0.993,-0.949,-0.969,-0.939,-0.844,-0.902,-0.989,-1.034,-0.947,-0.987,-0.935,-0.836,-0.904,-0.961,-1.014,-0.941,-0.943,-0.971,-0.821,0,0
"2019-04-16 01:11:20.0",786469,-9999,-74.2,-41.15,-41.15,-0.658,-9999,-9999,12.0448,39.92,39.89,15.41,-0.914,-0.985,-1.028,-0.961,-0.975,-0.947,-0.872,-0.902,-0.959,-1.008,-0.937,-0.943,-0.933,-0.874,-0.908,-1.008,-0.985,-0.943,-0.957,-0.945,-0.868,-0.906,-0.957,-1.003,-0.959,-0.959,-0.941,-0.87,0,0
"2019-04-16 01:11:40.0",786470,-9999,-74.14,-41.22,-41.22,-0.659,-9999,-9999,12.0392,39.92,39.91,15.41,-0.916,-0.991,-1.02,-0.957,-0.979,-0.977,-0.88,-0.908,-1.008,-1.014,-0.949,-0.963,-0.981,-0.878,-0.914,-0.971,-1.018,-0.947,-0.965,-0.953,-0.876,-0.904,-1.012,-1.014,-0.947,-0.957,-0.939,-0.862,0,0
"2019-04-16 01:12:00.0",786471,-9999,-74.08,-41.28,-41.28,-0.66,-9999,-9999,12.0392,39.92,39.91,15.41,-0.918,-0.981,-1.022,-0.957,-0.977,-0.959,-0.842,-0.906,-0.993,-1.014,-0.949,-0.959,-0.957,-0.878,-0.912,-1.014,-1.02,-0.951,-0.967,-0.933,-0.874,-0.902,-0.981,-1.01,-0.945,-0.961,-0.969,-0.862,0,700
"2019-04-16 01:12:20.0",786472,-9999,-74.02,-41.35,-41.35,-0.661,-9999,-9999,12.0505,39.92,39.91,15.39,-0.927,-1.026,-1.02,-0.955,-0.973,-0.965,-0.856,-0.904,-1.008,-1.003,-0.945,-0.965,-0.971,-0.852,-0.908,-0.995,-1.016,-0.933,-0.965,-0.945,-0.84,-0.906,-0.965,-0.995,-0.949,-0.965,-0.935,-0.832,0,0
"2019-04-16 01:12:40.0",786473,-9999,-73.96,-41.42,-41.42,-0.662,-9999,-9999,12.0394,39.92,39.89,15.41,-0.919,-0.975,-1.028,-0.957,-0.981,-0.963,-0.848,-0.902,-0.977,-0.993,-0.941,-0.961,-0.937,-0.832,-0.904,-1.01,-1.034,-0.927,-0.965,-0.969,-0.87,-0.906,-0.999,-1.003,-0.945,-0.959,-0.943,-0.823,0,0
"2019-04-16 01:13:00.0",786474,-9999,-73.89,-41.49,-41.49,-0.662,-9999,-9999,12.0394,39.92,39.91,15.39,-0.921,-0.971,-1.026,-0.955,-0.975,-0.957,-0.854,-0.906,-0.965,-1.016,-0.951,-0.967,-0.955,-0.878,-0.91,-1.001,-1.003,-0.951,-0.963,-0.933,-0.876,-0.906,-0.973,-0.983,-0.945,-0.959,-0.961,-0.862,0,0
"2019-04-16 01:13:20.0",786475,-9999,-73.83,-41.56,-41.56,-0.663,-9999,-9999,12.0394,39.92,39.89,15.39,-0.916,-0.977,-1.042,-0.959,-0.973,-0.953,-0.866,-0.908,-0.971,-1.038,-0.943,-0.957,-0.951,-0.834,-0.904,-0.959,-1.001,-0.943,-0.957,-0.931,-0.836,-0.904,-0.989,-0.985,-0.967,-0.981,-0.963,-0.844,0,0
"2019-04-16 01:13:40.0",786476,-9999,-73.77,-41.62,-41.62,-0.664,-9999,-9999,12.0394,39.92,39.91,15.39,-0.921,-1.008,-1.02,-0.951,-0.965,-0.955,-0.854,-0.902,-0.951,-1.001,-0.935,-0.955,-0.939,-0.872,-0.91,-0.987,-1.001,-0.937,-0.959,-0.935,-0.868,-0.906,-0.977,-0.999,-0.937,-0.937,-0.937,-0.862,0,700
"2019-04-16 01:14:00.0",786477,-9999,-73.71,-41.69,-41.69,-0.665,-9999,-9999,12.0451,39.92,39.89,15.39,-0.916,-0.965,-1.003,-0.949,-0.987,-0.971,-0.827,-0.908,-0.987,-1.006,-0.933,-0.955,-0.945,-0.866,-0.912,-0.995,-0.975,-0.939,-0.957,-0.925,-0.862,-0.906,-0.999,-0.981,-0.937,-0.955,-0.937,-0.819,0,0
"2019-04-16 01:14:20.0",786478,-9999,-73.65,-41.76,-41.76,-0.666,-9999,-9999,12.0396,39.92,39.91,15.39,-0.916,-0.975,-0.993,-0.955,-0.971,-0.981,-0.858,-0.906,-0.987,-1.012,-0.945,-0.959,-0.937,-0.844,-0.912,-0.967,-1.01,-0.949,-0.965,-0.951,-0.836,-0.908,-1.001,-1.012,-0.941,-0.963,-0.949,-0.854,0,0
"2019-04-16 01:14:40.0",786479,-9999,-73.59,-41.83,-41.83,-0.667,-9999,-9999,12.0507,39.92,39.91,15.39,-0.916,-0.979,-1.016,-0.945,-0.967,-0.937,-0.874,-0.908,-0.995,-0.999,-0.939,-0.963,-0.953,-0.86,-0.906,-0.965,-1.01,-0.945,-0.963,-0.951,-0.862,-0.908,-0.967,-1.018,-0.941,-0.961,-0.943,-0.85,0,0
"2019-04-16 01:15:00.0",786480,-9999,-73.52,-41.89,-41.89,-0.668,-9999,-9999,12.0451,39.92,39.91,15.39,-0.914,-0.997,-0.999,-0.959,-0.997,-0.949,-0.852,-0.908,-1.008,-0.993,-0.947,-0.957,-0.951,-0.884,-0.9,-0.985,-1.034,-0.947,-0.965,-0.933,-0.872,-0.904,-0.955,-1.006,-0.945,-0.963,-0.951,-0.864,0,0
"2019-04-16 01:15:20.0",786481,-9999,-73.46,-41.96,-41.96,-0.669,-9999,-9999,12.0396,39.92,39.91,15.39,-0.916,-1.008,-1.03,-0.959,-0.973,-0.977,-0.836,-0.902,-0.971,-1.022,-0.949,-0.955,-0.953,-0.876,-0.908,-0.977,-1.016,-0.945,-0.963,-0.937,-0.856,-0.902,-0.965,-1.01,-0.943,-0.963,-0.965,-0.868,0,700
"2019-04-16 01:15:40.0",786482,-9999,-73.4,-42.03,-42.03,-0.67,-9999,-9999,12.0397,39.92,39.91,15.39,-0.916,-1.008,-1.003,-0.945,-0.965,-0.941,-0.87,-0.9,-0.985,-1.008,-0.935,-0.951,-0.923,-0.836,-0.908,-0.953,-0.995,-0.935,-0.951,-0.935,-0.825,-0.902,-0.941,-0.985,-0.931,-0.949,-0.941,-0.829,0,0
"2019-04-16 01:16:00.0",786483,-9999,-73.34,-42.1,-42.1,-0.67,-9999,-9999,12.0397,39.92,39.91,15.39,-0.916,-0.989,-1.02,-0.955,-0.957,-0.957,-0.874,-0.896,-0.975,-1.006,-0.943,-0.955,-0.947,-0.836,-0.902,-0.973,-1.008,-0.941,-0.981,-0.947,-0.842,-0.904,-1.001,-1.006,-0.947,-0.959,-0.967,-0.829,0,0
"2019-04-16 01:16:20.0",786484,-9999,-73.27,-42.17,-42.17,-0.671,-9999,-9999,12.0397,39.92,39.91,15.39,-0.914,-0.977,-1.036,-0.957,-0.975,-0.941,-0.882,-0.904,-0.969,-1.012,-0.941,-0.961,-0.951,-0.842,-0.9,-1.003,-0.991,-0.927,-0.957,-0.927,-0.834,-0.902,-0.985,-1.016,-0.939,-0.957,-0.963,-0.827,0,0
"2019-04-16 01:16:40.0",786485,-9999,-73.21,-42.23,-42.23,-0.672,-9999,-9999,12.0453,39.92,39.91,15.39,-0.914,-0.993,-1.02,-0.951,-0.965,-0.977,-0.872,-0.894,-0.967,-0.979,-0.937,-0.955,-0.943,-0.827,-0.898,-0.989,-1.024,-0.939,-0.957,-0.953,-0.832,-0.902,-0.987,-1.006,-0.935,-0.953,-0.941,-0.821,0,0
"2019-04-16 01:17:00.0",786486,-9999,-73.15,-42.3,-42.3,-0.673,-9999,-9999,12.0397,39.92,39.91,15.36,-0.91,-0.999,-1.032,-0.945,-0.959,-0.943,-0.862,-0.904,-0.981,-1.001,-0.925,-0.955,-0.955,-0.846,-0.9,-0.951,-0.983,-0.937,-0.975,-0.945,-0.827,-0.896,-0.993,-0.997,-0.939,-0.959,-0.921,-0.838,0,700
"2019-04-16 01:17:20.0",786487,-9999,-73.09,-42.37,-42.37,-0.674,-9999,-9999,12.0454,39.92,39.91,15.36,-0.91,-1.003,-0.997,-0.935,-0.967,-0.943,-0.832,-0.902,-0.973,-1.006,-0.931,-0.933,-0.921,-0.856,-0.906,-0.999,-0.977,-0.931,-0.953,-0.925,-0.827,-0.898,-0.995,-0.991,-0.929,-0.953,-0.959,-0.848,0,0
"2019-04-16 01:17:40.0",786488,-9999,-73.02,-42.44,-42.44,-0.675,-9999,-9999,12.0398,39.92,39.91,15.36,-0.912,-0.985,-1.003,-0.943,-0.965,-0.931,-0.868,-0.898,-0.957,-1.02,-0.935,-0.953,-0.927,-0.842,-0.904,-0.995,-1.001,-0.931,-0.953,-0.939,-0.836,-0.902,-0.981,-0.977,-0.933,-0.959,-0.953,-0.832,0,0
"2019-04-16 01:18:00.0",786489,-9999,-72.96,-42.5,-42.5,-0.676,-9999,-9999,12.0398,39.92,39.91,15.36,-0.919,-0.977,-1.003,-0.953,-0.969,-0.955,-0.86,-0.902,-0.965,-1.006,-0.945,-0.981,-0.969,-0.84,-0.904,-0.977,-1.018,-0.941,-0.955,-0.969,-0.852,-0.902,-0.967,-1.014,-0.937,-0.985,-0.945,-0.827,0,0
"2019-04-16 01:18:20.0",786490,-9999,-72.9,-42.57,-42.57,-0.677,-9999,-9999,12.0454,39.92,39.91,15.36,-0.91,-0.961,-1.014,-0.953,-0.965,-0.949,-0.866,-0.9,-0.951,-1.001,-0.933,-0.957,-0.925,-0.827,-0.902,-0.963,-1.018,-0.927,-0.949,-0.916,-0.821,-0.902,-0.951,-0.993,-0.929,-0.953,-0.933,-0.823,0,0
"2019-04-16 01:18:40.0",786491,-9999,-72.83,-42.64,-42.64,-0.677,-9999,-9999,12.0398,39.92,39.91,15.36,-0.908,-0.965,-1.014,-0.949,-0.949,-0.941,-0.87,-0.9,-1.003,-0.987,-0.941,-0.959,-0.941,-0.838,-0.906,-0.987,-1.026,-0.939,-0.957,-0.929,-0.864,-0.9,-0.963,-1.012,-0.937,-0.959,-0.959,-0.811,0,700
"2019-04-16 01:19:00.0",786492,-9999,-72.77,-42.71,-42.71,-0.678,-9999,-9999,12.0454,39.92,39.89,15.36,-0.908,-1.014,-0.991,-0.951,-0.967,-0.971,-0.834,-0.9,-1.001,-1.032,-0.941,-0.963,-0.965,-0.838,-0.904,-0.971,-0.999,-0.943,-0.963,-0.945,-0.838,-0.9,-0.999,-0.999,-0.945,-0.959,-0.931,-0.829,0,0
"2019-04-16 01:19:20.0",786493,-9999,-72.71,-42.77,-42.77,-0.679,-9999,-9999,12.0454,39.92,39.91,15.36,-0.919,-0.985,-1.022,-0.955,-0.951,-0.979,-0.856,-0.9,-0.955,-1.006,-0.919,-0.949,-0.933,-0.866,-0.898,-0.993,-1.026,-0.937,-0.947,-0.943,-0.866,-0.896,-0.973,-1.001,-0.937,-0.941,-0.939,-0.86,0,0
"2019-04-16 01:19:40.0",786494,-9999,-72.64,-42.84,-42.84,-0.68,-9999,-9999,12.0454,39.93,39.91,15.36,-0.921,-1.008,-1.01,-0.939,-0.967,-0.949,-0.856,-0.902,-0.981,-1.018,-0.953,-0.963,-0.933,-0.876,-0.9,-0.967,-1.01,-0.945,-0.959,-0.945,-0.866,-0.9,-1.006,-1.01,-0.921,-0.959,-0.967,-0.856,0,0
"2019-04-16 01:20:00.0",786495,-9999,-72.58,-42.91,-42.91,-0.681,-9999,-9999,12.0399,39.92,39.91,15.36,-0.91,-1.018,-1.014,-0.933,-0.955,-0.965,-0.84,-0.904,-0.971,-0.997,-0.933,-0.949,-0.927,-0.852,-0.902,-0.981,-1.006,-0.933,-0.951,-0.939,-0.819,-0.9,-0.963,-0.997,-0.933,-0.951,-0.945,-0.815,0,0
"2019-04-16 01:20:20.0",786496,-9999,-72.51,-42.98,-42.98,-0.682,-9999,-9999,12.0399,39.92,39.89,15.36,-0.914,-0.999,-1.028,-0.943,-0.963,-0.945,-0.856,-0.902,-0.959,-0.997,-0.935,-0.955,-0.943,-0.85,-0.902,-0.993,-1.008,-0.939,-0.959,-0.931,-0.827,-0.902,-0.957,-1.03,-0.941,-0.955,-0.927,-0.842,0,700
"2019-04-16 01:20:40.0",786497,-9999,-72.45,-43.04,-43.04,-0.683,-9999,-9999,12.0511,39.92,39.91,15.36,-0.912,-0.993,-1.022,-0.957,-0.989,-0.951,-0.834,-0.898,-0.969,-0.993,-0.941,-0.965,-0.967,-0.86,-0.902,-1.008,-1.003,-0.941,-0.957,-0.947,-0.844,-0.902,-0.949,-1.008,-0.943,-0.957,-0.943,-0.844,0,0
"2019-04-16 01:21:00.0",786498,-9999,-72.39,-43.11,-43.11,-0.683,-9999,-9999,12.0511,39.92,39.91,15.36,-0.916,-0.975,-1.012,-0.943,-0.987,-0.965,-0.836,-0.902,-0.955,-1.008,-0.939,-0.955,-0.935,-0.872,-0.906,-0.993,-1.022,-0.937,-0.957,-0.923,-0.846,-0.9,-0.955,-1.003,-0.937,-0.957,-0.959,-0.856,0,0
"2019-04-16 01:21:20.0",786499,-9999,-72.32,-43.18,-43.18,-0.684,-9999,-9999,12.0399,39.92,39.91,15.36,-0.908,-0.981,-1.012,-0.943,-0.963,-0.953,-0.844,-0.904,-0.957,-1.001,-0.931,-0.941,-0.935,-0.825,-0.9,-0.995,-0.973,-0.931,-0.951,-0.941,-0.84,-0.902,-0.951,-0.995,-0.931,-0.947,-0.914,-0.813,0,0
"2019-04-16 01:21:40.0",786500,-9999,-72.26,-43.25,-43.25,-0.685,-9999,-9999,12.0455,39.92,39.91,15.36,-0.912,-0.977,-1.01,-0.949,-0.963,-0.939,-0.866,-0.9,-0.987,-0.995,-0.931,-0.941,-0.927,-0.85,-0.902,-0.943,-1.001,-0.937,-0.951,-0.919,-0.821,-0.896,-0.967,-0.989,-0.945,-0.951,-0.955,-0.834,0,0
"2019-04-16 01:22:00.0",786501,-9999,-72.19,-43.31,-43.31,-0.686,-9999,-9999,12.0399,39.92,39.91,15.36,-0.912,-0.969,-0.997,-0.947,-0.965,-0.977,-0.86,-0.906,-0.999,-1.008,-0.933,-0.937,-0.947,-0.834,-0.9,-0.967,-0.983,-0.943,-0.957,-0.965,-0.83,-0.898,-0.989,-1.012,-0.919,-0.961,-0.941,-0.819,0,700
"2019-04-16 01:22:20.0",786502,-9999,-72.13,-43.38,-43.38,-0.687,-9999,-9999,12.0396,39.91,39.91,15.36,-0.91,-0.957,-1.024,-0.941,-0.959,-0.929,-0.866,-0.898,-0.985,-0.989,-0.929,-0.951,-0.961,-0.848,-0.904,-0.941,-0.999,-0.931,-0.951,-0.953,-0.84,-0.898,-0.985,-1.01,-0.931,-0.953,-0.935,-0.832,0,0
"2019-04-16 01:22:40.0",786503,-9999,-72.06,-43.45,-43.45,-0.688,-9999,-9999,12.0396,39.91,39.91,15.36,-0.914,-0.975,-1.008,-0.943,-0.965,-0.933,-0.866,-0.902,-0.997,-0.997,-0.937,-0.955,-0.961,-0.85,-0.908,-0.955,-0.985,-0.933,-0.955,-0.963,-0.856,-0.908,-1.004,-1.001,-0.931,-0.957,-0.941,-0.84,0,0
"2019-04-16 01:23:00.0",786504,-9999,-72,-43.51,-43.51,-0.689,-9999,-9999,12.0396,39.91,39.91,15.36,-0.912,-0.971,-1.03,-0.957,-0.969,-0.957,-0.882,-0.9,-0.981,-1.008,-0.939,-0.957,-0.969,-0.838,-0.906,-0.969,-1.022,-0.945,-0.945,-0.945,-0.866,-0.9,-0.995,-1.01,-0.937,-0.963,-0.939,-0.866,0,0
"2019-04-16 01:23:20.0",786505,-9999,-71.93,-43.58,-43.58,-0.689,-9999,-9999,12.0396,39.91,39.89,15.36,-0.912,-1.006,-1.016,-0.951,-0.971,-0.937,-0.864,-0.9,-0.967,-1.004,-0.935,-0.931,-0.961,-0.87,-0.908,-0.983,-0.997,-0.937,-0.955,-0.939,-0.858,-0.906,-0.969,-0.991,-0.931,-0.951,-0.914,-0.86,0,0
"2019-04-16 01:23:40.0",786506,-9999,-71.87,-43.65,-43.65,-0.69,-9999,-9999,12.0507,39.91,39.91,15.34,-0.912,-0.965,-1.01,-0.943,-0.961,-0.931,-0.85,-0.904,-1.001,-1.01,-0.933,-0.945,-0.935,-0.858,-0.912,-0.965,-1.008,-0.945,-0.981,-0.945,-0.872,-0.904,-1.004,-1.024,-0.941,-0.945,-0.949,-0.862,0,700
"2019-04-16 01:24:00.0",786507,-9999,-71.8,-43.71,-43.71,-0.691,-9999,-9999,12.0448,39.92,39.89,15.36,-0.912,-0.995,-1.026,-0.953,-0.969,-0.943,-0.844,-0.904,-0.965,-1.028,-0.939,-0.965,-0.953,-0.884,-0.908,-0.999,-1.018,-0.939,-0.961,-0.949,-0.866,-0.906,-0.991,-1.014,-0.945,-0.963,-0.945,-0.866,0,0
"2019-04-16 01:24:20.0",786508,-9999,-71.74,-43.78,-43.78,-0.692,-9999,-9999,12.0393,39.92,39.91,15.34,-0.912,-0.999,-1.03,-0.951,-0.967,-0.983,-0.838,-0.906,-0.993,-1.018,-0.945,-0.961,-0.977,-0.878,-0.902,-1.006,-0.991,-0.949,-0.965,-0.947,-0.862,-0.898,-0.983,-1.012,-0.945,-0.965,-0.931,-0.864,0,0
"2019-04-16 01:24:40.0",786509,-9999,-71.67,-43.85,-43.85,-0.693,-9999,-9999,12.0504,39.92,39.91,15.34,-0.919,-0.993,-1.006,-0.959,-0.961,-0.961,-0.842,-0.91,-0.963,-1.022,-0.947,-0.945,-0.973,-0.838,-0.908,-0.999,-1.014,-0.951,-0.963,-0.949,-0.868,-0.904,-0.979,-1.012,-0.947,-0.961,-0.933,-0.854,0,0
"2019-04-16 01:25:00.0",786510,-9999,-71.61,-43.92,-43.92,-0.694,-9999,-9999,12.0448,39.92,39.89,15.34,-0.917,-0.987,-1.016,-0.953,-0.961,-0.947,-0.866,-0.912,-0.957,-0.975,-0.937,-0.957,-0.943,-0.852,-0.908,-0.995,-1.022,-0.935,-0.955,-0.937,-0.848,-0.906,-0.973,-0.999,-0.935,-0.947,-0.927,-0.838,0,0
"2019-04-16 01:25:20.0",786511,-9999,-71.54,-43.98,-43.98,-0.694,-9999,-9999,12.0448,39.92,39.89,15.34,-0.921,-0.999,-1.014,-0.951,-0.973,-0.975,-0.882,-0.904,-0.969,-1.026,-0.945,-0.959,-0.939,-0.88,-0.908,-0.999,-1.006,-0.949,-0.967,-0.947,-0.858,-0.906,-0.981,-0.999,-0.949,-0.967,-0.977,-0.866,0,700
"2019-04-16 01:25:40.0",786512,-9999,-71.48,-44.05,-44.05,-0.695,-9999,-9999,12.0446,39.91,39.91,15.34,-0.917,-0.991,-1.006,-0.953,-0.969,-0.959,-0.882,-0.906,-0.969,-1.004,-0.939,-0.953,-0.969,-0.876,-0.91,-0.955,-1.008,-0.961,-0.959,-0.939,-0.868,-0.906,-0.997,-0.999,-0.937,-0.957,-0.921,-0.858,0,0
"2019-04-16 01:26:00.0",786513,-9999,-71.41,-44.12,-44.12,-0.696,-9999,-9999,12.039,39.91,39.91,15.34,-0.919,-0.981,-1.036,-0.963,-0.975,-0.953,-0.88,-0.908,-0.981,-1.028,-0.943,-0.965,-0.949,-0.874,-0.91,-0.957,-1.004,-0.955,-0.977,-0.965,-0.87,-0.904,-0.987,-1.012,-0.963,-0.963,-0.939,-0.825,0,0
"2019-04-16 01:26:20.0",786514,-9999,-71.34,-44.18,-44.18,-0.697,-9999,-9999,12.0446,39.91,39.91,15.34,-0.919,-1.026,-1.03,-0.949,-0.977,-0.947,-0.836,-0.904,-0.959,-1.001,-0.939,-0.955,-0.943,-0.834,-0.91,-0.997,-1.006,-0.943,-0.957,-0.945,-0.836,-0.908,-0.981,-0.997,-0.945,-0.945,-0.925,-0.819,0,0
"2019-04-16 01:26:40.0",786515,-9999,-71.28,-44.25,-44.25,-0.698,-9999,-9999,12.039,39.91,39.91,15.34,-0.921,-0.963,-1.038,-0.957,-0.965,-0.943,-0.876,-0.908,-0.997,-1.026,-0.945,-0.957,-0.947,-0.854,-0.91,-0.957,-1.008,-0.941,-0.957,-0.943,-0.878,-0.91,-0.959,-1.004,-0.941,-0.961,-0.945,-0.868,0,0
"2019-04-16 01:27:00.0",786516,-9999,-71.21,-44.32,-44.32,-0.699,-9999,-9999,12.0446,39.91,39.91,15.34,-0.921,-0.981,-1.03,-0.963,-0.977,-0.981,-0.844,-0.912,-0.993,-1.01,-0.951,-0.965,-0.953,-0.85,-0.908,-0.969,-0.995,-0.943,-0.961,-0.973,-0.84,-0.904,-0.999,-1.014,-0.941,-0.975,-0.943,-0.836,0,700
"2019-04-16 01:27:20.0",786517,-9999,-71.14,-44.39,-44.39,-0.699,-9999,-9999,12.0504,39.91,39.89,15.34,-0.921,-1.014,-1.018,-0.955,-0.979,-0.955,-0.856,-0.91,-0.967,-1.02,-0.931,-0.973,-0.953,-0.864,-0.908,-1.014,-1.042,-0.951,-0.973,-0.951,-0.84,-0.914,-1.01,-1.01,-0.949,-0.969,-0.955,-0.832,0,0
"2019-04-16 01:27:40.0",786518,-9999,-71.08,-44.45,-44.45,-0.7,-9999,-9999,12.0393,39.91,39.89,15.34,-0.923,-0.991,-1.022,-0.955,-0.981,-0.957,-0.856,-0.908,-0.961,-1.006,-0.943,-0.959,-0.969,-0.872,-0.904,-1.001,-1.012,-0.943,-0.961,-0.943,-0.864,-0.908,-0.981,-1.008,-0.941,-0.959,-0.923,-0.821,0,0
"2019-04-16 01:28:00.0",786519,-9999,-71.01,-44.52,-44.52,-0.701,-9999,-9999,12.0448,39.91,39.91,15.31,-0.921,-0.965,-1.02,-0.941,-0.953,-0.937,-0.878,-0.914,-1.004,-1.006,-0.947,-0.957,-0.933,-0.842,-0.919,-0.959,-1.012,-0.939,-0.967,-0.943,-0.832,-0.908,-0.959,-1.006,-0.941,-0.959,-0.939,-0.846,0,0
"2019-04-16 01:28:20.0",786520,-9999,-70.94,-44.59,-44.59,-0.702,-9999,-9999,12.0393,39.91,39.91,15.31,-0.923,-1.022,-1.044,-0.961,-0.979,-0.963,-0.886,-0.908,-0.989,-1.02,-0.947,-0.969,-0.959,-0.88,-0.908,-0.971,-1.036,-0.969,-0.967,-0.945,-0.874,-0.908,-0.999,-1.03,-0.947,-0.967,-0.977,-0.838,0,0
"2019-04-16 01:28:40.0",786521,-9999,-70.88,-44.65,-44.65,-0.703,-9999,-9999,12.0393,39.91,39.91,15.31,-0.921,-1.001,-1.018,-0.949,-0.971,-0.941,-0.874,-0.908,-0.953,-1.01,-0.941,-0.955,-0.929,-0.838,-0.91,-1.006,-1.001,-0.943,-0.963,-0.963,-0.834,-0.906,-0.999,-1.008,-0.951,-0.945,-0.929,-0.827,0,700
"2019-04-16 01:29:00.0",786522,-9999,-70.81,-44.72,-44.72,-0.704,-9999,-9999,12.0394,39.91,39.91,15.31,-0.923,-1.018,-1.044,-0.953,-0.965,-0.957,-0.88,-0.908,-0.985,-1.028,-0.949,-0.949,-0.959,-0.864,-0.908,-0.971,-1.026,-0.949,-0.969,-0.953,-0.86,-0.908,-1.006,-1.016,-0.947,-0.969,-0.949,-0.882,0,0
"2019-04-16 01:29:20.0",786523,-9999,-70.74,-44.79,-44.79,-0.704,-9999,-9999,12.0394,39.91,39.89,15.31,-0.929,-0.989,-1.024,-0.961,-0.977,-0.957,-0.848,-0.91,-0.993,-1.012,-0.945,-0.961,-0.969,-0.84,-0.908,-0.977,-1.006,-0.947,-0.961,-0.945,-0.84,-0.906,-0.965,-1.006,-0.941,-0.939,-0.941,-0.821,0,0
"2019-04-16 01:29:40.0",786524,-9999,-70.68,-44.85,-44.85,-0.705,-9999,-9999,12.045,39.91,39.91,15.31,-0.921,-1.004,-1.012,-0.977,-0.981,-0.985,-0.884,-0.908,-0.965,-1.006,-0.947,-0.965,-0.969,-0.884,-0.91,-0.999,-1.008,-0.947,-0.961,-0.945,-0.87,-0.902,-0.981,-0.995,-0.941,-0.951,-0.927,-0.832,0,0
"2019-04-16 01:30:00.0",786525,-9999,-70.61,-44.92,-44.92,-0.706,-9999,-9999,12.045,39.91,39.91,15.31,-0.923,-0.999,-1.044,-0.959,-0.997,-0.949,-0.85,-0.908,-0.977,-0.995,-0.955,-0.973,-0.951,-0.866,-0.912,-1.004,-1.02,-0.961,-0.961,-0.951,-0.856,-0.906,-0.985,-1.014,-0.949,-0.963,-0.949,-0.844,0,0
"2019-04-16 01:30:20.0",786526,-9999,-70.54,-44.99,-44.99,-0.707,-9999,-9999,12.0394,39.91,39.89,15.31,-0.921,-1.026,-1.032,-0.959,-0.977,-0.953,-0.876,-0.906,-0.985,-1.016,-0.951,-0.987,-0.961,-0.878,-0.91,-0.965,-1.01,-0.949,-0.951,-0.935,-0.868,-0.912,-0.999,-1.012,-0.947,-0.965,-0.963,-0.84,0,700
"2019-04-16 01:30:40.0",786527,-9999,-70.47,-45.05,-45.05,-0.708,-9999,-9999,12.0396,39.92,39.91,15.31,-0.917,-1.001,-1.044,-0.959,-0.979,-0.983,-0.888,-0.912,-0.961,-1.012,-0.949,-0.965,-0.975,-0.836,-0.908,-1.001,-0.991,-0.945,-0.947,-0.945,-0.823,-0.91,-0.993,-0.985,-0.941,-0.957,-0.945,-0.83,0,0
"2019-04-16 01:31:00.0",786528,-9999,-70.4,-45.12,-45.12,-0.709,-9999,-9999,12.0452,39.92,39.91,15.31,-0.925,-1.006,-1.032,-0.961,-0.979,-0.967,-0.846,-0.904,-1.004,-1.014,-0.953,-0.987,-0.961,-0.868,-0.912,-0.969,-1.012,-0.947,-0.973,-0.939,-0.864,-0.91,-1.001,-1.014,-0.953,-0.969,-0.975,-0.87,0,0
"2019-04-16 01:31:20.0",786529,-9999,-70.34,-45.18,-45.18,-0.709,-9999,-9999,12.0396,39.92,39.91,15.31,-0.931,-0.969,-1.022,-0.953,-0.971,-0.939,-0.848,-0.912,-0.963,-1.014,-0.953,-0.971,-0.957,-0.884,-0.912,-1.01,-1.026,-0.953,-0.967,-0.939,-0.868,-0.908,-0.983,-1.006,-0.949,-0.969,-0.973,-0.874,0,0
"2019-04-16 01:31:40.0",786530,-9999,-70.27,-45.25,-45.25,-0.71,-9999,-9999,12.0396,39.92,39.89,15.31,-0.921,-0.971,-1.042,-0.957,-0.975,-0.975,-0.876,-0.912,-1.004,-1.01,-0.943,-0.961,-0.945,-0.862,-0.91,-0.987,-1.01,-0.945,-0.959,-0.951,-0.852,-0.906,-0.969,-1.01,-0.947,-0.947,-0.933,-0.866,0,0
"2019-04-16 01:32:00.0",786531,-9999,-70.2,-45.32,-45.32,-0.711,-9999,-9999,12.0396,39.92,39.91,15.29,-0.917,-1.014,-1.03,-0.957,-0.975,-0.985,-0.856,-0.908,-0.995,-0.985,-0.939,-0.963,-0.965,-0.834,-0.904,-0.973,-1.012,-0.943,-0.961,-0.945,-0.83,-0.912,-0.975,-0.999,-0.935,-0.959,-0.965,-0.846,0,700
"2019-04-16 01:32:20.0",786532,-9999,-70.13,-45.38,-45.38,-0.712,-9999,-9999,12.0397,39.92,39.91,15.29,-0.927,-1.012,-1.018,-0.933,-0.973,-0.959,-0.874,-0.908,-1.004,-1.018,-0.941,-0.967,-0.935,-0.856,-0.91,-0.993,-1.016,-0.949,-0.965,-0.951,-0.842,-0.908,-0.973,-1.008,-0.949,-0.951,-0.949,-0.86,0,0
"2019-04-16 01:32:40.0",786533,-9999,-70.06,-45.45,-45.45,-0.713,-9999,-9999,12.0397,39.92,39.89,15.29,-0.923,-1.01,-1.034,-0.965,-0.977,-0.963,-0.88,-0.915,-0.997,-1.008,-0.945,-0.961,-0.949,-0.862,-0.917,-0.963,-1.022,-0.943,-0.965,-0.945,-0.85,-0.91,-0.959,-1.004,-0.945,-0.957,-0.951,-0.866,0,0
"2019-04-16 01:33:00.0",786534,-9999,-69.99,-45.52,-45.52,-0.713,-9999,-9999,12.0397,39.92,39.91,15.29,-0.923,-1.014,-1.048,-0.967,-0.979,-0.949,-0.844,-0.908,-0.997,-1.008,-0.939,-0.957,-0.947,-0.852,-0.912,-0.983,-0.999,-0.945,-0.961,-0.947,-0.874,-0.91,-0.963,-0.999,-0.949,-0.961,-0.947,-0.866,0,0
"2019-04-16 01:33:20.0",786535,-9999,-69.93,-45.58,-45.58,-0.714,-9999,-9999,12.0397,39.92,39.91,15.29,-0.921,-1.014,-1.026,-0.959,-0.959,-0.979,-0.848,-0.91,-0.983,-1.008,-0.937,-0.961,-0.947,-0.876,-0.915,-0.967,-1.028,-0.949,-0.963,-0.933,-0.882,-0.91,-1.01,-1.032,-0.949,-0.965,-0.967,-0.832,0,0
"2019-04-16 01:33:40.0",786536,-9999,-69.86,-45.65,-45.65,-0.715,-9999,-9999,12.0397,39.92,39.91,15.29,-0.923,-0.991,-1.018,-0.951,-0.967,-0.935,-0.866,-0.91,-0.961,-1.006,-0.945,-0.983,-0.953,-0.852,-0.91,-1.001,-0.985,-0.945,-0.949,-0.955,-0.842,-0.915,-1.001,-0.989,-0.945,-0.969,-0.949,-0.86,0,700
"2019-04-16 01:34:00.0",786537,-9999,-69.79,-45.72,-45.72,-0.716,-9999,-9999,12.0398,39.92,39.89,15.29,-0.921,-0.977,-1.028,-0.961,-1.002,-0.961,-0.88,-0.908,-0.969,-1.018,-0.947,-0.985,-0.959,-0.838,-0.915,-0.995,-1.01,-0.949,-0.965,-0.933,-0.838,-0.917,-1.004,-1.014,-0.929,-0.963,-0.969,-0.852,0,0
"2019-04-16 01:34:20.0",786538,-9999,-69.72,-45.78,-45.78,-0.717,-9999,-9999,12.0398,39.92,39.89,15.29,-0.925,-0.965,-1.018,-0.955,-0.957,-0.953,-0.852,-0.912,-0.967,-1.006,-0.947,-0.965,-0.977,-0.878,-0.91,-1.006,-1.014,-0.943,-0.965,-0.949,-0.872,-0.908,-1.018,-1.014,-0.947,-0.965,-0.971,-0.828,0,0
"2019-04-16 01:34:40.0",786539,-9999,-69.65,-45.85,-45.85,-0.718,-9999,-9999,12.0454,39.92,39.89,15.26,-0.917,-0.999,-1.012,-0.963,-0.983,-0.961,-0.85,-0.91,-0.979,-1.026,-0.939,-0.961,-0.937,-0.858,-0.91,-0.955,-1.01,-0.939,-0.959,-0.969,-0.856,-0.904,-0.999,-1.004,-0.939,-0.963,-0.945,-0.866,0,0
"2019-04-16 01:35:00.0",786540,-9999,-69.58,-45.92,-45.92,-0.718,-9999,-9999,12.0398,39.92,39.89,15.26,-0.931,-1.022,-1.018,-0.959,-0.979,-0.949,-0.876,-0.91,-0.949,-1.006,-0.943,-0.957,-0.933,-0.834,-0.912,-1.008,-1.026,-0.935,-0.953,-0.971,-0.828,-0.906,-0.977,-1.024,-0.935,-0.963,-0.943,-0.825,0,0
"2019-04-16 01:35:20.0",786541,-9999,-69.51,-45.98,-45.98,-0.719,-9999,-9999,12.0454,39.92,39.89,15.26,-0.923,-1.008,-1.004,-0.959,-0.979,-0.981,-0.842,-0.91,-0.997,-0.999,-0.937,-0.963,-0.935,-0.88,-0.91,-0.979,-1.026,-0.939,-0.965,-0.953,-0.864,-0.912,-0.983,-1.032,-0.943,-0.961,-0.927,-0.866,0,700
"2019-04-16 01:35:40.0",786542,-9999,-69.44,-46.05,-46.05,-0.72,-9999,-9999,12.0395,39.92,39.89,15.26,-0.921,-0.999,-1.05,-0.953,-0.977,-0.961,-0.878,-0.91,-1.004,-1.012,-0.951,-0.967,-0.939,-0.852,-0.912,-0.993,-1.02,-0.947,-0.969,-0.955,-0.846,-0.904,-0.965,-1.016,-0.953,-0.969,-0.951,-0.866,0,0
"2019-04-16 01:36:00.0",786543,-9999,-69.37,-46.11,-46.11,-0.721,-9999,-9999,12.0395,39.92,39.91,15.26,-0.927,-1.006,-1.026,-0.963,-0.973,-0.969,-0.896,-0.912,-1.014,-1.016,-0.931,-0.985,-0.985,-0.852,-0.915,-0.993,-1.022,-0.951,-0.949,-0.953,-0.842,-0.908,-0.975,-1.018,-0.955,-0.969,-0.937,-0.83,0,0
"2019-04-16 01:36:20.0",786544,-9999,-69.3,-46.18,-46.18,-0.722,-9999,-9999,12.045,39.92,39.91,15.26,-0.921,-0.997,-1.026,-0.955,-0.975,-0.979,-0.864,-0.908,-0.981,-1.014,-0.949,-0.961,-0.949,-0.878,-0.908,-0.973,-1.028,-0.941,-0.967,-0.929,-0.87,-0.912,-0.961,-1.028,-0.947,-0.959,-0.947,-0.856,0,0
"2019-04-16 01:36:40.0",786545,-9999,-69.23,-46.25,-46.25,-0.722,-9999,-9999,12.0395,39.92,39.89,15.26,-0.921,-1.012,-1.016,-0.955,-0.969,-0.957,-0.872,-0.91,-0.995,-0.997,-0.945,-0.961,-0.949,-0.836,-0.91,-0.979,-1.018,-0.933,-0.965,-0.929,-0.828,-0.908,-0.951,-1.026,-0.939,-0.935,-0.939,-0.846,0,0
"2019-04-16 01:37:00.0",786546,-9999,-69.16,-46.31,-46.31,-0.723,-9999,-9999,12.0395,39.92,39.91,15.26,-0.919,-0.971,-1.042,-0.953,-0.969,-0.953,-0.874,-0.908,-1.006,-1.01,-0.947,-0.965,-0.955,-0.852,-0.91,-0.989,-0.985,-0.949,-0.985,-0.935,-0.838,-0.908,-0.967,-0.993,-0.943,-0.969,-0.955,-0.836,0,700
"2019-04-16 01:37:20.0",786547,-9999,-69.09,-46.38,-46.38,-0.724,-9999,-9999,12.0396,39.92,39.91,15.26,-0.921,-0.981,-1.012,-0.961,-1.006,-0.983,-0.88,-0.91,-0.975,-1.034,-0.935,-0.965,-0.953,-0.862,-0.908,-0.995,-1.014,-0.949,-0.967,-0.971,-0.848,-0.91,-1.006,-1.014,-0.949,-0.963,-0.957,-0.862,0,0
"2019-04-16 01:37:40.0",786548,-9999,-69.02,-46.44,-46.44,-0.725,-9999,-9999,12.0396,39.92,39.89,15.24,-0.925,-1.002,-1.028,-0.949,-0.979,-0.969,-0.886,-0.912,-1.008,-1.02,-0.951,-0.973,-0.957,-0.89,-0.912,-0.999,-0.997,-0.953,-0.991,-0.941,-0.876,-0.915,-0.971,-0.997,-0.947,-0.969,-0.945,-0.878,0,0
"2019-04-16 01:38:00.0",786549,-9999,-68.95,-46.51,-46.51,-0.725,-9999,-9999,12.0396,39.92,39.91,15.24,-0.921,-0.985,-1.022,-0.965,-0.985,-0.965,-0.89,-0.921,-0.975,-1.014,-0.939,-0.967,-0.981,-0.884,-0.919,-1.006,-1.014,-0.945,-0.965,-0.953,-0.88,-0.91,-0.987,-1.01,-0.947,-0.961,-0.933,-0.821,0,0
"2019-04-16 01:38:20.0",786550,-9999,-68.87,-46.58,-46.58,-0.726,-9999,-9999,12.0452,39.92,39.91,15.24,-0.921,-0.987,-1.042,-0.971,-0.967,-0.957,-0.86,-0.91,-0.995,-1.008,-0.943,-0.955,-0.967,-0.856,-0.91,-0.959,-1.024,-0.943,-0.961,-0.945,-0.854,-0.91,-0.965,-1.022,-0.943,-0.959,-0.945,-0.86,0,0
"2019-04-16 01:38:40.0",786551,-9999,-68.8,-46.64,-46.64,-0.727,-9999,-9999,12.0452,39.92,39.89,15.24,-0.921,-0.979,-0.999,-0.953,-0.975,-0.985,-0.854,-0.906,-0.955,-1.018,-0.943,-0.949,-0.953,-0.86,-0.908,-0.957,-1.03,-0.943,-0.959,-0.941,-0.85,-0.912,-0.997,-1.03,-0.943,-0.961,-0.931,-0.86,0,700
"2019-04-16 01:39:00.0",786552,-9999,-68.73,-46.71,-46.71,-0.728,-9999,-9999,12.0397,39.92,39.88,15.24,-0.923,-0.981,-1.024,-0.953,-0.995,-0.981,-0.842,-0.912,-0.967,-1.02,-0.949,-0.977,-0.981,-0.888,-0.921,-0.979,-1.026,-0.951,-0.947,-0.957,-0.874,-0.91,-1.01,-1.02,-0.949,-0.969,-0.951,-0.83,0,0
"2019-04-16 01:39:20.0",786553,-9999,-68.66,-46.77,-46.77,-0.729,-9999,-9999,12.0397,39.92,39.88,15.24,-0.927,-0.983,-1.046,-0.963,-1.006,-0.965,-0.888,-0.912,-0.987,-1.034,-0.939,-0.963,-0.951,-0.882,-0.912,-0.967,-1.012,-0.949,-0.965,-0.935,-0.876,-0.91,-1.002,-1.016,-0.945,-0.967,-0.945,-0.838,0,0
"2019-04-16 01:39:40.0",786554,-9999,-68.59,-46.84,-46.84,-0.729,-9999,-9999,12.0509,39.92,39.9,15.24,-0.923,-0.971,-1.03,-0.953,-0.989,-0.953,-0.884,-0.912,-0.999,-1.026,-0.947,-0.959,-0.935,-0.856,-0.912,-0.989,-1.01,-0.945,-0.965,-0.965,-0.85,-0.912,-0.965,-1.01,-0.941,-0.955,-0.945,-0.838,0,0
"2019-04-16 01:40:00.0",786555,-9999,-68.52,-46.9,-46.9,-0.73,-9999,-9999,12.0397,39.92,39.9,15.24,-0.923,-0.991,-1.048,-0.965,-0.969,-0.949,-0.85,-0.91,-1.022,-1.042,-0.953,-0.967,-0.945,-0.852,-0.91,-0.969,-1.026,-0.951,-0.969,-0.975,-0.842,-0.917,-0.979,-1.018,-0.951,-0.963,-0.941,-0.832,0,0
"2019-04-16 01:40:20.0",786556,-9999,-68.45,-46.97,-46.97,-0.731,-9999,-9999,12.0453,39.92,39.9,15.24,-0.923,-0.999,-1.03,-0.967,-0.979,-0.949,-0.846,-0.906,-0.983,-1.018,-0.951,-0.965,-0.949,-0.87,-0.908,-0.967,-1.012,-0.953,-0.971,-0.971,-0.854,-0.912,-0.965,-1.018,-0.951,-0.963,-0.953,-0.872,0,700
"2019-04-16 01:40:40.0",786557,-9999,-68.37,-47.04,-47.04,-0.732,-9999,-9999,12.0398,39.92,39.9,15.21,-0.923,-0.993,-1.02,-0.951,-0.975,-0.955,-0.874,-0.908,-0.997,-1.004,-0.939,-0.963,-0.951,-0.862,-0.91,-0.985,-0.983,-0.941,-0.969,-0.931,-0.86,-0.91,-0.955,-0.997,-0.953,-0.959,-0.941,-0.846,0,0
"2019-04-16 01:41:00.0",786558,-9999,-68.3,-47.1,-47.1,-0.733,-9999,-9999,12.0398,39.92,39.88,15.21,-0.923,-1.014,-1.02,-0.955,-0.973,-0.961,-0.872,-0.904,-0.999,-1.026,-0.937,-0.963,-0.971,-0.842,-0.902,-0.973,-1.008,-0.943,-0.963,-0.943,-0.83,-0.912,-0.985,-1.006,-0.939,-0.955,-0.927,-0.846,0,0
"2019-04-16 01:41:20.0",786559,-9999,-68.23,-47.17,-47.17,-0.733,-9999,-9999,12.0398,39.92,39.88,15.21,-0.921,-1.006,-1.018,-0.939,-0.973,-0.941,-0.856,-0.908,-0.999,-0.999,-0.937,-0.945,-0.933,-0.836,-0.91,-0.981,-1.006,-0.943,-0.969,-0.963,-0.832,-0.912,-0.983,-1.032,-0.951,-0.953,-0.923,-0.852,0,0
"2019-04-16 01:41:40.0",786560,-9999,-68.16,-47.23,-47.23,-0.734,-9999,-9999,12.0454,39.92,39.88,15.21,-0.921,-0.979,-1.01,-0.951,-0.973,-0.959,-0.878,-0.91,-0.997,-1.006,-0.937,-0.943,-0.943,-0.832,-0.912,-0.967,-1.026,-0.941,-0.953,-0.943,-0.856,-0.919,-0.957,-1.028,-0.937,-0.963,-0.943,-0.842,0,0
"2019-04-16 01:42:00.0",786561,-9999,-68.08,-47.3,-47.3,-0.735,-9999,-9999,12.0398,39.92,39.9,15.21,-0.925,-0.993,-1.008,-0.953,-0.973,-0.971,-0.886,-0.912,-1.004,-1.012,-0.945,-0.967,-0.955,-0.864,-0.912,-0.985,-1.03,-0.945,-0.967,-0.935,-0.862,-0.91,-0.993,-1.032,-0.945,-0.987,-0.947,-0.87,0,700
"2019-04-16 01:42:20.0",786562,-9999,-68.01,-47.36,-47.36,-0.736,-9999,-9999,12.0399,39.92,39.88,15.21,-0.921,-1.006,-1.006,-0.965,-0.977,-0.949,-0.856,-0.91,-0.977,-1.012,-0.945,-0.959,-0.971,-0.84,-0.912,-0.967,-1.01,-0.943,-0.957,-0.949,-0.83,-0.904,-0.961,-1.006,-0.943,-0.959,-0.947,-0.836,0,0
"2019-04-16 01:42:40.0",786563,-9999,-67.94,-47.43,-47.43,-0.736,-9999,-9999,12.0399,39.92,39.9,15.21,-0.923,-0.985,-1.024,-0.963,-0.977,-0.963,-0.844,-0.91,-0.973,-1.012,-0.951,-0.969,-0.961,-0.878,-0.91,-1.014,-1.018,-0.953,-0.965,-0.957,-0.872,-0.91,-1.002,-1.02,-0.955,-0.969,-0.955,-0.834,0,0
"2019-04-16 01:43:00.0",786564,-9999,-67.86,-47.49,-47.49,-0.737,-9999,-9999,12.0455,39.92,39.88,15.21,-0.923,-1.012,-1.024,-0.951,-0.965,-0.939,-0.868,-0.91,-0.963,-1.008,-0.945,-0.967,-0.937,-0.882,-0.908,-1.006,-1.006,-0.945,-0.969,-0.959,-0.872,-0.91,-0.985,-1.018,-0.951,-0.967,-0.951,-0.836,0,0
"2019-04-16 01:43:20.0",786565,-9999,-67.79,-47.56,-47.56,-0.738,-9999,-9999,12.0399,39.92,39.88,15.21,-0.921,-1.02,-1.028,-0.963,-0.981,-0.973,-0.84,-0.91,-0.997,-1.034,-0.941,-0.961,-0.953,-0.876,-0.917,-0.981,-1.002,-0.947,-0.965,-0.951,-0.83,-0.912,-0.957,-1.024,-0.945,-0.963,-0.963,-0.823,0,0
"2019-04-16 01:43:40.0",786566,-9999,-67.72,-47.63,-47.63,-0.739,-9999,-9999,12.0455,39.92,39.88,15.21,-0.923,-0.977,-1.026,-0.953,-0.975,-0.947,-0.876,-0.915,-0.973,-1.038,-0.949,-0.967,-0.955,-0.868,-0.912,-0.973,-1.01,-0.951,-0.985,-0.959,-0.88,-0.91,-1.008,-1.044,-0.951,-0.965,-0.975,-0.87,0,700
"2019-04-16 01:44:00.0",786567,-9999,-67.64,-47.69,-47.69,-0.74,-9999,-9999,12.0399,39.92,39.89,15.21,-0.921,-1.018,-1.03,-0.953,-0.981,-0.953,-0.846,-0.91,-0.957,-1.004,-0.943,-0.963,-0.969,-0.878,-0.915,-0.997,-1.008,-0.937,-0.963,-0.947,-0.872,-0.91,-0.975,-1.006,-0.941,-0.965,-0.947,-0.87,0,0
"2019-04-16 01:44:20.0",786568,-9999,-67.57,-47.76,-47.76,-0.74,-9999,-9999,12.0399,39.92,39.89,15.21,-0.927,-1.006,-1.008,-0.963,-0.969,-0.953,-0.866,-0.908,-0.979,-0.989,-0.943,-0.969,-0.949,-0.838,-0.908,-0.961,-1.01,-0.943,-0.961,-0.965,-0.83,-0.906,-0.959,-1.004,-0.939,-0.961,-0.931,-0.848,0,0
"2019-04-16 01:44:40.0",786569,-9999,-67.5,-47.82,-47.82,-0.741,-9999,-9999,12.0399,39.92,39.91,15.21,-0.925,-0.985,-1.014,-0.963,-0.981,-0.967,-0.848,-0.915,-0.975,-1.002,-0.949,-0.965,-0.959,-0.876,-0.915,-1.004,-0.993,-0.955,-0.969,-0.941,-0.862,-0.912,-0.977,-0.987,-0.945,-0.989,-0.937,-0.854,0,0
"2019-04-16 01:45:00.0",786570,-9999,-67.42,-47.89,-47.89,-0.742,-9999,-9999,12.0399,39.92,39.89,15.19,-0.925,-1.006,-1.006,-0.965,-0.977,-0.981,-0.868,-0.908,-0.993,-1.01,-0.951,-0.969,-0.943,-0.842,-0.915,-0.971,-0.989,-0.955,-0.967,-0.971,-0.836,-0.915,-1.002,-0.989,-0.947,-0.949,-0.949,-0.844,0,0
"2019-04-16 01:45:20.0",786571,-9999,-67.35,-47.95,-47.95,-0.743,-9999,-9999,12.0399,39.92,39.89,15.19,-0.921,-1.012,-1.04,-0.963,-0.975,-0.947,-0.846,-0.91,-1.002,-1.028,-0.939,-0.961,-0.937,-0.868,-0.91,-0.969,-1.006,-0.943,-0.959,-0.963,-0.868,-0.91,-0.981,-1.022,-0.937,-0.959,-0.929,-0.832,0,700
"2019-04-16 01:45:40.0",786572,-9999,-67.27,-48.02,-48.02,-0.743,-9999,-9999,12.04,39.92,39.89,15.19,-0.921,-0.983,-1.044,-0.955,-0.973,-0.977,-0.878,-0.912,-0.983,-0.991,-0.945,-0.975,-0.957,-0.868,-0.91,-1.014,-1.016,-0.945,-0.971,-0.957,-0.858,-0.912,-1.004,-1.016,-0.945,-0.963,-0.953,-0.872,0,0
"2019-04-16 01:46:00.0",786573,-9999,-67.2,-48.08,-48.08,-0.744,-9999,-9999,12.04,39.92,39.89,15.19,-0.921,-1.022,-1.05,-0.961,-0.983,-0.955,-0.884,-0.912,-1.01,-0.995,-0.949,-0.967,-0.975,-0.868,-0.917,-0.973,-1.018,-0.959,-0.967,-0.957,-0.858,-0.91,-0.973,-0.995,-0.949,-0.967,-0.973,-0.87,0,0
"2019-04-16 01:46:20.0",786574,-9999,-67.12,-48.15,-48.15,-0.745,-9999,-9999,12.04,39.92,39.91,15.19,-0.921,-1.012,-1.048,-0.963,-0.979,-0.951,-0.846,-0.904,-1.008,-1.022,-0.951,-0.969,-0.943,-0.86,-0.912,-0.993,-1.01,-0.951,-0.969,-0.971,-0.848,-0.912,-0.955,-1.014,-0.945,-0.961,-0.951,-0.856,0,0
"2019-04-16 01:46:40.0",786575,-9999,-67.05,-48.21,-48.21,-0.746,-9999,-9999,12.0456,39.92,39.91,15.19,-0.923,-0.967,-1.006,-0.953,-0.971,-0.957,-0.842,-0.908,-1.004,-0.997,-0.935,-0.965,-0.967,-0.876,-0.912,-0.985,-1.032,-0.945,-0.961,-0.941,-0.868,-0.917,-0.983,-1.028,-0.937,-0.967,-0.965,-0.866,0,0
"2019-04-16 01:47:00.0",786576,-9999,-66.97,-48.28,-48.28,-0.746,-9999,-9999,12.0511,39.92,39.91,15.19,-0.921,-0.977,-1.024,-0.953,-0.995,-0.965,-0.852,-0.912,-0.971,-1.04,-0.949,-0.973,-0.975,-0.88,-0.917,-1.006,-1.028,-0.949,-0.951,-0.953,-0.874,-0.912,-1.008,-1.014,-0.953,-0.965,-0.977,-0.87,0,700
"2019-04-16 01:47:20.0",786577,-9999,-66.9,-48.34,-48.34,-0.747,-9999,-9999,12.04,39.92,39.91,15.19,-0.921,-0.999,-1.006,-0.959,-0.975,-0.981,-0.846,-0.91,-0.965,-1.016,-0.949,-0.965,-0.949,-0.866,-0.91,-1.012,-0.991,-0.951,-0.967,-0.941,-0.866,-0.91,-1.002,-0.989,-0.945,-0.967,-0.965,-0.874,0,0
"2019-04-16 01:47:40.0",786578,-9999,-66.82,-48.41,-48.41,-0.748,-9999,-9999,12.04,39.92,39.91,15.19,-0.917,-1.004,-1.022,-0.959,-0.975,-0.965,-0.842,-0.915,-0.979,-1.016,-0.947,-0.965,-0.973,-0.872,-0.908,-0.973,-1.018,-0.949,-0.967,-0.941,-0.852,-0.908,-0.999,-1.014,-0.949,-0.967,-0.969,-0.87,0,0
"2019-04-16 01:48:00.0",786579,-9999,-66.75,-48.47,-48.47,-0.749,-9999,-9999,12.0456,39.92,39.91,15.19,-0.919,-1.014,-1.046,-0.959,-0.975,-0.961,-0.872,-0.917,-0.979,-1.032,-0.947,-0.961,-0.975,-0.87,-0.917,-0.961,-1.034,-0.943,-0.959,-0.947,-0.874,-0.91,-0.957,-1.03,-0.945,-0.961,-0.965,-0.828,0,0
"2019-04-16 01:48:20.0",786580,-9999,-66.67,-48.54,-48.54,-0.749,-9999,-9999,12.0456,39.92,39.89,15.19,-0.921,-0.993,-1.022,-0.949,-0.969,-0.981,-0.876,-0.917,-0.979,-1.006,-0.939,-0.953,-0.947,-0.842,-0.919,-0.963,-1.01,-0.945,-0.965,-0.945,-0.828,-0.91,-0.963,-1.01,-0.937,-0.957,-0.943,-0.83,0,0
"2019-04-16 01:48:40.0",786581,-9999,-66.6,-48.6,-48.6,-0.75,-9999,-9999,12.04,39.92,39.91,15.19,-0.925,-1.016,-1.034,-0.953,-0.977,-0.945,-0.85,-0.912,-1.02,-1.018,-0.949,-0.967,-0.963,-0.862,-0.91,-0.975,-1.016,-0.957,-0.959,-0.973,-0.866,-0.912,-0.971,-1.018,-0.945,-0.963,-0.941,-0.856,0,700
"2019-04-16 01:49:00.0",786582,-9999,-66.52,-48.67,-48.67,-0.751,-9999,-9999,12.0456,39.92,39.91,15.19,-0.921,-1.022,-1.048,-0.959,-0.979,-0.961,-0.87,-0.91,-1.01,-1.014,-0.945,-0.967,-0.961,-0.886,-0.919,-0.973,-1.018,-0.953,-0.969,-0.979,-0.876,-0.906,-0.971,-1.02,-0.947,-0.951,-0.935,-0.874,0,0
"2019-04-16 01:49:20.0",786583,-9999,-66.44,-48.73,-48.73,-0.752,-9999,-9999,12.0401,39.92,39.91,15.19,-0.921,-1.016,-1.026,-0.967,-0.977,-0.945,-0.888,-0.91,-0.989,-1.022,-0.951,-0.971,-0.955,-0.882,-0.91,-0.971,-1.044,-0.955,-0.973,-0.933,-0.882,-0.91,-0.973,-1.036,-0.949,-0.965,-0.973,-0.846,0,0
"2019-04-16 01:49:40.0",786584,-9999,-66.37,-48.8,-48.8,-0.752,-9999,-9999,12.0456,39.92,39.89,15.17,-0.921,-1.028,-1.01,-0.955,-0.981,-0.961,-0.854,-0.908,-0.985,-1.022,-0.949,-0.971,-0.953,-0.866,-0.912,-0.973,-1.036,-0.949,-0.951,-0.943,-0.866,-0.912,-0.973,-1.038,-0.949,-0.967,-0.957,-0.872,0,0
"2019-04-16 01:50:00.0",786585,-9999,-66.29,-48.86,-48.86,-0.753,-9999,-9999,12.0512,39.92,39.91,15.17,-0.923,-1.006,-1.046,-0.959,-0.975,-0.961,-0.876,-0.91,-1.01,-1.012,-0.945,-0.961,-0.949,-0.844,-0.912,-0.983,-1.006,-0.949,-0.959,-0.935,-0.846,-0.908,-0.989,-1.006,-0.945,-0.941,-0.953,-0.836,0,0
"2019-04-16 01:50:20.0",786586,-9999,-66.21,-48.93,-48.93,-0.754,-9999,-9999,12.0401,39.92,39.91,15.17,-0.923,-0.985,-1.01,-0.975,-0.977,-0.965,-0.888,-0.908,-0.963,-1.036,-0.947,-0.967,-0.979,-0.838,-0.912,-1.008,-1.016,-0.945,-0.967,-0.955,-0.848,-0.915,-0.985,-1.014,-0.945,-0.953,-0.971,-0.838,0,700
"2019-04-16 01:50:40.0",786587,-9999,-66.14,-48.99,-48.99,-0.755,-9999,-9999,12.0401,39.92,39.91,15.17,-0.929,-0.975,-1.026,-0.963,-0.973,-0.981,-0.846,-0.908,-1.008,-1.024,-0.947,-0.987,-0.955,-0.846,-0.91,-0.989,-1.018,-0.945,-0.951,-0.953,-0.83,-0.915,-0.963,-1.01,-0.949,-0.963,-0.937,-0.852,0,0
"2019-04-16 01:51:00.0",786588,-9999,-66.06,-49.06,-49.06,-0.755,-9999,-9999,12.0457,39.92,39.89,15.17,-0.925,-1.01,-1.028,-0.953,-0.969,-0.933,-0.864,-0.917,-0.999,-0.999,-0.937,-0.959,-0.933,-0.882,-0.915,-0.981,-1.01,-0.937,-0.955,-0.973,-0.872,-0.908,-0.957,-1.01,-0.945,-0.959,-0.949,-0.864,0,0
"2019-04-16 01:51:20.0",786589,-9999,-65.98,-49.12,-49.12,-0.756,-9999,-9999,12.0401,39.92,39.89,15.17,-0.925,-1.022,-1.028,-0.965,-0.999,-0.961,-0.876,-0.906,-0.987,-1.008,-0.951,-0.961,-0.967,-0.878,-0.908,-0.983,-0.999,-0.939,-0.965,-0.945,-0.868,-0.917,-0.961,-1.008,-0.943,-0.941,-0.929,-0.825,0,0
"2019-04-16 01:51:40.0",786590,-9999,-65.91,-49.18,-49.18,-0.757,-9999,-9999,12.0457,39.92,39.91,15.17,-0.921,-1.022,-1.026,-0.959,-0.979,-0.949,-0.886,-0.912,-1.016,-1.014,-0.949,-0.965,-0.961,-0.846,-0.91,-0.967,-0.999,-0.957,-0.989,-0.957,-0.842,-0.915,-0.967,-0.987,-0.947,-0.959,-0.949,-0.828,0,0
"2019-04-16 01:52:00.0",786591,-9999,-65.83,-49.25,-49.25,-0.758,-9999,-9999,12.0401,39.92,39.91,15.17,-0.923,-1.016,-1.03,-0.959,-0.981,-0.949,-0.864,-0.908,-1.01,-1.016,-0.949,-0.965,-0.959,-0.89,-0.921,-0.989,-1.04,-0.951,-0.975,-0.953,-0.878,-0.91,-0.971,-1.03,-0.947,-0.965,-0.953,-0.838,0,700
"2019-04-16 01:52:20.0",786592,-9999,-65.75,-49.31,-49.31,-0.758,-9999,-9999,12.0401,39.92,39.89,15.17,-0.921,-1.024,-1.03,-0.961,-0.981,-0.949,-0.856,-0.91,-1.004,-1.02,-0.947,-0.967,-0.961,-0.872,-0.91,-0.977,-1.014,-0.951,-0.971,-0.935,-0.866,-0.912,-0.973,-1.004,-0.945,-0.947,-0.949,-0.821,0,0
"2019-04-16 01:52:40.0",786593,-9999,-65.67,-49.38,-49.38,-0.759,-9999,-9999,12.0401,39.92,39.89,15.17,-0.925,-0.985,-1.022,-0.965,-1.002,-0.963,-0.866,-0.91,-0.985,-0.987,-0.941,-0.985,-0.953,-0.854,-0.915,-0.971,-1.008,-0.943,-0.947,-0.935,-0.834,-0.917,-0.959,-1.006,-0.945,-0.963,-0.939,-0.83,0,0
"2019-04-16 01:53:00.0",786594,-9999,-65.59,-49.44,-49.44,-0.76,-9999,-9999,12.0457,39.92,39.89,15.17,-0.923,-0.985,-1.032,-0.959,-0.981,-0.981,-0.884,-0.912,-0.977,-1.038,-0.953,-0.971,-0.985,-0.868,-0.919,-0.987,-1.014,-0.955,-0.973,-0.959,-0.866,-0.91,-1.012,-1.012,-0.951,-0.971,-0.977,-0.87,0,0
"2019-04-16 01:53:20.0",786595,-9999,-65.51,-49.51,-49.51,-0.76,-9999,-9999,12.0401,39.92,39.89,15.17,-0.925,-1.01,-1.024,-0.959,-0.977,-0.953,-0.864,-0.912,-0.973,-1.016,-0.953,-0.971,-0.981,-0.85,-0.915,-1.01,-1.03,-0.953,-0.973,-0.959,-0.864,-0.91,-0.991,-1.02,-0.953,-0.969,-0.953,-0.872,0,0
"2019-04-16 01:53:40.0",786596,-9999,-65.44,-49.57,-49.57,-0.761,-9999,-9999,12.0457,39.92,39.87,15.17,-0.925,-1.014,-1.018,-0.955,-0.993,-0.945,-0.85,-0.912,-0.955,-1.018,-0.959,-0.965,-0.949,-0.85,-0.917,-1.006,-0.991,-0.943,-0.965,-0.927,-0.842,-0.912,-0.979,-0.993,-0.943,-0.963,-0.969,-0.848,0,700
"2019-04-16 01:54:00.0",786597,-9999,-65.36,-49.63,-49.63,-0.762,-9999,-9999,12.0401,39.92,39.89,15.14,-0.923,-0.997,-1.034,-0.965,-0.979,-0.981,-0.842,-0.91,-0.961,-0.993,-0.945,-0.967,-0.979,-0.88,-0.917,-1.002,-1.01,-0.947,-0.965,-0.955,-0.878,-0.912,-0.999,-1.012,-0.945,-0.983,-0.947,-0.828,0,0
"2019-04-16 01:54:20.0",786598,-9999,-65.28,-49.7,-49.7,-0.763,-9999,-9999,12.0457,39.92,39.91,15.14,-0.925,-0.981,-1.046,-0.959,-0.961,-0.963,-0.886,-0.912,-0.995,-1.016,-0.963,-0.949,-0.955,-0.888,-0.917,-0.971,-1.04,-0.945,-0.973,-0.953,-0.878,-0.912,-1.012,-1.016,-0.955,-0.985,-0.973,-0.872,0,0
"2019-04-16 01:54:40.0",786599,-9999,-65.2,-49.76,-49.76,-0.763,-9999,-9999,12.0401,39.92,39.91,15.14,-0.925,-1.002,-1.048,-0.959,-0.981,-0.959,-0.884,-0.91,-1.004,-0.985,-0.941,-0.959,-0.951,-0.876,-0.917,-0.981,-1.016,-0.941,-0.963,-0.933,-0.852,-0.912,-0.987,-0.987,-0.945,-0.963,-0.973,-0.864,0,0
"2019-04-16 01:55:00.0",786600,-9999,-65.12,-49.83,-49.83,-0.764,-9999,-9999,12.0401,39.92,39.91,15.14,-0.925,-1.02,-1.018,-0.965,-0.977,-0.985,-0.842,-0.912,-0.973,-1.018,-0.953,-0.973,-0.955,-0.848,-0.91,-1.006,-1.016,-0.949,-0.969,-0.977,-0.842,-0.908,-1.012,-1.018,-0.949,-0.967,-0.941,-0.856,0,0
"2019-04-16 01:55:20.0",786601,-9999,-65.04,-49.89,-49.89,-0.765,-9999,-9999,12.0401,39.92,39.91,15.14,-0.931,-0.987,-1.032,-0.963,-0.985,-0.963,-0.888,-0.91,-0.993,-0.989,-0.947,-0.969,-0.939,-0.866,-0.912,-0.975,-1.004,-0.949,-0.963,-0.955,-0.882,-0.915,-0.971,-0.987,-0.953,-0.969,-0.953,-0.88,0,700
"2019-04-16 01:55:40.0",786602,-9999,-64.96,-49.96,-49.96,-0.766,-9999,-9999,12.0457,39.92,39.91,15.14,-0.919,-0.993,-1.05,-0.963,-0.977,-0.981,-0.868,-0.908,-0.979,-1.006,-0.937,-0.977,-0.973,-0.878,-0.915,-0.965,-1.028,-0.941,-0.943,-0.943,-0.876,-0.91,-1.002,-0.995,-0.939,-0.965,-0.965,-0.834,0,0
"2019-04-16 01:56:00.0",786603,-9999,-64.88,-50.02,-50.02,-0.766,-9999,-9999,12.0457,39.92,39.89,15.14,-0.921,-1.006,-1.012,-0.949,-0.975,-0.957,-0.858,-0.912,-0.995,-1.014,-0.969,-0.963,-0.957,-0.84,-0.91,-0.977,-1.014,-0.947,-0.961,-0.937,-0.834,-0.91,-0.985,-1.014,-0.947,-0.953,-0.951,-0.85,0,0
"2019-04-16 01:56:20.0",786604,-9999,-64.8,-50.08,-50.08,-0.767,-9999,-9999,12.0401,39.92,39.91,15.14,-0.917,-1.006,-0.997,-0.955,-0.979,-0.975,-0.858,-0.908,-0.973,-0.985,-0.935,-0.961,-0.971,-0.872,-0.91,-0.957,-1.004,-0.945,-0.963,-0.943,-0.821,-0.908,-0.973,-1.004,-0.941,-0.959,-0.945,-0.825,0,0
"2019-04-16 01:56:40.0",786605,-9999,-64.72,-50.15,-50.15,-0.768,-9999,-9999,12.0401,39.92,39.91,15.14,-0.917,-0.979,-1.03,-0.963,-0.981,-0.961,-0.854,-0.91,-0.989,-1.002,-0.951,-0.967,-0.945,-0.842,-0.915,-0.969,-1.022,-0.947,-0.969,-0.973,-0.844,-0.91,-1.008,-1.006,-0.945,-0.967,-0.949,-0.832,0,0
"2019-04-16 01:57:00.0",786606,-9999,-64.64,-50.21,-50.21,-0.768,-9999,-9999,12.0457,39.92,39.91,15.14,-0.929,-0.973,-0.995,-0.953,-0.955,-0.941,-0.878,-0.912,-0.971,-0.987,-0.939,-0.961,-0.953,-0.886,-0.915,-0.995,-1.016,-0.941,-0.977,-0.935,-0.88,-0.908,-1.002,-1.006,-0.945,-0.961,-0.945,-0.823,0,700
"2019-04-16 01:57:20.0",786607,-9999,-64.56,-50.27,-50.27,-0.769,-9999,-9999,12.0401,39.92,39.87,15.14,-0.923,-1.006,-1.016,-0.949,-0.971,-0.977,-0.862,-0.908,-1.008,-0.997,-0.941,-0.963,-0.943,-0.834,-0.91,-0.987,-1.006,-0.943,-0.959,-0.943,-0.834,-0.908,-0.979,-1.002,-0.935,-0.961,-0.941,-0.852,0,0
"2019-04-16 01:57:40.0",786608,-9999,-64.48,-50.34,-50.34,-0.77,-9999,-9999,12.0401,39.92,39.9,15.14,-0.925,-0.987,-1.018,-0.959,-0.955,-0.979,-0.87,-0.912,-1.006,-1.018,-0.947,-0.967,-0.953,-0.856,-0.908,-0.987,-1.02,-0.949,-0.969,-0.939,-0.866,-0.908,-0.965,-1.012,-0.953,-0.973,-0.955,-0.85,0,0
"2019-04-16 01:58:00.0",786609,-9999,-64.4,-50.4,-50.4,-0.771,-9999,-9999,12.0401,39.92,39.9,15.14,-0.923,-1.002,-1.022,-0.953,-0.971,-0.979,-0.882,-0.912,-0.979,-1.006,-0.935,-0.957,-0.933,-0.86,-0.912,-0.955,-0.985,-0.939,-0.965,-0.961,-0.848,-0.908,-0.971,-0.989,-0.965,-0.957,-0.927,-0.858,0,0
"2019-04-16 01:58:20.0",786610,-9999,-64.32,-50.47,-50.47,-0.771,-9999,-9999,12.0401,39.92,39.9,15.14,-0.923,-0.985,-1.028,-0.959,-0.977,-0.965,-0.848,-0.912,-0.973,-1.022,-0.947,-0.969,-0.977,-0.884,-0.91,-1.008,-1.022,-0.953,-0.985,-0.953,-0.876,-0.908,-1.006,-1.014,-0.949,-0.965,-0.935,-0.874,0,0
"2019-04-16 01:58:40.0",786611,-9999,-64.23,-50.53,-50.53,-0.772,-9999,-9999,12.0401,39.92,39.9,15.14,-0.931,-1.016,-1.012,-0.955,-0.973,-0.977,-0.878,-0.908,-0.993,-1.028,-0.943,-0.977,-0.971,-0.836,-0.91,-0.975,-1.002,-0.947,-0.963,-0.945,-0.83,-0.91,-0.977,-1.022,-0.939,-0.959,-0.933,-0.842,0,700
"2019-04-16 01:59:00.0",786612,-9999,-64.15,-50.59,-50.59,-0.773,-9999,-9999,12.0457,39.93,39.88,15.14,-0.921,-0.997,-1.02,-0.957,-0.971,-0.961,-0.854,-0.91,-0.993,-0.999,-0.949,-0.957,-0.943,-0.878,-0.908,-0.979,-1.026,-0.953,-0.967,-0.977,-0.876,-0.908,-1.012,-1.014,-0.949,-0.965,-0.955,-0.84,0,0
"2019-04-16 01:59:20.0",786613,-9999,-64.07,-50.66,-50.66,-0.773,-9999,-9999,12.0457,39.93,39.9,15.14,-0.923,-1.02,-1.008,-0.947,-0.979,-0.983,-0.87,-0.91,-0.999,-1.008,-0.937,-0.959,-0.935,-0.84,-0.908,-0.977,-1.032,-0.957,-0.963,-0.961,-0.832,-0.904,-0.961,-1.008,-0.939,-0.959,-0.941,-0.828,0,0
"2019-04-16 01:59:40.0",786614,-9999,-63.99,-50.72,-50.72,-0.774,-9999,-9999,12.0401,39.93,39.88,15.14,-0.925,-0.975,-1.02,-0.955,-0.993,-0.955,-0.846,-0.908,-0.955,-1.008,-0.939,-0.961,-0.949,-0.834,-0.91,-0.991,-0.985,-0.945,-0.963,-0.929,-0.83,-0.908,-0.975,-0.981,-0.937,-0.965,-0.961,-0.825,0,0
