"TOA5","","","1764","CR1000.Std.24","CPU:MFRSR_10012018V2.8.CR1","13574","TableHdr","PbCdlComm-1.6.0 (2016/01/26)"
"TIMESTAMP","RECORD","loggerID""headID""xpgmVerID""xlat""xlon""xSiteElev""xFULLREV""xCRXHSTEPS""xSCANseconds""xSCANnAvg""xSCANtrough""xHOMEoffset""xALLTIMEband"
"TS","RN","--""--""--""deg""deg""m""--""--""sec""--""--""--""--"
"","","Smp""Smp""Smp""Smp""Smp""Smp""Smp""Smp""Smp""Smp""Smp""Smp""Smp"
"2019-04-15 00:00:00.0",370,1764,180054423,2.8,-32.1259,-64.7287,1160,800,20,20,1,10,0,-1
"TOA5","","","1764","CR1000.Std.24","CPU:MFRSR_10012018V2.8.CR1","13574","Table155","PbCdlComm-1.6.0 (2016/01/26)"
"TIMESTAMP","RECORD","xoset""az""el""al""cosz""cosasz""pamass""vBat""Thead""THTC""Tlogger""Dnadir(1)""Dnadir(2)""Dnadir(3)""Dnadir(4)""Dnadir(5)""Dnadir(6)""Dnadir(7)""Deast(1)""Deast(2)""Deast(3)""Deast(4)""Deast(5)""Deast(6)""Deast(7)""Dsun(1)""Dsun(2)""Dsun(3)""Dsun(4)""Dsun(5)""Dsun(6)""Dsun(7)""Dwest(1)""Dwest(2)""Dwest(3)""Dwest(4)""Dwest(5)""Dwest(6)""Dwest(7)""kount""khome"
"TS","RN","sec""deg""deg""deg""--""--""--""Volt""degC""degC""degC""mV""mV""mV""mV""mV""mV""mV""mV""mV""mV""mV""mV""mV""mV""mV""mV""mV""mV""mV""mV""mV""mV""mV""mV""mV""mV""mV""mV""--""--"
"","","Smp""Smp""Smp""Smp""Smp""Smp""Smp""Smp""Smp""Smp""Smp""Smp""Smp""Smp""Smp""Smp""Smp""Smp""Smp""Smp""Smp""Smp""Smp""Smp""Smp""Smp""Smp""Smp""Smp""Smp""Smp""Smp""Smp""Smp""Smp""Smp""Smp""Smp""Smp""Smp""Smp"
"2019-04-15 08:00:00.0",783375,-9999,78.96,-34.98,-34.98,-0.573,-9999,-9999,12.0416,39.98,39.91,16.79,-0.858,-0.912,-0.979,-0.876,-0.91,-0.898,-0.811,-0.848,-0.906,-0.973,-0.884,-0.902,-0.92,-0.811,-0.839,-0.926,-0.926,-0.878,-0.9,-0.868,-0.787,-0.843,-0.908,-0.963,-0.87,-0.898,-0.862,-0.761,0,700
"2019-04-15 08:00:20.0",783376,-9999,79.01,-34.91,-34.91,-0.572,-9999,-9999,12.0472,39.97,39.91,16.79,-0.852,-0.937,-0.983,-0.894,-0.912,-0.896,-0.811,-0.848,-0.914,-0.939,-0.854,-0.892,-0.908,-0.803,-0.846,-0.935,-0.949,-0.874,-0.9,-0.884,-0.795,-0.852,-0.933,-0.945,-0.88,-0.888,-0.872,-0.799,0,0
"2019-04-15 08:00:40.0",783377,-9999,79.06,-34.84,-34.84,-0.571,-9999,-9999,12.0472,39.97,39.91,16.81,-0.86,-0.928,-0.955,-0.884,-0.908,-0.896,-0.815,-0.846,-0.924,-0.953,-0.888,-0.908,-0.9,-0.779,-0.841,-0.928,-0.945,-0.884,-0.898,-0.904,-0.811,-0.839,-0.894,-0.947,-0.882,-0.878,-0.898,-0.779,0,0
"2019-04-15 08:01:00.0",783378,-9999,79.12,-34.77,-34.77,-0.57,-9999,-9999,12.0416,39.97,39.91,16.79,-0.864,-0.912,-0.961,-0.9,-0.916,-0.924,-0.793,-0.841,-0.92,-0.937,-0.876,-0.9,-0.87,-0.779,-0.85,-0.908,-0.971,-0.864,-0.898,-0.884,-0.807,-0.854,-0.955,-0.951,-0.888,-0.906,-0.892,-0.803,0,0
"2019-04-15 08:01:20.0",783379,-9999,79.17,-34.7,-34.7,-0.569,-9999,-9999,12.0361,39.98,39.91,16.81,-0.86,-0.943,-0.975,-0.9,-0.935,-0.894,-0.821,-0.846,-0.916,-0.955,-0.872,-0.88,-0.862,-0.823,-0.841,-0.937,-0.916,-0.876,-0.92,-0.882,-0.795,-0.844,-0.908,-0.965,-0.878,-0.9,-0.882,-0.775,0,0
"2019-04-15 08:01:40.0",783380,-9999,79.23,-34.63,-34.63,-0.568,-9999,-9999,12.0361,39.97,39.91,16.81,-0.852,-0.951,-0.977,-0.886,-0.912,-0.908,-0.785,-0.844,-0.922,-0.914,-0.864,-0.892,-0.872,-0.775,-0.841,-0.888,-0.93,-0.87,-0.88,-0.87,-0.785,-0.846,-0.906,-0.935,-0.866,-0.918,-0.898,-0.769,0,700
"2019-04-15 08:02:00.0",783381,-9999,79.28,-34.56,-34.56,-0.567,-9999,-9999,12.0361,39.97,39.91,16.81,-0.854,-0.92,-0.963,-0.886,-0.91,-0.882,-0.787,-0.755,-0.821,-0.85,-0.789,-0.801,-0.795,-0.71,-0.75,-0.801,-0.823,-0.783,-0.801,-0.815,-0.696,-0.759,-0.835,-0.848,-0.779,-0.819,-0.773,-0.708,0,0
"2019-04-15 08:02:20.0",783382,-9999,79.33,-34.49,-34.49,-0.566,-9999,-9999,12.0416,39.98,39.92,16.81,-0.761,-0.811,-0.858,-0.791,-0.829,-0.781,-0.708,-0.755,-0.807,-0.848,-0.779,-0.797,-0.813,-0.686,-0.755,-0.823,-0.846,-0.781,-0.799,-0.763,-0.718,-0.75,-0.809,-0.866,-0.775,-0.813,-0.811,-0.708,0,0
"2019-04-15 08:02:40.0",783383,-9999,79.39,-34.42,-34.42,-0.565,-9999,-9999,12.0361,39.98,39.92,16.81,-0.765,-0.821,-0.864,-0.809,-0.827,-0.809,-0.684,-0.759,-0.86,-0.864,-0.801,-0.819,-0.797,-0.71,-0.748,-0.811,-0.88,-0.789,-0.801,-0.807,-0.682,-0.755,-0.821,-0.852,-0.783,-0.787,-0.787,-0.71,0,0
"2019-04-15 08:03:00.0",783384,-9999,79.44,-34.35,-34.35,-0.564,-9999,-9999,12.0361,39.98,39.92,16.81,-0.767,-0.874,-0.86,-0.805,-0.846,-0.803,-0.7,-0.755,-0.819,-0.839,-0.789,-0.825,-0.823,-0.736,-0.75,-0.837,-0.858,-0.793,-0.807,-0.799,-0.692,-0.755,-0.864,-0.866,-0.793,-0.833,-0.795,-0.69,0,0
"2019-04-15 08:03:20.0",783385,-9999,79.49,-34.28,-34.28,-0.563,-9999,-9999,12.0416,39.98,39.92,16.81,-0.765,-0.846,-0.846,-0.787,-0.807,-0.817,-0.702,-0.755,-0.846,-0.85,-0.783,-0.805,-0.823,-0.704,-0.755,-0.815,-0.854,-0.771,-0.835,-0.783,-0.688,-0.761,-0.858,-0.868,-0.791,-0.819,-0.791,-0.728,0,700
"2019-04-15 08:03:40.0",783386,-9999,79.55,-34.21,-34.21,-0.562,-9999,-9999,12.0416,39.97,39.92,16.81,-0.763,-0.809,-0.858,-0.793,-0.805,-0.815,-0.68,-0.767,-0.87,-0.896,-0.807,-0.829,-0.839,-0.73,-0.769,-0.825,-0.858,-0.809,-0.825,-0.805,-0.716,-0.765,-0.846,-0.898,-0.805,-0.827,-0.797,-0.696,0,0
"2019-04-15 08:04:00.0",783387,-9999,79.6,-34.14,-34.14,-0.561,-9999,-9999,12.0472,39.98,39.92,16.81,-0.771,-0.833,-0.888,-0.809,-0.831,-0.801,-0.722,-0.767,-0.864,-0.884,-0.811,-0.829,-0.801,-0.726,-0.773,-0.823,-0.878,-0.827,-0.829,-0.809,-0.73,-0.765,-0.835,-0.85,-0.801,-0.823,-0.819,-0.722,0,0
"2019-04-15 08:04:20.0",783388,-9999,79.65,-34.07,-34.07,-0.56,-9999,-9999,12.0472,39.97,39.92,16.84,-0.858,-0.914,-0.955,-0.892,-0.906,-0.89,-0.801,-0.846,-0.896,-0.937,-0.872,-0.896,-0.866,-0.805,-0.844,-0.902,-0.943,-0.868,-0.898,-0.88,-0.773,-0.848,-0.939,-0.943,-0.87,-0.896,-0.888,-0.805,0,0
"2019-04-15 08:04:40.0",783389,-9999,79.71,-34,-34,-0.559,-9999,-9999,12.0416,39.98,39.92,16.84,-0.854,-0.904,-0.949,-0.884,-0.91,-0.868,-0.775,-0.854,-0.906,-0.939,-0.876,-0.908,-0.892,-0.829,-0.839,-0.922,-0.953,-0.89,-0.884,-0.882,-0.801,-0.844,-0.945,-0.939,-0.916,-0.908,-0.894,-0.771,0,0
"2019-04-15 08:05:00.0",783390,-9999,79.76,-33.94,-33.94,-0.558,-9999,-9999,12.0416,39.98,39.92,16.84,-0.86,-0.91,-0.949,-0.88,-0.908,-0.884,-0.803,-0.848,-0.955,-0.959,-0.886,-0.902,-0.922,-0.787,-0.841,-0.914,-0.957,-0.892,-0.902,-0.882,-0.813,-0.848,-0.922,-0.951,-0.886,-0.898,-0.876,-0.787,0,700
"2019-04-15 08:05:20.0",783391,-9999,79.81,-33.87,-33.87,-0.557,-9999,-9999,12.0416,39.98,39.92,16.84,-0.852,-0.951,-0.969,-0.904,-0.922,-0.888,-0.787,-0.844,-0.922,-0.947,-0.882,-0.898,-0.886,-0.775,-0.844,-0.894,-0.945,-0.878,-0.89,-0.858,-0.797,-0.839,-0.912,-0.945,-0.876,-0.9,-0.878,-0.773,0,0
"2019-04-15 08:05:40.0",783392,-9999,79.86,-33.8,-33.8,-0.556,-9999,-9999,12.0416,39.98,39.92,16.84,-0.858,-0.959,-0.969,-0.896,-0.914,-0.902,-0.781,-0.848,-0.892,-0.935,-0.87,-0.894,-0.88,-0.783,-0.854,-0.922,-0.947,-0.88,-0.924,-0.898,-0.799,-0.846,-0.928,-0.939,-0.882,-0.896,-0.884,-0.805,0,0
"2019-04-15 08:06:00.0",783393,-9999,79.92,-33.73,-33.73,-0.555,-9999,-9999,12.0416,39.98,39.92,16.86,-0.854,-0.906,-0.947,-0.886,-0.912,-0.91,-0.811,-0.85,-0.91,-0.931,-0.888,-0.906,-0.886,-0.809,-0.848,-0.91,-0.957,-0.886,-0.888,-0.896,-0.781,-0.841,-0.953,-0.965,-0.888,-0.906,-0.916,-0.793,0,0
"2019-04-15 08:06:20.0",783394,-9999,79.97,-33.66,-33.66,-0.554,-9999,-9999,12.0361,39.98,39.92,16.86,-0.775,-0.85,-0.886,-0.807,-0.817,-0.813,-0.704,-0.773,-0.86,-0.872,-0.807,-0.821,-0.833,-0.696,-0.767,-0.831,-0.892,-0.799,-0.821,-0.801,-0.72,-0.765,-0.837,-0.86,-0.801,-0.841,-0.799,-0.694,0,0
"2019-04-15 08:06:40.0",783395,-9999,80,-33.59,-33.59,-0.553,-9999,-9999,12.0361,39.97,39.92,16.86,-0.775,-0.846,-0.884,-0.821,-0.841,-0.811,-0.722,-0.771,-0.85,-0.868,-0.781,-0.821,-0.805,-0.718,-0.769,-0.813,-0.86,-0.795,-0.813,-0.815,-0.7,-0.761,-0.856,-0.866,-0.795,-0.799,-0.815,-0.718,0,700
"2019-04-15 08:07:00.0",783396,-9999,80.1,-33.52,-33.52,-0.552,-9999,-9999,12.0416,39.98,39.92,16.86,-0.779,-0.825,-0.862,-0.811,-0.841,-0.799,-0.736,-0.846,-0.906,-0.941,-0.876,-0.9,-0.878,-0.819,-0.85,-0.931,-0.957,-0.882,-0.896,-0.906,-0.783,-0.846,-0.947,-0.969,-0.884,-0.908,-0.912,-0.783,0,0
"2019-04-15 08:07:20.0",783397,-9999,80.1,-33.45,-33.45,-0.551,-9999,-9999,12.0361,39.98,39.92,16.86,-0.858,-0.926,-0.947,-0.884,-0.908,-0.914,-0.799,-0.85,-0.91,-0.941,-0.896,-0.914,-0.92,-0.829,-0.846,-0.933,-0.955,-0.886,-0.906,-0.89,-0.787,-0.852,-0.914,-0.965,-0.888,-0.926,-0.88,-0.777,0,0
"2019-04-15 08:07:40.0",783398,-9999,80.2,-33.38,-33.38,-0.55,-9999,-9999,12.0416,39.98,39.92,16.86,-0.86,-0.955,-0.967,-0.89,-0.91,-0.886,-0.801,-0.846,-0.926,-0.959,-0.882,-0.908,-0.9,-0.805,-0.844,-0.941,-0.947,-0.88,-0.898,-0.868,-0.769,-0.844,-0.89,-0.945,-0.874,-0.896,-0.88,-0.757,0,0
"2019-04-15 08:08:00.0",783399,-9999,80.2,-33.31,-33.31,-0.549,-9999,-9999,12.0416,39.98,39.92,16.86,-0.86,-0.965,-0.963,-0.898,-0.916,-0.904,-0.813,-0.848,-0.949,-0.959,-0.878,-0.89,-0.898,-0.807,-0.842,-0.902,-0.951,-0.88,-0.902,-0.882,-0.775,-0.846,-0.939,-0.945,-0.882,-0.906,-0.904,-0.805,0,0
"2019-04-15 08:08:20.0",783400,-9999,80.3,-33.24,-33.24,-0.548,-9999,-9999,12.0416,39.97,39.92,16.89,-0.858,-0.922,-0.947,-0.882,-0.91,-0.88,-0.791,-0.848,-0.933,-0.949,-0.88,-0.902,-0.868,-0.803,-0.852,-0.947,-0.947,-0.876,-0.904,-0.906,-0.773,-0.85,-0.914,-0.953,-0.888,-0.894,-0.908,-0.771,0,700
"2019-04-15 08:08:40.0",783401,-9999,80.3,-33.17,-33.17,-0.547,-9999,-9999,12.0472,39.98,39.92,16.89,-0.856,-0.937,-0.973,-0.906,-0.941,-0.924,-0.825,-0.846,-0.943,-0.957,-0.888,-0.924,-0.884,-0.799,-0.844,-0.906,-0.949,-0.884,-0.906,-0.892,-0.779,-0.85,-0.945,-0.957,-0.886,-0.902,-0.888,-0.777,0,0
"2019-04-15 08:09:00.0",783402,-9999,80.4,-33.1,-33.1,-0.546,-9999,-9999,12.0416,39.99,39.92,16.89,-0.856,-0.922,-0.953,-0.888,-0.91,-0.914,-0.811,-0.846,-0.918,-0.953,-0.882,-0.88,-0.902,-0.815,-0.842,-0.933,-0.951,-0.874,-0.902,-0.862,-0.799,-0.846,-0.894,-0.941,-0.874,-0.892,-0.866,-0.779,0,0
"2019-04-15 08:09:20.0",783403,-9999,80.4,-33.03,-33.03,-0.545,-9999,-9999,12.0361,39.99,39.92,16.89,-0.86,-0.939,-0.926,-0.892,-0.884,-0.884,-0.795,-0.846,-0.926,-0.941,-0.87,-0.89,-0.88,-0.809,-0.844,-0.888,-0.935,-0.87,-0.92,-0.896,-0.763,-0.85,-0.906,-0.939,-0.872,-0.89,-0.896,-0.771,0,0
"2019-04-15 08:09:40.0",783404,-9999,80.5,-32.96,-32.96,-0.544,-9999,-9999,12.0416,39.99,39.92,16.89,-0.854,-0.902,-0.947,-0.888,-0.906,-0.888,-0.781,-0.846,-0.908,-0.947,-0.878,-0.9,-0.874,-0.779,-0.844,-0.894,-0.941,-0.872,-0.89,-0.882,-0.807,-0.846,-0.937,-0.947,-0.882,-0.894,-0.878,-0.785,0,0
"2019-04-15 08:10:00.0",783405,-9999,80.5,-32.89,-32.89,-0.543,-9999,-9999,12.0416,39.96,39.92,16.91,-0.854,-0.908,-0.979,-0.892,-0.916,-0.918,-0.779,-0.842,-0.898,-0.957,-0.886,-0.896,-0.88,-0.801,-0.844,-0.918,-0.945,-0.882,-0.896,-0.884,-0.799,-0.844,-0.937,-0.949,-0.88,-0.9,-0.904,-0.801,0,700
"2019-04-15 08:10:20.0",783406,-9999,80.6,-32.82,-32.82,-0.542,-9999,-9999,12.0416,39.98,39.92,16.91,-0.864,-0.916,-0.963,-0.914,-0.912,-0.904,-0.807,-0.846,-0.9,-0.953,-0.89,-0.91,-0.876,-0.813,-0.848,-0.914,-0.977,-0.866,-0.906,-0.894,-0.773,-0.837,-0.941,-0.949,-0.894,-0.904,-0.886,-0.771,0,0
"2019-04-15 08:10:40.0",783407,-9999,80.6,-32.75,-32.75,-0.541,-9999,-9999,12.0528,39.98,39.92,16.91,-0.86,-0.914,-0.957,-0.892,-0.912,-0.882,-0.815,-0.844,-0.894,-0.924,-0.88,-0.88,-0.884,-0.807,-0.839,-0.884,-0.941,-0.868,-0.892,-0.9,-0.787,-0.844,-0.926,-0.943,-0.876,-0.888,-0.896,-0.761,0,0
"2019-04-15 08:11:00.0",783408,-9999,80.7,-32.68,-32.68,-0.54,-9999,-9999,12.0416,39.99,39.92,16.91,-0.856,-0.9,-0.957,-0.88,-0.902,-0.884,-0.809,-0.842,-0.931,-0.939,-0.874,-0.894,-0.876,-0.817,-0.844,-0.888,-0.933,-0.872,-0.892,-0.896,-0.791,-0.844,-0.91,-0.939,-0.868,-0.91,-0.896,-0.761,0,0
"2019-04-15 08:11:20.0",783409,-9999,80.8,-32.61,-32.61,-0.539,-9999,-9999,12.0416,39.98,39.92,16.91,-0.854,-0.941,-0.947,-0.886,-0.926,-0.874,-0.787,-0.842,-0.9,-0.943,-0.874,-0.894,-0.864,-0.781,-0.844,-0.916,-0.943,-0.87,-0.894,-0.872,-0.809,-0.844,-0.943,-0.947,-0.876,-0.898,-0.894,-0.779,0,0
"2019-04-15 08:11:40.0",783410,-9999,80.8,-32.54,-32.54,-0.538,-9999,-9999,12.0416,39.99,39.92,16.91,-0.856,-0.947,-0.973,-0.886,-0.9,-0.886,-0.785,-0.85,-0.912,-0.939,-0.874,-0.898,-0.87,-0.791,-0.844,-0.931,-0.959,-0.87,-0.896,-0.876,-0.775,-0.846,-0.908,-0.931,-0.868,-0.896,-0.896,-0.797,0,700
"2019-04-15 08:12:00.0",783411,-9999,80.9,-32.47,-32.47,-0.537,-9999,-9999,12.0416,39.99,39.92,16.91,-0.854,-0.933,-0.957,-0.88,-0.904,-0.916,-0.787,-0.848,-0.9,-0.973,-0.87,-0.898,-0.868,-0.781,-0.839,-0.898,-0.924,-0.872,-0.92,-0.874,-0.787,-0.844,-0.933,-0.959,-0.86,-0.898,-0.896,-0.765,0,0
"2019-04-15 08:12:20.0",783412,-9999,80.9,-32.41,-32.41,-0.536,-9999,-9999,12.0361,39.98,39.92,16.91,-0.856,-0.943,-0.949,-0.884,-0.906,-0.886,-0.797,-0.844,-0.922,-0.963,-0.878,-0.894,-0.884,-0.775,-0.842,-0.918,-0.916,-0.872,-0.894,-0.886,-0.813,-0.848,-0.926,-0.965,-0.88,-0.902,-0.88,-0.791,0,0
"2019-04-15 08:12:40.0",783413,-9999,81,-32.34,-32.34,-0.535,-9999,-9999,12.0416,39.98,39.92,16.94,-0.85,-0.949,-0.977,-0.892,-0.904,-0.912,-0.823,-0.839,-0.912,-0.931,-0.88,-0.902,-0.892,-0.813,-0.842,-0.902,-0.955,-0.884,-0.904,-0.886,-0.813,-0.846,-0.951,-0.933,-0.884,-0.906,-0.886,-0.791,0,0
"2019-04-15 08:13:00.0",783414,-9999,81,-32.27,-32.27,-0.534,-9999,-9999,12.0416,39.98,39.92,16.94,-0.854,-0.912,-0.963,-0.89,-0.912,-0.878,-0.805,-0.842,-0.916,-0.943,-0.878,-0.898,-0.874,-0.803,-0.844,-0.933,-0.939,-0.872,-0.902,-0.9,-0.777,-0.842,-0.912,-0.945,-0.876,-0.92,-0.904,-0.805,0,0
"2019-04-15 08:13:20.0",783415,-9999,81.1,-32.2,-32.2,-0.533,-9999,-9999,12.0416,39.98,39.92,16.94,-0.852,-0.947,-0.965,-0.89,-0.91,-0.9,-0.783,-0.839,-0.941,-0.933,-0.88,-0.922,-0.874,-0.801,-0.842,-0.924,-0.955,-0.88,-0.902,-0.888,-0.771,-0.835,-0.928,-0.92,-0.876,-0.9,-0.91,-0.803,0,700
"2019-04-15 08:13:40.0",783416,-9999,81.1,-32.13,-32.13,-0.532,-9999,-9999,12.0472,39.98,39.92,16.94,-0.85,-0.941,-0.953,-0.888,-0.902,-0.91,-0.769,-0.839,-0.928,-0.935,-0.872,-0.886,-0.896,-0.765,-0.833,-0.88,-0.939,-0.854,-0.884,-0.856,-0.793,-0.835,-0.898,-0.963,-0.87,-0.892,-0.874,-0.773,0,0
"2019-04-15 08:14:00.0",783417,-9999,81.2,-32.06,-32.06,-0.531,-9999,-9999,12.0361,39.99,39.92,16.96,-0.85,-0.922,-0.939,-0.878,-0.9,-0.884,-0.795,-0.846,-0.908,-0.928,-0.868,-0.892,-0.9,-0.813,-0.842,-0.943,-0.959,-0.87,-0.894,-0.86,-0.773,-0.839,-0.894,-0.945,-0.874,-0.9,-0.876,-0.807,0,0
"2019-04-15 08:14:20.0",783418,-9999,81.2,-31.99,-31.99,-0.53,-9999,-9999,12.0416,39.99,39.92,16.96,-0.85,-0.916,-0.969,-0.894,-0.91,-0.916,-0.799,-0.839,-0.928,-0.947,-0.882,-0.906,-0.91,-0.823,-0.844,-0.906,-0.924,-0.864,-0.9,-0.872,-0.775,-0.833,-0.924,-0.949,-0.88,-0.902,-0.88,-0.799,0,0
"2019-04-15 08:14:40.0",783419,-9999,81.3,-31.92,-31.92,-0.529,-9999,-9999,12.0416,39.99,39.92,16.96,-0.848,-0.89,-0.945,-0.878,-0.904,-0.906,-0.767,-0.835,-0.882,-0.931,-0.866,-0.882,-0.888,-0.771,-0.835,-0.882,-0.92,-0.86,-0.88,-0.866,-0.763,-0.833,-0.914,-0.91,-0.886,-0.882,-0.864,-0.753,0,0
"2019-04-15 08:15:00.0",783420,-9999,81.3,-31.85,-31.85,-0.528,-9999,-9999,12.0416,39.99,39.92,16.96,-0.848,-0.904,-0.924,-0.878,-0.914,-0.89,-0.795,-0.835,-0.937,-0.965,-0.878,-0.89,-0.868,-0.779,-0.835,-0.943,-0.943,-0.88,-0.896,-0.902,-0.813,-0.835,-0.904,-0.951,-0.878,-0.896,-0.866,-0.773,0,700
"2019-04-15 08:15:20.0",783421,-9999,81.4,-31.78,-31.78,-0.527,-9999,-9999,12.0416,39.99,39.92,16.96,-0.852,-0.951,-0.939,-0.888,-0.91,-0.894,-0.793,-0.835,-0.922,-0.977,-0.864,-0.884,-0.908,-0.799,-0.835,-0.918,-0.941,-0.86,-0.896,-0.88,-0.797,-0.835,-0.945,-0.949,-0.874,-0.896,-0.904,-0.791,0,0
"2019-04-15 08:15:40.0",783422,-9999,81.4,-31.71,-31.71,-0.526,-9999,-9999,12.0416,39.99,39.92,16.98,-0.844,-0.918,-0.961,-0.888,-0.91,-0.876,-0.795,-0.835,-0.941,-0.967,-0.904,-0.896,-0.89,-0.777,-0.837,-0.935,-0.951,-0.88,-0.9,-0.884,-0.789,-0.835,-0.9,-0.945,-0.874,-0.888,-0.866,-0.769,0,0
"2019-04-15 08:16:00.0",783423,-9999,81.5,-31.64,-31.64,-0.525,-9999,-9999,12.0416,39.99,39.92,16.98,-0.846,-0.914,-0.959,-0.888,-0.912,-0.898,-0.795,-0.837,-0.939,-0.945,-0.876,-0.89,-0.904,-0.817,-0.829,-0.937,-0.961,-0.874,-0.878,-0.884,-0.773,-0.831,-0.904,-0.928,-0.878,-0.89,-0.9,-0.797,0,0
"2019-04-15 08:16:20.0",783424,-9999,81.5,-31.57,-31.57,-0.524,-9999,-9999,12.0472,39.99,39.92,16.98,-0.844,-0.902,-0.926,-0.872,-0.88,-0.862,-0.783,-0.829,-0.916,-0.935,-0.866,-0.892,-0.87,-0.785,-0.827,-0.926,-0.939,-0.872,-0.89,-0.86,-0.757,-0.827,-0.896,-0.947,-0.874,-0.89,-0.878,-0.795,0,0
"2019-04-15 08:16:40.0",783425,-9999,81.6,-31.5,-31.5,-0.522,-9999,-9999,12.0472,39.99,39.92,17.01,-0.844,-0.894,-0.957,-0.87,-0.896,-0.862,-0.787,-0.835,-0.924,-0.937,-0.868,-0.884,-0.862,-0.795,-0.831,-0.926,-0.931,-0.872,-0.888,-0.892,-0.767,-0.829,-0.888,-0.949,-0.872,-0.89,-0.858,-0.813,0,700
"2019-04-15 08:17:00.0",783426,-9999,81.6,-31.43,-31.43,-0.521,-9999,-9999,12.0361,39.99,39.92,17.01,-0.839,-0.916,-0.965,-0.878,-0.878,-0.87,-0.783,-0.831,-0.87,-0.92,-0.878,-0.884,-0.866,-0.759,-0.825,-0.866,-0.935,-0.858,-0.884,-0.852,-0.779,-0.831,-0.896,-0.935,-0.864,-0.882,-0.888,-0.783,0,0
"2019-04-15 08:17:20.0",783427,-9999,81.7,-31.36,-31.36,-0.52,-9999,-9999,12.0416,39.99,39.92,17.01,-0.846,-0.92,-0.967,-0.874,-0.896,-0.908,-0.773,-0.825,-0.922,-0.941,-0.892,-0.89,-0.91,-0.801,-0.835,-0.935,-0.939,-0.866,-0.882,-0.896,-0.799,-0.833,-0.916,-0.951,-0.866,-0.886,-0.86,-0.761,0,0
"2019-04-15 08:17:40.0",783428,-9999,81.7,-31.29,-31.29,-0.519,-9999,-9999,12.0416,39.99,39.92,17.01,-0.842,-0.937,-0.957,-0.878,-0.906,-0.884,-0.817,-0.829,-0.892,-0.928,-0.878,-0.864,-0.882,-0.791,-0.827,-0.888,-0.904,-0.854,-0.868,-0.858,-0.765,-0.827,-0.906,-0.916,-0.856,-0.876,-0.86,-0.763,0,0
"2019-04-15 08:18:00.0",783429,-9999,81.8,-31.22,-31.22,-0.518,-9999,-9999,12.0416,39.99,39.92,17.01,-0.837,-0.937,-0.939,-0.87,-0.91,-0.868,-0.793,-0.825,-0.926,-0.914,-0.87,-0.884,-0.86,-0.787,-0.825,-0.924,-0.941,-0.874,-0.886,-0.876,-0.799,-0.829,-0.898,-0.939,-0.872,-0.894,-0.878,-0.761,0,0
"2019-04-15 08:18:20.0",783430,-9999,81.8,-31.15,-31.15,-0.517,-9999,-9999,12.0416,39.99,39.92,17.04,-0.837,-0.939,-0.951,-0.878,-0.914,-0.888,-0.767,-0.827,-0.91,-0.91,-0.86,-0.874,-0.852,-0.791,-0.829,-0.892,-0.902,-0.856,-0.882,-0.876,-0.791,-0.831,-0.908,-0.916,-0.852,-0.87,-0.842,-0.761,0,700
"2019-04-15 08:18:40.0",783431,-9999,81.9,-31.08,-31.08,-0.516,-9999,-9999,12.0416,39.99,39.92,17.04,-0.842,-0.914,-0.916,-0.866,-0.89,-0.896,-0.769,-0.825,-0.872,-0.931,-0.856,-0.874,-0.886,-0.75,-0.823,-0.886,-0.933,-0.854,-0.88,-0.858,-0.75,-0.825,-0.886,-0.947,-0.86,-0.878,-0.866,-0.785,0,0
"2019-04-15 08:19:00.0",783432,-9999,81.9,-31.01,-31.01,-0.515,-9999,-9999,12.0416,39.99,39.91,17.04,-0.835,-0.906,-0.924,-0.866,-0.886,-0.854,-0.787,-0.825,-0.878,-0.926,-0.872,-0.906,-0.858,-0.795,-0.819,-0.888,-0.924,-0.864,-0.88,-0.886,-0.795,-0.827,-0.888,-0.914,-0.866,-0.908,-0.858,-0.753,0,0
"2019-04-15 08:19:20.0",783433,-9999,82,-30.94,-30.94,-0.514,-9999,-9999,12.0416,39.99,39.91,17.04,-0.835,-0.916,-0.933,-0.864,-0.868,-0.87,-0.759,-0.825,-0.912,-0.912,-0.88,-0.87,-0.844,-0.793,-0.825,-0.892,-0.914,-0.862,-0.874,-0.878,-0.753,-0.823,-0.908,-0.922,-0.848,-0.89,-0.85,-0.771,0,0
"2019-04-15 08:19:40.0",783434,-9999,82,-30.87,-30.87,-0.513,-9999,-9999,12.0416,39.99,39.91,17.06,-0.831,-0.912,-0.933,-0.868,-0.878,-0.872,-0.785,-0.821,-0.902,-0.928,-0.852,-0.868,-0.888,-0.759,-0.821,-0.9,-0.92,-0.837,-0.898,-0.86,-0.753,-0.823,-0.922,-0.939,-0.866,-0.878,-0.87,-0.783,0,0
"2019-04-15 08:20:00.0",783435,-9999,82.1,-30.8,-30.8,-0.512,-9999,-9999,12.0361,39.99,39.91,17.06,-0.835,-0.912,-0.941,-0.866,-0.888,-0.888,-0.803,-0.825,-0.886,-0.922,-0.854,-0.88,-0.862,-0.746,-0.819,-0.894,-0.924,-0.852,-0.876,-0.844,-0.767,-0.821,-0.888,-0.949,-0.858,-0.874,-0.862,-0.779,0,700
"2019-04-15 08:20:20.0",783436,-9999,82.1,-30.73,-30.73,-0.511,-9999,-9999,12.0416,39.99,39.91,17.06,-0.831,-0.896,-0.953,-0.892,-0.888,-0.87,-0.789,-0.821,-0.866,-0.91,-0.848,-0.872,-0.846,-0.777,-0.821,-0.912,-0.914,-0.852,-0.876,-0.872,-0.787,-0.819,-0.914,-0.918,-0.856,-0.87,-0.86,-0.74,0,0
"2019-04-15 08:20:40.0",783437,-9999,82.2,-30.66,-30.66,-0.51,-9999,-9999,12.0416,39.99,39.91,17.06,-0.833,-0.922,-0.953,-0.878,-0.9,-0.886,-0.793,-0.825,-0.872,-0.92,-0.858,-0.876,-0.85,-0.791,-0.823,-0.876,-0.916,-0.854,-0.894,-0.856,-0.748,-0.825,-0.864,-0.89,-0.852,-0.868,-0.858,-0.773,0,0
"2019-04-15 08:21:00.0",783438,-9999,82.2,-30.59,-30.59,-0.509,-9999,-9999,12.0361,39.99,39.91,17.09,-0.835,-0.92,-0.967,-0.876,-0.896,-0.9,-0.748,-0.821,-0.884,-0.931,-0.862,-0.906,-0.858,-0.771,-0.821,-0.878,-0.924,-0.839,-0.876,-0.882,-0.759,-0.825,-0.886,-0.924,-0.858,-0.898,-0.85,-0.791,0,0
"2019-04-15 08:21:20.0",783439,-9999,82.3,-30.52,-30.52,-0.508,-9999,-9999,12.0416,39.99,39.91,17.09,-0.837,-0.876,-0.933,-0.862,-0.884,-0.866,-0.769,-0.819,-0.896,-0.941,-0.886,-0.868,-0.878,-0.783,-0.825,-0.896,-0.941,-0.85,-0.888,-0.866,-0.763,-0.825,-0.896,-0.904,-0.866,-0.89,-0.87,-0.793,0,0
"2019-04-15 08:21:40.0",783440,-9999,82.3,-30.45,-30.45,-0.507,-9999,-9999,12.0416,39.99,39.91,17.11,-0.839,-0.882,-0.933,-0.86,-0.87,-0.864,-0.773,-0.821,-0.92,-0.916,-0.868,-0.88,-0.862,-0.811,-0.815,-0.91,-0.933,-0.864,-0.91,-0.866,-0.757,-0.829,-0.916,-0.939,-0.868,-0.9,-0.872,-0.775,0,700
"2019-04-15 08:22:00.0",783441,-9999,82.4,-30.38,-30.38,-0.506,-9999,-9999,12.0416,39.99,39.91,17.11,-0.831,-0.92,-0.935,-0.866,-0.888,-0.844,-0.787,-0.817,-0.882,-0.933,-0.866,-0.868,-0.86,-0.767,-0.819,-0.894,-0.928,-0.866,-0.888,-0.892,-0.761,-0.829,-0.892,-0.943,-0.872,-0.886,-0.87,-0.803,0,0
"2019-04-15 08:22:20.0",783442,-9999,82.4,-30.31,-30.31,-0.505,-9999,-9999,12.0416,39.99,39.91,17.11,-0.831,-0.933,-0.926,-0.856,-0.872,-0.868,-0.775,-0.823,-0.908,-0.926,-0.862,-0.878,-0.852,-0.771,-0.821,-0.902,-0.926,-0.856,-0.87,-0.86,-0.771,-0.821,-0.898,-0.912,-0.837,-0.874,-0.856,-0.781,0,0
"2019-04-15 08:22:40.0",783443,-9999,82.5,-30.24,-30.24,-0.504,-9999,-9999,12.0416,39.99,39.91,17.11,-0.835,-0.904,-0.943,-0.87,-0.89,-0.86,-0.783,-0.821,-0.906,-0.922,-0.858,-0.88,-0.86,-0.789,-0.821,-0.892,-0.92,-0.858,-0.894,-0.864,-0.761,-0.823,-0.89,-0.928,-0.862,-0.898,-0.862,-0.767,0,0
"2019-04-15 08:23:00.0",783444,-9999,82.5,-30.17,-30.17,-0.503,-9999,-9999,12.0416,39.99,39.91,17.11,-0.835,-0.904,-0.949,-0.876,-0.866,-0.868,-0.759,-0.827,-0.898,-0.92,-0.866,-0.882,-0.856,-0.785,-0.819,-0.92,-0.922,-0.864,-0.872,-0.852,-0.785,-0.823,-0.918,-0.912,-0.862,-0.866,-0.868,-0.746,0,0
"2019-04-15 08:23:20.0",783445,-9999,82.6,-30.1,-30.1,-0.502,-9999,-9999,12.0472,39.99,39.91,17.14,-0.835,-0.9,-0.933,-0.862,-0.882,-0.858,-0.791,-0.829,-0.884,-0.939,-0.862,-0.882,-0.874,-0.773,-0.825,-0.926,-0.941,-0.864,-0.886,-0.884,-0.757,-0.825,-0.926,-0.937,-0.868,-0.908,-0.872,-0.795,0,700
"2019-04-15 08:23:40.0",783446,-9999,82.6,-30.03,-30.03,-0.5,-9999,-9999,12.0361,39.99,39.91,17.14,-0.833,-0.914,-0.947,-0.858,-0.882,-0.848,-0.759,-0.821,-0.91,-0.935,-0.864,-0.89,-0.896,-0.779,-0.821,-0.888,-0.941,-0.866,-0.878,-0.872,-0.799,-0.825,-0.896,-0.931,-0.868,-0.89,-0.86,-0.746,0,0
"2019-04-15 08:24:00.0",783447,-9999,82.7,-29.96,-29.96,-0.499,-9999,-9999,12.0416,39.99,39.91,17.14,-0.829,-0.92,-0.951,-0.862,-0.866,-0.886,-0.773,-0.823,-0.904,-0.937,-0.864,-0.884,-0.858,-0.803,-0.819,-0.884,-0.935,-0.862,-0.886,-0.85,-0.763,-0.825,-0.896,-0.926,-0.866,-0.884,-0.876,-0.771,0,0
"2019-04-15 08:24:20.0",783448,-9999,82.7,-29.89,-29.89,-0.498,-9999,-9999,12.0416,39.99,39.91,17.14,-0.833,-0.89,-0.928,-0.862,-0.888,-0.864,-0.789,-0.823,-0.912,-0.924,-0.862,-0.902,-0.894,-0.759,-0.831,-0.908,-0.926,-0.866,-0.882,-0.888,-0.769,-0.821,-0.924,-0.933,-0.87,-0.88,-0.874,-0.785,0,0
"2019-04-15 08:24:40.0",783449,-9999,82.8,-29.82,-29.82,-0.497,-9999,-9999,12.0416,39.99,39.91,17.16,-0.835,-0.922,-0.926,-0.864,-0.894,-0.866,-0.799,-0.829,-0.916,-0.898,-0.856,-0.862,-0.884,-0.775,-0.825,-0.888,-0.898,-0.854,-0.876,-0.884,-0.779,-0.821,-0.894,-0.928,-0.868,-0.876,-0.866,-0.753,0,0
"2019-04-15 08:25:00.0",783450,-9999,82.8,-29.75,-29.75,-0.496,-9999,-9999,12.0361,39.99,39.91,17.16,-0.839,-0.908,-0.91,-0.868,-0.888,-0.872,-0.799,-0.825,-0.892,-0.933,-0.864,-0.878,-0.888,-0.779,-0.827,-0.904,-0.935,-0.858,-0.876,-0.862,-0.785,-0.823,-0.902,-0.916,-0.89,-0.886,-0.858,-0.742,0,700
"2019-04-15 08:25:20.0",783451,-9999,82.9,-29.68,-29.68,-0.495,-9999,-9999,12.0416,39.99,39.91,17.16,-0.839,-0.931,-0.961,-0.866,-0.894,-0.896,-0.807,-0.827,-0.882,-0.918,-0.876,-0.882,-0.868,-0.803,-0.827,-0.904,-0.92,-0.854,-0.882,-0.86,-0.777,-0.835,-0.868,-0.914,-0.86,-0.872,-0.886,-0.767,0,0
"2019-04-15 08:25:40.0",783452,-9999,82.9,-29.61,-29.61,-0.494,-9999,-9999,12.0416,39.99,39.91,17.16,-0.844,-0.904,-0.945,-0.874,-0.906,-0.904,-0.777,-0.829,-0.882,-0.92,-0.88,-0.882,-0.892,-0.769,-0.827,-0.878,-0.926,-0.86,-0.878,-0.862,-0.779,-0.829,-0.888,-0.937,-0.864,-0.88,-0.846,-0.746,0,0
"2019-04-15 08:26:00.0",783453,-9999,83,-29.54,-29.54,-0.493,-9999,-9999,12.0361,39.99,39.91,17.19,-0.844,-0.884,-0.935,-0.892,-0.896,-0.896,-0.787,-0.831,-0.924,-0.933,-0.868,-0.892,-0.878,-0.775,-0.839,-0.924,-0.937,-0.87,-0.868,-0.89,-0.791,-0.833,-0.926,-0.916,-0.87,-0.89,-0.872,-0.803,0,0
"2019-04-15 08:26:20.0",783454,-9999,83,-29.47,-29.47,-0.492,-9999,-9999,12.0416,39.99,39.91,17.21,-0.848,-0.918,-0.955,-0.884,-0.898,-0.894,-0.803,-0.833,-0.935,-0.943,-0.878,-0.898,-0.874,-0.773,-0.833,-0.939,-0.945,-0.876,-0.894,-0.864,-0.791,-0.835,-0.945,-0.931,-0.878,-0.89,-0.876,-0.799,0,0
"2019-04-15 08:26:40.0",783455,-9999,83.1,-29.4,-29.4,-0.491,-9999,-9999,12.0416,39.99,39.91,17.21,-0.848,-0.922,-0.949,-0.874,-0.892,-0.912,-0.809,-0.835,-0.898,-0.949,-0.876,-0.88,-0.886,-0.803,-0.837,-0.9,-0.922,-0.874,-0.896,-0.866,-0.769,-0.833,-0.896,-0.943,-0.876,-0.902,-0.878,-0.773,0,700
"2019-04-15 08:27:00.0",783456,-9999,83.1,-29.33,-29.33,-0.49,-9999,-9999,12.0416,39.99,39.91,17.21,-0.842,-0.926,-0.922,-0.88,-0.914,-0.878,-0.775,-0.839,-0.898,-0.961,-0.856,-0.882,-0.894,-0.785,-0.831,-0.896,-0.935,-0.86,-0.882,-0.868,-0.789,-0.829,-0.91,-0.906,-0.864,-0.892,-0.86,-0.755,0,0
"2019-04-15 08:27:20.0",783457,-9999,83.2,-29.26,-29.26,-0.489,-9999,-9999,12.0416,39.99,39.91,17.21,-0.85,-0.908,-0.947,-0.906,-0.9,-0.888,-0.803,-0.844,-0.91,-0.967,-0.882,-0.9,-0.914,-0.785,-0.842,-0.906,-0.935,-0.88,-0.902,-0.882,-0.799,-0.837,-0.906,-0.929,-0.878,-0.888,-0.868,-0.813,0,0
"2019-04-15 08:27:40.0",783458,-9999,83.2,-29.19,-29.19,-0.488,-9999,-9999,12.0416,39.99,39.91,17.21,-0.848,-0.922,-0.953,-0.914,-0.91,-0.878,-0.775,-0.831,-0.91,-0.941,-0.872,-0.9,-0.904,-0.767,-0.837,-0.902,-0.935,-0.868,-0.89,-0.874,-0.785,-0.835,-0.9,-0.929,-0.866,-0.89,-0.884,-0.787,0,0
"2019-04-15 08:28:00.0",783459,-9999,83.3,-29.12,-29.12,-0.487,-9999,-9999,12.0416,39.99,39.91,17.21,-0.852,-0.951,-0.973,-0.862,-0.888,-0.904,-0.803,-0.846,-0.937,-0.945,-0.888,-0.902,-0.898,-0.793,-0.842,-0.945,-0.969,-0.888,-0.922,-0.872,-0.807,-0.837,-0.949,-0.926,-0.88,-0.906,-0.892,-0.771,0,0
"2019-04-15 08:28:20.0",783460,-9999,83.3,-29.05,-29.05,-0.486,-9999,-9999,12.0416,39.99,39.91,17.21,-0.85,-0.924,-0.945,-0.862,-0.906,-0.868,-0.797,-0.837,-0.926,-0.947,-0.882,-0.929,-0.91,-0.789,-0.842,-0.933,-0.951,-0.884,-0.926,-0.888,-0.799,-0.831,-0.941,-0.963,-0.884,-0.906,-0.908,-0.767,0,700
"2019-04-15 08:28:40.0",783461,-9999,83.4,-28.98,-28.98,-0.485,-9999,-9999,12.0416,39.99,39.91,17.21,-0.844,-0.912,-0.924,-0.902,-0.904,-0.876,-0.795,-0.839,-0.931,-0.929,-0.864,-0.87,-0.898,-0.791,-0.85,-0.906,-0.939,-0.896,-0.874,-0.874,-0.775,-0.844,-0.892,-0.933,-0.868,-0.894,-0.89,-0.793,0,0
"2019-04-15 08:29:00.0",783462,-9999,83.4,-28.91,-28.91,-0.483,-9999,-9999,12.0416,39.99,39.91,17.21,-0.848,-0.926,-0.965,-0.894,-0.916,-0.922,-0.817,-0.842,-0.929,-0.959,-0.878,-0.874,-0.88,-0.809,-0.844,-0.886,-0.937,-0.866,-0.872,-0.856,-0.785,-0.839,-0.886,-0.937,-0.874,-0.892,-0.872,-0.757,0,0
"2019-04-15 08:29:20.0",783463,-9999,83.5,-28.84,-28.84,-0.482,-9999,-9999,12.0416,39.99,39.91,17.24,-0.856,-0.953,-0.931,-0.874,-0.908,-0.894,-0.821,-0.852,-0.935,-0.943,-0.886,-0.904,-0.88,-0.779,-0.846,-0.929,-0.947,-0.89,-0.888,-0.912,-0.799,-0.854,-0.953,-0.961,-0.888,-0.935,-0.888,-0.781,0,0
"2019-04-15 08:29:40.0",783464,-9999,83.5,-28.77,-28.77,-0.481,-9999,-9999,12.0416,39.99,39.91,17.24,-0.854,-0.92,-0.951,-0.884,-0.908,-0.908,-0.779,-0.848,-0.902,-0.937,-0.872,-0.902,-0.904,-0.781,-0.842,-0.902,-0.916,-0.872,-0.896,-0.866,-0.811,-0.846,-0.922,-0.937,-0.862,-0.894,-0.882,-0.771,0,0
"2019-04-15 08:30:00.0",783465,-9999,83.6,-28.7,-28.7,-0.48,-9999,-9999,12.0416,39.99,39.91,17.24,-0.858,-0.971,-0.973,-0.904,-0.92,-0.926,-0.811,-0.842,-0.937,-0.963,-0.892,-0.924,-0.904,-0.787,-0.844,-0.947,-0.971,-0.888,-0.902,-0.908,-0.813,-0.854,-0.904,-0.949,-0.878,-0.9,-0.888,-0.787,0,700
"2019-04-15 08:30:20.0",783466,-9999,83.6,-28.63,-28.63,-0.479,-9999,-9999,12.0416,39.98,39.91,17.24,-0.864,-0.929,-0.969,-0.896,-0.916,-0.9,-0.787,-0.85,-0.912,-0.957,-0.892,-0.892,-0.92,-0.781,-0.848,-0.929,-0.955,-0.888,-0.902,-0.874,-0.799,-0.848,-0.941,-0.937,-0.89,-0.912,-0.886,-0.797,0,0
"2019-04-15 08:30:40.0",783467,-9999,83.7,-28.56,-28.56,-0.478,-9999,-9999,12.0416,39.98,39.91,17.24,-0.862,-0.931,-0.961,-0.898,-0.904,-0.882,-0.825,-0.848,-0.935,-0.965,-0.874,-0.914,-0.906,-0.827,-0.846,-0.949,-0.953,-0.892,-0.912,-0.908,-0.805,-0.85,-0.918,-0.991,-0.89,-0.908,-0.9,-0.779,0,0
"2019-04-15 08:31:00.0",783468,-9999,83.7,-28.49,-28.49,-0.477,-9999,-9999,12.0416,39.99,39.91,17.24,-0.86,-0.908,-0.979,-0.886,-0.908,-0.91,-0.807,-0.85,-0.935,-0.947,-0.866,-0.904,-0.91,-0.829,-0.85,-0.941,-0.947,-0.882,-0.906,-0.872,-0.803,-0.856,-0.912,-0.937,-0.888,-0.908,-0.892,-0.787,0,0
"2019-04-15 08:31:20.0",783469,-9999,83.8,-28.42,-28.42,-0.476,-9999,-9999,12.0416,39.99,39.91,17.24,-0.862,-0.943,-0.971,-0.91,-0.922,-0.888,-0.805,-0.848,-0.9,-0.947,-0.882,-0.904,-0.888,-0.799,-0.846,-0.89,-0.935,-0.876,-0.9,-0.898,-0.809,-0.848,-0.937,-0.943,-0.882,-0.896,-0.864,-0.811,0,0
"2019-04-15 08:31:40.0",783470,-9999,83.8,-28.35,-28.35,-0.475,-9999,-9999,12.0361,39.99,39.91,17.24,-0.864,-0.935,-0.973,-0.906,-0.949,-0.908,-0.813,-0.852,-0.943,-0.955,-0.884,-0.9,-0.91,-0.781,-0.848,-0.898,-0.943,-0.884,-0.898,-0.866,-0.803,-0.852,-0.908,-0.945,-0.878,-0.9,-0.88,-0.805,0,700
"2019-04-15 08:32:00.0",783471,-9999,83.9,-28.28,-28.28,-0.474,-9999,-9999,12.0416,39.99,39.91,17.24,-0.868,-0.955,-0.963,-0.908,-0.92,-0.935,-0.801,-0.852,-0.931,-0.975,-0.892,-0.912,-0.922,-0.785,-0.852,-0.935,-0.955,-0.884,-0.906,-0.88,-0.811,-0.85,-0.902,-0.947,-0.89,-0.906,-0.872,-0.805,0,0
"2019-04-15 08:32:20.0",783472,-9999,83.9,-28.21,-28.21,-0.473,-9999,-9999,12.0416,39.96,39.91,17.24,-0.864,-0.931,-0.953,-0.906,-0.929,-0.937,-0.819,-0.852,-0.92,-0.931,-0.876,-0.896,-0.888,-0.787,-0.854,-0.937,-0.959,-0.878,-0.9,-0.894,-0.817,-0.856,-0.933,-0.941,-0.878,-0.931,-0.906,-0.803,0,0
"2019-04-15 08:32:40.0",783473,-9999,83.9,-28.14,-28.14,-0.472,-9999,-9999,12.0416,39.99,39.91,17.24,-0.864,-0.965,-0.979,-0.906,-0.924,-0.896,-0.791,-0.848,-0.904,-0.961,-0.89,-0.89,-0.89,-0.819,-0.854,-0.929,-0.971,-0.886,-0.9,-0.908,-0.771,-0.854,-0.943,-0.957,-0.886,-0.896,-0.912,-0.775,0,0
"2019-04-15 08:33:00.0",783474,-9999,84,-28.07,-28.07,-0.471,-9999,-9999,12.0416,39.96,39.91,17.21,-0.87,-0.914,-0.953,-0.896,-0.916,-0.882,-0.777,-0.854,-0.943,-0.959,-0.882,-0.9,-0.916,-0.795,-0.854,-0.904,-0.947,-0.882,-0.898,-0.866,-0.807,-0.852,-0.914,-0.955,-0.882,-0.898,-0.884,-0.813,0,0
"2019-04-15 08:33:20.0",783475,-9999,84,-28,-28,-0.469,-9999,-9999,12.0361,39.96,39.91,17.21,-0.868,-0.92,-0.963,-0.892,-0.943,-0.896,-0.811,-0.86,-0.939,-0.947,-0.886,-0.91,-0.9,-0.795,-0.86,-0.924,-0.933,-0.882,-0.908,-0.912,-0.825,-0.856,-0.955,-0.965,-0.886,-0.937,-0.916,-0.823,0,700
"2019-04-15 08:33:40.0",783476,-9999,84.1,-27.93,-27.93,-0.468,-9999,-9999,12.0416,39.98,39.91,17.24,-0.87,-0.951,-0.981,-0.904,-0.931,-0.939,-0.831,-0.86,-0.92,-0.969,-0.929,-0.902,-0.912,-0.807,-0.86,-0.943,-0.969,-0.9,-0.935,-0.89,-0.813,-0.852,-0.92,-0.991,-0.896,-0.924,-0.892,-0.823,0,0
"2019-04-15 08:34:00.0",783477,-9999,84.1,-27.86,-27.86,-0.467,-9999,-9999,12.0416,39.96,39.9,17.21,-0.866,-0.937,-0.987,-0.9,-0.924,-0.89,-0.799,-0.856,-0.9,-0.955,-0.882,-0.91,-0.878,-0.791,-0.856,-0.937,-0.949,-0.888,-0.898,-0.866,-0.807,-0.862,-0.904,-0.943,-0.886,-0.904,-0.876,-0.815,0,0
"2019-04-15 08:34:20.0",783478,-9999,84.2,-27.79,-27.79,-0.466,-9999,-9999,12.0361,39.96,39.9,17.21,-0.864,-0.947,-0.987,-0.9,-0.914,-0.908,-0.795,-0.86,-0.931,-0.963,-0.89,-0.892,-0.898,-0.801,-0.852,-0.935,-0.955,-0.896,-0.912,-0.882,-0.827,-0.862,-0.941,-0.959,-0.896,-0.916,-0.898,-0.821,0,0
"2019-04-15 08:34:40.0",783479,-9999,84.2,-27.72,-27.72,-0.465,-9999,-9999,12.0416,39.96,39.9,17.21,-0.878,-0.937,-0.985,-0.914,-0.931,-0.933,-0.805,-0.86,-0.961,-0.973,-0.9,-0.92,-0.898,-0.805,-0.854,-0.92,-0.967,-0.894,-0.914,-0.904,-0.827,-0.86,-0.961,-0.981,-0.896,-0.92,-0.904,-0.827,0,0
"2019-04-15 08:35:00.0",783480,-9999,84.3,-27.65,-27.65,-0.464,-9999,-9999,12.0416,39.96,39.9,17.21,-0.874,-0.955,-0.963,-0.896,-0.902,-0.902,-0.791,-0.852,-0.941,-0.943,-0.888,-0.902,-0.9,-0.797,-0.854,-0.91,-0.951,-0.89,-0.91,-0.906,-0.779,-0.858,-0.935,-0.937,-0.888,-0.898,-0.914,-0.771,0,700
"2019-04-15 08:35:20.0",783481,-9999,84.3,-27.58,-27.58,-0.463,-9999,-9999,12.0361,39.96,39.9,17.21,-0.866,-0.953,-0.983,-0.91,-0.931,-0.894,-0.801,-0.862,-0.971,-0.963,-0.896,-0.916,-0.892,-0.815,-0.856,-0.916,-0.973,-0.894,-0.914,-0.886,-0.787,-0.858,-0.949,-0.935,-0.894,-0.943,-0.888,-0.795,0,0
"2019-04-15 08:35:40.0",783482,-9999,84.4,-27.51,-27.51,-0.462,-9999,-9999,12.0416,39.96,39.91,17.21,-0.87,-0.939,-0.981,-0.9,-0.912,-0.924,-0.813,-0.866,-0.955,-0.951,-0.884,-0.89,-0.878,-0.809,-0.86,-0.906,-0.957,-0.884,-0.904,-0.876,-0.789,-0.854,-0.937,-0.975,-0.884,-0.908,-0.87,-0.785,0,0
"2019-04-15 08:36:00.0",783483,-9999,84.4,-27.44,-27.44,-0.461,-9999,-9999,12.0416,39.96,39.91,17.21,-0.862,-0.933,-0.961,-0.896,-0.92,-0.9,-0.803,-0.864,-0.943,-0.951,-0.888,-0.904,-0.878,-0.819,-0.858,-0.904,-0.949,-0.882,-0.906,-0.89,-0.795,-0.854,-0.935,-0.967,-0.882,-0.9,-0.884,-0.773,0,0
"2019-04-15 08:36:20.0",783484,-9999,84.5,-27.37,-27.37,-0.46,-9999,-9999,12.0416,39.96,39.91,17.21,-0.868,-0.945,-0.975,-0.904,-0.922,-0.892,-0.807,-0.856,-0.916,-0.989,-0.902,-0.935,-0.912,-0.833,-0.856,-0.955,-0.961,-0.9,-0.916,-0.92,-0.807,-0.858,-0.945,-0.951,-0.902,-0.918,-0.924,-0.805,0,0
"2019-04-15 08:36:40.0",783485,-9999,84.5,-27.3,-27.3,-0.459,-9999,-9999,12.0361,39.96,39.91,17.21,-0.87,-0.973,-0.979,-0.912,-0.935,-0.92,-0.839,-0.856,-0.957,-0.971,-0.9,-0.898,-0.896,-0.797,-0.852,-0.935,-0.963,-0.898,-0.914,-0.884,-0.807,-0.85,-0.922,-0.957,-0.9,-0.918,-0.886,-0.819,0,700
"2019-04-15 08:37:00.0",783486,-9999,84.6,-27.23,-27.23,-0.458,-9999,-9999,12.0361,39.96,39.91,17.21,-0.866,-0.947,-0.957,-0.898,-0.914,-0.896,-0.803,-0.862,-0.906,-0.961,-0.89,-0.914,-0.886,-0.797,-0.856,-0.929,-0.947,-0.89,-0.906,-0.894,-0.805,-0.858,-0.92,-0.961,-0.892,-0.924,-0.886,-0.807,0,0
"2019-04-15 08:37:20.0",783487,-9999,84.6,-27.16,-27.16,-0.456,-9999,-9999,12.0361,39.96,39.91,17.21,-0.87,-0.928,-0.975,-0.896,-0.92,-0.906,-0.815,-0.858,-0.902,-0.955,-0.886,-0.904,-0.882,-0.825,-0.858,-0.916,-0.928,-0.882,-0.9,-0.87,-0.809,-0.852,-0.906,-0.949,-0.886,-0.906,-0.87,-0.813,0,0
"2019-04-15 08:37:40.0",783488,-9999,84.7,-27.09,-27.09,-0.455,-9999,-9999,12.0416,39.96,39.91,17.21,-0.868,-0.928,-0.957,-0.9,-0.9,-0.896,-0.787,-0.854,-0.912,-0.955,-0.896,-0.914,-0.888,-0.779,-0.856,-0.931,-0.959,-0.908,-0.914,-0.876,-0.781,-0.854,-0.908,-0.943,-0.88,-0.91,-0.882,-0.777,0,0
"2019-04-15 08:38:00.0",783489,-9999,84.7,-27.02,-27.02,-0.454,-9999,-9999,12.0416,39.96,39.91,17.21,-0.872,-0.965,-0.965,-0.898,-0.92,-0.9,-0.813,-0.858,-0.904,-0.959,-0.91,-0.908,-0.882,-0.823,-0.856,-0.924,-0.953,-0.892,-0.912,-0.896,-0.819,-0.858,-0.92,-0.949,-0.916,-0.914,-0.886,-0.825,0,0
"2019-04-15 08:38:20.0",783490,-9999,84.8,-26.95,-26.95,-0.453,-9999,-9999,12.0416,39.96,39.91,17.21,-0.872,-0.937,-0.989,-0.9,-0.92,-0.898,-0.833,-0.852,-0.918,-0.975,-0.888,-0.908,-0.878,-0.805,-0.86,-0.931,-0.961,-0.882,-0.906,-0.87,-0.821,-0.858,-0.902,-0.945,-0.882,-0.906,-0.872,-0.811,0,700
"2019-04-15 08:38:40.0",783491,-9999,84.8,-26.88,-26.88,-0.452,-9999,-9999,12.0416,39.96,39.91,17.21,-0.87,-0.973,-0.977,-0.908,-0.924,-0.935,-0.831,-0.858,-0.937,-0.983,-0.892,-0.916,-0.904,-0.801,-0.856,-0.926,-0.953,-0.888,-0.91,-0.89,-0.781,-0.856,-0.916,-0.937,-0.882,-0.912,-0.894,-0.781,0,0
"2019-04-15 08:39:00.0",783492,-9999,84.9,-26.81,-26.81,-0.451,-9999,-9999,12.0528,39.96,39.91,17.21,-0.864,-0.953,-0.933,-0.898,-0.902,-0.884,-0.783,-0.854,-0.906,-0.959,-0.892,-0.904,-0.88,-0.821,-0.856,-0.92,-0.957,-0.904,-0.91,-0.876,-0.795,-0.856,-0.914,-0.953,-0.88,-0.914,-0.882,-0.801,0,0
"2019-04-15 08:39:20.0",783493,-9999,84.9,-26.74,-26.74,-0.45,-9999,-9999,12.0361,39.96,39.91,17.21,-0.87,-0.945,-0.973,-0.91,-0.935,-0.935,-0.801,-0.858,-0.91,-0.957,-0.888,-0.916,-0.918,-0.811,-0.864,-0.933,-0.949,-0.884,-0.908,-0.91,-0.811,-0.864,-0.918,-0.979,-0.888,-0.912,-0.912,-0.779,0,0
"2019-04-15 08:39:40.0",783494,-9999,85,-26.67,-26.67,-0.449,-9999,-9999,12.0528,39.96,39.91,17.19,-0.868,-0.951,-0.961,-0.89,-0.933,-0.894,-0.819,-0.86,-0.947,-0.933,-0.888,-0.904,-0.916,-0.779,-0.856,-0.902,-0.975,-0.89,-0.908,-0.908,-0.779,-0.856,-0.941,-0.965,-0.886,-0.91,-0.914,-0.769,0,0
"2019-04-15 08:40:00.0",783495,-9999,85,-26.6,-26.6,-0.448,-9999,-9999,12.0416,39.98,39.91,17.21,-0.866,-0.959,-1.001,-0.912,-0.937,-0.916,-0.831,-0.856,-0.941,-0.965,-0.904,-0.937,-0.908,-0.807,-0.856,-0.918,-0.965,-0.898,-0.92,-0.916,-0.823,-0.858,-0.965,-0.963,-0.896,-0.937,-0.902,-0.823,0,700
"2019-04-15 08:40:20.0",783496,-9999,85,-26.53,-26.53,-0.447,-9999,-9999,12.0416,39.96,39.91,17.19,-0.87,-0.951,-0.993,-0.91,-0.924,-0.896,-0.815,-0.856,-0.933,-0.961,-0.888,-0.916,-0.902,-0.831,-0.854,-0.916,-0.951,-0.892,-0.933,-0.896,-0.827,-0.858,-0.955,-0.961,-0.89,-0.892,-0.9,-0.821,0,0
"2019-04-15 08:40:40.0",783497,-9999,85.1,-26.46,-26.46,-0.446,-9999,-9999,12.0528,39.96,39.91,17.16,-0.868,-0.926,-0.977,-0.904,-0.928,-0.933,-0.821,-0.86,-0.922,-0.965,-0.912,-0.898,-0.884,-0.831,-0.862,-0.953,-0.939,-0.896,-0.908,-0.884,-0.801,-0.862,-0.916,-0.965,-0.89,-0.916,-0.9,-0.803,0,0
"2019-04-15 08:41:00.0",783498,-9999,85.1,-26.39,-26.39,-0.444,-9999,-9999,12.0416,39.96,39.91,17.16,-0.872,-0.959,-0.955,-0.9,-0.902,-0.918,-0.833,-0.854,-0.922,-0.951,-0.884,-0.884,-0.874,-0.799,-0.856,-0.922,-0.953,-0.888,-0.9,-0.87,-0.781,-0.854,-0.894,-0.943,-0.888,-0.902,-0.864,-0.773,0,0
"2019-04-15 08:41:20.0",783499,-9999,85.2,-26.32,-26.32,-0.443,-9999,-9999,12.0416,39.96,39.91,17.16,-0.87,-0.945,-0.963,-0.898,-0.902,-0.884,-0.805,-0.856,-0.939,-0.951,-0.888,-0.908,-0.896,-0.821,-0.856,-0.894,-0.947,-0.878,-0.9,-0.884,-0.817,-0.854,-0.945,-0.945,-0.892,-0.902,-0.888,-0.809,0,0
"2019-04-15 08:41:40.0",783500,-9999,85.2,-26.24,-26.24,-0.442,-9999,-9999,12.0416,39.96,39.91,17.16,-0.866,-0.963,-0.969,-0.906,-0.924,-0.898,-0.811,-0.858,-0.963,-0.949,-0.9,-0.92,-0.902,-0.793,-0.858,-0.939,-0.987,-0.9,-0.9,-0.924,-0.825,-0.856,-0.928,-0.971,-0.896,-0.922,-0.926,-0.817,0,700
"2019-04-15 08:42:00.0",783501,-9999,85.3,-26.17,-26.17,-0.441,-9999,-9999,12.0416,39.96,39.91,17.16,-0.862,-0.971,-0.965,-0.914,-0.947,-0.892,-0.803,-0.858,-0.908,-0.957,-0.882,-0.904,-0.896,-0.825,-0.858,-0.922,-0.949,-0.88,-0.906,-0.906,-0.809,-0.858,-0.91,-0.947,-0.886,-0.926,-0.894,-0.799,0,0
"2019-04-15 08:42:20.0",783502,-9999,85.3,-26.1,-26.1,-0.44,-9999,-9999,12.0416,39.96,39.91,17.16,-0.862,-0.916,-0.971,-0.904,-0.93,-0.902,-0.813,-0.856,-0.922,-0.969,-0.898,-0.916,-0.908,-0.795,-0.856,-0.961,-0.963,-0.894,-0.92,-0.888,-0.829,-0.858,-0.926,-0.965,-0.9,-0.922,-0.902,-0.827,0,0
"2019-04-15 08:42:40.0",783503,-9999,85.4,-26.03,-26.03,-0.439,-9999,-9999,12.0361,39.96,39.91,17.16,-0.876,-0.939,-0.987,-0.912,-0.928,-0.904,-0.815,-0.858,-0.933,-0.961,-0.89,-0.908,-0.904,-0.821,-0.856,-0.949,-0.949,-0.884,-0.906,-0.892,-0.799,-0.86,-0.924,-0.979,-0.884,-0.902,-0.884,-0.799,0,0
"2019-04-15 08:43:00.0",783504,-9999,85.4,-25.96,-25.96,-0.438,-9999,-9999,12.0416,39.96,39.91,17.16,-0.868,-0.922,-0.961,-0.896,-0.92,-0.886,-0.829,-0.86,-0.904,-0.961,-0.912,-0.91,-0.904,-0.793,-0.852,-0.943,-0.957,-0.89,-0.91,-0.898,-0.819,-0.854,-0.928,-0.965,-0.89,-0.91,-0.898,-0.805,0,0
"2019-04-15 08:43:20.0",783505,-9999,85.5,-25.89,-25.89,-0.437,-9999,-9999,12.0416,39.96,39.91,17.16,-0.868,-0.93,-0.985,-0.906,-0.908,-0.916,-0.795,-0.858,-0.92,-0.985,-0.902,-0.9,-0.89,-0.837,-0.858,-0.959,-0.961,-0.898,-0.918,-0.888,-0.807,-0.86,-0.945,-0.943,-0.898,-0.916,-0.93,-0.807,0,700
"2019-04-15 08:43:40.0",783506,-9999,85.5,-25.82,-25.82,-0.436,-9999,-9999,12.0416,39.98,39.91,17.16,-0.87,-0.943,-0.991,-0.902,-0.951,-0.9,-0.831,-0.862,-0.91,-0.969,-0.892,-0.912,-0.92,-0.801,-0.856,-0.949,-0.961,-0.89,-0.926,-0.912,-0.827,-0.858,-0.937,-0.933,-0.886,-0.898,-0.916,-0.819,0,0
"2019-04-15 08:44:00.0",783507,-9999,85.6,-25.75,-25.75,-0.434,-9999,-9999,12.0416,39.96,39.91,17.16,-0.872,-0.957,-0.967,-0.89,-0.92,-0.914,-0.821,-0.864,-0.935,-0.928,-0.882,-0.922,-0.882,-0.797,-0.854,-0.896,-0.969,-0.884,-0.906,-0.868,-0.821,-0.85,-0.949,-0.953,-0.888,-0.906,-0.874,-0.813,0,0
"2019-04-15 08:44:20.0",783508,-9999,85.6,-25.68,-25.68,-0.433,-9999,-9999,12.0416,39.96,39.91,17.16,-0.862,-0.928,-0.951,-0.9,-0.916,-0.9,-0.807,-0.854,-0.904,-0.957,-0.89,-0.912,-0.882,-0.823,-0.856,-0.939,-0.953,-0.89,-0.93,-0.876,-0.803,-0.856,-0.933,-0.953,-0.894,-0.902,-0.892,-0.791,0,0
"2019-04-15 08:44:40.0",783509,-9999,85.7,-25.61,-25.61,-0.432,-9999,-9999,12.0416,39.96,39.91,17.16,-0.87,-0.953,-0.981,-0.91,-0.928,-0.941,-0.831,-0.854,-0.959,-0.967,-0.894,-0.912,-0.886,-0.803,-0.852,-0.924,-0.965,-0.898,-0.92,-0.882,-0.829,-0.858,-0.953,-0.961,-0.898,-0.945,-0.904,-0.823,0,0
"2019-04-15 08:45:00.0",783510,-9999,85.7,-25.54,-25.54,-0.431,-9999,-9999,12.0416,39.98,39.91,17.16,-0.866,-0.93,-0.969,-0.935,-0.935,-0.933,-0.797,-0.86,-0.953,-0.985,-0.886,-0.92,-0.906,-0.813,-0.856,-0.916,-0.959,-0.894,-0.908,-0.896,-0.787,-0.848,-0.963,-0.939,-0.896,-0.898,-0.902,-0.793,0,700
"2019-04-15 08:45:20.0",783511,-9999,85.8,-25.47,-25.47,-0.43,-9999,-9999,12.0416,39.99,39.91,17.16,-0.86,-0.959,-0.965,-0.896,-0.922,-0.92,-0.819,-0.852,-0.933,-0.963,-0.886,-0.908,-0.878,-0.817,-0.85,-0.951,-0.969,-0.882,-0.928,-0.876,-0.775,-0.852,-0.933,-0.963,-0.884,-0.912,-0.87,-0.781,0,0
"2019-04-15 08:45:40.0",783512,-9999,85.8,-25.4,-25.4,-0.429,-9999,-9999,12.0472,39.99,39.91,17.16,-0.866,-0.947,-0.969,-0.908,-0.928,-0.912,-0.829,-0.856,-0.912,-0.965,-0.892,-0.896,-0.924,-0.831,-0.858,-0.965,-0.967,-0.898,-0.935,-0.926,-0.803,-0.852,-0.916,-0.965,-0.896,-0.898,-0.912,-0.805,0,0
"2019-04-15 08:46:00.0",783513,-9999,85.9,-25.33,-25.33,-0.428,-9999,-9999,12.0361,39.99,39.91,17.16,-0.864,-0.935,-0.975,-0.906,-0.928,-0.908,-0.793,-0.85,-0.914,-0.955,-0.884,-0.908,-0.886,-0.805,-0.848,-0.937,-0.93,-0.89,-0.888,-0.872,-0.777,-0.85,-0.904,-0.955,-0.892,-0.912,-0.884,-0.779,0,0
"2019-04-15 08:46:20.0",783514,-9999,85.9,-25.26,-25.26,-0.427,-9999,-9999,12.0416,39.99,39.91,17.16,-0.862,-0.953,-0.969,-0.896,-0.898,-0.908,-0.823,-0.85,-0.945,-0.961,-0.89,-0.91,-0.888,-0.807,-0.848,-0.908,-0.955,-0.892,-0.904,-0.896,-0.811,-0.856,-0.928,-0.959,-0.892,-0.906,-0.898,-0.807,0,0
"2019-04-15 08:46:40.0",783515,-9999,85.9,-25.19,-25.19,-0.426,-9999,-9999,12.0416,39.99,39.91,17.16,-0.862,-0.933,-0.967,-0.896,-0.914,-0.924,-0.801,-0.846,-0.91,-0.961,-0.888,-0.906,-0.918,-0.809,-0.85,-0.926,-0.963,-0.886,-0.904,-0.892,-0.779,-0.846,-0.906,-0.959,-0.894,-0.906,-0.896,-0.779,0,700
"2019-04-15 08:47:00.0",783516,-9999,86,-25.12,-25.12,-0.425,-9999,-9999,12.0416,39.99,39.91,17.16,-0.86,-0.951,-0.965,-0.9,-0.918,-0.886,-0.805,-0.856,-0.91,-0.961,-0.892,-0.93,-0.882,-0.807,-0.846,-0.955,-0.959,-0.89,-0.908,-0.878,-0.787,-0.852,-0.91,-0.979,-0.89,-0.91,-0.884,-0.769,0,0
"2019-04-15 08:47:20.0",783517,-9999,86,-25.05,-25.05,-0.423,-9999,-9999,12.0416,39.98,39.91,17.16,-0.866,-0.922,-0.957,-0.9,-0.92,-0.904,-0.827,-0.854,-0.924,-0.953,-0.886,-0.888,-0.882,-0.811,-0.85,-0.916,-0.949,-0.886,-0.896,-0.89,-0.811,-0.846,-0.916,-0.955,-0.886,-0.886,-0.89,-0.811,0,0
"2019-04-15 08:47:40.0",783518,-9999,86.1,-24.98,-24.98,-0.422,-9999,-9999,12.0416,39.99,39.91,17.16,-0.858,-0.932,-0.947,-0.886,-0.91,-0.896,-0.809,-0.85,-0.904,-0.947,-0.876,-0.92,-0.888,-0.807,-0.848,-0.926,-0.963,-0.88,-0.898,-0.876,-0.781,-0.852,-0.894,-0.947,-0.882,-0.922,-0.904,-0.773,0,0
"2019-04-15 08:48:00.0",783519,-9999,86.1,-24.91,-24.91,-0.421,-9999,-9999,12.0416,39.98,39.91,17.16,-0.86,-0.973,-0.991,-0.904,-0.916,-0.916,-0.821,-0.852,-0.93,-0.959,-0.888,-0.91,-0.896,-0.825,-0.841,-0.943,-0.961,-0.886,-0.902,-0.906,-0.791,-0.846,-0.924,-0.977,-0.888,-0.908,-0.908,-0.773,0,0
"2019-04-15 08:48:20.0",783520,-9999,86.2,-24.84,-24.84,-0.42,-9999,-9999,12.0361,39.99,39.91,17.16,-0.86,-0.961,-0.963,-0.896,-0.918,-0.882,-0.823,-0.848,-0.9,-0.951,-0.88,-0.898,-0.89,-0.787,-0.848,-0.928,-0.941,-0.9,-0.882,-0.874,-0.759,-0.843,-0.892,-0.949,-0.878,-0.89,-0.894,-0.767,0,700
"2019-04-15 08:48:40.0",783521,-9999,86.2,-24.77,-24.77,-0.419,-9999,-9999,12.0416,39.99,39.91,17.16,-0.86,-0.939,-0.959,-0.922,-0.912,-0.886,-0.819,-0.848,-0.945,-0.979,-0.888,-0.908,-0.876,-0.823,-0.848,-0.904,-0.928,-0.886,-0.906,-0.894,-0.791,-0.846,-0.937,-0.947,-0.89,-0.898,-0.888,-0.791,0,0
"2019-04-15 08:49:00.0",783522,-9999,86.3,-24.7,-24.7,-0.418,-9999,-9999,12.0528,39.99,39.91,17.16,-0.856,-0.91,-0.957,-0.886,-0.912,-0.91,-0.785,-0.846,-0.892,-0.941,-0.876,-0.904,-0.914,-0.793,-0.848,-0.92,-0.945,-0.872,-0.896,-0.864,-0.775,-0.848,-0.906,-0.943,-0.88,-0.898,-0.868,-0.771,0,0
"2019-04-15 08:49:20.0",783523,-9999,86.3,-24.63,-24.63,-0.417,-9999,-9999,12.0416,39.99,39.91,17.16,-0.858,-0.922,-0.965,-0.894,-0.918,-0.89,-0.811,-0.846,-0.9,-0.975,-0.888,-0.904,-0.914,-0.815,-0.852,-0.914,-0.924,-0.884,-0.902,-0.906,-0.797,-0.846,-0.9,-0.973,-0.884,-0.896,-0.908,-0.775,0,0
"2019-04-15 08:49:40.0",783524,-9999,86.4,-24.56,-24.56,-0.416,-9999,-9999,12.0361,39.99,39.91,17.16,-0.858,-0.961,-0.975,-0.868,-0.89,-0.912,-0.813,-0.85,-0.951,-0.957,-0.894,-0.904,-0.896,-0.831,-0.852,-0.951,-0.957,-0.868,-0.904,-0.914,-0.803,-0.843,-0.93,-0.961,-0.89,-0.932,-0.916,-0.771,0,0
"2019-04-15 08:50:00.0",783525,-9999,86.4,-24.49,-24.49,-0.414,-9999,-9999,12.0416,39.99,39.91,17.16,-0.86,-0.908,-0.957,-0.884,-0.908,-0.912,-0.811,-0.848,-0.902,-0.943,-0.884,-0.898,-0.888,-0.815,-0.843,-0.924,-0.965,-0.874,-0.896,-0.878,-0.791,-0.839,-0.939,-0.941,-0.878,-0.924,-0.908,-0.773,0,700
"2019-04-15 08:50:20.0",783526,-9999,86.5,-24.41,-24.41,-0.413,-9999,-9999,12.0416,39.99,39.91,17.16,-0.852,-0.932,-0.969,-0.896,-0.914,-0.9,-0.795,-0.843,-0.916,-0.926,-0.884,-0.9,-0.878,-0.777,-0.846,-0.932,-0.949,-0.882,-0.898,-0.882,-0.801,-0.841,-0.898,-0.926,-0.882,-0.884,-0.884,-0.781,0,0
"2019-04-15 08:50:40.0",783527,-9999,86.5,-24.34,-24.34,-0.412,-9999,-9999,12.0416,39.99,39.91,17.16,-0.862,-0.945,-0.949,-0.886,-0.908,-0.89,-0.815,-0.848,-0.916,-0.939,-0.878,-0.904,-0.906,-0.823,-0.841,-0.937,-0.965,-0.9,-0.922,-0.868,-0.795,-0.848,-0.908,-0.953,-0.882,-0.908,-0.874,-0.775,0,0
"2019-04-15 08:51:00.0",783528,-9999,86.5,-24.27,-24.27,-0.411,-9999,-9999,12.0416,39.99,39.91,17.16,-0.854,-0.932,-0.961,-0.9,-0.92,-0.922,-0.803,-0.843,-0.9,-0.92,-0.878,-0.9,-0.884,-0.791,-0.841,-0.916,-0.943,-0.87,-0.896,-0.894,-0.767,-0.839,-0.937,-0.92,-0.874,-0.916,-0.898,-0.795,0,0
"2019-04-15 08:51:20.0",783529,-9999,86.6,-24.2,-24.2,-0.41,-9999,-9999,12.0416,39.99,39.91,17.16,-0.856,-0.912,-0.945,-0.884,-0.912,-0.886,-0.773,-0.846,-0.937,-0.947,-0.89,-0.896,-0.87,-0.819,-0.846,-0.916,-0.928,-0.876,-0.89,-0.874,-0.797,-0.841,-0.92,-0.939,-0.876,-0.882,-0.884,-0.775,0,0
"2019-04-15 08:51:40.0",783530,-9999,86.6,-24.13,-24.13,-0.409,-9999,-9999,12.0416,39.99,39.91,17.16,-0.858,-0.941,-0.987,-0.892,-0.914,-0.9,-0.809,-0.848,-0.951,-0.953,-0.872,-0.935,-0.878,-0.819,-0.843,-0.906,-0.943,-0.882,-0.904,-0.888,-0.777,-0.846,-0.922,-0.953,-0.884,-0.908,-0.886,-0.769,0,700
"2019-04-15 08:52:00.0",783531,-9999,86.7,-24.06,-24.06,-0.408,-9999,-9999,12.0416,39.99,39.91,17.16,-0.854,-0.935,-0.959,-0.9,-0.912,-0.904,-0.803,-0.843,-0.937,-0.941,-0.878,-0.898,-0.874,-0.779,-0.843,-0.9,-0.965,-0.878,-0.894,-0.878,-0.803,-0.848,-0.904,-0.943,-0.874,-0.894,-0.882,-0.787,0,0
"2019-04-15 08:52:20.0",783532,-9999,86.7,-23.99,-23.99,-0.407,-9999,-9999,12.0416,39.99,39.91,17.16,-0.854,-0.926,-0.951,-0.88,-0.906,-0.89,-0.803,-0.846,-0.91,-0.969,-0.88,-0.896,-0.9,-0.783,-0.843,-0.898,-0.92,-0.874,-0.878,-0.902,-0.811,-0.843,-0.939,-0.971,-0.878,-0.896,-0.866,-0.789,0,0
"2019-04-15 08:52:40.0",783533,-9999,86.8,-23.92,-23.92,-0.405,-9999,-9999,12.0416,39.99,39.91,17.16,-0.854,-0.953,-0.959,-0.896,-0.916,-0.922,-0.813,-0.841,-0.92,-0.951,-0.876,-0.9,-0.906,-0.781,-0.846,-0.91,-0.949,-0.882,-0.898,-0.87,-0.803,-0.843,-0.918,-0.967,-0.868,-0.896,-0.88,-0.793,0,0
"2019-04-15 08:53:00.0",783534,-9999,86.8,-23.85,-23.85,-0.404,-9999,-9999,12.0416,39.99,39.91,17.16,-0.856,-0.904,-0.943,-0.866,-0.904,-0.886,-0.781,-0.846,-0.932,-0.924,-0.87,-0.882,-0.87,-0.813,-0.848,-0.941,-0.943,-0.874,-0.894,-0.88,-0.787,-0.841,-0.896,-0.943,-0.874,-0.894,-0.88,-0.773,0,0
"2019-04-15 08:53:20.0",783535,-9999,86.9,-23.78,-23.78,-0.403,-9999,-9999,12.0416,39.99,39.91,17.16,-0.858,-0.92,-0.926,-0.888,-0.91,-0.892,-0.775,-0.843,-0.951,-0.957,-0.882,-0.902,-0.896,-0.819,-0.843,-0.945,-0.949,-0.884,-0.876,-0.89,-0.797,-0.839,-0.906,-0.932,-0.882,-0.928,-0.912,-0.769,0,700
"2019-04-15 08:53:40.0",783536,-9999,86.9,-23.71,-23.71,-0.402,-9999,-9999,12.0416,39.99,39.91,17.16,-0.846,-0.902,-0.951,-0.888,-0.924,-0.892,-0.811,-0.835,-0.91,-0.937,-0.874,-0.896,-0.868,-0.807,-0.846,-0.92,-0.939,-0.874,-0.912,-0.874,-0.765,-0.843,-0.892,-0.955,-0.874,-0.888,-0.88,-0.757,0,0
"2019-04-15 08:54:00.0",783537,-9999,87,-23.64,-23.64,-0.401,-9999,-9999,12.0416,39.99,39.91,17.19,-0.856,-0.957,-0.957,-0.894,-0.916,-0.896,-0.811,-0.843,-0.912,-0.949,-0.888,-0.906,-0.896,-0.821,-0.837,-0.9,-0.949,-0.906,-0.906,-0.91,-0.777,-0.841,-0.941,-0.959,-0.88,-0.9,-0.91,-0.809,0,0
"2019-04-15 08:54:20.0",783538,-9999,87,-23.57,-23.57,-0.4,-9999,-9999,12.0416,39.99,39.91,17.21,-0.852,-0.9,-0.949,-0.878,-0.926,-0.904,-0.791,-0.848,-0.945,-0.949,-0.878,-0.882,-0.91,-0.809,-0.837,-0.943,-0.947,-0.862,-0.9,-0.872,-0.797,-0.841,-0.914,-0.947,-0.88,-0.904,-0.874,-0.805,0,0
"2019-04-15 08:54:40.0",783539,-9999,87.1,-23.5,-23.5,-0.399,-9999,-9999,12.0528,39.99,39.91,17.21,-0.85,-0.953,-0.957,-0.894,-0.918,-0.92,-0.801,-0.839,-0.902,-0.955,-0.882,-0.884,-0.89,-0.821,-0.841,-0.928,-0.973,-0.886,-0.892,-0.906,-0.795,-0.841,-0.941,-0.955,-0.88,-0.924,-0.908,-0.775,0,0
"2019-04-15 08:55:00.0",783540,-9999,87.1,-23.43,-23.43,-0.398,-9999,-9999,12.0416,39.99,39.91,17.21,-0.852,-0.922,-0.961,-0.88,-0.906,-0.906,-0.817,-0.837,-0.924,-0.953,-0.868,-0.886,-0.88,-0.809,-0.843,-0.888,-0.914,-0.876,-0.876,-0.892,-0.767,-0.841,-0.912,-0.924,-0.87,-0.914,-0.878,-0.793,0,700
"2019-04-15 08:55:20.0",783541,-9999,87.1,-23.36,-23.36,-0.396,-9999,-9999,12.0416,39.99,39.91,17.21,-0.85,-0.959,-0.957,-0.894,-0.91,-0.89,-0.805,-0.846,-0.904,-0.941,-0.902,-0.902,-0.908,-0.785,-0.839,-0.896,-0.926,-0.868,-0.892,-0.868,-0.805,-0.843,-0.932,-0.937,-0.872,-0.896,-0.862,-0.789,0,0
"2019-04-15 08:55:40.0",783542,-9999,87.2,-23.29,-23.29,-0.395,-9999,-9999,12.0361,39.99,39.91,17.21,-0.852,-0.904,-0.961,-0.886,-0.906,-0.89,-0.779,-0.841,-0.926,-0.953,-0.882,-0.89,-0.876,-0.801,-0.837,-0.941,-0.949,-0.878,-0.9,-0.886,-0.769,-0.841,-0.908,-0.949,-0.866,-0.902,-0.906,-0.805,0,0
"2019-04-15 08:56:00.0",783543,-9999,87.2,-23.22,-23.22,-0.394,-9999,-9999,12.0361,39.99,39.91,17.21,-0.856,-0.949,-0.951,-0.884,-0.906,-0.886,-0.801,-0.839,-0.935,-0.91,-0.856,-0.894,-0.864,-0.775,-0.839,-0.892,-0.935,-0.866,-0.916,-0.872,-0.775,-0.841,-0.904,-0.957,-0.882,-0.89,-0.894,-0.761,0,0
"2019-04-15 08:56:20.0",783544,-9999,87.3,-23.15,-23.15,-0.393,-9999,-9999,12.0416,39.99,39.91,17.21,-0.85,-0.943,-0.957,-0.884,-0.906,-0.914,-0.797,-0.841,-0.902,-0.943,-0.906,-0.898,-0.876,-0.811,-0.837,-0.896,-0.922,-0.876,-0.896,-0.886,-0.767,-0.839,-0.937,-0.953,-0.88,-0.896,-0.902,-0.795,0,0
"2019-04-15 08:56:40.0",783545,-9999,87.3,-23.08,-23.08,-0.392,-9999,-9999,12.0416,39.99,39.91,17.21,-0.852,-0.914,-0.965,-0.89,-0.932,-0.894,-0.815,-0.848,-0.904,-0.924,-0.878,-0.896,-0.908,-0.783,-0.837,-0.924,-0.949,-0.878,-0.902,-0.87,-0.801,-0.848,-0.945,-0.943,-0.902,-0.898,-0.882,-0.789,0,700
"2019-04-15 08:57:00.0",783546,-9999,87.4,-23.01,-23.01,-0.391,-9999,-9999,12.0416,39.99,39.91,17.21,-0.848,-0.912,-0.949,-0.876,-0.902,-0.904,-0.787,-0.837,-0.888,-0.928,-0.868,-0.892,-0.872,-0.793,-0.839,-0.9,-0.937,-0.864,-0.884,-0.888,-0.797,-0.835,-0.92,-0.935,-0.864,-0.886,-0.852,-0.777,0,0
"2019-04-15 08:57:20.0",783547,-9999,87.4,-22.94,-22.94,-0.39,-9999,-9999,12.0416,39.99,39.91,17.21,-0.841,-0.898,-0.965,-0.88,-0.9,-0.9,-0.769,-0.835,-0.882,-0.922,-0.864,-0.888,-0.874,-0.761,-0.835,-0.906,-0.93,-0.87,-0.886,-0.89,-0.799,-0.831,-0.922,-0.91,-0.864,-0.882,-0.856,-0.777,0,0
"2019-04-15 08:57:40.0",783548,-9999,87.5,-22.86,-22.86,-0.389,-9999,-9999,12.0472,39.99,39.91,17.21,-0.854,-0.92,-0.953,-0.882,-0.912,-0.906,-0.771,-0.835,-0.904,-0.955,-0.868,-0.904,-0.874,-0.789,-0.835,-0.92,-0.932,-0.862,-0.882,-0.888,-0.799,-0.841,-0.874,-0.935,-0.86,-0.886,-0.85,-0.779,0,0
"2019-04-15 08:58:00.0",783549,-9999,87.5,-22.79,-22.79,-0.387,-9999,-9999,12.0361,39.99,39.91,17.24,-0.854,-0.943,-0.941,-0.88,-0.902,-0.87,-0.773,-0.839,-0.924,-0.916,-0.876,-0.888,-0.884,-0.775,-0.837,-0.902,-0.926,-0.866,-0.894,-0.872,-0.805,-0.837,-0.89,-0.932,-0.87,-0.888,-0.888,-0.785,0,0
"2019-04-15 08:58:20.0",783550,-9999,87.6,-22.72,-22.72,-0.386,-9999,-9999,12.0361,39.99,39.91,17.24,-0.846,-0.906,-0.963,-0.886,-0.906,-0.896,-0.813,-0.837,-0.9,-0.965,-0.88,-0.878,-0.892,-0.811,-0.833,-0.926,-0.949,-0.874,-0.894,-0.902,-0.777,-0.837,-0.93,-0.945,-0.878,-0.92,-0.86,-0.795,0,700
"2019-04-15 08:58:40.0",783551,-9999,87.6,-22.65,-22.65,-0.385,-9999,-9999,12.0416,39.99,39.91,17.24,-0.852,-0.924,-0.959,-0.882,-0.908,-0.88,-0.785,-0.835,-0.896,-0.955,-0.898,-0.894,-0.884,-0.781,-0.833,-0.924,-0.939,-0.874,-0.9,-0.904,-0.787,-0.841,-0.943,-0.963,-0.876,-0.896,-0.868,-0.761,0,0
"2019-04-15 08:59:00.0",783552,-9999,87.7,-22.58,-22.58,-0.384,-9999,-9999,12.0416,39.99,39.91,17.24,-0.843,-0.904,-0.979,-0.884,-0.92,-0.87,-0.815,-0.837,-0.886,-0.928,-0.87,-0.888,-0.858,-0.787,-0.827,-0.892,-0.926,-0.87,-0.888,-0.866,-0.763,-0.833,-0.904,-0.928,-0.868,-0.87,-0.888,-0.791,0,0
"2019-04-15 08:59:20.0",783553,-9999,87.7,-22.51,-22.51,-0.383,-9999,-9999,12.0416,39.99,39.91,17.24,-0.843,-0.924,-0.945,-0.872,-0.894,-0.864,-0.759,-0.839,-0.904,-0.928,-0.86,-0.884,-0.87,-0.773,-0.833,-0.896,-0.951,-0.862,-0.886,-0.894,-0.781,-0.835,-0.922,-0.908,-0.868,-0.882,-0.854,-0.763,0,0
"2019-04-15 08:59:40.0",783554,-9999,87.7,-22.44,-22.44,-0.382,-9999,-9999,12.0416,39.99,39.91,17.24,-0.846,-0.912,-0.951,-0.886,-0.902,-0.91,-0.767,-0.835,-0.922,-0.93,-0.872,-0.894,-0.88,-0.769,-0.831,-0.918,-0.91,-0.862,-0.884,-0.87,-0.787,-0.835,-0.88,-0.935,-0.868,-0.888,-0.886,-0.779,0,0
