"TOA5","","","1764","CR1000.Std.24","CPU:MFRSR_10012018V2.8.CR1","13574","TableHdr","PbCdlComm-1.6.0 (2016/01/26)"
"TIMESTAMP","RECORD","loggerID""headID""xpgmVerID""xlat""xlon""xSiteElev""xFULLREV""xCRXHSTEPS""xSCANseconds""xSCANnAvg""xSCANtrough""xHOMEoffset""xALLTIMEband"
"TS","RN","--""--""--""deg""deg""m""--""--""sec""--""--""--""--"
"","","Smp""Smp""Smp""Smp""Smp""Smp""Smp""Smp""Smp""Smp""Smp""Smp""Smp"
"2019-04-16 00:00:00.0",372,1764,180054423,2.8,-32.1259,-64.7287,1160,800,20,20,1,10,0,-1
"TOA5","","","1764","CR1000.Std.24","CPU:MFRSR_10012018V2.8.CR1","13574","Table155","PbCdlComm-1.6.0 (2016/01/26)"
"TIMESTAMP","RECORD","xoset""az""el""al""cosz""cosasz""pamass""vBat""Thead""THTC""Tlogger""Dnadir(1)""Dnadir(2)""Dnadir(3)""Dnadir(4)""Dnadir(5)""Dnadir(6)""Dnadir(7)""Deast(1)""Deast(2)""Deast(3)""Deast(4)""Deast(5)""Deast(6)""Deast(7)""Dsun(1)""Dsun(2)""Dsun(3)""Dsun(4)""Dsun(5)""Dsun(6)""Dsun(7)""Dwest(1)""Dwest(2)""Dwest(3)""Dwest(4)""Dwest(5)""Dwest(6)""Dwest(7)""kount""khome"
"TS","RN","sec""deg""deg""deg""--""--""--""Volt""degC""degC""degC""mV""mV""mV""mV""mV""mV""mV""mV""mV""mV""mV""mV""mV""mV""mV""mV""mV""mV""mV""mV""mV""mV""mV""mV""mV""mV""mV""mV""--""--"
"","","Smp""Smp""Smp""Smp""Smp""Smp""Smp""Smp""Smp""Smp""Smp""Smp""Smp""Smp""Smp""Smp""Smp""Smp""Smp""Smp""Smp""Smp""Smp""Smp""Smp""Smp""Smp""Smp""Smp""Smp""Smp""Smp""Smp""Smp""Smp""Smp""Smp""Smp""Smp""Smp""Smp"
"2019-04-16 06:00:00.0",787335,-9999,51.78,-58.33,-58.33,-0.851,-9999,-9999,12.0414,39.9,39.89,13.07,-0.953,-1.038,-1.042,-0.983,-1.002,-0.971,-0.892,-0.941,-1.026,-1.012,-0.971,-0.981,-0.994,-0.884,-0.951,-0.99,-1.03,-0.973,-0.988,-0.979,-0.858,-0.943,-0.998,-1.052,-0.969,-0.992,-0.961,-0.87,0,0
"2019-04-16 06:00:20.0",787336,-9999,51.89,-58.28,-58.28,-0.851,-9999,-9999,12.0414,39.9,39.89,13.07,-0.955,-1.002,-1.028,-0.988,-1.002,-1.004,-0.903,-0.939,-0.996,-1.046,-0.973,-0.973,-1.006,-0.87,-0.943,-1.024,-1.042,-0.981,-0.996,-0.983,-0.898,-0.939,-1.008,-1.046,-0.977,-0.996,-0.971,-0.852,0,700
"2019-04-16 06:00:40.0",787337,-9999,52.01,-58.22,-58.22,-0.85,-9999,-9999,12.0415,39.9,39.89,13.07,-0.949,-1.002,-1.06,-0.994,-1.028,-0.994,-0.896,-0.937,-1.05,-1.044,-0.983,-0.998,-0.99,-0.903,-0.943,-1.02,-1.056,-0.983,-1,-0.973,-0.896,-0.939,-1.004,-1.05,-0.977,-1.002,-0.983,-0.886,0,0
"2019-04-16 06:01:00.0",787338,-9999,52.12,-58.16,-58.16,-0.85,-9999,-9999,12.0415,39.88,39.89,13.07,-0.957,-1.022,-1.052,-0.983,-0.986,-0.986,-0.872,-0.945,-1.008,-1.062,-0.977,-1.006,-0.983,-0.87,-0.941,-0.992,-1.05,-0.981,-0.998,-0.967,-0.864,-0.943,-1.034,-1.042,-0.979,-0.992,-1.004,-0.87,0,0
"2019-04-16 06:01:20.0",787339,-9999,52.24,-58.11,-58.11,-0.849,-9999,-9999,12.0415,39.9,39.89,13.07,-0.953,-1.018,-1.042,-0.99,-1.024,-1.018,-0.876,-0.941,-0.979,-1.058,-0.971,-0.988,-0.977,-0.864,-0.941,-1,-1.034,-0.969,-0.99,-0.994,-0.85,-0.945,-0.977,-1.034,-0.969,-0.99,-0.969,-0.848,0,0
"2019-04-16 06:01:40.0",787340,-9999,52.35,-58.05,-58.05,-0.849,-9999,-9999,12.0471,39.9,39.89,13.07,-0.953,-1.03,-1.054,-0.992,-1.014,-0.979,-0.884,-0.943,-0.988,-1.034,-0.971,-0.992,-0.959,-0.866,-0.943,-1.026,-1.04,-0.975,-0.99,-0.992,-0.866,-0.943,-0.998,-1.028,-0.971,-0.983,-0.969,-0.858,0,0
"2019-04-16 06:02:00.0",787341,-9999,52.46,-58,-58,-0.848,-9999,-9999,12.0415,39.9,39.9,13.07,-0.959,-1.056,-1.064,-0.994,-1.016,-1,-0.88,-0.852,-0.937,-0.927,-0.878,-0.903,-0.896,-0.82,-0.854,-0.945,-0.971,-0.882,-0.907,-0.876,-0.822,-0.852,-0.945,-0.969,-0.88,-0.901,-0.903,-0.809,0,700
"2019-04-16 06:02:20.0",787342,-9999,52.58,-57.94,-57.94,-0.848,-9999,-9999,12.0413,39.9,39.9,13.07,-0.856,-0.955,-0.949,-0.901,-0.917,-0.921,-0.795,-0.856,-0.911,-0.949,-0.88,-0.892,-0.87,-0.771,-0.854,-0.915,-0.945,-0.878,-0.901,-0.86,-0.787,-0.844,-0.898,-0.923,-0.876,-0.925,-0.898,-0.777,0,0
"2019-04-16 06:02:40.0",787343,-9999,52.69,-57.89,-57.89,-0.847,-9999,-9999,12.0413,39.9,39.9,13.07,-0.856,-0.939,-0.965,-0.892,-0.907,-0.892,-0.767,-0.852,-0.925,-0.945,-0.882,-0.931,-0.88,-0.82,-0.85,-0.943,-0.951,-0.876,-0.901,-0.894,-0.813,-0.848,-0.939,-0.923,-0.878,-0.894,-0.876,-0.809,0,0
"2019-04-16 06:03:00.0",787344,-9999,52.8,-57.83,-57.83,-0.846,-9999,-9999,12.0413,39.9,39.9,13.07,-0.86,-0.921,-0.961,-0.894,-0.917,-0.901,-0.805,-0.846,-0.923,-0.953,-0.886,-0.923,-0.89,-0.785,-0.848,-0.915,-0.957,-0.892,-0.905,-0.905,-0.785,-0.848,-0.945,-0.977,-0.888,-0.903,-0.894,-0.775,0,0
"2019-04-16 06:03:20.0",787345,-9999,52.92,-57.77,-57.77,-0.846,-9999,-9999,12.0413,39.9,39.9,13.07,-0.858,-0.929,-0.953,-0.898,-0.915,-0.901,-0.799,-0.85,-0.939,-0.949,-0.884,-0.905,-0.913,-0.783,-0.856,-0.909,-0.947,-0.882,-0.935,-0.886,-0.809,-0.848,-0.933,-0.925,-0.878,-0.882,-0.868,-0.797,0,0
"2019-04-16 06:03:40.0",787346,-9999,53.03,-57.72,-57.72,-0.845,-9999,-9999,12.0413,39.9,39.9,13.07,-0.856,-0.945,-0.953,-0.89,-0.909,-0.896,-0.785,-0.86,-0.921,-0.988,-0.909,-0.945,-0.915,-0.791,-0.862,-0.965,-0.965,-0.907,-0.921,-0.892,-0.791,-0.866,-0.939,-0.977,-0.905,-0.921,-0.923,-0.783,0,700
"2019-04-16 06:04:00.0",787347,-9999,53.14,-57.66,-57.66,-0.845,-9999,-9999,12.041,39.89,39.9,13.07,-0.872,-0.953,-0.988,-0.915,-0.929,-0.917,-0.816,-0.862,-0.929,-0.969,-0.905,-0.927,-0.911,-0.805,-0.862,-0.961,-0.967,-0.909,-0.911,-0.931,-0.834,-0.858,-0.949,-0.951,-0.901,-0.923,-0.907,-0.826,0,0
"2019-04-16 06:04:20.0",787348,-9999,53.25,-57.6,-57.6,-0.844,-9999,-9999,12.041,39.89,39.89,13.07,-0.947,-1,-1.042,-0.981,-1,-0.986,-0.864,-0.937,-1.02,-1.032,-0.967,-0.988,-0.975,-0.901,-0.933,-0.975,-1.03,-0.967,-0.986,-0.965,-0.882,-0.937,-1.024,-1.052,-0.963,-0.986,-0.951,-0.872,0,0
"2019-04-16 06:04:40.0",787349,-9999,53.36,-57.55,-57.55,-0.844,-9999,-9999,12.0466,39.89,39.89,13.07,-0.949,-1.008,-1.064,-0.975,-0.986,-0.971,-0.898,-0.933,-0.986,-1.008,-0.969,-0.986,-0.977,-0.862,-0.935,-1.012,-1.05,-0.969,-0.986,-0.959,-0.85,-0.935,-0.979,-1.03,-0.971,-0.986,-0.988,-0.842,0,0
"2019-04-16 06:05:00.0",787350,-9999,53.47,-57.49,-57.49,-0.843,-9999,-9999,12.041,39.89,39.89,13.07,-0.945,-1.04,-1.042,-0.983,-0.988,-0.986,-0.876,-0.937,-1.036,-1.036,-0.973,-0.99,-0.986,-0.864,-0.937,-0.998,-1.044,-0.975,-0.994,-0.981,-0.894,-0.937,-1.034,-1.022,-0.975,-0.994,-0.973,-0.884,0,0
"2019-04-16 06:05:20.0",787351,-9999,53.58,-57.43,-57.43,-0.843,-9999,-9999,12.041,39.89,39.9,13.07,-0.943,-1.018,-1.06,-0.99,-1.008,-0.979,-0.874,-0.935,-1.03,-1.052,-0.983,-0.998,-0.988,-0.905,-0.939,-0.994,-1.05,-0.979,-0.996,-0.986,-0.886,-0.937,-0.99,-1.054,-0.979,-0.986,-0.965,-0.884,0,700
"2019-04-16 06:05:40.0",787352,-9999,53.69,-57.38,-57.38,-0.842,-9999,-9999,12.0413,39.9,39.9,13.07,-0.949,-1.016,-1.06,-0.986,-1.026,-0.975,-0.87,-0.937,-1.042,-1.04,-0.986,-0.996,-0.971,-0.913,-0.937,-1.018,-1.052,-0.981,-0.996,-0.969,-0.876,-0.933,-1.002,-1.066,-0.981,-0.977,-1,-0.858,0,0
"2019-04-16 06:06:00.0",787353,-9999,53.8,-57.32,-57.32,-0.842,-9999,-9999,12.0413,39.9,39.9,13.07,-0.957,-1.05,-1.04,-0.992,-1.008,-0.998,-0.87,-0.939,-1.022,-1.05,-0.977,-0.994,-0.973,-0.894,-0.933,-0.996,-1.05,-0.981,-1.008,-0.969,-0.872,-0.937,-1.026,-1.042,-0.977,-0.979,-1.006,-0.858,0,0
"2019-04-16 06:06:20.0",787354,-9999,53.91,-57.26,-57.26,-0.841,-9999,-9999,12.0413,39.9,39.9,13.07,-0.87,-0.943,-0.99,-0.905,-0.921,-0.896,-0.783,-0.86,-0.933,-0.969,-0.894,-0.915,-0.913,-0.836,-0.862,-0.965,-0.949,-0.905,-0.919,-0.909,-0.826,-0.858,-0.939,-0.963,-0.898,-0.919,-0.89,-0.82,0,0
"2019-04-16 06:06:40.0",787355,-9999,54.02,-57.21,-57.21,-0.841,-9999,-9999,12.0413,39.9,39.9,13.09,-0.872,-0.947,-0.961,-0.901,-0.921,-0.923,-0.816,-0.86,-0.905,-0.949,-0.88,-0.907,-0.898,-0.791,-0.864,-0.939,-0.975,-0.892,-0.911,-0.884,-0.82,-0.864,-0.929,-0.951,-0.886,-0.903,-0.876,-0.799,0,0
"2019-04-16 06:07:00.0",787356,-9999,54.13,-57.15,-57.15,-0.84,-9999,-9999,12.0413,39.9,39.9,13.09,-0.874,-0.931,-0.986,-0.905,-0.929,-0.907,-0.826,-0.858,-0.963,-0.986,-0.894,-0.921,-0.89,-0.813,-0.858,-0.925,-0.969,-0.901,-0.911,-0.884,-0.787,-0.933,-1.04,-1.02,-0.977,-0.992,-0.981,-0.866,0,700
"2019-04-16 06:07:20.0",787357,-9999,54.23,-57.09,-57.09,-0.84,-9999,-9999,12.0411,39.9,39.9,13.09,-0.945,-1.024,-1.06,-0.994,-1.006,-0.988,-0.882,-0.933,-0.988,-1.066,-0.975,-0.99,-1.006,-0.876,-0.937,-1.02,-1.044,-0.975,-0.998,-0.975,-0.862,-0.933,-0.992,-1.044,-0.979,-0.994,-0.981,-0.856,0,0
"2019-04-16 06:07:40.0",787358,-9999,54.34,-57.03,-57.03,-0.839,-9999,-9999,12.0411,39.9,39.9,13.09,-0.947,-1.006,-1.04,-0.979,-1,-0.977,-0.862,-0.939,-1.016,-1.032,-0.959,-0.983,-0.971,-0.876,-0.929,-0.983,-1.034,-0.967,-0.983,-0.963,-0.866,-0.933,-1.026,-1.01,-0.959,-0.981,-0.986,-0.854,0,0
"2019-04-16 06:08:00.0",787359,-9999,54.45,-56.98,-56.98,-0.838,-9999,-9999,12.0411,39.9,39.9,13.09,-0.945,-1.012,-1.032,-0.992,-0.992,-0.992,-0.905,-0.933,-0.977,-1.054,-0.965,-0.983,-0.959,-0.892,-0.935,-1.016,-1.032,-0.967,-0.981,-0.953,-0.87,-0.935,-1.01,-1.016,-0.967,-0.988,-0.992,-0.864,0,0
"2019-04-16 06:08:20.0",787360,-9999,54.56,-56.92,-56.92,-0.838,-9999,-9999,12.0411,39.9,39.9,13.09,-0.947,-1.038,-1.056,-0.986,-1.006,-0.988,-0.876,-0.947,-1.02,-1.06,-0.975,-1,-0.992,-0.874,-0.937,-1.012,-1.038,-0.981,-0.994,-0.983,-0.868,-0.937,-1.026,-1.02,-0.977,-0.992,-0.965,-0.898,0,0
"2019-04-16 06:08:40.0",787361,-9999,54.67,-56.86,-56.86,-0.837,-9999,-9999,12.0411,39.9,39.9,13.09,-0.947,-1.016,-1.03,-0.99,-1.004,-0.998,-0.884,-0.933,-0.983,-1.02,-0.969,-0.988,-0.994,-0.876,-0.937,-1.018,-1.024,-0.967,-0.986,-0.965,-0.85,-0.933,-0.981,-1.022,-0.965,-0.975,-0.969,-0.846,0,700
"2019-04-16 06:09:00.0",787362,-9999,54.77,-56.81,-56.81,-0.837,-9999,-9999,12.0409,39.9,39.9,13.12,-0.947,-1.014,-1.04,-0.979,-0.998,-0.977,-0.894,-0.941,-1.018,-1.044,-0.969,-0.994,-1.004,-0.89,-0.937,-1.046,-1.048,-0.986,-0.996,-0.998,-0.874,-0.937,-1.02,-1.052,-0.979,-0.981,-0.986,-0.86,0,0
"2019-04-16 06:09:20.0",787363,-9999,54.88,-56.75,-56.75,-0.836,-9999,-9999,12.0409,39.9,39.89,13.12,-0.945,-1.038,-1.062,-0.986,-0.998,-0.965,-0.896,-0.937,-1,-1.028,-0.965,-0.983,-0.969,-0.862,-0.933,-1.02,-1.05,-0.961,-0.986,-0.965,-0.892,-0.933,-0.998,-1.03,-0.969,-0.983,-0.965,-0.892,0,0
"2019-04-16 06:09:40.0",787364,-9999,54.99,-56.69,-56.69,-0.836,-9999,-9999,12.0409,39.9,39.89,13.12,-0.947,-1.046,-1.07,-0.99,-1.008,-0.99,-0.909,-0.933,-1.026,-1.04,-0.975,-0.992,-0.967,-0.888,-0.937,-0.988,-1.046,-0.973,-0.988,-0.961,-0.858,-0.931,-1.026,-1.034,-0.969,-1.012,-0.99,-0.882,0,0
"2019-04-16 06:10:00.0",787365,-9999,55.09,-56.63,-56.63,-0.835,-9999,-9999,12.052,39.9,39.9,13.12,-0.949,-1.024,-1.038,-0.979,-1,-0.977,-0.866,-0.939,-1,-1.024,-0.979,-0.998,-1.012,-0.864,-0.933,-1.022,-1.064,-0.981,-0.994,-1.006,-0.86,-0.935,-1,-1.042,-0.975,-0.994,-0.981,-0.901,0,0
"2019-04-16 06:10:20.0",787366,-9999,55.2,-56.57,-56.57,-0.835,-9999,-9999,12.0409,39.9,39.9,13.12,-0.947,-1.042,-1.018,-0.981,-0.99,-0.975,-0.896,-0.935,-1.016,-1.042,-0.973,-0.996,-0.986,-0.907,-0.937,-1.028,-1.05,-0.979,-0.998,-0.981,-0.892,-0.933,-1.02,-1.026,-0.967,-0.99,-0.967,-0.856,0,700
"2019-04-16 06:10:40.0",787367,-9999,55.3,-56.52,-56.52,-0.834,-9999,-9999,12.0407,39.9,39.89,13.12,-0.941,-1.024,-1.034,-0.969,-0.994,-0.959,-0.878,-0.933,-1.042,-1.04,-0.969,-1.014,-0.979,-0.89,-0.937,-0.998,-1.05,-0.981,-0.994,-0.981,-0.868,-0.935,-1.006,-1.062,-0.975,-0.992,-0.981,-0.862,0,0
"2019-04-16 06:11:00.0",787368,-9999,55.41,-56.46,-56.46,-0.833,-9999,-9999,12.0407,39.9,39.9,13.12,-0.945,-1.056,-1.048,-0.981,-1,-0.981,-0.892,-0.935,-1.03,-1.026,-0.975,-1.01,-1,-0.882,-0.933,-0.988,-1.056,-0.975,-0.988,-0.996,-0.854,-0.929,-1.01,-1.034,-0.973,-0.981,-0.967,-0.85,0,0
"2019-04-16 06:11:20.0",787369,-9999,55.51,-56.4,-56.4,-0.833,-9999,-9999,12.0407,39.9,39.9,13.12,-0.951,-1,-1.034,-0.99,-1.024,-1.004,-0.872,-0.933,-0.986,-1.028,-0.963,-0.979,-0.988,-0.894,-0.941,-0.99,-1.026,-0.961,-0.981,-0.983,-0.888,-0.939,-0.979,-1.012,-0.963,-0.983,-0.965,-0.882,0,0
"2019-04-16 06:11:40.0",787370,-9999,55.62,-56.34,-56.34,-0.832,-9999,-9999,12.0407,39.9,39.89,13.12,-0.943,-1.026,-1.077,-0.986,-1.006,-0.977,-0.884,-0.931,-1.016,-1.044,-0.977,-0.992,-0.979,-0.874,-0.933,-1.03,-1.046,-0.973,-0.988,-0.955,-0.898,-0.931,-1.01,-1.03,-0.969,-0.986,-0.965,-0.882,0,0
"2019-04-16 06:12:00.0",787371,-9999,55.72,-56.28,-56.28,-0.832,-9999,-9999,12.0407,39.9,39.89,13.12,-0.945,-1.034,-1.044,-0.971,-1,-0.996,-0.898,-0.935,-1.03,-1.032,-0.963,-0.986,-0.996,-0.876,-0.937,-1,-1.038,-0.969,-0.99,-0.994,-0.862,-0.931,-1.03,-1.038,-0.965,-0.988,-0.969,-0.854,0,700
"2019-04-16 06:12:20.0",787372,-9999,55.82,-56.23,-56.23,-0.831,-9999,-9999,12.041,39.9,39.9,13.14,-0.943,-1.01,-1.058,-0.988,-1.004,-1.01,-0.864,-0.933,-1,-1.048,-0.975,-0.99,-0.967,-0.903,-0.935,-1.012,-1.04,-0.977,-0.992,-0.959,-0.88,-0.933,-0.981,-1.034,-0.971,-0.994,-0.979,-0.872,0,0
"2019-04-16 06:12:40.0",787373,-9999,55.93,-56.17,-56.17,-0.831,-9999,-9999,12.041,39.9,39.9,13.14,-0.947,-1.014,-1.052,-0.971,-0.996,-0.963,-0.894,-0.933,-0.981,-1.012,-0.963,-0.983,-0.981,-0.876,-0.933,-0.992,-1.042,-0.965,-0.983,-0.979,-0.844,-0.933,-0.988,-1.024,-0.959,-0.977,-0.961,-0.846,0,0
"2019-04-16 06:13:00.0",787374,-9999,56.03,-56.11,-56.11,-0.83,-9999,-9999,12.041,39.9,39.91,13.14,-0.941,-1.01,-1.058,-0.971,-0.996,-0.959,-0.878,-0.931,-0.977,-1.03,-0.959,-0.981,-0.969,-0.876,-0.935,-1.004,-1.024,-0.961,-0.977,-0.963,-0.86,-0.937,-0.983,-1.002,-0.963,-0.988,-0.963,-0.848,0,0
"2019-04-16 06:13:20.0",787375,-9999,56.13,-56.05,-56.05,-0.83,-9999,-9999,12.0466,39.9,39.9,13.14,-0.945,-1.004,-1.054,-0.988,-1.006,-0.99,-0.903,-0.929,-1.02,-1.052,-0.967,-0.981,-1,-0.858,-0.933,-0.981,-1.038,-0.965,-0.988,-0.992,-0.846,-0.933,-1.016,-1.034,-0.965,-0.986,-0.967,-0.88,0,0
"2019-04-16 06:13:40.0",787376,-9999,56.24,-55.99,-55.99,-0.829,-9999,-9999,12.041,39.9,39.91,13.14,-0.943,-0.998,-1.038,-0.977,-0.996,-1.002,-0.88,-0.933,-1.038,-1.02,-0.975,-0.973,-0.983,-0.868,-0.933,-0.99,-1.042,-0.977,-0.996,-0.983,-0.898,-0.929,-1.044,-1.044,-0.977,-0.996,-0.975,-0.903,0,700
"2019-04-16 06:14:00.0",787377,-9999,56.34,-55.93,-55.93,-0.828,-9999,-9999,12.0409,39.9,39.91,13.14,-0.943,-1.026,-1.028,-0.971,-0.994,-0.957,-0.876,-0.931,-0.994,-1.014,-0.955,-0.979,-0.988,-0.866,-0.935,-1.02,-1.03,-0.961,-0.963,-0.986,-0.886,-0.931,-0.979,-1.028,-0.959,-0.977,-0.963,-0.888,0,0
"2019-04-16 06:14:20.0",787378,-9999,56.44,-55.87,-55.87,-0.828,-9999,-9999,12.0409,39.9,39.9,13.14,-0.943,-1.026,-1.04,-0.977,-0.994,-0.973,-0.886,-0.933,-1.036,-1.042,-0.971,-0.99,-0.979,-0.894,-0.935,-1.002,-1.032,-0.977,-0.994,-0.981,-0.862,-0.933,-1.04,-1.042,-0.975,-0.996,-0.977,-0.892,0,0
"2019-04-16 06:14:40.0",787379,-9999,56.54,-55.82,-55.82,-0.827,-9999,-9999,12.0409,39.9,39.9,13.16,-0.941,-1.034,-1.062,-0.981,-0.996,-1.01,-0.894,-0.935,-0.981,-1.056,-0.967,-0.983,-1.002,-0.896,-0.929,-1,-1.012,-0.963,-0.988,-0.967,-0.866,-0.927,-0.981,-1.028,-0.965,-1,-0.983,-0.864,0,0
"2019-04-16 06:15:00.0",787380,-9999,56.65,-55.76,-55.76,-0.827,-9999,-9999,12.0409,39.9,39.91,13.16,-0.945,-1.002,-1.03,-0.969,-0.99,-0.961,-0.86,-0.933,-1.022,-1.006,-0.959,-1.01,-0.996,-0.89,-0.935,-0.994,-1.03,-0.963,-0.986,-0.986,-0.85,-0.931,-1.032,-1.008,-0.965,-0.979,-0.986,-0.856,0,0
"2019-04-16 06:15:20.0",787381,-9999,56.75,-55.7,-55.7,-0.826,-9999,-9999,12.0409,39.9,39.91,13.16,-0.941,-1.054,-1.064,-0.986,-1.002,-0.99,-0.89,-0.931,-1,-1.044,-0.973,-0.994,-0.967,-0.894,-0.929,-1.014,-1.038,-0.975,-1.016,-0.965,-0.86,-0.931,-0.99,-1.04,-0.973,-0.994,-0.979,-0.894,0,700
"2019-04-16 06:15:40.0",787382,-9999,56.85,-55.64,-55.64,-0.825,-9999,-9999,12.0407,39.9,39.91,13.16,-0.941,-1.028,-1.044,-0.981,-0.979,-0.986,-0.862,-0.933,-1.012,-1.04,-0.973,-0.99,-1,-0.86,-0.933,-1.032,-1.038,-0.977,-0.971,-0.996,-0.892,-0.929,-0.994,-1.03,-0.971,-0.983,-0.992,-0.886,0,0
"2019-04-16 06:16:00.0",787383,-9999,56.95,-55.58,-55.58,-0.825,-9999,-9999,12.0519,39.9,39.91,13.16,-0.943,-1.03,-1.054,-0.975,-0.975,-0.99,-0.878,-0.933,-0.975,-1.03,-0.959,-0.975,-0.986,-0.894,-0.925,-1.02,-1.026,-0.959,-0.979,-0.981,-0.894,-0.937,-0.981,-1.028,-0.959,-0.979,-0.961,-0.862,0,0
"2019-04-16 06:16:20.0",787384,-9999,57.05,-55.52,-55.52,-0.824,-9999,-9999,12.0407,39.9,39.91,13.16,-0.943,-1.01,-1.056,-0.986,-1.018,-0.981,-0.87,-0.929,-1.02,-1.062,-0.977,-0.994,-1.004,-0.907,-0.933,-1.034,-1.046,-0.969,-0.988,-0.977,-0.862,-0.933,-0.99,-1.038,-0.973,-0.988,-1,-0.856,0,0
"2019-04-16 06:16:40.0",787385,-9999,57.15,-55.46,-55.46,-0.824,-9999,-9999,12.0407,39.9,39.91,13.16,-0.945,-1.04,-1.046,-0.975,-1.022,-0.983,-0.903,-0.929,-0.988,-1.042,-0.973,-0.965,-0.977,-0.88,-0.929,-0.986,-1.038,-0.973,-0.992,-0.969,-0.86,-0.929,-1.022,-1.014,-0.971,-0.979,-0.973,-0.882,0,0
"2019-04-16 06:17:00.0",787386,-9999,57.25,-55.4,-55.4,-0.823,-9999,-9999,12.0407,39.9,39.9,13.16,-0.943,-1.008,-1.05,-0.983,-1.002,-0.99,-0.862,-0.927,-0.99,-1.014,-0.967,-0.986,-0.961,-0.898,-0.927,-0.998,-1.034,-0.967,-0.981,-0.959,-0.852,-0.927,-1.016,-1.03,-0.967,-0.977,-0.961,-0.846,0,700
"2019-04-16 06:17:20.0",787387,-9999,57.35,-55.34,-55.34,-0.823,-9999,-9999,12.0406,39.9,39.9,13.16,-0.939,-1.008,-1.064,-0.979,-1.002,-0.973,-0.87,-0.927,-0.981,-1.052,-0.961,-0.981,-0.977,-0.876,-0.927,-1,-1.008,-0.963,-0.975,-0.963,-0.848,-0.931,-1.016,-1.044,-0.959,-0.955,-0.975,-0.878,0,0
"2019-04-16 06:17:40.0",787388,-9999,57.45,-55.28,-55.28,-0.822,-9999,-9999,12.0406,39.9,39.9,13.19,-0.949,-1.028,-1.038,-0.973,-0.994,-0.969,-0.886,-0.933,-1.036,-1.016,-0.971,-0.992,-1.002,-0.858,-0.933,-0.994,-1.038,-0.975,-0.994,-1.002,-0.905,-0.931,-1.014,-1.044,-0.969,-0.988,-0.971,-0.876,0,0
"2019-04-16 06:18:00.0",787389,-9999,57.55,-55.22,-55.22,-0.821,-9999,-9999,12.0406,39.9,39.91,13.19,-0.953,-1.024,-1.044,-0.981,-0.996,-0.963,-0.866,-0.925,-1.002,-1.03,-0.963,-0.983,-0.953,-0.876,-0.933,-1.008,-1.048,-0.961,-0.977,-0.957,-0.862,-0.929,-0.977,-1.024,-0.953,-0.979,-0.947,-0.882,0,0
"2019-04-16 06:18:20.0",787390,-9999,57.64,-55.16,-55.16,-0.821,-9999,-9999,12.0406,39.9,39.91,13.19,-0.943,-0.996,-1.028,-0.971,-0.99,-0.957,-0.888,-0.929,-0.988,-1.036,-0.969,-0.983,-0.965,-0.882,-0.929,-0.986,-1.034,-0.971,-0.983,-0.949,-0.856,-0.927,-1.012,-1.042,-0.963,-1.004,-0.961,-0.876,0,0
"2019-04-16 06:18:40.0",787391,-9999,57.74,-55.1,-55.1,-0.82,-9999,-9999,12.0406,39.9,39.9,13.19,-0.941,-1.034,-1.038,-0.975,-0.998,-0.963,-0.874,-0.935,-1.016,-1.014,-0.963,-0.99,-0.961,-0.876,-0.937,-1.04,-1.04,-0.969,-0.994,-0.961,-0.868,-0.929,-0.994,-1.016,-0.975,-0.986,-0.975,-0.892,0,700
"2019-04-16 06:19:00.0",787392,-9999,57.84,-55.04,-55.04,-0.82,-9999,-9999,12.0409,39.89,39.9,13.19,-0.943,-1,-1.06,-0.977,-0.996,-0.977,-0.896,-0.931,-1.026,-1.03,-0.969,-1.008,-0.977,-0.896,-0.929,-0.988,-1.016,-0.969,-0.986,-0.963,-0.854,-0.929,-0.998,-1.046,-0.961,-0.981,-0.951,-0.842,0,0
"2019-04-16 06:19:20.0",787393,-9999,57.94,-54.98,-54.98,-0.819,-9999,-9999,12.0409,39.89,39.91,13.19,-0.937,-1.002,-1.054,-0.981,-0.981,-1.002,-0.892,-0.933,-1.012,-1.018,-0.961,-0.979,-0.965,-0.884,-0.939,-0.986,-1.02,-0.957,-0.975,-0.965,-0.854,-0.927,-1.02,-1.032,-0.957,-0.992,-0.965,-0.854,0,0
"2019-04-16 06:19:40.0",787394,-9999,58.04,-54.92,-54.92,-0.818,-9999,-9999,12.0409,39.89,39.91,13.19,-0.941,-1.004,-1.014,-0.975,-0.986,-0.994,-0.89,-0.931,-0.99,-1.032,-0.971,-1.016,-0.981,-0.872,-0.929,-1.012,-1.046,-0.971,-0.994,-0.975,-0.894,-0.925,-1.03,-1.056,-0.973,-0.986,-0.973,-0.868,0,0
"2019-04-16 06:20:00.0",787395,-9999,58.14,-54.87,-54.87,-0.818,-9999,-9999,12.0409,39.89,39.91,13.19,-0.937,-1.028,-1.05,-0.986,-0.992,-0.963,-0.872,-0.931,-1.028,-1.032,-0.965,-0.986,-0.975,-0.896,-0.933,-1.002,-1.04,-0.969,-0.99,-0.975,-0.888,-0.929,-1,-1.044,-0.973,-0.992,-0.973,-0.862,0,0
"2019-04-16 06:20:20.0",787396,-9999,58.23,-54.81,-54.81,-0.817,-9999,-9999,12.0409,39.89,39.9,13.19,-0.939,-1.02,-1.048,-0.986,-1.002,-0.971,-0.905,-0.929,-1.01,-1.02,-0.965,-0.983,-0.981,-0.898,-0.933,-1.026,-1.04,-0.969,-0.99,-0.975,-0.868,-0.929,-0.996,-1.018,-0.969,-0.986,-0.973,-0.844,0,700
"2019-04-16 06:20:40.0",787397,-9999,58.33,-54.75,-54.75,-0.817,-9999,-9999,12.0519,39.9,39.89,13.19,-0.939,-1.03,-1.024,-0.983,-0.998,-0.986,-0.852,-0.937,-0.99,-1.04,-0.957,-0.977,-0.953,-0.858,-0.923,-1.022,-1.002,-0.961,-0.967,-0.945,-0.872,-0.929,-0.986,-1.042,-0.959,-0.975,-0.947,-0.878,0,0
"2019-04-16 06:21:00.0",787398,-9999,58.43,-54.69,-54.69,-0.816,-9999,-9999,12.0464,39.9,39.9,13.21,-0.943,-1.03,-1.018,-0.967,-0.988,-0.969,-0.862,-0.927,-1.024,-1.02,-0.969,-0.986,-0.975,-0.864,-0.929,-1.024,-1.04,-0.971,-0.981,-0.973,-0.894,-0.925,-0.971,-1.008,-0.963,-0.979,-0.949,-0.864,0,0
"2019-04-16 06:21:20.0",787399,-9999,58.52,-54.63,-54.63,-0.815,-9999,-9999,12.0519,39.9,39.89,13.21,-0.937,-1,-1.032,-0.981,-0.998,-1.004,-0.909,-0.929,-1.02,-1.006,-0.957,-0.973,-0.986,-0.854,-0.927,-0.986,-1.026,-0.957,-0.963,-0.981,-0.876,-0.927,-1.002,-1.018,-0.963,-0.979,-0.981,-0.848,0,0
"2019-04-16 06:21:40.0",787400,-9999,58.62,-54.57,-54.57,-0.815,-9999,-9999,12.0408,39.9,39.89,13.21,-0.943,-0.992,-1.042,-0.971,-0.994,-0.979,-0.868,-0.929,-0.994,-1.034,-0.963,-0.988,-0.961,-0.856,-0.929,-0.981,-1.02,-0.965,-0.979,-0.947,-0.872,-0.925,-1.01,-1.024,-0.959,-0.977,-0.945,-0.834,0,0
"2019-04-16 06:22:00.0",787401,-9999,58.72,-54.51,-54.51,-0.814,-9999,-9999,12.0408,39.9,39.9,13.21,-0.939,-1.008,-1.022,-0.971,-0.992,-0.975,-0.892,-0.929,-0.963,-1.028,-0.959,-0.981,-0.965,-0.846,-0.933,-1.004,-1.024,-0.963,-0.996,-0.949,-0.872,-0.927,-1.032,-1.026,-0.959,-0.979,-0.953,-0.848,0,700
"2019-04-16 06:22:20.0",787402,-9999,58.81,-54.44,-54.44,-0.814,-9999,-9999,12.0411,39.9,39.91,13.21,-0.939,-1.022,-1.032,-0.981,-0.994,-0.955,-0.888,-0.933,-1.014,-1.03,-0.967,-0.986,-1.002,-0.907,-0.927,-1.028,-1.05,-0.967,-1.012,-0.975,-0.878,-0.931,-0.99,-1.034,-0.967,-0.988,-0.973,-0.852,0,0
"2019-04-16 06:22:40.0",787403,-9999,58.91,-54.38,-54.38,-0.813,-9999,-9999,12.0411,39.9,39.9,13.21,-0.947,-1.028,-1.042,-0.973,-0.996,-0.957,-0.898,-0.929,-1.026,-1.058,-0.975,-0.988,-0.977,-0.862,-0.927,-1.016,-1.01,-0.961,-0.986,-0.963,-0.882,-0.927,-0.998,-1.048,-0.959,-0.973,-0.963,-0.856,0,0
"2019-04-16 06:23:00.0",787404,-9999,59,-54.32,-54.32,-0.812,-9999,-9999,12.0411,39.9,39.91,13.21,-0.947,-1.008,-1.03,-0.969,-0.986,-0.994,-0.868,-0.929,-1.028,-1.062,-0.973,-0.994,-0.965,-0.898,-0.931,-0.992,-1.018,-0.973,-0.99,-0.975,-0.87,-0.931,-1,-1.058,-0.979,-0.981,-0.969,-0.846,0,0
"2019-04-16 06:23:20.0",787405,-9999,59.1,-54.26,-54.26,-0.812,-9999,-9999,12.0411,39.9,39.91,13.21,-0.935,-1.01,-1.062,-0.975,-0.99,-0.975,-0.846,-0.931,-1.018,-1.044,-0.965,-0.975,-0.963,-0.888,-0.937,-1.042,-1.036,-0.973,-0.996,-0.975,-0.862,-0.929,-0.986,-1.046,-0.973,-0.988,-0.973,-0.89,0,0
"2019-04-16 06:23:40.0",787406,-9999,59.19,-54.2,-54.2,-0.811,-9999,-9999,12.0411,39.9,39.9,13.21,-0.945,-1.042,-1.044,-0.981,-1,-0.981,-0.905,-0.935,-1.022,-1.034,-0.967,-0.979,-0.955,-0.894,-0.925,-0.977,-1.024,-0.959,-0.959,-0.947,-0.864,-0.931,-1.01,-1.024,-0.961,-0.998,-0.943,-0.846,0,700
"2019-04-16 06:24:00.0",787407,-9999,59.29,-54.14,-54.14,-0.81,-9999,-9999,12.0409,39.9,39.9,13.23,-0.939,-1.032,-1.048,-0.979,-0.996,-0.963,-0.852,-0.931,-1.018,-1.042,-0.963,-0.979,-0.961,-0.85,-0.937,-1.03,-1.002,-0.963,-0.981,-0.947,-0.896,-0.929,-1.01,-1.042,-0.965,-0.981,-0.967,-0.888,0,0
"2019-04-16 06:24:20.0",787408,-9999,59.38,-54.08,-54.08,-0.81,-9999,-9999,12.0465,39.9,39.9,13.23,-0.939,-1.016,-1.05,-0.967,-0.994,-0.959,-0.894,-0.927,-1.034,-1.04,-0.971,-1.01,-0.998,-0.905,-0.937,-0.998,-1.044,-0.975,-1,-0.977,-0.868,-0.929,-1.006,-1.04,-0.973,-0.998,-0.975,-0.886,0,0
"2019-04-16 06:24:40.0",787409,-9999,59.47,-54.02,-54.02,-0.809,-9999,-9999,12.0409,39.9,39.9,13.23,-0.947,-1.016,-1.054,-0.983,-1.002,-0.975,-0.864,-0.933,-1.02,-1.032,-0.963,-0.983,-0.969,-0.854,-0.935,-0.979,-1.026,-0.961,-0.973,-0.979,-0.872,-0.933,-1.024,-0.998,-0.961,-0.981,-0.961,-0.886,0,0
"2019-04-16 06:25:00.0",787410,-9999,59.57,-53.96,-53.96,-0.809,-9999,-9999,12.0409,39.9,39.9,13.23,-0.941,-1.014,-1.064,-0.973,-0.994,-0.994,-0.894,-0.933,-1.036,-1.026,-0.969,-0.983,-0.975,-0.89,-0.935,-1,-1.018,-0.969,-0.973,-0.971,-0.862,-0.933,-1.006,-1.034,-0.975,-0.986,-0.981,-0.886,0,0
"2019-04-16 06:25:20.0",787411,-9999,59.66,-53.9,-53.9,-0.808,-9999,-9999,12.052,39.9,39.9,13.23,-0.943,-0.988,-1.034,-0.973,-0.988,-0.967,-0.892,-0.939,-1.036,-1.038,-0.971,-0.99,-0.983,-0.876,-0.933,-0.988,-1.056,-0.973,-1,-0.981,-0.89,-0.927,-1.016,-1.038,-0.971,-0.994,-0.979,-0.872,0,700
"2019-04-16 06:25:40.0",787412,-9999,59.75,-53.84,-53.84,-0.807,-9999,-9999,12.0408,39.9,39.91,13.23,-0.941,-1.016,-1.028,-0.983,-1.004,-0.975,-0.884,-0.939,-1.026,-1.03,-0.969,-1.006,-0.957,-0.884,-0.935,-1.02,-1.05,-0.963,-0.981,-0.953,-0.872,-0.929,-1,-1.02,-0.961,-0.977,-0.949,-0.848,0,0
"2019-04-16 06:26:00.0",787413,-9999,59.85,-53.78,-53.78,-0.807,-9999,-9999,12.0408,39.9,39.9,13.23,-0.951,-1.046,-1.032,-0.986,-1,-0.969,-0.903,-0.933,-0.983,-1.014,-0.957,-0.965,-0.967,-0.85,-0.935,-1.01,-1.03,-0.967,-0.983,-0.965,-0.872,-0.941,-1.03,-1.01,-0.961,-0.986,-0.953,-0.876,0,0
"2019-04-16 06:26:20.0",787414,-9999,59.94,-53.72,-53.72,-0.806,-9999,-9999,12.0408,39.9,39.9,13.23,-0.953,-1.03,-1.058,-0.986,-1,-1.012,-0.909,-0.935,-1.024,-1.012,-0.965,-0.979,-0.957,-0.882,-0.933,-0.992,-1.032,-0.977,-0.994,-0.965,-0.858,-0.929,-1.02,-1.042,-0.975,-0.99,-0.965,-0.896,0,0
"2019-04-16 06:26:40.0",787415,-9999,60.03,-53.66,-53.66,-0.805,-9999,-9999,12.0408,39.9,39.9,13.23,-0.943,-1.048,-1.058,-0.99,-1.008,-0.99,-0.909,-0.931,-0.988,-1.006,-0.965,-0.986,-0.969,-0.87,-0.937,-1.006,-1.04,-0.973,-0.971,-0.959,-0.896,-0.935,-0.996,-1.038,-0.973,-0.99,-0.973,-0.907,0,0
"2019-04-16 06:27:00.0",787416,-9999,60.13,-53.59,-53.59,-0.805,-9999,-9999,12.0408,39.9,39.9,13.23,-0.945,-1.03,-1.054,-0.992,-1.008,-0.996,-0.876,-0.935,-1.022,-1.028,-0.959,-0.979,-0.992,-0.888,-0.933,-0.981,-1.03,-0.965,-0.986,-0.988,-0.88,-0.937,-1.012,-1.05,-0.971,-0.986,-0.996,-0.852,0,700
"2019-04-16 06:27:20.0",787417,-9999,60.22,-53.53,-53.53,-0.804,-9999,-9999,12.0406,39.89,39.91,13.23,-0.947,-1.008,-1.048,-0.979,-1,-0.981,-0.876,-0.933,-0.996,-1.03,-0.965,-0.988,-0.969,-0.896,-0.933,-1.018,-1.028,-0.965,-0.979,-0.963,-0.874,-0.939,-0.996,-1.024,-0.961,-0.979,-0.945,-0.868,0,0
"2019-04-16 06:27:40.0",787418,-9999,60.31,-53.47,-53.47,-0.804,-9999,-9999,12.0406,39.89,39.89,13.23,-0.947,-1.034,-1.04,-0.973,-0.994,-1,-0.86,-0.929,-0.998,-1.022,-0.975,-0.996,-0.988,-0.89,-0.933,-1.014,-1.052,-0.975,-0.996,-0.986,-0.86,-0.931,-1.024,-1.016,-0.971,-1.018,-1.004,-0.852,0,0
"2019-04-16 06:28:00.0",787419,-9999,60.4,-53.41,-53.41,-0.803,-9999,-9999,12.0406,39.89,39.89,13.23,-0.943,-1.016,-1.06,-0.977,-0.996,-0.979,-0.894,-0.933,-1.026,-1.044,-0.983,-0.994,-1.006,-0.884,-0.939,-1.036,-1.044,-0.975,-0.973,-1.002,-0.86,-0.927,-1.01,-1.03,-0.967,-0.986,-0.994,-0.852,0,0
"2019-04-16 06:28:20.0",787420,-9999,60.49,-53.35,-53.35,-0.802,-9999,-9999,12.0406,39.89,39.91,13.23,-0.941,-1.018,-1.038,-0.973,-0.971,-0.998,-0.872,-0.931,-1.034,-1.048,-0.973,-0.996,-0.981,-0.87,-0.931,-0.994,-1.046,-0.981,-0.99,-0.977,-0.898,-0.933,-1.014,-1.02,-0.975,-0.99,-0.977,-0.868,0,0
"2019-04-16 06:28:40.0",787421,-9999,60.58,-53.29,-53.29,-0.802,-9999,-9999,12.0406,39.89,39.91,13.26,-0.947,-1.012,-1.073,-0.979,-0.998,-0.988,-0.858,-0.933,-1.014,-1.058,-0.973,-0.988,-0.971,-0.862,-0.935,-1.03,-1.048,-0.981,-0.992,-0.971,-0.905,-0.941,-1,-1.044,-0.973,-0.994,-0.981,-0.876,0,700
"2019-04-16 06:29:00.0",787422,-9999,60.67,-53.23,-53.23,-0.801,-9999,-9999,12.0405,39.89,39.89,13.26,-0.941,-1.018,-1.075,-0.981,-1.002,-1.01,-0.862,-0.935,-1.004,-1,-0.963,-0.977,-0.973,-0.862,-0.933,-1.028,-1.034,-0.967,-0.988,-0.973,-0.903,-0.935,-1,-1.04,-0.965,-0.988,-0.963,-0.874,0,0
"2019-04-16 06:29:20.0",787423,-9999,60.76,-53.16,-53.16,-0.8,-9999,-9999,12.0405,39.89,39.89,13.26,-0.945,-1.026,-1.056,-0.988,-1.004,-1.012,-0.868,-0.935,-1.008,-1.032,-0.967,-0.988,-0.981,-0.896,-0.935,-1.038,-1.02,-0.973,-0.977,-0.983,-0.89,-0.935,-0.992,-1.064,-0.979,-0.992,-0.981,-0.876,0,0
"2019-04-16 06:29:40.0",787424,-9999,60.85,-53.1,-53.1,-0.8,-9999,-9999,12.0405,39.89,39.89,13.26,-0.947,-1.018,-1.026,-0.986,-1.004,-0.981,-0.905,-0.937,-1.018,-1.014,-0.967,-0.99,-0.977,-0.907,-0.937,-1.038,-1.034,-0.981,-0.992,-0.979,-0.868,-0.931,-0.994,-1.048,-0.973,-0.973,-0.975,-0.864,0,0
"2019-04-16 06:30:00.0",787425,-9999,60.94,-53.04,-53.04,-0.799,-9999,-9999,12.0405,39.89,39.89,13.26,-0.953,-1.008,-1.05,-0.986,-1.004,-0.977,-0.876,-0.933,-1,-1.026,-0.963,-0.981,-0.953,-0.898,-0.931,-1.014,-1.008,-0.963,-0.981,-0.949,-0.87,-0.935,-0.988,-1.02,-0.961,-0.981,-0.961,-0.854,0,0
"2019-04-16 06:30:20.0",787426,-9999,61.03,-52.98,-52.98,-0.798,-9999,-9999,12.0461,39.89,39.89,13.26,-0.947,-1.006,-1.038,-0.977,-1.02,-0.973,-0.86,-0.937,-1.038,-1.026,-0.973,-0.998,-1.002,-0.909,-0.935,-1.004,-1.04,-0.975,-0.992,-0.998,-0.882,-0.935,-1.014,-1.042,-0.973,-0.994,-0.979,-0.854,0,700
"2019-04-16 06:30:40.0",787427,-9999,61.12,-52.92,-52.92,-0.798,-9999,-9999,12.0405,39.89,39.91,13.26,-0.947,-1.038,-1.048,-0.981,-0.998,-0.988,-0.868,-0.935,-0.994,-1.056,-0.971,-0.986,-1,-0.856,-0.931,-1.002,-1.03,-0.963,-0.981,-0.986,-0.888,-0.935,-1.02,-1.022,-0.963,-0.988,-0.979,-0.856,0,0
"2019-04-16 06:31:00.0",787428,-9999,61.21,-52.86,-52.86,-0.797,-9999,-9999,12.0405,39.89,39.91,13.26,-0.945,-1.008,-1.026,-0.977,-0.994,-0.977,-0.884,-0.933,-1.016,-1.048,-0.979,-0.994,-0.988,-0.874,-0.937,-1.03,-1.048,-0.973,-0.996,-0.981,-0.898,-0.931,-0.977,-1.056,-0.973,-0.99,-0.971,-0.882,0,0
"2019-04-16 06:31:20.0",787429,-9999,61.3,-52.8,-52.8,-0.796,-9999,-9999,12.0405,39.89,39.91,13.26,-0.945,-1.034,-1.044,-0.981,-0.998,-0.983,-0.878,-0.931,-1.006,-1.04,-0.977,-0.996,-0.979,-0.89,-0.935,-1.02,-1.048,-0.975,-0.998,-0.977,-0.866,-0.933,-1.038,-1.048,-0.973,-0.99,-0.961,-0.886,0,0
"2019-04-16 06:31:40.0",787430,-9999,61.39,-52.73,-52.73,-0.796,-9999,-9999,12.0405,39.89,39.91,13.26,-0.937,-1.03,-1.028,-0.986,-1.002,-0.971,-0.88,-0.933,-1.01,-1.01,-0.957,-0.979,-0.953,-0.872,-0.935,-0.986,-1.054,-0.965,-0.981,-0.953,-0.858,-0.931,-1.004,-1.024,-0.963,-0.967,-0.961,-0.854,0,0
"2019-04-16 06:32:00.0",787431,-9999,61.48,-52.67,-52.67,-0.795,-9999,-9999,12.0405,39.89,39.89,13.26,-0.945,-0.992,-1.044,-0.986,-1.012,-0.986,-0.878,-0.933,-0.979,-1.034,-0.965,-0.983,-0.971,-0.854,-0.933,-1.004,-1.038,-0.969,-0.979,-0.975,-0.89,-0.933,-0.977,-1.048,-0.963,-0.981,-0.965,-0.884,0,700
"2019-04-16 06:32:20.0",787432,-9999,61.57,-52.61,-52.61,-0.795,-9999,-9999,12.0404,39.89,39.89,13.26,-0.937,-1.03,-1.03,-0.969,-0.988,-0.998,-0.894,-0.933,-0.986,-1.034,-0.961,-0.99,-0.986,-0.886,-0.933,-0.998,-1.04,-0.971,-0.99,-0.969,-0.86,-0.929,-1.026,-1.046,-0.965,-0.988,-0.996,-0.848,0,0
"2019-04-16 06:32:40.0",787433,-9999,61.66,-52.55,-52.55,-0.794,-9999,-9999,12.0404,39.89,39.89,13.26,-0.947,-1.012,-1.01,-0.973,-0.996,-0.977,-0.862,-0.933,-1.014,-1.006,-0.965,-0.986,-0.957,-0.907,-0.941,-0.992,-1.032,-0.965,-0.986,-0.953,-0.901,-0.931,-1.006,-1.01,-0.967,-0.983,-0.955,-0.868,0,0
"2019-04-16 06:33:00.0",787434,-9999,61.74,-52.49,-52.49,-0.793,-9999,-9999,12.0404,39.89,39.91,13.26,-0.943,-1.05,-1.044,-0.983,-1.004,-0.992,-0.87,-0.935,-0.988,-1.034,-0.971,-0.986,-0.977,-0.901,-0.933,-0.99,-1.04,-0.969,-0.986,-0.959,-0.892,-0.933,-1.03,-1.036,-0.971,-0.969,-0.975,-0.852,0,0
"2019-04-16 06:33:20.0",787435,-9999,61.83,-52.42,-52.42,-0.793,-9999,-9999,12.0404,39.89,39.91,13.26,-0.941,-1.042,-1.048,-0.986,-1,-0.983,-0.884,-0.933,-1.03,-1.04,-0.975,-0.99,-1,-0.872,-0.939,-0.998,-1.058,-0.973,-0.994,-1,-0.892,-0.927,-1.038,-1.044,-0.973,-0.998,-0.998,-0.876,0,0
"2019-04-16 06:33:40.0",787436,-9999,61.92,-52.36,-52.36,-0.792,-9999,-9999,12.0404,39.89,39.91,13.26,-0.943,-1.042,-1.052,-0.992,-0.988,-0.973,-0.903,-0.927,-1.026,-1.042,-0.975,-0.994,-0.967,-0.888,-0.933,-0.992,-1.048,-0.975,-0.99,-0.957,-0.862,-0.929,-1.022,-1.018,-0.967,-0.986,-0.963,-0.898,0,700
"2019-04-16 06:34:00.0",787437,-9999,62.01,-52.3,-52.3,-0.791,-9999,-9999,12.0404,39.89,39.91,13.26,-0.939,-1.048,-1.066,-0.979,-0.998,-0.981,-0.896,-0.927,-0.994,-1.026,-0.967,-0.983,-0.992,-0.88,-0.931,-1.018,-1.026,-0.961,-0.979,-0.961,-0.852,-0.937,-0.967,-1.022,-0.963,-1.002,-0.981,-0.874,0,0
"2019-04-16 06:34:20.0",787438,-9999,62.09,-52.24,-52.24,-0.791,-9999,-9999,12.0459,39.89,39.91,13.26,-0.939,-0.986,-1.032,-0.969,-0.988,-0.994,-0.854,-0.927,-1.002,-1.044,-0.955,-0.986,-0.988,-0.89,-0.929,-1.018,-0.998,-0.959,-0.994,-0.975,-0.846,-0.929,-0.977,-1.04,-0.965,-0.971,-0.977,-0.85,0,0
"2019-04-16 06:34:40.0",787439,-9999,62.18,-52.17,-52.17,-0.79,-9999,-9999,12.0515,39.89,39.91,13.28,-0.941,-0.994,-1.034,-0.963,-0.99,-0.99,-0.884,-0.933,-0.981,-1.016,-0.955,-0.971,-0.961,-0.88,-0.931,-1.006,-1.048,-0.957,-0.983,-0.961,-0.854,-0.935,-1.022,-1.02,-0.957,-0.975,-0.977,-0.884,0,0
"2019-04-16 06:35:00.0",787440,-9999,62.27,-52.11,-52.11,-0.789,-9999,-9999,12.0404,39.89,39.91,13.28,-0.941,-1.024,-1.038,-0.971,-0.988,-0.969,-0.892,-0.927,-1.018,-1.02,-0.957,-0.981,-0.951,-0.874,-0.929,-0.981,-1.014,-0.959,-0.977,-0.961,-0.844,-0.929,-0.996,-1.03,-0.959,-0.979,-0.945,-0.888,0,0
"2019-04-16 06:35:20.0",787441,-9999,62.35,-52.05,-52.05,-0.789,-9999,-9999,12.0404,39.89,39.91,13.28,-0.943,-1.018,-1.04,-0.971,-0.994,-0.975,-0.896,-0.933,-1.016,-1.028,-0.957,-0.979,-0.953,-0.86,-0.933,-1.026,-1.024,-0.955,-0.986,-0.965,-0.89,-0.933,-0.979,-1.024,-0.959,-0.994,-0.963,-0.868,0,700
"2019-04-16 06:35:40.0",787442,-9999,62.44,-51.99,-51.99,-0.788,-9999,-9999,12.0403,39.89,39.91,13.28,-0.937,-1.004,-1.042,-0.981,-0.998,-0.967,-0.905,-0.927,-1.034,-1.04,-0.975,-0.99,-0.975,-0.87,-0.929,-0.994,-1.036,-0.969,-0.992,-0.961,-0.898,-0.935,-1.016,-1.042,-0.969,-0.983,-0.957,-0.876,0,0
"2019-04-16 06:36:00.0",787443,-9999,62.53,-51.92,-51.92,-0.787,-9999,-9999,12.0403,39.89,39.89,13.28,-0.943,-0.992,-1.054,-0.983,-0.998,-0.981,-0.892,-0.927,-1.022,-1.006,-0.965,-0.981,-0.963,-0.874,-0.927,-0.981,-1.028,-0.961,-0.961,-0.943,-0.862,-0.929,-0.988,-1.004,-0.961,-0.975,-0.955,-0.864,0,0
"2019-04-16 06:36:20.0",787444,-9999,62.61,-51.86,-51.86,-0.787,-9999,-9999,12.0403,39.89,39.89,13.28,-0.943,-1.018,-1.03,-0.969,-0.99,-0.973,-0.876,-0.929,-0.988,-1.026,-0.957,-0.981,-0.955,-0.903,-0.931,-1.004,-1.028,-0.967,-0.983,-0.955,-0.878,-0.927,-1.022,-1.026,-0.963,-0.983,-0.947,-0.856,0,0
"2019-04-16 06:36:40.0",787445,-9999,62.7,-51.8,-51.8,-0.786,-9999,-9999,12.0403,39.89,39.89,13.28,-0.943,-1.016,-1.05,-0.973,-0.99,-0.983,-0.905,-0.929,-1.014,-1.012,-0.977,-0.981,-0.973,-0.884,-0.933,-1.034,-1.046,-0.969,-0.992,-0.998,-0.872,-0.927,-0.996,-1.014,-0.969,-0.994,-0.996,-0.894,0,0
"2019-04-16 06:37:00.0",787446,-9999,62.78,-51.74,-51.74,-0.785,-9999,-9999,12.0403,39.89,39.89,13.28,-0.941,-1.004,-1.052,-0.986,-1.004,-0.986,-0.898,-0.927,-1.03,-1.052,-0.969,-0.971,-0.981,-0.884,-0.929,-0.988,-1.012,-0.971,-0.988,-0.961,-0.852,-0.925,-1.01,-1.038,-0.969,-0.979,-0.965,-0.85,0,700
"2019-04-16 06:37:20.0",787447,-9999,62.87,-51.67,-51.67,-0.784,-9999,-9999,12.0403,39.89,39.91,13.3,-0.939,-0.99,-1.032,-0.977,-0.994,-0.959,-0.858,-0.927,-1.024,-1.016,-0.967,-0.986,-0.998,-0.866,-0.931,-0.986,-1.036,-0.975,-0.973,-0.994,-0.896,-0.923,-1.014,-1.04,-0.971,-0.986,-0.994,-0.884,0,0
"2019-04-16 06:37:40.0",787448,-9999,62.95,-51.61,-51.61,-0.784,-9999,-9999,12.0403,39.89,39.91,13.3,-0.941,-1.032,-1.042,-0.977,-0.998,-0.971,-0.854,-0.925,-0.994,-1.034,-0.973,-0.981,-0.994,-0.876,-0.929,-1.002,-1.04,-0.965,-0.986,-0.973,-0.85,-0.927,-1.016,-1.032,-0.967,-0.988,-0.994,-0.884,0,0
"2019-04-16 06:38:00.0",787449,-9999,63.04,-51.55,-51.55,-0.783,-9999,-9999,12.0403,39.89,39.91,13.3,-0.941,-0.996,-1.036,-0.967,-0.99,-0.963,-0.888,-0.927,-0.986,-1.036,-0.971,-0.979,-0.969,-0.89,-0.927,-0.983,-1.032,-0.969,-0.971,-0.988,-0.838,-0.929,-1.028,-1.034,-0.965,-1.002,-0.99,-0.842,0,0
"2019-04-16 06:38:20.0",787450,-9999,63.12,-51.49,-51.49,-0.782,-9999,-9999,12.0403,39.89,39.89,13.3,-0.937,-0.988,-1.034,-0.967,-0.996,-0.973,-0.866,-0.929,-1.032,-1.04,-0.971,-0.986,-0.979,-0.882,-0.931,-1.022,-1.032,-0.975,-0.992,-0.975,-0.854,-0.927,-0.996,-1.018,-0.971,-0.986,-0.971,-0.892,0,0
"2019-04-16 06:38:40.0",787451,-9999,63.21,-51.42,-51.42,-0.782,-9999,-9999,12.0403,39.89,39.91,13.3,-0.941,-1.024,-1.068,-0.981,-0.998,-0.981,-0.87,-0.933,-0.988,-1.012,-0.969,-0.986,-0.965,-0.864,-0.931,-1.004,-1.034,-0.973,-0.986,-0.973,-0.882,-0.929,-1.01,-1.04,-0.969,-0.988,-0.977,-0.878,0,700
"2019-04-16 06:39:00.0",787452,-9999,63.29,-51.36,-51.36,-0.781,-9999,-9999,12.0403,39.89,39.91,13.3,-0.939,-1.04,-1.052,-0.981,-1.002,-1.004,-0.87,-0.929,-0.998,-1.038,-0.971,-0.994,-0.977,-0.87,-0.935,-1.022,-1.034,-0.971,-0.99,-0.975,-0.898,-0.931,-1.026,-1.04,-0.977,-0.994,-0.975,-0.866,0,0
"2019-04-16 06:39:20.0",787453,-9999,63.38,-51.3,-51.3,-0.78,-9999,-9999,12.0403,39.89,39.89,13.3,-0.941,-1.044,-1.048,-0.983,-1.022,-0.988,-0.856,-0.927,-0.998,-1.03,-0.957,-0.977,-0.965,-0.898,-0.931,-1.014,-1.018,-0.961,-0.961,-0.945,-0.886,-0.931,-0.971,-1.018,-0.957,-0.975,-0.963,-0.858,0,0
"2019-04-16 06:39:40.0",787454,-9999,63.46,-51.23,-51.23,-0.78,-9999,-9999,12.0403,39.89,39.89,13.3,-0.943,-1.002,-1.036,-0.975,-0.994,-0.965,-0.858,-0.931,-0.998,-1.042,-0.971,-0.986,-0.983,-0.868,-0.927,-0.992,-1.036,-0.971,-0.99,-0.975,-0.888,-0.929,-1.036,-1.04,-0.969,-1.014,-0.977,-0.87,0,0
"2019-04-16 06:40:00.0",787455,-9999,63.54,-51.17,-51.17,-0.779,-9999,-9999,12.0403,39.89,39.89,13.3,-0.937,-0.994,-1.054,-0.973,-0.973,-0.994,-0.86,-0.933,-0.983,-1.032,-0.955,-0.977,-0.967,-0.862,-0.935,-0.981,-1.026,-0.957,-0.981,-0.963,-0.898,-0.931,-1.02,-1.01,-0.957,-0.981,-0.963,-0.872,0,0
"2019-04-16 06:40:20.0",787456,-9999,63.63,-51.11,-51.11,-0.778,-9999,-9999,12.0403,39.89,39.89,13.3,-0.943,-1.042,-1.048,-0.981,-1.008,-0.988,-0.874,-0.931,-1.01,-1.038,-0.973,-0.988,-0.992,-0.886,-0.933,-1.022,-1.042,-0.975,-0.994,-0.975,-0.86,-0.931,-1,-1.036,-0.975,-1,-0.971,-0.898,0,700
"2019-04-16 06:40:40.0",787457,-9999,63.71,-51.04,-51.04,-0.778,-9999,-9999,12.0403,39.89,39.91,13.3,-0.939,-1.03,-1.042,-0.981,-0.992,-1,-0.852,-0.931,-1.018,-1.028,-0.961,-0.979,-0.967,-0.88,-0.935,-1.022,-1.048,-0.961,-0.979,-0.951,-0.872,-0.929,-0.979,-1.03,-0.957,-0.988,-0.961,-0.846,0,0
"2019-04-16 06:41:00.0",787458,-9999,63.79,-50.98,-50.98,-0.777,-9999,-9999,12.0403,39.89,39.89,13.3,-0.941,-1.042,-1.05,-0.979,-1,-0.973,-0.868,-0.929,-1.034,-1.056,-0.977,-0.988,-0.969,-0.864,-0.933,-1.03,-1.02,-0.975,-0.986,-0.959,-0.901,-0.931,-0.992,-1.058,-0.973,-0.971,-0.994,-0.89,0,0
"2019-04-16 06:41:20.0",787459,-9999,63.88,-50.92,-50.92,-0.776,-9999,-9999,12.0403,39.89,39.91,13.3,-0.943,-1.048,-1.056,-0.986,-1.006,-1.012,-0.903,-0.927,-1.038,-1.034,-0.975,-0.994,-0.967,-0.872,-0.933,-1.036,-1.068,-0.977,-0.994,-0.961,-0.888,-0.933,-1,-1.04,-0.969,-0.979,-0.961,-0.874,0,0
"2019-04-16 06:41:40.0",787460,-9999,63.96,-50.85,-50.85,-0.776,-9999,-9999,12.0403,39.89,39.91,13.3,-0.941,-1.002,-1.068,-0.983,-1.002,-0.969,-0.856,-0.933,-1.026,-1.062,-0.971,-1.006,-0.983,-0.907,-0.933,-0.983,-1.016,-0.971,-0.99,-0.957,-0.85,-0.933,-1.006,-1.058,-0.973,-0.988,-0.992,-0.854,0,0
"2019-04-16 06:42:00.0",787461,-9999,64.04,-50.79,-50.79,-0.775,-9999,-9999,12.0403,39.89,39.89,13.3,-0.943,-0.998,-1.022,-0.981,-0.996,-0.983,-0.864,-0.931,-0.986,-1.052,-0.969,-0.967,-0.965,-0.876,-0.933,-0.988,-1.036,-0.967,-0.986,-0.971,-0.852,-0.935,-1.01,-1.052,-0.969,-0.981,-0.967,-0.85,0,700
"2019-04-16 06:42:20.0",787462,-9999,64.12,-50.73,-50.73,-0.774,-9999,-9999,12.0406,39.89,39.89,13.3,-0.939,-1.016,-1.058,-0.981,-1.004,-1.012,-0.884,-0.935,-1.004,-1.044,-0.969,-0.996,-0.986,-0.905,-0.933,-1.02,-1.073,-0.973,-0.986,-0.979,-0.88,-0.931,-0.992,-1.036,-0.973,-0.992,-0.973,-0.86,0,0
"2019-04-16 06:42:40.0",787463,-9999,64.21,-50.66,-50.66,-0.773,-9999,-9999,12.0406,39.89,39.89,13.3,-0.945,-1.034,-1.073,-0.981,-1.004,-0.986,-0.874,-0.933,-1.036,-1.058,-0.967,-0.994,-0.963,-0.907,-0.937,-1.026,-1.018,-0.971,-1.008,-0.957,-0.882,-0.939,-1.014,-1.054,-0.963,-0.986,-0.955,-0.852,0,0
"2019-04-16 06:43:00.0",787464,-9999,64.29,-50.6,-50.6,-0.773,-9999,-9999,12.0406,39.89,39.91,13.3,-0.943,-1.038,-1.038,-0.971,-0.99,-0.998,-0.892,-0.929,-1.026,-1.016,-0.963,-0.979,-0.955,-0.858,-0.935,-1.018,-1.026,-0.961,-0.986,-0.949,-0.888,-0.935,-0.988,-1.022,-0.955,-0.979,-0.951,-0.86,0,0
"2019-04-16 06:43:20.0",787465,-9999,64.37,-50.54,-50.54,-0.772,-9999,-9999,12.0406,39.89,39.89,13.33,-0.941,-0.994,-1.04,-0.977,-0.99,-0.981,-0.86,-0.937,-0.99,-1.014,-0.971,-0.988,-0.977,-0.89,-0.933,-1.006,-1.036,-0.973,-0.986,-0.973,-0.868,-0.929,-1.032,-1.016,-0.969,-0.973,-0.971,-0.85,0,0
"2019-04-16 06:43:40.0",787466,-9999,64.45,-50.47,-50.47,-0.771,-9999,-9999,12.0406,39.89,39.91,13.33,-0.949,-1.038,-1.046,-0.99,-1.006,-1.014,-0.868,-0.927,-0.994,-1.056,-0.973,-0.99,-0.979,-0.905,-0.937,-1.002,-1.05,-0.965,-0.994,-0.977,-0.888,-0.931,-1.038,-1.038,-0.973,-0.992,-0.977,-0.868,0,700
"2019-04-16 06:44:00.0",787467,-9999,64.53,-50.41,-50.41,-0.771,-9999,-9999,12.0406,39.89,39.89,13.33,-0.941,-1.044,-1.064,-0.99,-0.998,-0.986,-0.903,-0.929,-0.986,-1.036,-0.961,-0.981,-0.996,-0.864,-0.931,-1.01,-1.026,-0.959,-0.986,-0.961,-0.89,-0.933,-1.024,-1.006,-0.957,-0.977,-0.988,-0.89,0,0
"2019-04-16 06:44:20.0",787468,-9999,64.61,-50.35,-50.35,-0.77,-9999,-9999,12.0406,39.89,39.89,13.33,-0.945,-0.994,-1.04,-0.969,-0.992,-0.955,-0.848,-0.929,-0.981,-1.01,-0.965,-0.986,-0.969,-0.888,-0.933,-1.018,-1.038,-0.967,-0.988,-0.986,-0.88,-0.929,-0.988,-1.008,-0.967,-0.986,-0.986,-0.844,0,0
"2019-04-16 06:44:40.0",787469,-9999,64.69,-50.28,-50.28,-0.769,-9999,-9999,12.0406,39.89,39.89,13.33,-0.947,-1.03,-1.056,-0.99,-1.002,-0.977,-0.882,-0.931,-1.012,-1.052,-0.975,-0.99,-0.998,-0.907,-0.933,-1.036,-1.024,-0.975,-0.983,-0.998,-0.911,-0.935,-0.996,-1.04,-0.971,-0.988,-0.994,-0.872,0,0
"2019-04-16 06:45:00.0",787470,-9999,64.77,-50.22,-50.22,-0.768,-9999,-9999,12.0406,39.89,39.89,13.33,-0.945,-1.032,-1.044,-0.973,-0.99,-0.996,-0.878,-0.933,-0.979,-1.006,-0.965,-0.986,-0.969,-0.858,-0.937,-0.992,-1.054,-0.969,-0.986,-0.969,-0.884,-0.939,-0.971,-1.028,-0.963,-0.996,-0.969,-0.876,0,0
"2019-04-16 06:45:20.0",787471,-9999,64.85,-50.15,-50.15,-0.768,-9999,-9999,12.0517,39.89,39.89,13.33,-0.945,-1.022,-1.077,-0.99,-1.006,-0.992,-0.909,-0.933,-1.032,-1.02,-0.971,-0.994,-0.973,-0.907,-0.939,-0.994,-1.056,-0.975,-0.99,-0.961,-0.89,-0.935,-1.036,-1.032,-0.969,-0.992,-0.959,-0.852,0,700
"2019-04-16 06:45:40.0",787472,-9999,64.93,-50.09,-50.09,-0.767,-9999,-9999,12.0405,39.89,39.89,13.33,-0.941,-0.983,-1.034,-0.969,-0.996,-0.994,-0.858,-0.935,-0.988,-1.03,-0.963,-0.979,-0.994,-0.864,-0.939,-1.004,-1.01,-0.969,-0.983,-0.988,-0.892,-0.931,-1.024,-1.056,-0.965,-0.979,-0.967,-0.878,0,0
"2019-04-16 06:46:00.0",787473,-9999,65.01,-50.03,-50.03,-0.766,-9999,-9999,12.0405,39.89,39.89,13.33,-0.943,-1.012,-1.064,-0.979,-0.992,-1.002,-0.892,-0.933,-1.034,-1.03,-0.971,-1.018,-1,-0.905,-0.935,-1.028,-1.068,-0.977,-0.99,-1,-0.898,-0.933,-1.02,-1.044,-0.977,-0.996,-0.979,-0.868,0,0
"2019-04-16 06:46:20.0",787474,-9999,65.09,-49.96,-49.96,-0.766,-9999,-9999,12.0405,39.89,39.89,13.33,-0.949,-1.058,-1.075,-0.986,-1.006,-1.014,-0.878,-0.935,-0.994,-1.046,-0.975,-0.996,-0.988,-0.894,-0.933,-1.014,-1.048,-0.975,-0.998,-0.979,-0.868,-0.933,-1.006,-1.042,-0.973,-0.992,-0.961,-0.864,0,0
"2019-04-16 06:46:40.0",787475,-9999,65.17,-49.9,-49.9,-0.765,-9999,-9999,12.0405,39.89,39.87,13.33,-0.949,-1.02,-1.042,-0.981,-0.998,-1.002,-0.898,-0.939,-1.02,-1.036,-0.969,-0.967,-0.973,-0.856,-0.937,-0.992,-1.038,-0.965,-0.983,-0.969,-0.898,-0.937,-1.028,-1.028,-0.957,-0.986,-0.953,-0.888,0,0
"2019-04-16 06:47:00.0",787476,-9999,65.25,-49.83,-49.83,-0.764,-9999,-9999,12.0405,39.89,39.91,13.33,-0.945,-1,-1.04,-0.971,-0.979,-0.977,-0.903,-0.935,-1.038,-1.042,-0.973,-0.996,-0.992,-0.874,-0.939,-1.042,-1.042,-0.973,-0.998,-0.981,-0.911,-0.937,-1.016,-1.046,-0.981,-0.992,-0.986,-0.898,0,700
"2019-04-16 06:47:20.0",787477,-9999,65.33,-49.77,-49.77,-0.763,-9999,-9999,12.0404,39.89,39.91,13.33,-0.951,-1.004,-1.05,-0.971,-0.998,-1,-0.909,-0.939,-0.996,-1.026,-0.969,-0.99,-0.951,-0.87,-0.937,-1.026,-1.016,-0.969,-0.969,-0.959,-0.903,-0.937,-0.99,-1.028,-0.971,-0.986,-0.955,-0.892,0,0
"2019-04-16 06:47:40.0",787478,-9999,65.41,-49.71,-49.71,-0.763,-9999,-9999,12.0404,39.89,39.89,13.33,-0.953,-1.016,-1.044,-0.986,-1.002,-1.006,-0.909,-0.939,-1.006,-1.03,-0.963,-0.981,-0.971,-0.898,-0.937,-1.032,-1.034,-0.975,-0.99,-0.971,-0.872,-0.939,-1.014,-1.036,-0.963,-0.99,-0.955,-0.872,0,0
"2019-04-16 06:48:00.0",787479,-9999,65.49,-49.64,-49.64,-0.762,-9999,-9999,12.0404,39.89,39.89,13.33,-0.947,-1.05,-1.054,-1,-1.008,-0.992,-0.921,-0.941,-1.012,-1.038,-0.975,-0.998,-1.006,-0.901,-0.939,-1.03,-1.044,-0.979,-1.002,-1.006,-0.898,-0.935,-1.026,-1.04,-0.979,-0.992,-0.983,-0.882,0,0
"2019-04-16 06:48:20.0",787480,-9999,65.57,-49.58,-49.58,-0.761,-9999,-9999,12.0404,39.89,39.89,13.33,-0.951,-1.032,-1.04,-0.977,-1,-0.965,-0.894,-0.939,-1.034,-1.042,-0.969,-0.99,-0.979,-0.866,-0.941,-0.996,-1.044,-0.977,-0.99,-0.977,-0.866,-0.939,-1.018,-1.042,-0.971,-0.994,-0.961,-0.866,0,0
"2019-04-16 06:48:40.0",787481,-9999,65.65,-49.51,-49.51,-0.761,-9999,-9999,12.0404,39.89,39.91,13.33,-0.951,-1.022,-1.07,-0.994,-1.014,-1.016,-0.907,-0.941,-1.004,-1.048,-0.977,-1.008,-0.986,-0.913,-0.939,-1.028,-1.052,-0.986,-1.002,-0.986,-0.898,-0.941,-1.026,-1.073,-0.981,-1.02,-0.965,-0.901,0,700
"2019-04-16 06:49:00.0",787482,-9999,65.73,-49.45,-49.45,-0.76,-9999,-9999,12.0404,39.89,39.91,13.33,-0.951,-1.036,-1.054,-0.998,-0.996,-0.998,-0.901,-0.937,-1,-1.046,-0.981,-1,-0.99,-0.911,-0.939,-1.044,-1.048,-0.988,-1,-0.983,-0.888,-0.935,-0.994,-1.048,-0.979,-1,-0.986,-0.874,0,0
"2019-04-16 06:49:20.0",787483,-9999,65.81,-49.38,-49.38,-0.759,-9999,-9999,12.0404,39.89,39.89,13.33,-0.951,-1.052,-1.077,-0.992,-1.008,-1.02,-0.874,-0.939,-1.016,-1.07,-0.986,-0.996,-0.986,-0.911,-0.939,-1.04,-1.046,-0.981,-1.002,-0.981,-0.87,-0.939,-0.996,-1.028,-0.977,-0.994,-1.006,-0.878,0,0
"2019-04-16 06:49:40.0",787484,-9999,65.88,-49.32,-49.32,-0.758,-9999,-9999,12.0404,39.89,39.91,13.33,-0.949,-1.024,-1.036,-0.986,-1.006,-0.986,-0.876,-0.935,-1.01,-1.026,-0.973,-0.992,-0.981,-0.898,-0.937,-1.022,-1.042,-0.973,-0.99,-0.979,-0.876,-0.939,-1.01,-1.032,-0.975,-0.988,-0.973,-0.866,0,0
"2019-04-16 06:50:00.0",787485,-9999,65.96,-49.26,-49.26,-0.758,-9999,-9999,12.0404,39.89,39.89,13.33,-0.955,-1.056,-1.062,-0.992,-1.018,-1.018,-0.874,-0.937,-1.022,-1.016,-0.971,-0.99,-0.998,-0.862,-0.939,-0.981,-1.054,-0.969,-0.988,-0.992,-0.856,-0.941,-1.018,-1.036,-0.967,-0.986,-0.969,-0.844,0,0
"2019-04-16 06:50:20.0",787486,-9999,66.04,-49.19,-49.19,-0.757,-9999,-9999,12.0404,39.89,39.87,13.33,-0.949,-1.028,-1.066,-0.99,-1.004,-0.973,-0.894,-0.941,-1.016,-1.056,-0.969,-0.998,-1,-0.907,-0.941,-1.036,-1.044,-0.975,-0.994,-0.973,-0.888,-0.939,-1.014,-1.02,-0.975,-0.994,-0.969,-0.878,0,700
"2019-04-16 06:50:40.0",787487,-9999,66.12,-49.13,-49.13,-0.756,-9999,-9999,12.0403,39.89,39.89,13.33,-0.947,-0.986,-1.052,-0.977,-1.024,-0.983,-0.894,-0.941,-1.024,-1.058,-0.981,-0.996,-0.992,-0.89,-0.939,-1.036,-1.03,-0.988,-1.002,-0.965,-0.866,-0.941,-1.018,-1.048,-0.983,-0.998,-0.981,-0.856,0,0
"2019-04-16 06:51:00.0",787488,-9999,66.19,-49.06,-49.06,-0.755,-9999,-9999,12.0403,39.89,39.89,13.33,-0.953,-1.032,-1.046,-0.981,-1.026,-1.008,-0.905,-0.941,-1.018,-1.052,-0.986,-0.998,-0.973,-0.894,-0.937,-1.036,-1.032,-0.983,-1.006,-0.971,-0.866,-0.935,-1.032,-1.04,-0.977,-0.996,-0.996,-0.852,0,0
"2019-04-16 06:51:20.0",787489,-9999,66.27,-49,-49,-0.755,-9999,-9999,12.0403,39.89,39.89,13.33,-0.951,-1.058,-1.056,-0.992,-1.014,-0.996,-0.913,-0.933,-1.036,-1.04,-0.977,-0.996,-0.979,-0.903,-0.939,-1.014,-1.034,-0.975,-0.994,-0.971,-0.876,-0.935,-1.034,-1.048,-0.969,-0.986,-0.971,-0.874,0,0
"2019-04-16 06:51:40.0",787490,-9999,66.35,-48.93,-48.93,-0.754,-9999,-9999,12.0403,39.89,39.89,13.33,-0.951,-1.01,-1.038,-0.988,-1.004,-1,-0.909,-0.935,-0.983,-1.008,-0.967,-0.981,-0.957,-0.894,-0.939,-1.002,-1.024,-0.967,-0.986,-0.967,-0.88,-0.937,-0.992,-1.028,-0.965,-1.01,-0.986,-0.872,0,0
"2019-04-16 06:52:00.0",787491,-9999,66.42,-48.87,-48.87,-0.753,-9999,-9999,12.0403,39.89,39.87,13.33,-0.947,-1.01,-1.054,-0.99,-1.002,-0.986,-0.915,-0.937,-0.99,-1.012,-0.965,-0.983,-0.975,-0.892,-0.939,-1.032,-1.054,-0.967,-0.988,-0.992,-0.884,-0.939,-0.996,-1.036,-0.971,-0.986,-0.977,-0.878,0,700
"2019-04-16 06:52:20.0",787492,-9999,66.5,-48.8,-48.8,-0.752,-9999,-9999,12.0403,39.89,39.91,13.33,-0.949,-1.04,-1.04,-0.979,-1.004,-1,-0.876,-0.939,-1.034,-1.042,-0.975,-0.994,-0.977,-0.878,-0.935,-1.006,-1.04,-0.971,-0.988,-0.975,-0.84,-0.933,-0.979,-1.03,-0.957,-0.986,-0.951,-0.85,0,0
"2019-04-16 06:52:40.0",787493,-9999,66.58,-48.74,-48.74,-0.752,-9999,-9999,12.0403,39.89,39.89,13.33,-0.945,-1.002,-1.068,-0.983,-0.998,-0.983,-0.864,-0.937,-1.002,-1.064,-0.979,-0.994,-0.986,-0.911,-0.937,-1.04,-1.046,-0.983,-1,-0.965,-0.894,-0.935,-0.998,-1.02,-0.988,-0.998,-1.004,-0.854,0,0
"2019-04-16 06:53:00.0",787494,-9999,66.65,-48.67,-48.67,-0.751,-9999,-9999,12.0403,39.89,39.91,13.3,-0.951,-1.05,-1.056,-0.992,-1.01,-0.977,-0.905,-0.935,-1.024,-1.032,-0.965,-0.983,-0.969,-0.872,-0.937,-0.983,-1.014,-0.967,-0.99,-0.99,-0.85,-0.935,-1.036,-1.028,-0.971,-1.014,-0.971,-0.852,0,0
"2019-04-16 06:53:20.0",787495,-9999,66.73,-48.61,-48.61,-0.75,-9999,-9999,12.0403,39.89,39.89,13.33,-0.941,-0.992,-1.05,-0.979,-0.998,-0.979,-0.856,-0.939,-1,-1.056,-0.965,-0.99,-1,-0.911,-0.939,-1.032,-1.038,-0.977,-1.006,-0.998,-0.888,-0.937,-1.008,-1.018,-0.973,-0.998,-0.981,-0.856,0,0
"2019-04-16 06:53:40.0",787496,-9999,66.81,-48.54,-48.54,-0.749,-9999,-9999,12.0403,39.89,39.91,13.33,-0.949,-1.008,-1.052,-0.983,-1.004,-0.99,-0.866,-0.935,-1.028,-1.022,-0.979,-0.988,-0.979,-0.882,-0.935,-0.99,-1.052,-0.969,-0.992,-0.963,-0.852,-0.935,-1.024,-1.038,-0.967,-0.986,-0.949,-0.854,0,700
"2019-04-16 06:54:00.0",787497,-9999,66.88,-48.48,-48.48,-0.749,-9999,-9999,12.0403,39.89,39.89,13.33,-0.949,-1.028,-1.048,-0.979,-1.002,-0.981,-0.901,-0.937,-1.004,-1.02,-0.975,-0.981,-0.963,-0.909,-0.941,-1.036,-1.044,-0.975,-1.022,-0.963,-0.89,-0.935,-1,-1.046,-0.977,-0.99,-0.994,-0.876,0,0
"2019-04-16 06:54:20.0",787498,-9999,66.96,-48.42,-48.42,-0.748,-9999,-9999,12.0403,39.89,39.89,13.33,-0.949,-1.048,-1.048,-0.988,-1.024,-0.994,-0.896,-0.937,-1,-1.024,-0.961,-0.998,-0.998,-0.856,-0.937,-1.018,-1.032,-0.967,-0.977,-0.957,-0.856,-0.937,-0.996,-1.05,-0.963,-1.002,-0.971,-0.882,0,0
"2019-04-16 06:54:40.0",787499,-9999,67.03,-48.35,-48.35,-0.747,-9999,-9999,12.0403,39.89,39.91,13.3,-0.949,-1.048,-1.03,-0.99,-1.006,-0.994,-0.882,-0.935,-1.01,-1.006,-0.961,-0.979,-0.969,-0.892,-0.937,-0.988,-1.028,-0.965,-0.986,-0.969,-0.872,-0.933,-1.026,-1.024,-0.961,-0.986,-0.957,-0.872,0,0
"2019-04-16 06:55:00.0",787500,-9999,67.11,-48.29,-48.29,-0.746,-9999,-9999,12.0403,39.89,39.89,13.33,-0.947,-1,-1.042,-0.986,-0.998,-0.961,-0.86,-0.937,-0.986,-1.042,-0.967,-0.992,-0.975,-0.89,-0.935,-0.994,-1.062,-0.971,-1.016,-0.963,-0.862,-0.935,-1.034,-1.046,-0.973,-0.998,-1.006,-0.856,0,0
"2019-04-16 06:55:20.0",787501,-9999,67.18,-48.22,-48.22,-0.746,-9999,-9999,12.0403,39.89,39.91,13.33,-0.945,-1.028,-1.036,-0.975,-0.996,-0.975,-0.901,-0.931,-1.03,-1.02,-0.973,-0.99,-0.967,-0.892,-0.935,-1.04,-1.058,-0.977,-0.998,-0.965,-0.876,-0.937,-1,-1.034,-0.977,-0.992,-1.002,-0.86,0,700
"2019-04-16 06:55:40.0",787502,-9999,67.26,-48.16,-48.16,-0.745,-9999,-9999,12.0403,39.89,39.91,13.3,-0.941,-1.03,-1.038,-0.973,-0.996,-0.975,-0.876,-0.935,-1.008,-1.038,-0.961,-0.983,-0.961,-0.909,-0.933,-1.034,-1.042,-0.967,-0.981,-0.969,-0.882,-0.935,-0.983,-1.042,-0.967,-0.992,-0.998,-0.856,0,0
"2019-04-16 06:56:00.0",787503,-9999,67.33,-48.09,-48.09,-0.744,-9999,-9999,12.0403,39.89,39.89,13.3,-0.947,-1.032,-1.062,-0.986,-1.006,-0.977,-0.886,-0.941,-1.002,-1.06,-0.977,-0.994,-1.006,-0.886,-0.933,-1.018,-1.046,-0.975,-0.992,-0.996,-0.87,-0.931,-1.034,-1.046,-0.977,-1.002,-0.983,-0.86,0,0
"2019-04-16 06:56:20.0",787504,-9999,67.41,-48.02,-48.02,-0.743,-9999,-9999,12.0403,39.89,39.91,13.33,-0.947,-1.002,-1.056,-0.988,-1.012,-0.992,-0.872,-0.929,-1.024,-1.044,-0.973,-0.992,-0.975,-0.888,-0.933,-0.996,-1.044,-0.973,-0.992,-0.981,-0.87,-0.931,-1.026,-1.036,-0.977,-0.994,-0.992,-0.854,0,0
"2019-04-16 06:56:40.0",787505,-9999,67.48,-47.96,-47.96,-0.743,-9999,-9999,12.0403,39.89,39.91,13.33,-0.943,-0.986,-1.014,-0.969,-0.996,-0.998,-0.901,-0.937,-0.986,-1.028,-0.961,-0.965,-0.977,-0.856,-0.935,-1.006,-1.026,-0.961,-0.977,-0.967,-0.892,-0.931,-0.983,-1.028,-0.959,-0.988,-0.951,-0.886,0,0
"2019-04-16 06:57:00.0",787506,-9999,67.56,-47.89,-47.89,-0.742,-9999,-9999,12.0403,39.89,39.91,13.33,-0.941,-1.014,-1.068,-0.977,-1.004,-0.971,-0.903,-0.933,-0.996,-1.024,-0.977,-0.99,-0.983,-0.888,-0.933,-1.038,-1.046,-0.975,-0.996,-0.965,-0.87,-0.931,-0.998,-1.038,-0.975,-0.994,-0.979,-0.864,0,700
"2019-04-16 06:57:20.0",787507,-9999,67.63,-47.83,-47.83,-0.741,-9999,-9999,12.0402,39.89,39.91,13.33,-0.941,-0.992,-1.046,-0.979,-0.988,-0.975,-0.882,-0.933,-1.02,-1.026,-0.965,-0.981,-0.973,-0.884,-0.929,-0.99,-1.01,-0.963,-0.983,-0.967,-0.852,-0.929,-1.01,-1.052,-0.961,-0.981,-0.965,-0.84,0,0
"2019-04-16 06:57:40.0",787508,-9999,67.71,-47.76,-47.76,-0.74,-9999,-9999,12.0402,39.89,39.89,13.33,-0.945,-1.03,-1.058,-0.971,-1,-0.977,-0.896,-0.941,-0.983,-1.034,-0.961,-0.986,-0.971,-0.896,-0.935,-1.012,-1.052,-0.963,-1.002,-0.967,-0.882,-0.933,-0.983,-1.03,-0.967,-0.986,-0.971,-0.848,0,0
"2019-04-16 06:58:00.0",787509,-9999,67.78,-47.7,-47.7,-0.74,-9999,-9999,12.0402,39.89,39.89,13.33,-0.943,-1.036,-1.05,-0.983,-1.002,-0.988,-0.87,-0.933,-0.99,-1.062,-0.969,-0.992,-1,-0.905,-0.933,-1.036,-1.04,-0.973,-0.996,-0.977,-0.86,-0.929,-0.992,-1.04,-0.971,-0.994,-1,-0.862,0,0
"2019-04-16 06:58:20.0",787510,-9999,67.85,-47.63,-47.63,-0.739,-9999,-9999,12.0402,39.89,39.89,13.33,-0.941,-1.026,-1.028,-0.963,-0.992,-0.961,-0.898,-0.931,-1.016,-1.034,-0.973,-0.99,-0.969,-0.88,-0.935,-1.034,-1.06,-0.977,-0.977,-0.961,-0.856,-0.929,-0.994,-1.036,-0.971,-0.983,-0.994,-0.862,0,0
"2019-04-16 06:58:40.0",787511,-9999,67.93,-47.57,-47.57,-0.738,-9999,-9999,12.0402,39.89,39.89,13.33,-0.941,-1.004,-1.062,-0.975,-0.996,-1.006,-0.884,-0.927,-1.012,-1.044,-0.975,-0.99,-1.002,-0.866,-0.931,-1.032,-1.04,-0.973,-0.986,-0.998,-0.894,-0.931,-1.008,-1.038,-0.969,-0.992,-0.992,-0.89,0,700
"2019-04-16 06:59:00.0",787512,-9999,68,-47.5,-47.5,-0.737,-9999,-9999,12.0402,39.89,39.91,13.33,-0.939,-1.014,-1.02,-0.975,-0.998,-0.981,-0.86,-0.929,-1.016,-1.002,-0.957,-0.977,-0.951,-0.884,-0.933,-0.981,-1.032,-0.967,-0.977,-0.945,-0.874,-0.927,-1.016,-1.004,-0.963,-0.979,-0.945,-0.846,0,0
"2019-04-16 06:59:20.0",787513,-9999,68.07,-47.44,-47.44,-0.737,-9999,-9999,12.0402,39.89,39.91,13.33,-0.945,-1.02,-1.05,-0.983,-1.024,-0.986,-0.872,-0.935,-1.032,-1.042,-0.973,-0.988,-0.979,-0.88,-0.931,-1.002,-1.04,-0.975,-0.996,-0.977,-0.862,-0.931,-1.024,-1.03,-0.971,-0.988,-0.975,-0.89,0,0
"2019-04-16 06:59:40.0",787514,-9999,68.15,-47.37,-47.37,-0.736,-9999,-9999,12.0402,39.89,39.91,13.33,-0.941,-1,-1.03,-0.981,-1.006,-0.981,-0.901,-0.929,-1.002,-1.054,-0.967,-0.99,-0.981,-0.864,-0.929,-1.012,-1.018,-0.977,-1.01,-0.994,-0.896,-0.929,-0.981,-1.054,-0.967,-0.988,-0.967,-0.862,0,0
