"TOA5","","","1764","CR1000.Std.24","CPU:MFRSR_10012018V2.8.CR1","13574","TableHdr","PbCdlComm-1.6.0 (2016/01/26)"
"TIMESTAMP","RECORD","loggerID""headID""xpgmVerID""xlat""xlon""xSiteElev""xFULLREV""xCRXHSTEPS""xSCANseconds""xSCANnAvg""xSCANtrough""xHOMEoffset""xALLTIMEband"
"TS","RN","--""--""--""deg""deg""m""--""--""sec""--""--""--""--"
"","","Smp""Smp""Smp""Smp""Smp""Smp""Smp""Smp""Smp""Smp""Smp""Smp""Smp"
"2019-04-15 12:00:00.0",371,1764,180054423,2.8,-32.1259,-64.7287,1160,800,20,20,1,10,0,-1
"TOA5","","","1764","CR1000.Std.24","CPU:MFRSR_10012018V2.8.CR1","13574","Table155","PbCdlComm-1.6.0 (2016/01/26)"
"TIMESTAMP","RECORD","xoset""az""el""al""cosz""cosasz""pamass""vBat""Thead""THTC""Tlogger""Dnadir(1)""Dnadir(2)""Dnadir(3)""Dnadir(4)""Dnadir(5)""Dnadir(6)""Dnadir(7)""Deast(1)""Deast(2)""Deast(3)""Deast(4)""Deast(5)""Deast(6)""Deast(7)""Dsun(1)""Dsun(2)""Dsun(3)""Dsun(4)""Dsun(5)""Dsun(6)""Dsun(7)""Dwest(1)""Dwest(2)""Dwest(3)""Dwest(4)""Dwest(5)""Dwest(6)""Dwest(7)""kount""khome"
"TS","RN","sec""deg""deg""deg""--""--""--""Volt""degC""degC""degC""mV""mV""mV""mV""mV""mV""mV""mV""mV""mV""mV""mV""mV""mV""mV""mV""mV""mV""mV""mV""mV""mV""mV""mV""mV""mV""mV""mV""--""--"
"","","Smp""Smp""Smp""Smp""Smp""Smp""Smp""Smp""Smp""Smp""Smp""Smp""Smp""Smp""Smp""Smp""Smp""Smp""Smp""Smp""Smp""Smp""Smp""Smp""Smp""Smp""Smp""Smp""Smp""Smp""Smp""Smp""Smp""Smp""Smp""Smp""Smp""Smp""Smp""Smp""Smp"
"2019-04-15 21:00:00.0",785715,5440,-109.6,11.26,11.34,0.195,0.197,4.967,12.0416,40.02,39.91,18.51,9.03,17.31,18.47,15.82,18.26,19.76,6.721,8.62,16.63,17.65,15.07,17.45,18.87,6.382,7.875,16.02,16.43,13.65,15.68,17.04,5.974,8.96,16.97,18.13,15.55,17.99,19.55,6.653,554,226
"2019-04-15 21:00:20.0",785716,5440,-109.6,11.2,11.27,0.194,0.195,4.994,12.0528,40.02,39.91,18.51,9.84,17.58,19.21,16.84,19.55,21.25,7.061,9.5,16.9,18.53,16.16,18.87,20.64,6.857,7.943,15.89,16.36,13.65,15.75,17.24,5.974,9.98,17.31,19.08,16.77,19.62,21.45,7.061,555,225
"2019-04-15 21:00:40.0",785717,5440,-109.5,11.13,11.21,0.193,0.194,5.022,12.0583,40.01,39.91,18.51,10.79,17.79,20.03,17.92,20.98,23.01,7.536,10.32,17.11,19.21,17.18,20.16,22.2,7.196,8.01,15.75,16.29,13.71,15.82,17.45,6.042,10.66,17.45,19.69,17.65,20.71,22.81,7.468,555,225
"2019-04-15 21:01:00.0",785718,5440,-109.5,11.06,11.14,0.192,0.193,5.05,12.0528,40.01,39.91,18.51,11.61,17.86,20.64,18.74,22.13,24.51,7.875,11.41,17.24,19.96,18.19,21.52,24.03,7.604,8.08,15.55,16.23,13.71,15.89,17.58,6.042,11.81,17.58,20.5,18.81,22.27,24.85,7.875,555,225
"2019-04-15 21:01:20.0",785719,5440,-109.4,11,11.08,0.191,0.192,5.078,12.0528,40.01,39.91,18.51,12.7,18.06,21.45,19.96,23.69,26.48,8.28,12.97,17.58,21.11,19.89,23.69,26.75,8.28,8.08,15.28,16.09,13.71,15.95,17.72,6.042,13.58,17.99,21.86,20.64,24.71,27.84,8.62,555,225
"2019-04-15 21:01:40.0",785720,5440,-109.4,10.93,11.01,0.19,0.191,5.106,12.0528,40.01,39.91,18.51,13.78,18.06,22.06,20.84,24.85,28.11,8.62,12.42,16.97,20.37,19.08,22.74,25.8,7.943,8.08,15.07,16.02,13.71,15.95,17.86,6.042,12.63,17.31,20.77,19.48,23.15,26.21,8.15,555,225
"2019-04-15 21:02:00.0",785721,5460,-109.3,10.86,10.94,0.188,0.19,5.135,12.0416,40.01,39.91,18.51,10.39,16.57,19.21,17.45,20.5,22.95,7.332,9.3,15.68,17.79,15.95,18.74,20.98,6.789,8.28,14.94,16.02,13.85,16.16,18.26,6.178,9.71,16.09,18.4,16.57,19.48,21.79,7.061,556,224
"2019-04-15 21:02:20.0",785722,5460,-109.3,10.8,10.88,0.187,0.189,5.165,12.0416,40.01,39.91,18.51,10.46,16.43,19.21,17.52,20.71,23.29,7.4,9.98,15.61,18.19,16.63,19.69,22.34,7.061,8.42,14.8,16.02,13.99,16.29,18.6,6.246,10.59,16.16,19.01,17.45,20.71,23.35,7.468,556,224
"2019-04-15 21:02:40.0",785723,5460,-109.2,10.73,10.81,0.186,0.188,5.194,12.0416,40.01,39.91,18.51,10.93,16.23,19.28,17.72,21.05,23.9,7.536,9.84,15.21,17.58,16.09,19.08,21.79,6.857,8.55,14.6,16.09,14.12,16.57,19.01,6.314,10.12,15.61,18.19,16.63,19.69,22.4,7.196,556,224
"2019-04-15 21:03:00.0",785724,5460,-109.2,10.66,10.74,0.185,0.186,5.224,12.0416,40.01,39.91,18.51,9.98,15.55,18.13,16.43,19.48,22.2,7.196,9.3,14.66,16.84,15.28,18.06,20.77,6.653,8.76,14.46,16.16,14.32,16.9,19.48,6.45,9.84,15.21,17.65,16.09,19.01,21.86,7.061,556,224
"2019-04-15 21:03:20.0",785725,5470,-109.1,10.6,10.68,0.184,0.185,5.255,12.0416,40.01,39.91,18.51,10.12,15.34,17.92,16.43,19.42,22.4,7.196,9.23,14.32,16.5,15,17.79,20.71,6.585,8.96,14.32,16.23,14.53,17.18,19.89,6.518,9.71,14.8,17.24,15.75,18.67,21.59,6.993,556,224
"2019-04-15 21:03:40.0",785726,5460,-109.1,10.53,10.61,0.183,0.184,5.285,12.0416,40.01,39.91,18.51,9.78,14.94,17.38,15.89,18.81,21.79,6.993,9.03,13.99,16.09,14.66,17.38,20.3,6.45,8.96,14.19,16.23,14.6,17.24,20.1,6.518,9.5,14.53,16.84,15.41,18.26,21.32,6.857,556,224
"2019-04-15 21:04:00.0",785727,5460,-109.1,10.46,10.55,0.182,0.183,5.316,12.0528,40.01,39.91,18.51,9.71,14.66,17.11,15.61,18.6,21.59,6.925,9.03,13.78,15.95,14.53,17.31,20.3,6.45,8.96,13.99,16.16,14.6,17.24,20.23,6.518,9.44,14.32,16.63,15.21,18.06,21.11,6.789,557,223
"2019-04-15 21:04:20.0",785728,5460,-109,10.4,10.48,0.18,0.182,5.348,12.0528,40.01,39.91,18.51,9.5,14.32,16.9,15.41,18.33,21.45,6.721,8.83,13.51,15.68,14.32,17.04,20.1,6.314,8.89,13.71,15.89,14.46,17.18,20.1,6.382,9.3,13.99,16.36,14.94,17.79,20.91,6.585,557,223
"2019-04-15 21:04:40.0",785729,5460,-109,10.33,10.41,0.179,0.181,5.38,12.0639,40.01,39.91,18.51,9.44,14.19,16.63,15.21,18.19,21.25,6.653,8.76,13.31,15.55,14.26,16.97,20.03,6.178,8.89,13.58,15.75,14.32,17.11,20.1,6.246,9.17,13.78,16.16,14.8,17.65,20.71,6.518,557,223
"2019-04-15 21:05:00.0",785730,5460,-108.9,10.26,10.35,0.178,0.18,5.412,12.0528,40.01,39.91,18.51,9.44,13.99,16.57,15.21,18.13,21.18,6.585,8.76,13.24,15.48,14.12,16.9,19.96,6.11,8.83,13.44,15.61,14.26,16.97,19.96,6.178,9.17,13.71,16.09,14.73,17.58,20.64,6.45,557,223
"2019-04-15 21:05:20.0",785731,5460,-108.9,10.2,10.28,0.177,0.178,5.444,12.0583,40.01,39.91,18.51,9.37,13.92,16.43,15.07,18.06,21.11,6.518,8.69,13.1,15.34,14.05,16.84,19.82,6.11,8.76,13.31,15.48,14.19,16.9,19.82,6.178,9.1,13.58,15.95,14.66,17.52,20.57,6.382,557,223
"2019-04-15 21:05:40.0",785732,5470,-108.8,10.13,10.21,0.176,0.177,5.477,12.0472,40.01,39.91,18.51,9.37,13.78,16.36,15,17.99,21.05,6.45,8.69,12.97,15.28,13.99,16.77,19.76,6.042,8.83,13.17,15.48,14.12,16.9,19.89,6.11,9.1,13.51,15.89,14.6,17.45,20.5,6.382,558,222
"2019-04-15 21:06:00.0",785733,5470,-108.8,10.06,10.15,0.175,0.176,5.51,12.0416,40.01,39.91,18.51,9.5,13.71,16.29,15.07,17.99,21.11,6.518,8.76,12.97,15.21,13.99,16.77,19.76,6.11,8.96,13.17,15.48,14.19,17.04,20.03,6.178,9.23,13.44,15.89,14.66,17.52,20.57,6.382,558,222
"2019-04-15 21:06:20.0",785734,5470,-108.7,9.99,10.08,0.174,0.175,5.544,12.0361,40.01,39.91,18.51,9.57,13.65,16.23,15,18.06,21.11,6.518,8.83,12.83,15.14,13.99,16.77,19.76,6.11,9.1,13.1,15.41,14.26,17.04,20.1,6.246,9.37,13.37,15.89,14.66,17.58,20.71,6.382,558,222
"2019-04-15 21:06:40.0",785735,5470,-108.7,9.93,10.02,0.172,0.174,5.578,12.0361,40.01,39.91,18.51,9.71,13.51,16.23,15.14,18.19,21.32,6.518,8.89,12.76,15.07,13.99,16.77,19.82,6.042,9.17,12.97,15.34,14.19,17.04,20.1,6.178,9.5,13.31,15.89,14.73,17.79,20.84,6.382,558,222
"2019-04-15 21:07:00.0",785736,5470,-108.6,9.86,9.95,0.171,0.173,5.613,12.0416,40.01,39.91,18.51,9.84,13.37,16.16,15.14,18.26,21.52,6.518,8.89,12.63,14.94,13.92,16.7,19.76,5.974,9.1,12.76,15.07,13.92,16.84,19.89,6.11,9.5,13.04,15.61,14.66,17.72,20.91,6.314,558,222
"2019-04-15 21:07:20.0",785737,5470,-108.6,9.79,9.88,0.17,0.172,5.648,12.0416,40.02,39.91,18.51,9.64,13.04,15.68,14.73,17.86,21.05,6.246,8.55,12.29,14.46,13.44,16.23,19.15,5.703,8.69,12.36,14.46,13.44,16.23,19.21,5.771,9.3,12.7,15.14,14.19,17.24,20.37,6.042,558,222
"2019-04-15 21:07:40.0",785738,5480,-108.5,9.73,9.82,0.169,0.17,5.683,12.0472,40.02,39.91,18.51,9.1,12.49,14.94,13.99,16.97,20.16,5.907,7.943,11.81,13.71,12.56,15.21,17.99,5.363,8.08,11.81,13.78,12.7,15.34,18.26,5.431,8.49,12.08,14.26,13.31,16.16,19.15,5.635,559,221
"2019-04-15 21:08:00.0",785739,5480,-108.5,9.66,9.75,0.168,0.169,5.719,12.0528,40.02,39.91,18.51,8.08,11.88,13.92,12.9,15.61,18.53,5.363,7.332,11.34,12.97,11.81,14.26,16.84,4.956,7.196,11.34,12.83,11.68,14.12,16.63,4.888,7.468,11.54,13.31,12.22,14.8,17.38,5.092,559,221
"2019-04-15 21:08:20.0",785740,5480,-108.4,9.59,9.68,0.167,0.168,5.755,12.0583,40.02,39.91,18.51,7.264,11.41,13.04,11.88,14.39,16.9,4.956,6.857,10.93,12.36,11.2,13.44,15.89,4.684,6.585,10.86,12.08,10.79,12.97,15.34,4.549,6.857,11.07,12.49,11.27,13.58,16.02,4.684,559,221
"2019-04-15 21:08:40.0",785741,5480,-108.4,9.53,9.62,0.165,0.167,5.793,12.0583,40.02,39.91,18.53,6.789,10.93,12.36,11.2,13.51,15.89,4.617,6.518,10.66,11.88,10.73,12.9,15.21,4.481,6.246,10.46,11.54,10.25,12.29,14.6,4.277,6.45,10.66,11.95,10.73,12.9,15.21,4.481,559,221
"2019-04-15 21:09:00.0",785742,5480,-108.3,9.46,9.55,0.164,0.166,5.83,12.0528,40.02,39.91,18.51,6.585,10.66,12.02,10.79,13.04,15.48,4.413,6.45,10.39,11.61,10.46,12.63,14.94,4.345,6.178,10.25,11.27,9.91,11.95,14.26,4.209,6.382,10.46,11.68,10.46,12.63,14.87,4.277,559,221
"2019-04-15 21:09:20.0",785743,5480,-108.3,9.39,9.48,0.163,0.165,5.868,12.0472,40.02,39.91,18.53,6.585,10.39,11.68,10.52,12.76,15.21,4.345,6.382,10.12,11.34,10.18,12.36,14.66,4.277,6.178,10.05,11,9.78,11.88,14.19,4.209,6.382,10.25,11.41,10.18,12.36,14.73,4.277,560,220
"2019-04-15 21:09:40.0",785744,5480,-108.2,9.32,9.42,0.162,0.164,5.906,12.0416,39.99,39.91,18.51,6.518,10.12,11.34,10.25,12.42,14.87,4.277,6.382,9.84,10.93,9.91,12.02,14.46,4.141,6.314,9.78,10.79,9.64,11.75,14.12,4.073,6.45,9.91,11.07,9.98,12.15,14.6,4.141,560,220
"2019-04-15 21:10:00.0",785745,5480,-108.2,9.26,9.35,0.161,0.162,5.945,12.0416,39.99,39.91,18.53,6.653,9.78,11.13,10.18,12.42,14.94,4.209,6.45,9.5,10.73,9.78,11.95,14.46,4.006,6.382,9.5,10.66,9.71,11.81,14.32,4.006,6.518,9.64,10.86,9.98,12.15,14.73,4.073,560,220
"2019-04-15 21:10:20.0",785746,5480,-108.1,9.19,9.28,0.16,0.161,5.984,12.0416,39.99,39.91,18.51,6.45,9.44,10.79,9.91,12.15,14.8,4.073,6.11,9.1,10.32,9.44,11.54,14.12,3.938,6.246,9.17,10.39,9.5,11.68,14.32,3.938,6.246,9.23,10.52,9.71,11.88,14.53,3.938,560,220
"2019-04-15 21:10:40.0",785747,5480,-108.1,9.12,9.22,0.159,0.16,6.024,12.0416,39.99,39.91,18.51,6.246,9.1,10.39,9.64,11.81,14.6,4.006,5.771,8.69,9.84,9.03,11.07,13.71,3.802,5.974,8.76,9.98,9.23,11.34,14.05,3.802,6.042,8.83,10.05,9.37,11.54,14.26,3.87,560,220
"2019-04-15 21:11:00.0",785748,5490,-108,9.06,9.15,0.157,0.159,6.064,12.0583,39.99,39.91,18.51,5.771,8.62,9.78,9.03,11.13,13.92,3.734,5.228,8.21,9.17,8.35,10.25,12.76,3.462,5.431,8.28,9.37,8.55,10.52,13.1,3.53,5.499,8.35,9.44,8.69,10.73,13.37,3.598,561,219
"2019-04-15 21:11:20.0",785749,5490,-108,8.99,9.08,0.156,0.158,6.105,12.0528,39.99,39.91,18.51,5.16,8.01,9.03,8.28,10.18,12.83,3.395,4.617,7.74,8.49,7.604,9.3,11.75,3.123,4.82,7.807,8.62,7.807,9.64,12.08,3.191,4.956,7.875,8.76,8.01,9.84,12.36,3.259,561,219
"2019-04-15 21:11:40.0",785750,5490,-107.9,8.92,9.02,0.155,0.157,6.146,12.0583,39.99,39.91,18.51,4.684,7.536,8.42,7.604,9.37,11.88,3.123,4.209,7.264,7.875,6.993,8.55,10.86,2.919,4.277,7.264,8.01,7.196,8.76,11.13,2.919,4.481,7.4,8.15,7.332,9.03,11.47,2.987,561,219
"2019-04-15 21:12:00.0",785751,5490,-107.9,8.85,8.95,0.154,0.156,6.188,12.0528,39.99,39.91,18.51,4.209,7.129,7.807,7.061,8.62,11.07,2.919,3.802,6.789,7.4,6.518,7.943,10.18,2.716,3.87,6.857,7.468,6.653,8.08,10.32,2.716,4.073,6.925,7.604,6.789,8.35,10.73,2.784,561,219
"2019-04-15 21:12:20.0",785752,5490,-107.8,8.79,8.89,0.153,0.154,6.231,12.0528,39.99,39.91,18.51,3.802,6.653,7.332,6.518,8.01,10.32,2.716,3.462,6.45,6.925,6.042,7.4,9.57,2.512,3.395,6.45,6.925,6.11,7.468,9.64,2.512,3.666,6.518,7.129,6.314,7.74,10.05,2.58,561,219
"2019-04-15 21:12:40.0",785753,5490,-107.8,8.72,8.82,0.152,0.153,6.274,12.0528,39.99,39.91,18.51,3.395,6.246,6.789,6.042,7.4,9.64,2.444,3.055,6.11,6.45,5.635,6.925,8.96,2.308,2.987,6.11,6.45,5.635,6.857,8.89,2.24,3.191,6.11,6.653,5.839,7.129,9.3,2.308,561,219
"2019-04-15 21:13:00.0",785754,5500,-107.8,8.65,8.75,0.15,0.152,6.317,12.0416,39.99,39.91,18.51,2.987,5.907,6.382,5.567,6.857,8.89,2.24,2.716,5.771,6.11,5.228,6.382,8.35,2.105,2.648,5.703,6.11,5.16,6.314,8.28,2.105,2.784,5.771,6.178,5.363,6.518,8.55,2.173,562,218
"2019-04-15 21:13:20.0",785755,5500,-107.7,8.59,8.69,0.149,0.151,6.362,12.0416,39.99,39.91,18.51,2.58,5.635,5.974,5.16,6.246,8.21,2.037,2.376,5.363,5.703,4.888,5.907,7.807,1.901,2.308,5.431,5.703,4.82,5.907,7.74,1.901,2.444,5.499,5.771,4.956,6.042,8.01,1.969,562,218
"2019-04-15 21:13:40.0",785756,5500,-107.7,8.52,8.62,0.148,0.15,6.407,12.0472,39.99,39.91,18.51,2.24,5.363,5.567,4.752,5.771,7.672,1.833,2.105,5.16,5.363,4.481,5.499,7.332,1.765,2.105,5.16,5.363,4.549,5.499,7.264,1.765,2.173,5.228,5.431,4.617,5.635,7.468,1.765,562,218
"2019-04-15 21:14:00.0",785757,5500,-107.6,8.45,8.55,0.147,0.149,6.452,12.0472,39.99,39.91,18.51,2.037,5.092,5.295,4.481,5.431,7.196,1.697,1.901,4.888,5.092,4.277,5.228,6.925,1.629,1.901,4.956,5.16,4.277,5.228,6.925,1.629,1.969,5.024,5.16,4.345,5.295,6.993,1.629,562,218
"2019-04-15 21:14:20.0",785758,5500,-107.6,8.38,8.49,0.146,0.148,6.499,12.0472,40,39.91,18.51,1.833,4.888,5.024,4.209,5.092,6.857,1.561,1.765,4.752,4.888,4.073,4.956,6.585,1.561,1.765,4.82,4.956,4.073,4.956,6.653,1.561,1.765,4.752,4.956,4.141,5.024,6.653,1.561,562,218
"2019-04-15 21:14:40.0",785759,5500,-107.5,8.32,8.42,0.145,0.146,6.545,12.0528,39.99,39.91,18.48,1.629,4.752,4.82,4.006,4.82,6.45,1.494,1.561,4.617,4.684,3.87,4.684,6.178,1.426,1.561,4.617,4.752,3.87,4.684,6.246,1.426,1.561,4.684,4.684,3.87,4.684,6.246,1.426,563,217
"2019-04-15 21:15:00.0",785760,5500,-107.5,8.25,8.35,0.143,0.145,6.593,12.0528,39.99,39.91,18.48,1.494,4.549,4.617,3.734,4.549,6.042,1.358,1.426,4.481,4.549,3.666,4.413,5.907,1.29,1.426,4.481,4.549,3.666,4.413,5.907,1.358,1.426,4.549,4.549,3.666,4.481,5.907,1.358,563,217
"2019-04-15 21:15:20.0",785761,5500,-107.4,8.18,8.29,0.142,0.144,6.641,12.0528,39.99,39.91,18.48,1.358,4.481,4.481,3.598,4.345,5.771,1.29,1.29,4.413,4.413,3.462,4.277,5.635,1.222,1.29,4.413,4.413,3.53,4.277,5.635,1.29,1.29,4.413,4.413,3.53,4.277,5.635,1.29,563,217
"2019-04-15 21:15:40.0",785762,5500,-107.4,8.11,8.22,0.141,0.143,6.69,12.0528,39.99,39.92,18.48,1.222,4.345,4.345,3.462,4.209,5.567,1.222,1.222,4.345,4.277,3.395,4.073,5.431,1.154,1.222,4.345,4.277,3.395,4.141,5.499,1.222,1.222,4.345,4.345,3.462,4.141,5.499,1.222,563,217
"2019-04-15 21:16:00.0",785763,5500,-107.3,8.05,8.15,0.14,0.142,6.739,12.0528,39.99,39.92,18.48,1.222,4.277,4.277,3.395,4.141,5.431,1.154,1.154,4.277,4.209,3.327,4.006,5.295,1.154,1.154,4.277,4.209,3.327,4.006,5.295,1.154,1.154,4.277,4.209,3.327,4.073,5.363,1.154,563,217
"2019-04-15 21:16:20.0",785764,5500,-107.3,7.98,8.09,0.139,0.141,6.79,12.0528,39.99,39.92,18.48,1.154,4.277,4.209,3.327,4.006,5.295,1.154,1.086,4.141,4.141,3.259,3.938,5.228,1.086,1.086,4.141,4.141,3.259,3.938,5.228,1.086,1.086,4.209,4.141,3.259,3.938,5.228,1.086,563,217
"2019-04-15 21:16:40.0",785765,5510,-107.2,7.912,8.02,0.138,0.14,6.841,12.0472,39.99,39.92,18.48,1.086,4.141,4.141,3.259,3.938,5.16,1.086,1.086,4.141,4.073,3.123,3.802,5.024,1.018,1.086,4.141,4.073,3.191,3.87,5.092,1.086,1.086,4.141,4.073,3.191,3.87,5.092,1.018,564,216
"2019-04-15 21:17:00.0",785766,5510,-107.2,7.845,7.954,0.136,0.138,6.893,12.0416,39.99,39.92,18.48,1.018,4.141,4.073,3.123,3.802,5.024,1.018,1.018,4.073,4.006,3.055,3.734,4.888,0.95,1.018,4.073,4.006,3.123,3.734,4.956,1.018,1.018,4.141,4.006,3.123,3.734,4.956,0.95,564,216
"2019-04-15 21:17:20.0",785767,5510,-107.1,7.778,7.887,0.135,0.137,6.945,12.0416,39.99,39.92,18.48,1.018,4.073,3.938,3.055,3.734,4.888,0.95,0.95,4.006,3.87,2.987,3.598,4.82,0.95,1.018,4.006,3.938,2.987,3.666,4.82,0.95,1.018,4.006,3.938,2.987,3.666,4.82,0.95,564,216
"2019-04-15 21:17:40.0",785768,5510,-107.1,7.71,7.821,0.134,0.136,6.998,12.0361,39.99,39.92,18.48,0.95,4.006,3.87,2.919,3.598,4.684,0.883,0.883,3.938,3.734,2.851,3.462,4.617,0.883,0.883,3.938,3.802,2.851,3.53,4.617,0.883,0.883,3.938,3.802,2.851,3.53,4.617,0.883,564,216
"2019-04-15 21:18:00.0",785769,5510,-107,7.643,7.754,0.133,0.135,7.053,12.0472,39.99,39.92,18.48,0.883,3.938,3.734,2.784,3.395,4.549,0.815,0.815,3.87,3.666,2.716,3.327,4.345,0.815,0.815,3.938,3.666,2.784,3.327,4.413,0.815,0.815,3.938,3.666,2.784,3.327,4.413,0.815,564,216
"2019-04-15 21:18:20.0",785770,5520,-107,7.575,7.688,0.132,0.134,7.108,12.0528,39.99,39.92,18.48,0.815,3.87,3.598,2.716,3.259,4.277,0.747,0.747,3.802,3.53,2.58,3.191,4.141,0.679,0.747,3.802,3.53,2.648,3.191,4.209,0.747,0.747,3.87,3.598,2.58,3.191,4.209,0.679,565,215
"2019-04-15 21:18:40.0",785771,5520,-107,7.507,7.621,0.131,0.133,7.164,12.0528,39.99,39.92,18.48,0.679,3.802,3.53,2.58,3.123,4.073,0.679,0.679,3.734,3.462,2.512,3.055,4.006,0.611,0.679,3.734,3.462,2.512,3.055,4.006,0.611,0.679,3.802,3.462,2.512,3.055,4.006,0.679,565,215
"2019-04-15 21:19:00.0",785772,5520,-106.9,7.44,7.554,0.129,0.131,7.22,12.0528,39.99,39.92,18.46,0.611,3.802,3.395,2.444,2.919,3.87,0.611,0.611,3.734,3.327,2.376,2.851,3.802,0.611,0.611,3.734,3.395,2.376,2.919,3.802,0.543,0.611,3.734,3.395,2.376,2.919,3.802,0.611,565,215
"2019-04-15 21:19:20.0",785773,5520,-106.9,7.372,7.488,0.128,0.13,7.278,12.0528,39.99,39.92,18.46,0.543,3.734,3.327,2.376,2.851,3.734,0.543,0.543,3.734,3.259,2.308,2.784,3.598,0.543,0.543,3.734,3.327,2.308,2.784,3.666,0.543,0.543,3.734,3.259,2.308,2.784,3.666,0.543,565,215
"2019-04-15 21:19:40.0",785774,5520,-106.8,7.305,7.421,0.127,0.129,7.336,12.0583,39.99,39.92,18.46,0.543,3.734,3.259,2.24,2.716,3.53,0.475,0.475,3.666,3.259,2.173,2.648,3.395,0.475,0.475,3.666,3.191,2.173,2.648,3.462,0.475,0.475,3.734,3.259,2.24,2.648,3.462,0.475,565,215
"2019-04-15 21:20:00.0",785775,5530,-106.8,7.236,7.353,0.126,0.128,7.397,12.0416,39.99,39.92,18.46,0.475,3.734,3.191,2.173,2.58,3.327,0.407,0.407,3.666,3.191,2.105,2.512,3.191,0.407,0.407,3.666,3.123,2.105,2.512,3.259,0.407,0.407,3.734,3.191,2.105,2.512,3.259,0.407,566,214
"2019-04-15 21:20:20.0",785776,5530,-106.7,7.169,7.287,0.125,0.127,7.457,12.0416,39.99,39.92,18.46,0.407,3.666,3.123,2.037,2.444,3.123,0.339,0.339,3.666,3.055,1.969,2.376,3.055,0.339,0.339,3.666,3.123,2.037,2.444,3.055,0.339,0.339,3.734,3.123,2.037,2.376,3.123,0.339,566,214
"2019-04-15 21:20:40.0",785777,5520,-106.7,7.101,7.22,0.124,0.126,7.518,12.0416,39.99,39.92,18.46,0.339,3.734,3.123,1.969,2.376,2.987,0.272,0.272,3.734,3.055,1.901,2.308,2.919,0.272,0.339,3.734,3.055,1.901,2.308,2.851,0.272,0.339,3.666,3.055,1.901,2.308,2.919,0.272,566,214
"2019-04-15 21:21:00.0",785778,5530,-106.6,7.033,7.154,0.122,0.125,7.581,12.0416,39.99,39.92,18.43,0.272,3.734,3.055,1.901,2.24,2.784,0.204,0.272,3.666,2.987,1.833,2.173,2.716,0.272,0.272,3.734,2.987,1.833,2.24,2.716,0.272,0.272,3.734,3.055,1.833,2.173,2.716,0.204,566,214
"2019-04-15 21:21:20.0",785779,5520,-106.6,6.966,7.087,0.121,0.123,7.644,12.0416,39.99,39.92,18.43,0.204,3.802,2.987,1.833,2.173,2.648,0.204,0.204,3.734,2.987,1.765,2.105,2.58,0.204,0.204,3.734,2.987,1.765,2.105,2.58,0.204,0.204,3.802,2.987,1.765,2.105,2.58,0.204,566,214
"2019-04-15 21:21:40.0",785780,5520,-106.5,6.898,7.02,0.12,0.122,7.708,12.0472,39.99,39.92,18.43,0.204,3.734,2.987,1.765,2.037,2.512,0.136,0.204,3.734,2.919,1.697,2.037,2.444,0.136,0.204,3.734,2.919,1.697,2.037,2.512,0.136,0.204,3.734,2.919,1.697,2.037,2.444,0.136,566,214
"2019-04-15 21:22:00.0",785781,5530,-106.5,6.83,6.954,0.119,0.121,7.774,12.0528,39.99,39.92,18.43,0.204,3.734,2.919,1.697,1.969,2.444,0.136,0.136,3.734,2.851,1.629,1.969,2.376,0.136,0.136,3.734,2.919,1.697,1.969,2.376,0.136,0.204,3.734,2.919,1.697,1.969,2.376,0.136,567,213
"2019-04-15 21:22:20.0",785782,5530,-106.4,6.763,6.887,0.118,0.12,7.84,12.0528,39.99,39.92,18.4,0.136,3.734,2.919,1.629,1.969,2.376,0.136,0.136,3.666,2.851,1.629,1.901,2.308,0.136,0.136,3.666,2.851,1.629,1.901,2.308,0.068,0.136,3.734,2.851,1.629,1.901,2.308,0.136,567,213
"2019-04-15 21:22:40.0",785783,5530,-106.4,6.695,6.821,0.117,0.119,7.907,12.0528,39.99,39.92,18.4,0.136,3.666,2.851,1.629,1.901,2.308,0.068,0.136,3.666,2.851,1.561,1.833,2.24,0.068,0.136,3.666,2.851,1.629,1.901,2.308,0.068,0.136,3.666,2.851,1.629,1.901,2.308,0.068,567,213
"2019-04-15 21:23:00.0",785784,5530,-106.3,6.627,6.754,0.115,0.118,7.976,12.0528,39.99,39.92,18.4,0.136,3.666,2.851,1.561,1.901,2.24,0.068,0.136,3.666,2.784,1.561,1.833,2.24,0.068,0.136,3.666,2.851,1.561,1.833,2.24,0.068,0.136,3.666,2.851,1.561,1.833,2.24,0.068,567,213
"2019-04-15 21:23:20.0",785785,5530,-106.3,6.56,6.688,0.114,0.116,8.05,12.0528,39.99,39.92,18.4,0.136,3.734,2.851,1.629,1.901,2.24,0.068,0.136,3.666,2.851,1.561,1.833,2.24,0.068,0.136,3.734,2.851,1.561,1.833,2.24,0.068,0.136,3.734,2.851,1.561,1.901,2.24,0.068,567,213
"2019-04-15 21:23:40.0",785786,5540,-106.2,6.492,6.621,0.113,0.115,8.12,12.0416,39.99,39.92,18.4,0.136,3.734,2.919,1.629,1.901,2.308,0.068,0.136,3.734,2.851,1.629,1.901,2.24,0.068,0.136,3.734,2.851,1.629,1.901,2.24,0.068,0.136,3.734,2.851,1.629,1.901,2.308,0.068,568,212
"2019-04-15 21:24:00.0",785787,5540,-106.2,6.424,6.554,0.112,0.114,8.19,12.0361,39.99,39.92,18.38,0.204,3.802,2.919,1.697,1.969,2.308,0.068,0.204,3.734,2.919,1.629,1.969,2.308,0.068,0.204,3.802,2.919,1.629,1.969,2.308,0.136,0.204,3.802,2.987,1.697,1.969,2.308,0.068,568,212
"2019-04-15 21:24:20.0",785788,5540,-106.2,6.356,6.488,0.111,0.113,8.26,12.0472,39.99,39.92,18.38,0.204,3.87,2.987,1.697,2.037,2.376,0.068,0.204,3.802,2.987,1.697,2.037,2.376,0.136,0.204,3.87,2.987,1.697,2.037,2.376,0.068,0.272,3.87,2.987,1.697,2.037,2.376,0.136,568,212
"2019-04-15 21:24:40.0",785789,5540,-106.1,6.289,6.421,0.11,0.112,8.34,12.0472,39.99,39.92,18.38,0.272,3.938,3.055,1.765,2.105,2.444,0.068,0.272,3.87,3.055,1.765,2.105,2.444,0.136,0.272,3.938,3.055,1.765,2.105,2.444,0.136,0.272,3.938,3.055,1.765,2.105,2.444,0.136,568,212
"2019-04-15 21:25:00.0",785790,5540,-106.1,6.221,6.355,0.108,0.111,8.41,12.0416,39.99,39.92,18.38,0.272,3.938,3.123,1.833,2.173,2.512,0.136,0.272,3.938,3.123,1.765,2.173,2.512,0.136,0.272,3.938,3.123,1.765,2.173,2.512,0.136,0.272,3.938,3.055,1.833,2.173,2.512,0.136,568,212
"2019-04-15 21:25:20.0",785791,5540,-106,6.153,6.288,0.107,0.11,8.49,12.0416,39.99,39.92,18.38,0.339,3.938,3.123,1.833,2.24,2.58,0.136,0.339,3.938,3.055,1.833,2.173,2.512,0.136,0.339,3.938,3.123,1.833,2.173,2.512,0.136,0.339,3.938,3.123,1.833,2.173,2.512,0.136,568,212
"2019-04-15 21:25:40.0",785792,5550,-106,6.084,6.221,0.106,0.108,8.57,12.0528,39.99,39.91,18.38,0.339,3.938,3.123,1.833,2.173,2.58,0.136,0.339,3.87,3.055,1.833,2.173,2.512,0.136,0.339,3.87,3.055,1.833,2.173,2.512,0.136,0.339,3.938,3.123,1.833,2.173,2.58,0.136,569,211
"2019-04-15 21:26:00.0",785793,5550,-105.9,6.017,6.154,0.105,0.107,8.65,12.0528,39.99,39.91,18.35,0.339,3.87,3.055,1.765,2.173,2.58,0.136,0.272,3.802,3.055,1.765,2.173,2.512,0.136,0.339,3.802,3.055,1.765,2.173,2.512,0.136,0.339,3.87,3.055,1.833,2.173,2.58,0.136,569,211
"2019-04-15 21:26:20.0",785794,5550,-105.9,5.948,6.088,0.104,0.106,8.73,12.0528,39.99,39.91,18.35,0.272,3.802,3.055,1.765,2.173,2.512,0.136,0.272,3.734,2.919,1.765,2.105,2.444,0.136,0.272,3.802,2.987,1.765,2.173,2.512,0.136,0.272,3.734,2.987,1.765,2.105,2.512,0.136,569,211
"2019-04-15 21:26:40.0",785795,5550,-105.8,5.881,6.021,0.102,0.105,8.81,12.0472,39.99,39.91,18.35,0.272,3.734,2.919,1.697,2.105,2.444,0.136,0.272,3.598,2.919,1.697,2.037,2.376,0.068,0.272,3.598,2.851,1.697,2.037,2.444,0.068,0.272,3.666,2.919,1.697,2.105,2.444,0.068,569,211
"2019-04-15 21:27:00.0",785796,5550,-105.8,5.813,5.955,0.101,0.104,8.9,12.0528,39.99,39.91,18.35,0.272,3.598,2.784,1.629,1.969,2.376,0.068,0.204,3.395,2.716,1.561,1.969,2.308,0.068,0.204,3.462,2.716,1.561,1.969,2.308,0.068,0.204,3.462,2.784,1.561,1.969,2.376,0.068,569,211
"2019-04-15 21:27:20.0",785797,5550,-105.7,5.745,5.888,0.1,0.103,8.99,12.0416,39.99,39.91,18.33,0.204,3.395,2.648,1.494,1.901,2.24,0.068,0.136,3.259,2.58,1.494,1.833,2.173,0,0.136,3.259,2.58,1.494,1.833,2.173,0,0.204,3.259,2.58,1.426,1.833,2.173,0,570,210
"2019-04-15 21:27:40.0",785798,5550,-105.7,5.677,5.822,0.099,0.101,9.07,12.0416,39.99,39.91,18.33,0.136,3.123,2.444,1.426,1.697,2.105,0,0.068,3.055,2.376,1.358,1.629,2.037,0,0.068,3.055,2.376,1.358,1.697,2.037,0,0.068,3.055,2.376,1.358,1.697,2.037,-0.068,570,210
"2019-04-15 21:28:00.0",785799,5550,-105.6,5.609,5.755,0.098,0.1,9.16,12.0416,39.99,39.91,18.33,0.068,2.919,2.308,1.222,1.561,1.969,-0.068,0,2.784,2.173,1.222,1.494,1.901,-0.068,0,2.784,2.173,1.222,1.494,1.901,-0.068,0.068,2.851,2.173,1.222,1.494,1.901,-0.068,570,210
"2019-04-15 21:28:20.0",785800,5550,-105.6,5.541,5.689,0.097,0.099,9.25,12.0416,39.99,39.91,18.33,0,2.648,2.037,1.086,1.426,1.833,-0.136,0,2.512,1.969,1.086,1.358,1.765,-0.068,0,2.58,1.969,1.086,1.358,1.765,-0.136,0,2.58,1.969,1.086,1.358,1.765,-0.136,570,210
"2019-04-15 21:28:40.0",785801,5550,-105.6,5.473,5.622,0.095,0.098,9.35,12.0472,39.99,39.91,18.3,-0.068,2.444,1.901,1.018,1.29,1.697,-0.136,-0.068,2.376,1.765,0.95,1.222,1.629,-0.136,-0.068,2.376,1.833,0.95,1.222,1.697,-0.136,-0.068,2.308,1.765,0.95,1.222,1.697,-0.136,570,210
"2019-04-15 21:29:00.0",785802,5550,-105.5,5.405,5.556,0.094,0.097,9.44,12.0361,39.99,39.91,18.3,-0.068,2.173,1.697,0.883,1.154,1.561,-0.136,-0.136,2.105,1.629,0.883,1.086,1.561,-0.204,-0.136,2.105,1.629,0.883,1.086,1.561,-0.136,-0.136,2.173,1.629,0.883,1.154,1.561,-0.136,570,210
"2019-04-15 21:29:20.0",785803,5560,-105.5,5.337,5.49,0.093,0.096,9.54,12.0472,39.99,39.91,18.3,-0.136,2.037,1.561,0.815,1.086,1.494,-0.204,-0.136,1.969,1.494,0.747,1.018,1.494,-0.204,-0.136,1.969,1.494,0.747,1.018,1.426,-0.204,-0.136,1.969,1.494,0.815,1.018,1.494,-0.204,571,209
"2019-04-15 21:29:40.0",785804,5560,-105.4,5.269,5.423,0.092,0.095,9.63,12.0528,39.99,39.91,18.28,-0.136,1.901,1.426,0.747,1.018,1.494,-0.204,-0.204,1.833,1.426,0.679,0.95,1.426,-0.204,-0.204,1.833,1.426,0.747,0.95,1.426,-0.272,-0.136,1.833,1.426,0.679,0.95,1.426,-0.204,571,209
"2019-04-15 21:30:00.0",785805,5560,-105.4,5.201,5.357,0.091,0.093,9.73,12.0639,39.99,39.91,18.28,-0.204,1.765,1.358,0.679,0.95,1.426,-0.272,-0.204,1.765,1.29,0.679,0.95,1.358,-0.204,-0.204,1.765,1.29,0.679,0.883,1.358,-0.272,-0.204,1.697,1.29,0.679,0.883,1.358,-0.272,571,209
"2019-04-15 21:30:20.0",785806,5560,-105.3,5.133,5.29,0.089,0.092,9.84,12.0528,39.99,39.91,18.28,-0.204,1.629,1.29,0.611,0.883,1.358,-0.272,-0.204,1.629,1.222,0.611,0.883,1.358,-0.272,-0.204,1.629,1.222,0.611,0.883,1.29,-0.272,-0.204,1.629,1.222,0.611,0.883,1.358,-0.272,571,209
"2019-04-15 21:30:40.0",785807,5560,-105.3,5.065,5.224,0.088,0.091,9.94,12.0528,39.99,39.91,18.28,-0.204,1.561,1.222,0.611,0.815,1.29,-0.272,-0.204,1.561,1.222,0.543,0.815,1.29,-0.272,-0.204,1.561,1.222,0.543,0.815,1.29,-0.272,-0.204,1.561,1.222,0.543,0.815,1.29,-0.272,571,209
"2019-04-15 21:31:00.0",785808,5570,-105.2,4.996,5.157,0.087,0.09,10.05,12.0416,39.99,39.91,18.28,-0.204,1.561,1.222,0.543,0.815,1.222,-0.272,-0.204,1.494,1.154,0.543,0.815,1.222,-0.272,-0.204,1.561,1.154,0.543,0.815,1.222,-0.272,-0.204,1.561,1.154,0.543,0.815,1.222,-0.272,572,208
"2019-04-15 21:31:20.0",785809,5570,-105.2,4.928,5.09,0.086,0.089,10.15,12.0361,39.99,39.91,18.25,-0.204,1.629,1.222,0.543,0.815,1.222,-0.272,-0.204,1.494,1.154,0.543,0.747,1.154,-0.272,-0.204,1.561,1.154,0.543,0.747,1.154,-0.272,-0.204,1.561,1.154,0.543,0.747,1.154,-0.272,572,208
"2019-04-15 21:31:40.0",785810,5570,-105.1,4.859,5.024,0.085,0.088,10.27,12.0416,39.99,39.91,18.25,-0.204,1.629,1.222,0.543,0.747,1.154,-0.339,-0.272,1.561,1.222,0.543,0.815,1.154,-0.272,-0.272,1.629,1.154,0.543,0.747,1.154,-0.272,-0.204,1.629,1.222,0.543,0.747,1.154,-0.272,572,208
"2019-04-15 21:32:00.0",785811,5570,-105.1,4.791,4.958,0.084,0.086,10.38,12.0416,39.99,39.91,18.25,-0.272,1.697,1.222,0.543,0.747,1.086,-0.272,-0.272,1.697,1.222,0.543,0.747,1.018,-0.339,-0.272,1.697,1.222,0.543,0.747,1.086,-0.272,-0.272,1.697,1.222,0.543,0.747,1.086,-0.339,572,208
"2019-04-15 21:32:20.0",785812,5570,-105.1,4.723,4.892,0.082,0.085,10.49,12.0416,39.99,39.91,18.23,-0.272,1.765,1.29,0.543,0.747,1.086,-0.339,-0.272,1.765,1.29,0.543,0.747,1.018,-0.339,-0.272,1.765,1.29,0.543,0.747,1.018,-0.339,-0.272,1.765,1.29,0.543,0.747,1.018,-0.272,572,208
"2019-04-15 21:32:40.0",785813,5570,-105,4.655,4.826,0.081,0.084,10.61,12.0528,39.99,39.91,18.23,-0.272,1.901,1.358,0.543,0.747,0.95,-0.339,-0.272,1.901,1.358,0.543,0.747,0.95,-0.272,-0.272,1.901,1.426,0.611,0.747,0.95,-0.339,-0.272,1.901,1.426,0.611,0.815,0.95,-0.339,573,207
"2019-04-15 21:33:00.0",785814,5570,-105,4.587,4.759,0.08,0.083,10.73,12.0528,39.99,39.91,18.23,-0.272,2.037,1.426,0.611,0.815,0.95,-0.339,-0.339,2.037,1.494,0.611,0.815,0.95,-0.339,-0.339,2.037,1.494,0.611,0.815,0.95,-0.272,-0.339,2.037,1.494,0.611,0.815,0.95,-0.272,573,207
"2019-04-15 21:33:20.0",785815,5570,-104.9,4.519,4.693,0.079,0.082,10.85,12.0528,39.99,39.91,18.2,-0.339,2.105,1.561,0.611,0.815,0.95,-0.272,-0.339,2.105,1.561,0.611,0.815,0.883,-0.339,-0.339,2.173,1.561,0.611,0.815,0.883,-0.272,-0.339,2.173,1.561,0.611,0.815,0.883,-0.272,573,207
"2019-04-15 21:33:40.0",785816,5570,-104.9,4.45,4.627,0.078,0.081,10.98,12.0528,39.99,39.91,18.2,-0.339,2.24,1.629,0.611,0.815,0.815,-0.339,-0.339,2.24,1.629,0.611,0.815,0.815,-0.272,-0.339,2.24,1.629,0.611,0.815,0.815,-0.339,-0.339,2.308,1.629,0.611,0.815,0.815,-0.339,573,207
"2019-04-15 21:34:00.0",785817,5570,-104.8,4.382,4.561,0.076,0.08,11.1,12.0472,39.99,39.91,18.2,-0.339,2.308,1.629,0.611,0.815,0.747,-0.272,-0.339,2.24,1.629,0.611,0.815,0.747,-0.339,-0.339,2.308,1.629,0.611,0.815,0.747,-0.339,-0.339,2.308,1.629,0.611,0.815,0.747,-0.339,573,207
"2019-04-15 21:34:20.0",785818,5570,-104.8,4.314,4.495,0.075,0.078,11.23,12.0528,39.99,39.91,18.2,-0.407,2.308,1.697,0.611,0.747,0.679,-0.339,-0.407,2.308,1.629,0.611,0.747,0.679,-0.339,-0.407,2.308,1.629,0.611,0.747,0.679,-0.339,-0.407,2.308,1.629,0.611,0.747,0.679,-0.339,573,207
"2019-04-15 21:34:40.0",785819,5580,-104.7,4.246,4.429,0.074,0.077,11.36,12.0416,39.99,39.91,18.15,-0.407,2.376,1.629,0.543,0.679,0.543,-0.407,-0.407,2.308,1.629,0.543,0.679,0.543,-0.407,-0.407,2.308,1.629,0.543,0.679,0.543,-0.339,-0.407,2.308,1.629,0.543,0.679,0.543,-0.339,574,206
"2019-04-15 21:35:00.0",785820,5580,-104.7,4.177,4.363,0.073,0.076,11.5,12.0416,39.99,39.91,18.15,-0.407,2.308,1.561,0.475,0.611,0.475,-0.407,-0.475,2.308,1.561,0.475,0.611,0.407,-0.407,-0.475,2.24,1.561,0.475,0.611,0.475,-0.407,-0.475,2.308,1.561,0.475,0.611,0.475,-0.407,574,206
"2019-04-15 21:35:20.0",785821,5580,-104.6,4.109,4.297,0.072,0.075,11.64,12.0416,39.99,39.91,18.15,-0.475,2.24,1.494,0.475,0.543,0.407,-0.407,-0.475,2.173,1.494,0.407,0.543,0.339,-0.407,-0.475,2.24,1.494,0.475,0.543,0.339,-0.407,-0.475,2.173,1.494,0.407,0.543,0.339,-0.407,574,206
"2019-04-15 21:35:40.0",785822,5580,-104.6,4.041,4.231,0.07,0.074,11.78,12.0472,39.99,39.91,18.15,-0.543,2.173,1.494,0.407,0.475,0.272,-0.407,-0.543,2.105,1.426,0.407,0.475,0.204,-0.407,-0.543,2.173,1.426,0.407,0.407,0.272,-0.407,-0.543,2.105,1.426,0.407,0.475,0.272,-0.407,574,206
"2019-04-15 21:36:00.0",785823,5580,-104.5,3.972,4.165,0.069,0.073,11.92,12.0416,39.99,39.91,18.15,-0.543,2.105,1.358,0.339,0.407,0.204,-0.407,-0.543,2.037,1.358,0.339,0.407,0.204,-0.407,-0.543,2.037,1.358,0.339,0.407,0.204,-0.407,-0.543,2.037,1.358,0.339,0.407,0.204,-0.407,574,206
"2019-04-15 21:36:20.0",785824,5600,-104.5,3.904,4.099,0.068,0.071,12.07,12.0528,39.98,39.91,18.12,-0.543,1.969,1.29,0.272,0.339,0.204,-0.407,-0.543,1.969,1.29,0.272,0.339,0.136,-0.407,-0.611,1.969,1.29,0.272,0.339,0.136,-0.407,-0.611,1.969,1.29,0.272,0.339,0.136,-0.407,575,205
"2019-04-15 21:36:40.0",785825,5600,-104.5,3.835,4.032,0.067,0.07,12.23,12.0528,39.98,39.91,18.12,-0.611,1.901,1.29,0.204,0.339,0.136,-0.475,-0.611,1.901,1.222,0.272,0.272,0.136,-0.407,-0.611,1.901,1.222,0.272,0.339,0.068,-0.407,-0.611,1.901,1.222,0.272,0.339,0.068,-0.475,575,205
"2019-04-15 21:37:00.0",785826,5600,-104.4,3.766,3.967,0.066,0.069,12.38,12.0528,39.99,39.91,18.12,-0.611,1.901,1.222,0.204,0.272,0.068,-0.475,-0.611,1.833,1.222,0.204,0.272,0.068,-0.475,-0.611,1.833,1.222,0.204,0.272,0.068,-0.475,-0.611,1.833,1.222,0.204,0.272,0.068,-0.475,575,205
"2019-04-15 21:37:20.0",785827,5600,-104.4,3.698,3.901,0.064,0.068,12.54,12.0472,39.98,39.91,18.1,-0.611,1.833,1.222,0.204,0.272,0.068,-0.407,-0.611,1.833,1.154,0.204,0.272,0.068,-0.475,-0.611,1.833,1.222,0.204,0.272,0.068,-0.475,-0.611,1.833,1.154,0.204,0.272,0.068,-0.407,575,205
"2019-04-15 21:37:40.0",785828,5600,-104.3,3.63,3.835,0.063,0.067,12.7,12.0528,39.99,39.91,18.1,-0.611,1.833,1.222,0.204,0.204,0,-0.475,-0.611,1.833,1.222,0.204,0.272,0.068,-0.475,-0.611,1.833,1.222,0.204,0.272,0.068,-0.475,-0.611,1.833,1.222,0.204,0.272,0.068,-0.475,575,205
"2019-04-15 21:38:00.0",785829,5600,-104.3,3.561,3.77,0.062,0.066,12.87,12.0528,39.99,39.91,18.1,-0.611,1.833,1.222,0.204,0.272,0,-0.475,-0.611,1.833,1.222,0.204,0.272,0,-0.475,-0.611,1.901,1.222,0.204,0.272,0,-0.475,-0.611,1.901,1.222,0.204,0.272,0,-0.475,575,205
"2019-04-15 21:38:20.0",785830,5600,-104.2,3.493,3.704,0.061,0.065,13.04,12.0416,39.99,39.91,18.1,-0.611,1.969,1.29,0.204,0.272,0,-0.475,-0.611,1.969,1.222,0.204,0.272,0,-0.475,-0.611,1.901,1.29,0.272,0.272,0.068,-0.407,-0.611,1.969,1.29,0.272,0.272,0.068,-0.407,576,204
"2019-04-15 21:38:40.0",785831,5600,-104.2,3.425,3.639,0.06,0.063,13.21,12.0528,39.98,39.91,18.07,-0.611,1.969,1.358,0.272,0.339,0,-0.475,-0.611,2.037,1.29,0.272,0.272,0,-0.475,-0.611,2.037,1.358,0.272,0.339,0,-0.475,-0.611,2.037,1.358,0.272,0.339,0.068,-0.475,576,204
"2019-04-15 21:39:00.0",785832,5600,-104.1,3.356,3.574,0.059,0.062,13.39,12.0416,39.99,39.91,18.07,-0.611,2.105,1.426,0.272,0.339,0.068,-0.475,-0.611,2.105,1.426,0.272,0.339,0,-0.475,-0.611,2.105,1.426,0.339,0.339,0,-0.407,-0.611,2.105,1.426,0.339,0.339,0,-0.407,576,204
"2019-04-15 21:39:20.0",785833,5600,-104.1,3.288,3.508,0.057,0.061,13.57,12.0361,39.98,39.91,18.05,-0.611,2.173,1.494,0.339,0.407,0.068,-0.407,-0.611,2.173,1.426,0.339,0.407,0.068,-0.407,-0.611,2.241,1.494,0.339,0.407,0.068,-0.475,-0.611,2.241,1.494,0.339,0.407,0.068,-0.475,576,204
"2019-04-15 21:39:40.0",785834,5600,-104,3.219,3.443,0.056,0.06,13.75,12.0416,39.99,39.91,18.05,-0.611,2.241,1.562,0.339,0.407,0.068,-0.475,-0.611,2.241,1.562,0.339,0.407,0.068,-0.407,-0.611,2.308,1.562,0.339,0.407,0.068,-0.407,-0.611,2.308,1.562,0.339,0.407,0.068,-0.407,576,204
"2019-04-15 21:40:00.0",785835,5610,-104,3.151,3.378,0.055,0.059,13.94,12.0583,39.99,39.91,18.05,-0.611,2.308,1.629,0.339,0.407,0,-0.407,-0.611,2.308,1.562,0.339,0.407,0.068,-0.407,-0.611,2.376,1.629,0.407,0.475,0.068,-0.407,-0.611,2.376,1.629,0.339,0.475,0.068,-0.407,577,203
"2019-04-15 21:40:20.0",785836,5600,-104,3.082,3.313,0.054,0.058,14.14,12.0528,39.99,39.91,18.05,-0.611,2.376,1.629,0.407,0.475,0,-0.407,-0.611,2.376,1.629,0.407,0.475,0,-0.407,-0.611,2.376,1.629,0.407,0.475,0,-0.407,-0.611,2.376,1.629,0.407,0.475,0.068,-0.407,577,203
"2019-04-15 21:40:40.0",785837,5600,-103.9,3.014,3.248,0.053,0.057,14.34,12.0528,39.99,39.91,18.02,-0.611,2.376,1.63,0.407,0.475,0.068,-0.407,-0.611,2.376,1.63,0.339,0.475,0,-0.407,-0.611,2.376,1.63,0.407,0.475,0,-0.407,-0.611,2.444,1.63,0.407,0.475,0.068,-0.407,577,203
"2019-04-15 21:41:00.0",785838,5610,-103.9,2.945,3.183,0.051,0.056,14.54,12.0528,39.98,39.91,18.02,-0.611,2.444,1.63,0.407,0.475,0.068,-0.407,-0.611,2.444,1.697,0.407,0.475,0.068,-0.407,-0.611,2.376,1.63,0.407,0.475,0.068,-0.407,-0.611,2.444,1.63,0.407,0.475,0.068,-0.407,577,203
"2019-04-15 21:41:20.0",785839,5610,-103.8,2.877,3.118,0.05,0.054,14.75,12.0528,39.99,39.91,18.02,-0.611,2.444,1.63,0.407,0.475,0,-0.407,-0.611,2.376,1.63,0.407,0.475,0,-0.407,-0.611,2.376,1.63,0.407,0.475,0,-0.407,-0.611,2.376,1.697,0.407,0.475,0.068,-0.407,577,203
"2019-04-15 21:41:40.0",785840,5620,-103.8,2.808,3.053,0.049,0.053,14.97,12.0416,39.98,39.91,17.99,-0.611,2.376,1.63,0.407,0.475,0.068,-0.407,-0.611,2.376,1.63,0.407,0.475,0.068,-0.407,-0.611,2.376,1.63,0.407,0.475,0,-0.407,-0.611,2.376,1.63,0.407,0.475,0,-0.407,578,202
"2019-04-15 21:42:00.0",785841,5620,-103.7,2.739,2.988,0.048,0.052,15.19,12.0416,39.98,39.91,17.99,-0.611,2.376,1.63,0.407,0.475,0,-0.407,-0.611,2.376,1.63,0.407,0.475,0,-0.407,-0.611,2.308,1.63,0.407,0.475,0.068,-0.407,-0.611,2.308,1.63,0.407,0.475,0,-0.407,578,202
"2019-04-15 21:42:20.0",785842,5620,-103.7,2.67,2.923,0.047,0.051,15.42,12.0416,39.96,39.91,17.99,-0.611,2.309,1.63,0.407,0.475,0.068,-0.407,-0.611,2.309,1.63,0.407,0.475,0,-0.407,-0.611,2.309,1.63,0.407,0.475,0,-0.407,-0.611,2.376,1.63,0.407,0.475,0.068,-0.407,578,202
"2019-04-15 21:42:40.0",785843,5620,-103.6,2.602,2.858,0.045,0.05,15.65,12.0416,39.96,39.91,17.97,-0.611,2.241,1.63,0.407,0.475,0.068,-0.407,-0.611,2.241,1.562,0.339,0.475,0,-0.407,-0.611,2.241,1.63,0.407,0.475,0,-0.407,-0.611,2.309,1.63,0.407,0.475,0.068,-0.407,578,202
"2019-04-15 21:43:00.0",785844,5620,-103.6,2.533,2.794,0.044,0.049,15.89,12.0416,39.98,39.91,17.97,-0.611,2.241,1.562,0.407,0.475,0.068,-0.407,-0.611,2.173,1.562,0.339,0.475,0.068,-0.407,-0.611,2.173,1.562,0.407,0.475,0.068,-0.407,-0.611,2.241,1.562,0.407,0.475,0,-0.407,578,202
"2019-04-15 21:43:20.0",785845,5620,-103.6,2.464,2.73,0.043,0.048,16.13,12.0416,39.98,39.91,17.97,-0.611,2.241,1.562,0.339,0.475,0,-0.407,-0.611,2.173,1.494,0.339,0.475,0,-0.407,-0.611,2.173,1.562,0.339,0.475,0,-0.407,-0.611,2.173,1.562,0.407,0.475,0.068,-0.407,578,202
"2019-04-15 21:43:40.0",785846,5620,-103.5,2.396,2.665,0.042,0.047,16.38,12.0472,39.96,39.91,17.95,-0.611,2.173,1.562,0.339,0.475,0,-0.407,-0.611,2.105,1.494,0.339,0.407,0,-0.407,-0.611,2.105,1.562,0.339,0.475,0,-0.407,-0.611,2.173,1.562,0.339,0.475,0,-0.407,579,201
"2019-04-15 21:44:00.0",785847,5620,-103.5,2.327,2.601,0.041,0.045,16.64,12.0583,39.96,39.91,17.95,-0.611,2.105,1.562,0.339,0.475,0,-0.407,-0.611,2.037,1.494,0.339,0.475,0,-0.407,-0.611,2.105,1.494,0.339,0.407,0,-0.407,-0.611,2.037,1.494,0.339,0.475,0,-0.407,579,201
"2019-04-15 21:44:20.0",785848,5620,-103.4,2.259,2.537,0.039,0.044,16.9,12.0528,39.98,39.91,17.95,-0.611,2.037,1.494,0.339,0.407,0,-0.407,-0.611,2.037,1.426,0.339,0.407,0,-0.407,-0.611,2.037,1.494,0.339,0.407,0,-0.407,-0.611,2.037,1.494,0.339,0.407,0,-0.407,579,201
"2019-04-15 21:44:40.0",785849,5620,-103.4,2.19,2.474,0.038,0.043,17.17,12.0472,39.98,39.91,17.95,-0.611,1.969,1.426,0.339,0.407,0,-0.407,-0.611,1.969,1.426,0.272,0.407,0,-0.407,-0.611,1.969,1.426,0.272,0.407,-0.068,-0.407,-0.611,1.969,1.426,0.339,0.407,0,-0.407,579,201
"2019-04-15 21:45:00.0",785850,5620,-103.3,2.121,2.41,0.037,0.042,17.45,12.0528,39.96,39.91,17.92,-0.679,1.969,1.426,0.272,0.407,-0.068,-0.407,-0.611,1.901,1.358,0.272,0.407,0,-0.407,-0.611,1.901,1.358,0.272,0.407,-0.068,-0.407,-0.611,1.901,1.426,0.272,0.407,0,-0.407,579,201
"2019-04-15 21:45:20.0",785851,5630,-103.3,2.053,2.346,0.036,0.041,17.73,12.0361,39.98,39.91,17.92,-0.679,1.833,1.358,0.272,0.407,-0.068,-0.407,-0.679,1.833,1.358,0.204,0.407,-0.068,-0.407,-0.679,1.833,1.358,0.272,0.407,-0.068,-0.475,-0.611,1.901,1.358,0.272,0.407,0,-0.475,580,200
"2019-04-15 21:45:40.0",785852,5630,-103.2,1.984,2.283,0.035,0.04,18.02,12.0416,39.98,39.91,17.92,-0.679,1.833,1.358,0.272,0.407,-0.068,-0.407,-0.679,1.833,1.29,0.204,0.339,-0.068,-0.407,-0.679,1.765,1.29,0.272,0.339,-0.068,-0.407,-0.679,1.833,1.29,0.272,0.339,-0.068,-0.475,580,200
"2019-04-15 21:46:00.0",785853,5630,-103.2,1.915,2.22,0.033,0.039,18.32,12.0472,39.96,39.91,17.89,-0.679,1.765,1.29,0.272,0.339,-0.068,-0.407,-0.679,1.765,1.29,0.204,0.339,-0.136,-0.407,-0.679,1.765,1.29,0.204,0.339,-0.068,-0.407,-0.679,1.765,1.29,0.272,0.339,-0.068,-0.475,580,200
"2019-04-15 21:46:20.0",785854,5630,-103.1,1.847,2.157,0.032,0.038,18.63,12.0416,39.99,39.91,17.89,-0.679,1.697,1.29,0.204,0.339,-0.068,-0.475,-0.679,1.697,1.222,0.204,0.339,-0.068,-0.475,-0.679,1.697,1.222,0.204,0.339,-0.068,-0.407,-0.679,1.697,1.29,0.204,0.339,-0.068,-0.475,580,200
"2019-04-15 21:46:40.0",785855,5630,-103.1,1.778,2.094,0.031,0.037,18.95,12.0416,39.96,39.91,17.89,-0.679,1.697,1.29,0.204,0.339,-0.136,-0.475,-0.679,1.63,1.222,0.204,0.339,-0.136,-0.475,-0.679,1.697,1.222,0.204,0.272,-0.136,-0.475,-0.679,1.697,1.222,0.204,0.339,-0.068,-0.475,580,200
"2019-04-15 21:47:00.0",785856,5630,-103.1,1.709,2.031,0.03,0.035,19.27,12.0416,39.98,39.91,17.89,-0.679,1.63,1.222,0.204,0.339,-0.136,-0.475,-0.679,1.63,1.154,0.204,0.272,-0.136,-0.475,-0.679,1.562,1.154,0.204,0.272,-0.136,-0.475,-0.679,1.63,1.222,0.204,0.339,-0.136,-0.475,580,200
"2019-04-15 21:47:20.0",785857,5630,-103,1.64,1.968,0.029,0.034,19.6,12.0528,39.96,39.91,17.87,-0.679,1.562,1.154,0.204,0.272,-0.136,-0.475,-0.679,1.562,1.154,0.136,0.272,-0.136,-0.407,-0.679,1.562,1.154,0.136,0.272,-0.136,-0.475,-0.679,1.562,1.154,0.204,0.272,-0.136,-0.407,581,199
"2019-04-15 21:47:40.0",785858,5630,-103,1.572,1.906,0.027,0.033,19.95,12.0472,39.96,39.91,17.87,-0.679,1.562,1.086,0.136,0.272,-0.136,-0.407,-0.679,1.494,1.086,0.136,0.272,-0.204,-0.407,-0.679,1.494,1.154,0.136,0.272,-0.136,-0.475,-0.679,1.494,1.154,0.136,0.272,-0.136,-0.475,581,199
"2019-04-15 21:48:00.0",785859,5630,-102.9,1.501,1.842,0.026,0.032,20.3,12.0528,39.99,39.91,17.87,-0.679,1.494,1.086,0.136,0.272,-0.136,-0.407,-0.679,1.426,1.086,0.136,0.272,-0.204,-0.475,-0.679,1.494,1.086,0.136,0.272,-0.204,-0.475,-0.679,1.426,1.086,0.136,0.272,-0.136,-0.475,581,199
"2019-04-15 21:48:20.0",785860,5630,-102.9,1.433,1.78,0.025,0.031,20.66,12.0528,39.98,39.91,17.84,-0.747,1.426,1.018,0.136,0.272,-0.204,-0.475,-0.679,1.358,1.018,0.136,0.204,-0.204,-0.475,-0.679,1.426,1.018,0.136,0.272,-0.204,-0.475,-0.679,1.426,1.018,0.136,0.272,-0.204,-0.475,581,199
"2019-04-15 21:48:40.0",785861,5630,-102.8,1.364,1.718,0.024,0.03,21.04,12.0528,39.99,39.91,17.84,-0.747,1.358,1.018,0.136,0.272,-0.204,-0.407,-0.679,1.358,0.951,0.068,0.204,-0.204,-0.475,-0.679,1.358,1.018,0.068,0.204,-0.204,-0.407,-0.679,1.358,1.018,0.068,0.272,-0.204,-0.475,581,199
"2019-04-15 21:49:00.0",785862,5640,-102.8,1.295,1.657,0.023,0.029,21.42,12.0416,39.98,39.91,17.84,-0.747,1.358,0.951,0.068,0.204,-0.204,-0.475,-0.679,1.29,0.951,0.068,0.204,-0.204,-0.475,-0.679,1.29,0.951,0.068,0.204,-0.204,-0.475,-0.679,1.29,0.951,0.068,0.204,-0.204,-0.475,582,198
"2019-04-15 21:49:20.0",785863,5640,-102.7,1.226,1.596,0.021,0.028,21.81,12.0416,39.96,39.91,17.84,-0.747,1.222,0.883,0.068,0.204,-0.204,-0.475,-0.679,1.222,0.883,0.068,0.204,-0.204,-0.475,-0.679,1.222,0.883,0.068,0.204,-0.204,-0.475,-0.747,1.222,0.883,0.068,0.204,-0.204,-0.475,582,198
"2019-04-15 21:49:40.0",785864,5640,-102.7,1.157,1.535,0.02,0.027,22.21,12.0361,39.99,39.91,17.82,-0.747,1.222,0.883,0.068,0.204,-0.204,-0.475,-0.747,1.154,0.883,0,0.204,-0.204,-0.475,-0.679,1.154,0.815,0,0.204,-0.204,-0.475,-0.747,1.154,0.883,0.068,0.136,-0.204,-0.475,582,198
"2019-04-15 21:50:00.0",785865,5640,-102.7,1.088,1.474,0.019,0.026,22.62,12.0416,39.99,39.91,17.82,-0.747,1.086,0.815,0,0.136,-0.204,-0.475,-0.747,1.086,0.747,0,0.136,-0.272,-0.475,-0.747,1.086,0.815,0,0.136,-0.272,-0.475,-0.747,1.086,0.815,0,0.136,-0.272,-0.475,582,198
"2019-04-15 21:50:20.0",785866,5640,-102.6,1.019,1.413,0.018,0.025,23.04,12.0416,39.99,39.91,17.82,-0.747,1.019,0.747,-0.068,0.136,-0.204,-0.475,-0.747,1.019,0.679,0,0.136,-0.272,-0.475,-0.747,1.019,0.747,0,0.136,-0.204,-0.475,-0.747,1.019,0.747,0,0.136,-0.272,-0.475,582,198
"2019-04-15 21:50:40.0",785867,5640,-102.6,0.951,1.353,0.017,0.024,23.48,12.0528,39.99,39.91,17.82,-0.747,0.951,0.679,0,0.136,-0.272,-0.475,-0.747,0.883,0.679,-0.068,0.068,-0.272,-0.475,-0.747,0.951,0.679,0,0.068,-0.272,-0.475,-0.747,0.951,0.679,-0.068,0.068,-0.272,-0.543,583,197
"2019-04-15 21:51:00.0",785868,5640,-102.5,0.882,1.293,0.015,0.023,23.92,12.0528,39.98,39.91,17.79,-0.747,0.883,0.611,-0.068,0.068,-0.272,-0.475,-0.747,0.883,0.611,-0.068,0.068,-0.34,-0.475,-0.747,0.815,0.611,-0.068,0.068,-0.272,-0.475,-0.747,0.815,0.611,-0.068,0.068,-0.272,-0.543,583,197
"2019-04-15 21:51:20.0",785869,5640,-102.5,0.813,1.234,0.014,0.022,24.38,12.0528,39.98,39.91,17.79,-0.747,0.815,0.543,-0.068,0.068,-0.272,-0.475,-0.747,0.747,0.543,-0.136,0,-0.34,-0.543,-0.747,0.815,0.543,-0.068,0.068,-0.272,-0.475,-0.747,0.747,0.543,-0.136,0,-0.34,-0.475,583,197
"2019-04-15 21:51:40.0",785870,5640,-102.4,0.744,1.174,0.013,0.02,24.85,12.0528,39.98,39.91,17.77,-0.747,0.679,0.475,-0.136,0,-0.34,-0.475,-0.747,0.611,0.475,-0.204,0,-0.272,-0.475,-0.747,0.679,0.475,-0.136,0,-0.34,-0.475,-0.747,0.679,0.475,-0.136,0,-0.272,-0.543,583,197
"2019-04-15 21:52:00.0",785871,5640,-102.4,0.675,1.115,0.012,0.019,25.33,12.0528,39.98,39.91,17.77,-0.747,0.611,0.407,-0.136,0,-0.34,-0.475,-0.747,0.611,0.407,-0.204,-0.068,-0.34,-0.475,-0.747,0.543,0.407,-0.204,-0.068,-0.34,-0.475,-0.747,0.543,0.407,-0.204,0,-0.34,-0.543,583,197
"2019-04-15 21:52:20.0",785872,5640,-102.3,0.606,1.057,0.011,0.018,25.82,12.0583,39.96,39.91,17.77,-0.747,0.475,0.34,-0.204,-0.068,-0.34,-0.543,-0.747,0.475,0.34,-0.204,-0.136,-0.34,-0.543,-0.747,0.475,0.34,-0.204,-0.136,-0.34,-0.543,-0.747,0.475,0.34,-0.204,-0.068,-0.34,-0.543,583,197
"2019-04-15 21:52:40.0",785873,5660,-102.3,0.537,0.999,0.009,0.017,26.32,12.0416,39.98,39.91,17.77,-0.747,0.407,0.272,-0.204,-0.136,-0.34,-0.543,-0.747,0.407,0.204,-0.272,-0.136,-0.407,-0.543,-0.747,0.407,0.204,-0.272,-0.136,-0.34,-0.543,-0.747,0.407,0.204,-0.272,-0.136,-0.407,-0.543,584,196
"2019-04-15 21:53:00.0",785874,5660,-102.3,0.468,0.941,0.008,0.016,26.84,12.0416,39.96,39.91,17.74,-0.747,0.34,0.204,-0.272,-0.204,-0.407,-0.543,-0.747,0.272,0.136,-0.272,-0.204,-0.407,-0.543,-0.747,0.272,0.136,-0.272,-0.204,-0.407,-0.543,-0.747,0.34,0.136,-0.272,-0.136,-0.407,-0.543,584,196
"2019-04-15 21:53:20.0",785875,5660,-102.2,0.399,0.883,0.007,0.015,27.37,12.0416,39.96,39.91,17.74,-0.747,0.272,0.068,-0.272,-0.204,-0.407,-0.543,-0.747,0.204,0.068,-0.34,-0.204,-0.407,-0.543,-0.747,0.204,0.068,-0.34,-0.204,-0.407,-0.543,-0.747,0.204,0.068,-0.34,-0.204,-0.407,-0.543,584,196
"2019-04-15 21:53:40.0",785876,5660,-102.2,0.33,0.826,0.006,0.014,27.91,12.0361,39.96,39.91,17.74,-0.747,0.204,0.068,-0.34,-0.204,-0.407,-0.611,-0.747,0.136,0.068,-0.407,-0.272,-0.407,-0.543,-0.747,0.136,0,-0.34,-0.272,-0.407,-0.543,-0.747,0.136,0.068,-0.34,-0.272,-0.407,-0.611,584,196
"2019-04-15 21:54:00.0",785877,5660,-102.1,0.261,0.77,0.005,0.013,28.46,12.0361,39.96,39.91,17.74,-0.747,0.068,0,-0.407,-0.272,-0.407,-0.611,-0.747,0.068,0,-0.407,-0.272,-0.407,-0.611,-0.747,0.068,0,-0.407,-0.272,-0.407,-0.543,-0.747,0.068,-0.068,-0.407,-0.272,-0.407,-0.611,584,196
"2019-04-15 21:54:20.0",785878,5660,-102.1,0.192,0.714,0.003,0.012,29.03,12.0472,39.96,39.89,17.72,-0.747,0,-0.068,-0.407,-0.272,-0.407,-0.611,-0.747,0,-0.068,-0.407,-0.272,-0.407,-0.611,-0.747,0.068,-0.068,-0.407,-0.272,-0.407,-0.611,-0.747,0.068,-0.068,-0.407,-0.272,-0.407,-0.611,585,195
"2019-04-15 21:54:40.0",785879,5660,-102,0.123,0.658,0.002,0.011,29.61,12.0528,39.96,39.91,17.72,-0.747,0,-0.068,-0.407,-0.272,-0.407,-0.611,-0.747,-0.068,-0.136,-0.407,-0.34,-0.407,-0.611,-0.747,0,-0.136,-0.407,-0.34,-0.407,-0.611,-0.747,0,-0.136,-0.407,-0.34,-0.407,-0.611,585,195
"2019-04-15 21:55:00.0",785880,5660,-102,0.054,0.603,0.001,0.011,30.19,12.0472,39.96,39.91,17.72,-0.747,-0.068,-0.136,-0.407,-0.34,-0.407,-0.611,-0.747,-0.068,-0.136,-0.407,-0.34,-0.407,-0.611,-0.747,-0.068,-0.136,-0.407,-0.34,-0.407,-0.611,-0.747,0,-0.136,-0.407,-0.34,-0.407,-0.611,585,195
"2019-04-15 21:55:20.0",785881,5660,-101.9,-0.015,0.549,0,0.01,30.79,12.0528,39.96,39.91,17.69,-0.815,-0.068,-0.136,-0.407,-0.34,-0.407,-0.611,-0.747,-0.136,-0.204,-0.407,-0.407,-0.407,-0.611,-0.747,-0.136,-0.204,-0.407,-0.34,-0.407,-0.611,-0.747,-0.068,-0.136,-0.407,-0.34,-0.407,-0.611,585,195
"2019-04-15 21:55:40.0",785882,5660,-101.9,-0.084,0.495,-0.001,0.009,31.4,12.0528,39.96,39.91,17.69,-0.815,-0.136,-0.204,-0.407,-0.34,-0.407,-0.611,-0.747,-0.136,-0.204,-0.407,-0.34,-0.475,-0.611,-0.747,-0.136,-0.204,-0.407,-0.34,-0.407,-0.611,-0.747,-0.136,-0.204,-0.407,-0.34,-0.407,-0.611,585,195
"2019-04-15 21:56:00.0",785883,5670,-101.9,-0.153,0.442,-0.003,0.008,32.03,12.0361,39.96,39.91,17.69,-0.815,-0.136,-0.204,-0.407,-0.407,-0.407,-0.611,-0.747,-0.136,-0.204,-0.407,-0.407,-0.407,-0.611,-0.747,-0.136,-0.204,-0.407,-0.407,-0.475,-0.611,-0.747,-0.136,-0.204,-0.407,-0.407,-0.475,-0.611,586,194
"2019-04-15 21:56:20.0",785884,5670,-101.8,-0.223,0.389,-0.004,0.007,32.66,12.0416,39.96,39.91,17.69,-0.815,-0.136,-0.272,-0.407,-0.407,-0.475,-0.611,-0.815,-0.204,-0.272,-0.475,-0.407,-0.475,-0.611,-0.747,-0.136,-0.272,-0.407,-0.407,-0.407,-0.611,-0.747,-0.204,-0.272,-0.407,-0.407,-0.475,-0.611,586,194
"2019-04-15 21:56:40.0",785885,5670,-101.8,-0.292,0.337,-0.005,0.006,33.3,12.0416,39.96,39.91,17.66,-0.815,-0.204,-0.272,-0.407,-0.407,-0.407,-0.611,-0.815,-0.204,-0.272,-0.407,-0.407,-0.475,-0.611,-0.815,-0.204,-0.272,-0.407,-0.407,-0.475,-0.611,-0.747,-0.204,-0.272,-0.475,-0.407,-0.475,-0.611,586,194
"2019-04-15 21:57:00.0",785886,5670,-101.7,-0.361,0.286,-0.006,0.005,33.95,12.0472,39.96,39.91,17.66,-0.815,-0.204,-0.272,-0.475,-0.407,-0.475,-0.611,-0.815,-0.204,-0.34,-0.475,-0.407,-0.475,-0.611,-0.747,-0.204,-0.272,-0.475,-0.407,-0.475,-0.611,-0.747,-0.204,-0.272,-0.475,-0.407,-0.475,-0.611,586,194
"2019-04-15 21:57:20.0",785887,5670,-101.7,-0.43,0.235,-0.008,0.004,34.61,12.0472,39.96,39.91,17.66,-0.815,-0.204,-0.34,-0.475,-0.407,-0.475,-0.611,-0.815,-0.272,-0.34,-0.475,-0.407,-0.475,-0.611,-0.747,-0.272,-0.34,-0.475,-0.407,-0.475,-0.611,-0.747,-0.272,-0.34,-0.475,-0.407,-0.475,-0.611,586,194
"2019-04-15 21:57:40.0",785888,5680,-101.6,-0.499,0.186,-0.009,0.003,35.28,12.0528,39.96,39.91,17.64,-0.815,-0.272,-0.34,-0.475,-0.407,-0.475,-0.611,-0.815,-0.272,-0.34,-0.475,-0.407,-0.475,-0.611,-0.815,-0.272,-0.34,-0.475,-0.407,-0.475,-0.611,-0.815,-0.272,-0.34,-0.475,-0.407,-0.475,-0.611,587,193
"2019-04-15 21:58:00.0",785889,5680,-101.6,-0.568,0.137,-0.01,0.002,35.95,12.0528,39.96,39.91,17.64,-0.815,-0.272,-0.34,-0.475,-0.407,-0.475,-0.611,-0.815,-0.272,-0.407,-0.475,-0.407,-0.475,-0.611,-0.815,-0.272,-0.34,-0.475,-0.407,-0.475,-0.611,-0.815,-0.34,-0.407,-0.475,-0.407,-0.475,-0.611,587,193
"2019-04-15 21:58:20.0",785890,5680,-101.6,-0.637,0.088,-0.011,0.002,36.63,12.0528,39.96,39.91,17.64,-0.815,-0.34,-0.407,-0.475,-0.407,-0.475,-0.611,-0.815,-0.34,-0.407,-0.475,-0.407,-0.475,-0.611,-0.815,-0.407,-0.407,-0.475,-0.407,-0.475,-0.611,-0.815,-0.34,-0.407,-0.475,-0.407,-0.475,-0.611,587,193
"2019-04-15 21:58:40.0",785891,5680,-101.5,-0.706,0.041,-0.012,0.001,37.32,12.0528,39.96,39.91,17.64,-0.815,-0.34,-0.407,-0.475,-0.407,-0.475,-0.611,-0.815,-0.34,-0.407,-0.475,-0.407,-0.475,-0.611,-0.815,-0.34,-0.407,-0.475,-0.407,-0.475,-0.611,-0.815,-0.34,-0.407,-0.475,-0.407,-0.475,-0.611,587,193
"2019-04-15 21:59:00.0",785892,-9999,-101.5,-0.775,-0.775,-0.014,-9999,-9999,12.0472,39.96,39.92,17.62,-0.815,-0.34,-0.407,-0.475,-0.407,-0.475,-0.611,-0.747,-0.407,-0.407,-0.475,-0.407,-0.475,-0.679,-0.747,-0.407,-0.407,-0.475,-0.407,-0.475,-0.611,-0.815,-0.407,-0.407,-0.475,-0.407,-0.475,-0.611,0,0
"2019-04-15 21:59:20.0",785893,-9999,-101.4,-0.846,-0.846,-0.015,-9999,-9999,12.0416,39.96,39.92,17.62,-0.815,-0.407,-0.407,-0.543,-0.407,-0.475,-0.611,-0.747,-0.407,-0.407,-0.543,-0.407,-0.475,-0.679,-0.815,-0.407,-0.407,-0.543,-0.407,-0.475,-0.679,-0.747,-0.407,-0.407,-0.543,-0.407,-0.475,-0.611,0,0
"2019-04-15 21:59:40.0",785894,-9999,-101.4,-0.915,-0.915,-0.016,-9999,-9999,12.0416,39.96,39.92,17.62,-0.815,-0.407,-0.407,-0.543,-0.407,-0.475,-0.611,-0.815,-0.407,-0.407,-0.543,-0.475,-0.475,-0.611,-0.815,-0.407,-0.407,-0.543,-0.407,-0.475,-0.611,-0.815,-0.407,-0.407,-0.543,-0.407,-0.543,-0.611,0,0
