"TOA5","","","1764","CR1000.Std.24","CPU:MFRSR_10012018V2.8.CR1","13574","TableHdr","PbCdlComm-1.6.0 (2016/01/26)"
"TIMESTAMP","RECORD","loggerID""headID""xpgmVerID""xlat""xlon""xSiteElev""xFULLREV""xCRXHSTEPS""xSCANseconds""xSCANnAvg""xSCANtrough""xHOMEoffset""xALLTIMEband"
"TS","RN","--""--""--""deg""deg""m""--""--""sec""--""--""--""--"
"","","Smp""Smp""Smp""Smp""Smp""Smp""Smp""Smp""Smp""Smp""Smp""Smp""Smp"
"2019-04-15 12:00:00.0",371,1764,180054423,2.8,-32.1259,-64.7287,1160,800,20,20,1,10,0,-1
"TOA5","","","1764","CR1000.Std.24","CPU:MFRSR_10012018V2.8.CR1","13574","Table155","PbCdlComm-1.6.0 (2016/01/26)"
"TIMESTAMP","RECORD","xoset""az""el""al""cosz""cosasz""pamass""vBat""Thead""THTC""Tlogger""Dnadir(1)""Dnadir(2)""Dnadir(3)""Dnadir(4)""Dnadir(5)""Dnadir(6)""Dnadir(7)""Deast(1)""Deast(2)""Deast(3)""Deast(4)""Deast(5)""Deast(6)""Deast(7)""Dsun(1)""Dsun(2)""Dsun(3)""Dsun(4)""Dsun(5)""Dsun(6)""Dsun(7)""Dwest(1)""Dwest(2)""Dwest(3)""Dwest(4)""Dwest(5)""Dwest(6)""Dwest(7)""kount""khome"
"TS","RN","sec""deg""deg""deg""--""--""--""Volt""degC""degC""degC""mV""mV""mV""mV""mV""mV""mV""mV""mV""mV""mV""mV""mV""mV""mV""mV""mV""mV""mV""mV""mV""mV""mV""mV""mV""mV""mV""mV""--""--"
"","","Smp""Smp""Smp""Smp""Smp""Smp""Smp""Smp""Smp""Smp""Smp""Smp""Smp""Smp""Smp""Smp""Smp""Smp""Smp""Smp""Smp""Smp""Smp""Smp""Smp""Smp""Smp""Smp""Smp""Smp""Smp""Smp""Smp""Smp""Smp""Smp""Smp""Smp""Smp""Smp""Smp"
"2019-04-15 11:00:00.0",783915,3060,103.6,2.819,3.063,0.049,0.053,14.93,12.0583,39.88,39.88,16.04,-0.883,-0.679,-0.815,-0.815,-0.815,-0.815,-0.815,-0.883,-0.747,-0.815,-0.815,-0.815,-0.815,-0.815,-0.883,-0.679,-0.815,-0.815,-0.815,-0.815,-0.815,-0.883,-0.747,-0.815,-0.815,-0.815,-0.815,-0.815,221,559
"2019-04-15 11:00:20.0",783916,3060,103.6,2.887,3.128,0.05,0.055,14.72,12.0472,39.88,39.88,16.02,-0.883,-0.679,-0.815,-0.815,-0.815,-0.815,-0.815,-0.883,-0.679,-0.815,-0.815,-0.815,-0.815,-0.815,-0.883,-0.679,-0.815,-0.815,-0.815,-0.815,-0.815,-0.883,-0.679,-0.815,-0.815,-0.815,-0.815,-0.815,221,559
"2019-04-15 11:00:40.0",783917,3070,103.7,2.956,3.193,0.052,0.056,14.51,12.0361,39.88,39.88,16,-0.883,-0.679,-0.815,-0.815,-0.815,-0.815,-0.815,-0.883,-0.679,-0.815,-0.815,-0.815,-0.815,-0.815,-0.883,-0.747,-0.815,-0.815,-0.815,-0.815,-0.815,-0.883,-0.679,-0.815,-0.815,-0.815,-0.815,-0.815,222,558
"2019-04-15 11:01:00.0",783918,3070,103.7,3.024,3.257,0.053,0.057,14.31,12.0361,39.88,39.88,16,-0.883,-0.679,-0.815,-0.815,-0.883,-0.883,-0.815,-0.883,-0.679,-0.815,-0.815,-0.815,-0.815,-0.815,-0.883,-0.679,-0.747,-0.815,-0.815,-0.815,-0.815,-0.883,-0.679,-0.815,-0.815,-0.815,-0.815,-0.815,222,558
"2019-04-15 11:01:20.0",783919,3070,103.8,3.092,3.322,0.054,0.058,14.11,12.0361,39.88,39.88,15.97,-0.883,-0.679,-0.815,-0.815,-0.815,-0.815,-0.815,-0.883,-0.679,-0.747,-0.815,-0.815,-0.815,-0.815,-0.883,-0.679,-0.747,-0.815,-0.815,-0.815,-0.815,-0.883,-0.611,-0.815,-0.815,-0.815,-0.815,-0.815,222,558
"2019-04-15 11:01:40.0",783920,3070,103.8,3.161,3.387,0.055,0.059,13.92,12.0361,39.88,39.88,15.95,-0.883,-0.611,-0.747,-0.815,-0.815,-0.815,-0.815,-0.883,-0.611,-0.747,-0.815,-0.815,-0.815,-0.815,-0.883,-0.611,-0.815,-0.815,-0.815,-0.815,-0.815,-0.883,-0.611,-0.747,-0.815,-0.815,-0.815,-0.815,222,558
"2019-04-15 11:02:00.0",783921,3070,103.9,3.229,3.452,0.056,0.06,13.73,12.0361,39.88,39.88,15.92,-0.883,-0.611,-0.747,-0.815,-0.815,-0.815,-0.815,-0.883,-0.611,-0.747,-0.815,-0.815,-0.815,-0.815,-0.883,-0.611,-0.747,-0.815,-0.815,-0.815,-0.815,-0.815,-0.543,-0.679,-0.679,-0.747,-0.747,-0.747,222,558
"2019-04-15 11:02:20.0",783922,3080,103.9,3.298,3.518,0.058,0.061,13.54,12.0476,39.88,39.88,15.9,-0.815,-0.475,-0.679,-0.679,-0.679,-0.747,-0.679,-0.815,-0.475,-0.611,-0.679,-0.679,-0.747,-0.679,-0.815,-0.543,-0.611,-0.679,-0.747,-0.747,-0.747,-0.815,-0.475,-0.679,-0.679,-0.747,-0.747,-0.747,223,557
"2019-04-15 11:02:40.0",783923,3080,104,3.366,3.583,0.059,0.062,13.36,12.0476,39.88,39.88,15.87,-0.815,-0.475,-0.611,-0.679,-0.747,-0.747,-0.747,-0.815,-0.475,-0.611,-0.679,-0.679,-0.679,-0.679,-0.815,-0.475,-0.611,-0.679,-0.679,-0.747,-0.747,-0.815,-0.475,-0.679,-0.679,-0.679,-0.679,-0.679,223,557
"2019-04-15 11:03:00.0",783924,3080,104,3.435,3.649,0.06,0.064,13.18,12.0476,39.88,39.88,15.87,-0.815,-0.475,-0.611,-0.679,-0.679,-0.679,-0.747,-0.815,-0.407,-0.611,-0.679,-0.679,-0.679,-0.747,-0.815,-0.407,-0.611,-0.679,-0.679,-0.679,-0.679,-0.815,-0.475,-0.611,-0.679,-0.679,-0.747,-0.747,223,557
"2019-04-15 11:03:20.0",783925,3080,104,3.503,3.714,0.061,0.065,13.01,12.0476,39.88,39.9,15.85,-0.815,-0.475,-0.611,-0.679,-0.679,-0.679,-0.747,-0.815,-0.475,-0.611,-0.679,-0.679,-0.679,-0.747,-0.815,-0.407,-0.611,-0.679,-0.679,-0.679,-0.679,-0.815,-0.475,-0.611,-0.679,-0.679,-0.747,-0.747,223,557
"2019-04-15 11:03:40.0",783926,3080,104.1,3.572,3.78,0.062,0.066,12.84,12.0476,39.88,39.9,15.82,-0.815,-0.475,-0.611,-0.679,-0.747,-0.747,-0.679,-0.815,-0.475,-0.611,-0.679,-0.679,-0.679,-0.747,-0.815,-0.475,-0.611,-0.679,-0.679,-0.679,-0.747,-0.815,-0.475,-0.611,-0.679,-0.679,-0.679,-0.747,223,557
"2019-04-15 11:04:00.0",783927,3080,104.1,3.64,3.846,0.063,0.067,12.68,12.0368,39.88,39.9,15.8,-0.815,-0.475,-0.611,-0.679,-0.679,-0.679,-0.747,-0.815,-0.407,-0.543,-0.679,-0.679,-0.679,-0.747,-0.815,-0.475,-0.611,-0.679,-0.679,-0.679,-0.747,-0.815,-0.407,-0.611,-0.679,-0.679,-0.679,-0.747,224,556
"2019-04-15 11:04:20.0",783928,3080,104.2,3.709,3.911,0.065,0.068,12.51,12.0368,39.88,39.88,15.77,-0.883,-0.475,-0.679,-0.747,-0.747,-0.747,-0.815,-0.883,-0.475,-0.679,-0.747,-0.747,-0.747,-0.815,-0.883,-0.475,-0.679,-0.747,-0.747,-0.747,-0.815,-0.883,-0.475,-0.679,-0.747,-0.747,-0.815,-0.815,224,556
"2019-04-15 11:04:40.0",783929,3080,104.2,3.777,3.977,0.066,0.069,12.36,12.0368,39.88,39.88,15.75,-0.883,-0.475,-0.611,-0.747,-0.815,-0.815,-0.815,-0.883,-0.407,-0.611,-0.747,-0.747,-0.747,-0.815,-0.883,-0.475,-0.679,-0.747,-0.747,-0.747,-0.815,-0.883,-0.475,-0.679,-0.747,-0.747,-0.747,-0.815,224,556
"2019-04-15 11:05:00.0",783930,3080,104.3,3.846,4.043,0.067,0.071,12.2,12.0368,39.88,39.88,15.73,-0.883,-0.475,-0.679,-0.747,-0.747,-0.747,-0.815,-0.883,-0.475,-0.679,-0.747,-0.815,-0.747,-0.815,-0.883,-0.475,-0.611,-0.747,-0.747,-0.815,-0.815,-0.883,-0.475,-0.611,-0.747,-0.747,-0.747,-0.815,224,556
"2019-04-15 11:05:20.0",783931,3080,104.3,3.914,4.109,0.068,0.072,12.05,12.0479,39.88,39.88,15.73,-0.883,-0.407,-0.611,-0.747,-0.747,-0.747,-0.815,-0.883,-0.407,-0.611,-0.747,-0.747,-0.747,-0.815,-0.883,-0.475,-0.611,-0.747,-0.747,-0.747,-0.815,-0.883,-0.407,-0.679,-0.747,-0.747,-0.815,-0.815,224,556
"2019-04-15 11:05:40.0",783932,3080,104.4,3.982,4.175,0.069,0.073,11.9,12.0538,39.88,39.87,15.7,-0.883,-0.407,-0.611,-0.747,-0.747,-0.815,-0.815,-0.883,-0.407,-0.611,-0.747,-0.747,-0.747,-0.815,-0.883,-0.407,-0.611,-0.747,-0.747,-0.747,-0.815,-0.883,-0.475,-0.679,-0.747,-0.747,-0.747,-0.815,224,556
"2019-04-15 11:06:00.0",783933,3090,104.4,4.051,4.24,0.071,0.074,11.76,12.0482,39.88,39.87,15.68,-0.883,-0.407,-0.611,-0.747,-0.747,-0.747,-0.815,-0.883,-0.407,-0.611,-0.747,-0.747,-0.747,-0.815,-0.883,-0.407,-0.611,-0.747,-0.747,-0.747,-0.815,-0.883,-0.407,-0.611,-0.747,-0.747,-0.747,-0.815,225,555
"2019-04-15 11:06:20.0",783934,3090,104.5,4.119,4.306,0.072,0.075,11.62,12.0482,39.88,39.89,15.65,-0.815,-0.34,-0.543,-0.679,-0.679,-0.679,-0.747,-0.815,-0.34,-0.543,-0.679,-0.679,-0.679,-0.747,-0.815,-0.34,-0.543,-0.679,-0.679,-0.679,-0.747,-0.815,-0.34,-0.543,-0.679,-0.679,-0.679,-0.747,225,555
"2019-04-15 11:06:40.0",783935,3090,104.5,4.187,4.372,0.073,0.076,11.48,12.0482,39.88,39.89,15.65,-0.815,-0.34,-0.475,-0.679,-0.679,-0.679,-0.747,-0.815,-0.34,-0.543,-0.679,-0.679,-0.679,-0.679,-0.815,-0.34,-0.543,-0.679,-0.679,-0.679,-0.747,-0.815,-0.34,-0.543,-0.679,-0.679,-0.679,-0.747,225,555
"2019-04-15 11:07:00.0",783936,3090,104.6,4.255,4.438,0.074,0.077,11.35,12.0482,39.88,39.87,15.6,-0.815,-0.34,-0.543,-0.679,-0.679,-0.679,-0.747,-0.815,-0.34,-0.475,-0.611,-0.679,-0.679,-0.747,-0.815,-0.34,-0.475,-0.611,-0.679,-0.679,-0.747,-0.815,-0.34,-0.475,-0.679,-0.679,-0.679,-0.747,225,555
"2019-04-15 11:07:20.0",783937,3090,104.6,4.323,4.504,0.075,0.079,11.21,12.0484,39.89,39.89,15.6,-0.883,-0.407,-0.611,-0.747,-0.747,-0.815,-0.815,-0.883,-0.407,-0.611,-0.747,-0.747,-0.747,-0.815,-0.883,-0.407,-0.611,-0.747,-0.747,-0.747,-0.815,-0.883,-0.407,-0.611,-0.747,-0.747,-0.747,-0.815,225,555
"2019-04-15 11:07:40.0",783938,3100,104.6,4.392,4.57,0.077,0.08,11.08,12.0373,39.89,39.87,15.58,-0.883,-0.407,-0.611,-0.747,-0.747,-0.747,-0.815,-0.883,-0.407,-0.543,-0.747,-0.747,-0.747,-0.815,-0.883,-0.407,-0.611,-0.747,-0.747,-0.747,-0.815,-0.883,-0.407,-0.611,-0.747,-0.747,-0.747,-0.815,226,554
"2019-04-15 11:08:00.0",783939,3100,104.7,4.46,4.636,0.078,0.081,10.96,12.0373,39.89,39.89,15.55,-0.883,-0.407,-0.543,-0.747,-0.747,-0.747,-0.815,-0.883,-0.407,-0.611,-0.747,-0.747,-0.747,-0.815,-0.883,-0.407,-0.543,-0.747,-0.679,-0.747,-0.815,-0.883,-0.407,-0.611,-0.747,-0.747,-0.747,-0.815,226,554
"2019-04-15 11:08:20.0",783940,3100,104.7,4.528,4.702,0.079,0.082,10.83,12.0373,39.89,39.87,15.53,-0.883,-0.407,-0.611,-0.747,-0.747,-0.747,-0.815,-0.883,-0.407,-0.543,-0.747,-0.747,-0.747,-0.815,-0.883,-0.407,-0.611,-0.747,-0.747,-0.747,-0.747,-0.883,-0.407,-0.611,-0.747,-0.747,-0.747,-0.815,226,554
"2019-04-15 11:08:40.0",783941,3100,104.8,4.596,4.769,0.08,0.083,10.71,12.0373,39.89,39.87,15.53,-0.883,-0.407,-0.611,-0.747,-0.747,-0.747,-0.815,-0.883,-0.407,-0.543,-0.747,-0.747,-0.747,-0.815,-0.883,-0.407,-0.611,-0.747,-0.747,-0.747,-0.815,-0.883,-0.407,-0.543,-0.747,-0.747,-0.747,-0.815,226,554
"2019-04-15 11:09:00.0",783942,3100,104.8,4.665,4.835,0.081,0.084,10.59,12.0379,39.88,39.87,15.51,-0.883,-0.407,-0.611,-0.747,-0.747,-0.747,-0.815,-0.883,-0.407,-0.543,-0.679,-0.747,-0.747,-0.815,-0.883,-0.407,-0.543,-0.747,-0.747,-0.747,-0.815,-0.883,-0.407,-0.611,-0.747,-0.747,-0.747,-0.815,226,554
"2019-04-15 11:09:20.0",783943,3100,104.9,4.733,4.901,0.083,0.085,10.48,12.0379,39.88,39.87,15.48,-0.883,-0.407,-0.543,-0.679,-0.747,-0.747,-0.815,-0.883,-0.34,-0.543,-0.679,-0.679,-0.747,-0.747,-0.883,-0.407,-0.543,-0.679,-0.747,-0.747,-0.815,-0.883,-0.34,-0.543,-0.679,-0.747,-0.679,-0.815,226,554
"2019-04-15 11:09:40.0",783944,3100,104.9,4.801,4.967,0.084,0.087,10.36,12.049,39.88,39.87,15.46,-0.883,-0.34,-0.543,-0.679,-0.679,-0.679,-0.815,-0.883,-0.34,-0.543,-0.679,-0.679,-0.747,-0.815,-0.883,-0.34,-0.543,-0.679,-0.679,-0.679,-0.747,-0.883,-0.34,-0.543,-0.679,-0.679,-0.679,-0.747,227,553
"2019-04-15 11:10:00.0",783945,3100,105,4.869,5.034,0.085,0.088,10.25,12.049,39.88,39.87,15.46,-0.883,-0.34,-0.475,-0.679,-0.679,-0.679,-0.815,-0.883,-0.34,-0.475,-0.679,-0.679,-0.679,-0.815,-0.883,-0.272,-0.475,-0.679,-0.679,-0.679,-0.815,-0.883,-0.272,-0.475,-0.679,-0.679,-0.679,-0.815,227,553
"2019-04-15 11:10:20.0",783946,3100,105,4.937,5.1,0.086,0.089,10.14,12.049,39.88,39.87,15.43,-0.883,-0.272,-0.475,-0.679,-0.679,-0.679,-0.815,-0.883,-0.204,-0.475,-0.611,-0.679,-0.679,-0.815,-0.883,-0.204,-0.475,-0.611,-0.679,-0.679,-0.747,-0.883,-0.204,-0.475,-0.679,-0.679,-0.679,-0.747,227,553
"2019-04-15 11:10:40.0",783947,3100,105.1,5.005,5.166,0.087,0.09,10.03,12.049,39.88,39.87,15.41,-0.883,-0.136,-0.407,-0.611,-0.611,-0.611,-0.815,-0.883,-0.136,-0.407,-0.611,-0.611,-0.611,-0.815,-0.883,-0.136,-0.407,-0.611,-0.611,-0.611,-0.815,-0.883,-0.136,-0.407,-0.611,-0.611,-0.611,-0.815,227,553
"2019-04-15 11:11:00.0",783948,3100,105.1,5.074,5.233,0.088,0.091,9.93,12.049,39.88,39.87,15.41,-0.883,0,-0.34,-0.543,-0.543,-0.611,-0.747,-0.883,0.068,-0.34,-0.543,-0.543,-0.543,-0.747,-0.883,0.068,-0.34,-0.543,-0.543,-0.543,-0.815,-0.883,0.136,-0.34,-0.543,-0.543,-0.543,-0.747,227,553
"2019-04-15 11:11:20.0",783949,3110,105.1,5.142,5.299,0.09,0.092,9.82,12.0379,39.88,39.87,15.39,-0.883,0.272,-0.136,-0.475,-0.475,-0.543,-0.747,-0.883,0.272,-0.136,-0.475,-0.475,-0.475,-0.747,-0.883,0.34,-0.136,-0.475,-0.475,-0.475,-0.747,-0.883,0.34,-0.136,-0.475,-0.475,-0.475,-0.747,228,552
"2019-04-15 11:11:40.0",783950,3110,105.2,5.21,5.366,0.091,0.094,9.72,12.0435,39.88,39.89,15.36,-0.883,0.543,0,-0.407,-0.407,-0.407,-0.747,-0.883,0.611,0,-0.407,-0.407,-0.407,-0.747,-0.883,0.543,0,-0.407,-0.407,-0.407,-0.679,-0.883,0.611,0.068,-0.407,-0.407,-0.407,-0.747,228,552
"2019-04-15 11:12:00.0",783951,3110,105.2,5.278,5.432,0.092,0.095,9.62,12.0379,39.88,39.87,15.34,-0.883,0.747,0.136,-0.34,-0.272,-0.34,-0.679,-0.815,0.747,0.204,-0.34,-0.272,-0.34,-0.679,-0.883,0.747,0.204,-0.34,-0.272,-0.34,-0.679,-0.883,0.747,0.204,-0.34,-0.272,-0.34,-0.679,228,552
"2019-04-15 11:12:20.0",783952,3110,105.3,5.346,5.498,0.093,0.096,9.52,12.0384,39.88,39.87,15.34,-0.815,0.951,0.272,-0.204,-0.204,-0.204,-0.611,-0.815,1.019,0.407,-0.204,-0.136,-0.136,-0.611,-0.815,0.951,0.34,-0.204,-0.136,-0.204,-0.679,-0.815,1.019,0.407,-0.204,-0.136,-0.204,-0.611,228,552
"2019-04-15 11:12:40.0",783953,3110,105.3,5.414,5.565,0.094,0.097,9.43,12.0384,39.88,39.89,15.31,-0.815,1.222,0.543,-0.068,0,0,-0.543,-0.815,1.222,0.611,0,0.068,0.068,-0.543,-0.747,1.29,0.611,0,0.068,0.068,-0.543,-0.815,1.29,0.611,0,0.068,0.068,-0.543,228,552
"2019-04-15 11:13:00.0",783954,3110,105.4,5.482,5.631,0.096,0.098,9.33,12.0384,39.88,39.87,15.31,-0.747,1.426,0.747,0.136,0.204,0.272,-0.543,-0.747,1.494,0.815,0.136,0.272,0.34,-0.475,-0.747,1.494,0.815,0.136,0.272,0.272,-0.475,-0.747,1.494,0.815,0.204,0.272,0.272,-0.475,228,552
"2019-04-15 11:13:20.0",783955,3120,105.4,5.55,5.698,0.097,0.099,9.24,12.0495,39.88,39.87,15.29,-0.679,1.698,0.951,0.272,0.407,0.543,-0.407,-0.679,1.63,1.019,0.34,0.475,0.543,-0.407,-0.679,1.63,1.019,0.34,0.475,0.543,-0.407,-0.679,1.698,1.019,0.34,0.475,0.543,-0.407,229,551
"2019-04-15 11:13:40.0",783956,3120,105.5,5.618,5.764,0.098,0.1,9.15,12.0495,39.88,39.87,15.26,-0.679,1.766,1.087,0.407,0.611,0.679,-0.407,-0.679,1.766,1.087,0.407,0.611,0.747,-0.407,-0.679,1.698,1.087,0.407,0.611,0.679,-0.407,-0.679,1.766,1.087,0.407,0.611,0.679,-0.407,229,551
"2019-04-15 11:14:00.0",783957,3120,105.5,5.686,5.831,0.099,0.102,9.06,12.0554,39.89,39.87,15.24,-0.679,1.63,1.019,0.408,0.543,0.679,-0.408,-0.679,1.63,1.019,0.408,0.543,0.747,-0.408,-0.611,1.63,1.019,0.408,0.543,0.747,-0.408,-0.679,1.63,1.019,0.408,0.543,0.747,-0.408,229,551
"2019-04-15 11:14:20.0",783958,3120,105.6,5.754,5.897,0.1,0.103,8.97,12.0499,39.89,39.87,15.21,-0.611,1.63,1.087,0.408,0.611,0.815,-0.408,-0.611,1.562,1.087,0.408,0.611,0.815,-0.408,-0.611,1.562,1.019,0.408,0.611,0.815,-0.408,-0.611,1.562,1.019,0.408,0.611,0.747,-0.408,229,551
"2019-04-15 11:14:40.0",783959,3120,105.6,5.822,5.964,0.101,0.104,8.89,12.0499,39.89,39.87,15.21,-0.611,1.562,1.019,0.408,0.543,0.747,-0.408,-0.611,1.562,0.951,0.408,0.543,0.815,-0.408,-0.611,1.494,0.951,0.408,0.543,0.815,-0.408,-0.611,1.494,0.951,0.408,0.543,0.747,-0.408,229,551
"2019-04-15 11:15:00.0",783960,3130,105.7,5.89,6.03,0.103,0.105,8.8,12.0499,39.89,39.87,15.19,-0.679,1.426,0.883,0.34,0.475,0.747,-0.408,-0.611,1.426,0.883,0.34,0.475,0.747,-0.408,-0.611,1.426,0.883,0.34,0.475,0.747,-0.408,-0.679,1.358,0.883,0.34,0.475,0.747,-0.408,230,550
"2019-04-15 11:15:20.0",783961,3130,105.7,5.958,6.097,0.104,0.106,8.72,12.0443,39.89,39.87,15.17,-0.679,1.29,0.815,0.272,0.408,0.679,-0.408,-0.679,1.29,0.815,0.272,0.408,0.679,-0.408,-0.679,1.223,0.815,0.272,0.408,0.679,-0.408,-0.679,1.223,0.747,0.272,0.408,0.611,-0.408,230,550
"2019-04-15 11:15:40.0",783962,3130,105.7,6.026,6.164,0.105,0.107,8.64,12.039,39.89,39.87,15.14,-0.679,1.155,0.747,0.204,0.34,0.611,-0.408,-0.679,1.155,0.679,0.204,0.34,0.679,-0.408,-0.679,1.155,0.679,0.204,0.34,0.611,-0.475,-0.679,1.155,0.679,0.204,0.34,0.611,-0.408,230,550
"2019-04-15 11:16:00.0",783963,3130,105.8,6.094,6.23,0.106,0.109,8.56,12.039,39.89,39.87,15.12,-0.679,1.155,0.679,0.204,0.34,0.611,-0.408,-0.679,1.155,0.679,0.204,0.34,0.679,-0.408,-0.679,1.087,0.679,0.204,0.34,0.611,-0.475,-0.679,1.087,0.679,0.204,0.34,0.611,-0.475,230,550
"2019-04-15 11:16:20.0",783964,3130,105.8,6.162,6.297,0.107,0.11,8.48,12.039,39.89,39.87,15.12,-0.679,1.155,0.611,0.204,0.34,0.611,-0.475,-0.679,1.087,0.611,0.204,0.34,0.611,-0.475,-0.679,1.087,0.679,0.204,0.34,0.611,-0.408,-0.679,1.087,0.611,0.136,0.34,0.611,-0.408,230,550
"2019-04-15 11:16:40.0",783965,3130,105.9,6.23,6.363,0.109,0.111,8.4,12.0502,39.89,39.89,15.09,-0.679,1.155,0.679,0.204,0.34,0.679,-0.408,-0.679,1.087,0.679,0.204,0.34,0.611,-0.475,-0.679,1.087,0.679,0.204,0.34,0.679,-0.475,-0.679,1.087,0.679,0.204,0.34,0.679,-0.475,231,549
"2019-04-15 11:17:00.0",783966,3130,105.9,6.297,6.43,0.11,0.112,8.33,12.0502,39.89,39.87,15.07,-0.679,1.155,0.747,0.204,0.34,0.679,-0.475,-0.679,1.155,0.747,0.204,0.408,0.747,-0.408,-0.679,1.155,0.747,0.272,0.408,0.747,-0.475,-0.679,1.155,0.747,0.204,0.408,0.679,-0.475,231,549
"2019-04-15 11:17:20.0",783967,3130,106,6.365,6.496,0.111,0.113,8.25,12.0504,39.89,39.87,15.07,-0.679,1.29,0.815,0.272,0.475,0.815,-0.475,-0.679,1.29,0.815,0.34,0.475,0.815,-0.408,-0.679,1.29,0.815,0.34,0.475,0.815,-0.408,-0.679,1.29,0.815,0.34,0.475,0.815,-0.408,231,549
"2019-04-15 11:17:40.0",783968,3130,106,6.433,6.563,0.112,0.114,8.18,12.0504,39.89,39.87,15.04,-0.611,1.426,0.951,0.408,0.543,0.883,-0.408,-0.611,1.426,0.951,0.408,0.611,0.951,-0.408,-0.611,1.426,0.951,0.408,0.611,0.951,-0.408,-0.611,1.426,0.951,0.408,0.611,0.951,-0.408,231,549
"2019-04-15 11:18:00.0",783969,3130,106.1,6.5,6.629,0.113,0.115,8.11,12.0504,39.89,39.87,15.02,-0.611,1.63,1.155,0.543,0.747,1.087,-0.34,-0.611,1.63,1.155,0.611,0.747,1.155,-0.34,-0.611,1.63,1.155,0.611,0.815,1.087,-0.34,-0.543,1.698,1.223,0.611,0.815,1.155,-0.34,231,549
"2019-04-15 11:18:20.0",783970,3130,106.1,6.568,6.696,0.114,0.117,8.04,12.0504,39.89,39.88,15,-0.543,1.902,1.426,0.815,1.019,1.358,-0.272,-0.543,1.902,1.426,0.815,1.087,1.426,-0.272,-0.543,1.902,1.494,0.815,1.087,1.426,-0.272,-0.543,1.97,1.494,0.815,1.019,1.426,-0.272,231,549
"2019-04-15 11:18:40.0",783971,3140,106.2,6.636,6.762,0.116,0.118,7.968,12.0392,39.87,39.87,15,-0.475,2.038,1.562,0.883,1.155,1.562,-0.204,-0.475,2.106,1.562,0.951,1.223,1.562,-0.272,-0.475,2.038,1.562,0.951,1.223,1.562,-0.204,-0.475,2.038,1.562,0.883,1.155,1.562,-0.204,232,548
"2019-04-15 11:19:00.0",783972,3140,106.2,6.704,6.829,0.117,0.119,7.899,12.0394,39.87,39.88,14.97,-0.475,2.038,1.562,0.883,1.155,1.562,-0.204,-0.475,1.97,1.494,0.883,1.155,1.562,-0.272,-0.475,1.97,1.494,0.883,1.155,1.562,-0.204,-0.475,1.902,1.494,0.883,1.155,1.494,-0.272,232,548
"2019-04-15 11:19:20.0",783973,3140,106.3,6.771,6.896,0.118,0.12,7.831,12.0394,39.86,39.87,14.95,-0.475,1.97,1.494,0.883,1.155,1.562,-0.204,-0.475,1.97,1.494,0.883,1.155,1.562,-0.204,-0.475,1.97,1.494,0.883,1.155,1.562,-0.204,-0.475,1.902,1.494,0.883,1.155,1.562,-0.204,232,548
"2019-04-15 11:19:40.0",783974,3140,106.3,6.839,6.962,0.119,0.121,7.765,12.0394,39.86,39.9,14.92,-0.475,2.038,1.562,0.951,1.223,1.698,-0.204,-0.475,1.97,1.63,0.951,1.223,1.698,-0.204,-0.475,1.97,1.63,0.951,1.291,1.698,-0.204,-0.475,1.97,1.63,0.951,1.291,1.698,-0.204,232,548
"2019-04-15 11:20:00.0",783975,3140,106.4,6.907,7.029,0.12,0.122,7.7,12.0394,39.86,39.87,14.92,-0.475,2.173,1.834,1.155,1.494,1.902,-0.136,-0.408,2.241,1.834,1.223,1.494,1.902,-0.136,-0.408,2.241,1.834,1.223,1.494,1.97,-0.136,-0.408,2.241,1.834,1.223,1.494,1.97,-0.136,232,548
"2019-04-15 11:20:20.0",783976,3150,106.4,6.975,7.096,0.121,0.124,7.636,12.0506,39.86,39.87,14.9,-0.408,2.513,2.106,1.426,1.766,2.241,0,-0.408,2.513,2.173,1.426,1.834,2.241,-0.068,-0.408,2.513,2.173,1.426,1.834,2.241,0,-0.408,2.513,2.173,1.426,1.834,2.241,-0.068,233,547
"2019-04-15 11:20:40.0",783977,3150,106.4,7.042,7.162,0.123,0.125,7.572,12.0507,39.86,39.87,14.88,-0.408,2.377,2.106,1.426,1.766,2.241,-0.068,-0.408,2.377,2.038,1.426,1.766,2.241,-0.068,-0.408,2.309,2.038,1.358,1.766,2.241,-0.068,-0.408,2.309,1.97,1.358,1.698,2.241,-0.136,233,547
"2019-04-15 11:21:00.0",783978,3150,106.5,7.11,7.229,0.124,0.126,7.51,12.0507,39.86,39.87,14.85,-0.475,2.106,1.902,1.291,1.63,2.174,-0.136,-0.475,2.106,1.902,1.291,1.63,2.106,-0.136,-0.475,2.106,1.834,1.291,1.63,2.174,-0.136,-0.475,2.106,1.834,1.291,1.63,2.106,-0.136,233,547
"2019-04-15 11:21:20.0",783979,3150,106.5,7.178,7.296,0.125,0.127,7.449,12.0619,39.86,39.87,14.83,-0.543,2.038,1.902,1.291,1.63,2.174,-0.136,-0.543,2.038,1.834,1.291,1.63,2.174,-0.136,-0.543,2.038,1.834,1.291,1.63,2.174,-0.136,-0.543,2.038,1.834,1.291,1.63,2.174,-0.204,233,547
"2019-04-15 11:21:40.0",783980,3150,106.6,7.245,7.362,0.126,0.128,7.389,12.0619,39.86,39.87,14.8,-0.611,1.766,1.63,1.155,1.494,2.038,-0.272,-0.611,1.698,1.562,1.087,1.426,1.97,-0.272,-0.611,1.698,1.562,1.087,1.426,1.97,-0.204,-0.611,1.63,1.494,1.087,1.358,1.902,-0.272,233,547
"2019-04-15 11:22:00.0",783981,3150,106.6,7.313,7.429,0.127,0.129,7.329,12.0619,39.86,39.87,14.78,-0.679,1.562,1.494,1.019,1.291,1.902,-0.272,-0.611,1.562,1.426,1.019,1.358,1.97,-0.34,-0.611,1.562,1.494,1.019,1.358,1.902,-0.272,-0.611,1.562,1.426,1.019,1.358,1.902,-0.272,233,547
"2019-04-15 11:22:20.0",783982,3150,106.7,7.38,7.496,0.128,0.13,7.271,12.0397,39.86,39.87,14.75,-0.679,1.562,1.494,1.087,1.426,2.038,-0.34,-0.679,1.562,1.426,1.087,1.426,1.97,-0.34,-0.679,1.494,1.426,1.087,1.426,1.97,-0.34,-0.679,1.494,1.426,1.087,1.358,1.97,-0.34,234,546
"2019-04-15 11:22:40.0",783983,3150,106.7,7.448,7.562,0.13,0.132,7.214,12.0397,39.86,39.87,14.75,-0.747,1.358,1.358,1.019,1.358,1.902,-0.408,-0.747,1.358,1.358,1.019,1.291,1.902,-0.408,-0.747,1.291,1.291,0.951,1.291,1.902,-0.408,-0.747,1.291,1.291,0.951,1.291,1.834,-0.408,234,546
"2019-04-15 11:23:00.0",783984,3150,106.8,7.516,7.629,0.131,0.133,7.157,12.0397,39.86,39.87,14.73,-0.747,1.155,1.155,0.883,1.155,1.766,-0.408,-0.747,1.087,1.155,0.815,1.155,1.698,-0.408,-0.747,1.087,1.087,0.815,1.155,1.766,-0.408,-0.747,1.019,1.087,0.815,1.155,1.698,-0.408,234,546
"2019-04-15 11:23:20.0",783985,3150,106.8,7.583,7.695,0.132,0.134,7.101,12.0397,39.86,39.87,14.71,-0.815,0.883,0.951,0.679,1.019,1.562,-0.475,-0.815,0.883,0.951,0.679,1.019,1.562,-0.475,-0.815,0.883,0.883,0.679,0.951,1.562,-0.475,-0.815,0.815,0.883,0.679,0.951,1.562,-0.475,234,546
"2019-04-15 11:23:40.0",783986,3150,106.9,7.65,7.761,0.133,0.135,7.047,12.0397,39.86,39.87,14.68,-0.815,0.679,0.747,0.543,0.815,1.426,-0.543,-0.815,0.611,0.747,0.543,0.815,1.358,-0.543,-0.815,0.611,0.679,0.543,0.747,1.358,-0.543,-0.815,0.611,0.679,0.475,0.747,1.358,-0.543,234,546
"2019-04-15 11:24:00.0",783987,3160,106.9,7.717,7.828,0.134,0.136,6.993,12.0509,39.86,39.88,14.68,-0.883,0.475,0.543,0.408,0.679,1.223,-0.611,-0.883,0.543,0.543,0.408,0.679,1.223,-0.543,-0.883,0.475,0.543,0.408,0.679,1.223,-0.611,-0.883,0.475,0.543,0.408,0.611,1.155,-0.611,235,545
"2019-04-15 11:24:20.0",783988,3160,107,7.785,7.894,0.135,0.137,6.939,12.0509,39.86,39.89,14.66,-0.883,0.408,0.475,0.34,0.611,1.155,-0.611,-0.883,0.408,0.475,0.34,0.611,1.155,-0.611,-0.883,0.408,0.475,0.34,0.611,1.155,-0.611,-0.883,0.408,0.475,0.34,0.543,1.155,-0.611,235,545
"2019-04-15 11:24:40.0",783989,3160,107,7.852,7.961,0.137,0.139,6.887,12.0509,39.86,39.88,14.64,-0.883,0.408,0.475,0.34,0.543,1.087,-0.611,-0.883,0.34,0.475,0.34,0.543,1.087,-0.679,-0.883,0.34,0.475,0.34,0.543,1.087,-0.611,-0.883,0.408,0.475,0.34,0.543,1.019,-0.611,235,545
"2019-04-15 11:25:00.0",783990,3160,107.1,7.92,8.03,0.138,0.14,6.835,12.0509,39.86,39.88,14.61,-0.883,0.272,0.408,0.272,0.543,1.019,-0.679,-0.883,0.34,0.408,0.272,0.543,1.019,-0.679,-0.883,0.34,0.408,0.272,0.475,1.019,-0.611,-0.883,0.34,0.408,0.272,0.543,1.019,-0.679,235,545
"2019-04-15 11:25:20.0",783991,3160,107.1,7.987,8.09,0.139,0.141,6.784,12.0509,39.86,39.88,14.61,-0.883,0.34,0.408,0.272,0.543,1.019,-0.679,-0.883,0.34,0.408,0.34,0.543,1.019,-0.679,-0.883,0.34,0.408,0.34,0.543,1.019,-0.679,-0.883,0.34,0.408,0.272,0.543,1.019,-0.679,235,545
"2019-04-15 11:25:40.0",783992,3170,107.2,8.05,8.16,0.14,0.142,6.734,12.0399,39.86,39.87,14.59,-0.883,0.34,0.408,0.272,0.543,1.019,-0.679,-0.883,0.272,0.408,0.272,0.475,0.951,-0.679,-0.883,0.272,0.408,0.272,0.475,1.019,-0.679,-0.883,0.272,0.34,0.272,0.475,1.019,-0.679,236,544
"2019-04-15 11:26:00.0",783993,3170,107.2,8.12,8.23,0.141,0.143,6.684,12.0399,39.86,39.87,14.56,-0.883,0.34,0.408,0.272,0.543,1.019,-0.679,-0.883,0.34,0.408,0.34,0.543,1.019,-0.679,-0.883,0.34,0.408,0.272,0.543,1.019,-0.679,-0.883,0.34,0.408,0.272,0.543,1.019,-0.679,236,544
"2019-04-15 11:26:20.0",783994,3170,107.2,8.19,8.29,0.142,0.144,6.635,12.0399,39.86,39.87,14.56,-0.883,0.34,0.475,0.34,0.543,1.019,-0.679,-0.883,0.408,0.475,0.34,0.543,1.087,-0.611,-0.883,0.408,0.475,0.34,0.543,1.087,-0.679,-0.883,0.408,0.475,0.34,0.543,1.019,-0.679,236,544
"2019-04-15 11:26:40.0",783995,3170,107.3,8.26,8.36,0.144,0.145,6.587,12.0399,39.86,39.87,14.54,-0.883,0.408,0.475,0.34,0.611,1.087,-0.611,-0.883,0.475,0.475,0.34,0.611,1.087,-0.611,-0.883,0.408,0.543,0.34,0.611,1.087,-0.679,-0.883,0.475,0.475,0.34,0.611,1.087,-0.679,236,544
"2019-04-15 11:27:00.0",783996,3170,107.3,8.32,8.43,0.145,0.147,6.54,12.0399,39.86,39.87,14.52,-0.883,0.475,0.543,0.408,0.611,1.155,-0.679,-0.883,0.543,0.543,0.408,0.679,1.155,-0.611,-0.883,0.543,0.543,0.408,0.611,1.155,-0.611,-0.883,0.543,0.543,0.408,0.611,1.155,-0.611,236,544
"2019-04-15 11:27:20.0",783997,3170,107.4,8.39,8.49,0.146,0.148,6.493,12.0399,39.86,39.88,14.52,-0.883,0.543,0.543,0.475,0.679,1.223,-0.611,-0.883,0.543,0.611,0.475,0.679,1.155,-0.611,-0.883,0.543,0.611,0.475,0.679,1.223,-0.611,-0.883,0.543,0.611,0.408,0.679,1.223,-0.611,236,544
"2019-04-15 11:27:40.0",783998,3170,107.4,8.46,8.56,0.147,0.149,6.447,12.0511,39.86,39.89,14.49,-0.883,0.611,0.679,0.475,0.747,1.291,-0.611,-0.883,0.611,0.679,0.543,0.747,1.291,-0.611,-0.883,0.611,0.679,0.543,0.747,1.291,-0.543,-0.883,0.611,0.679,0.543,0.747,1.291,-0.611,237,543
"2019-04-15 11:28:00.0",783999,3170,107.5,8.53,8.63,0.148,0.15,6.401,12.0511,39.86,39.88,14.47,-0.883,0.815,0.815,0.611,0.883,1.494,-0.611,-0.883,0.815,0.815,0.679,0.883,1.426,-0.611,-0.883,0.815,0.815,0.679,0.883,1.494,-0.543,-0.883,0.815,0.883,0.679,0.951,1.494,-0.611,237,543
"2019-04-15 11:28:20.0",784000,3170,107.5,8.59,8.69,0.149,0.151,6.356,12.0511,39.86,39.88,14.47,-0.883,0.883,0.951,0.747,1.019,1.63,-0.543,-0.883,0.883,0.951,0.747,1.019,1.562,-0.543,-0.883,0.883,0.951,0.747,1.019,1.63,-0.543,-0.883,0.883,0.951,0.747,1.019,1.562,-0.543,237,543
"2019-04-15 11:28:40.0",784001,3170,107.6,8.66,8.76,0.151,0.152,6.312,12.0511,39.86,39.88,14.44,-0.883,0.951,0.951,0.747,1.087,1.698,-0.543,-0.883,0.951,1.019,0.815,1.087,1.698,-0.543,-0.883,0.951,1.019,0.815,1.087,1.698,-0.475,-0.883,0.883,1.019,0.815,1.087,1.698,-0.543,237,543
"2019-04-15 11:29:00.0",784002,3170,107.6,8.73,8.83,0.152,0.153,6.268,12.0511,39.86,39.87,14.42,-0.883,1.087,1.155,0.883,1.223,1.834,-0.475,-0.883,1.087,1.155,0.883,1.223,1.834,-0.543,-0.883,1.087,1.155,0.883,1.223,1.834,-0.475,-0.883,1.087,1.155,0.883,1.223,1.834,-0.475,237,543
"2019-04-15 11:29:20.0",784003,3180,107.7,8.8,8.89,0.153,0.155,6.226,12.04,39.86,39.87,14.42,-0.883,1.155,1.223,1.019,1.291,1.97,-0.475,-0.883,1.155,1.291,1.019,1.359,1.97,-0.475,-0.815,1.155,1.291,1.019,1.359,1.97,-0.475,-0.883,1.223,1.291,1.019,1.291,1.97,-0.475,238,542
"2019-04-15 11:29:40.0",784004,3180,107.7,8.86,8.96,0.154,0.156,6.183,12.04,39.86,39.87,14.4,-0.883,1.291,1.291,1.087,1.359,2.106,-0.408,-0.815,1.291,1.359,1.087,1.359,2.106,-0.408,-0.815,1.291,1.291,1.087,1.359,2.106,-0.408,-0.815,1.223,1.291,1.087,1.359,2.038,-0.475,238,542
"2019-04-15 11:30:00.0",784005,3180,107.8,8.93,9.03,0.155,0.157,6.141,12.04,39.86,39.87,14.37,-0.815,1.359,1.494,1.223,1.562,2.242,-0.408,-0.815,1.426,1.494,1.223,1.562,2.309,-0.408,-0.815,1.426,1.494,1.223,1.562,2.309,-0.408,-0.815,1.426,1.562,1.223,1.562,2.309,-0.408,238,542
"2019-04-15 11:30:20.0",784006,3180,107.8,9,9.09,0.156,0.158,6.1,12.04,39.86,39.87,14.37,-0.815,1.562,1.63,1.359,1.698,2.513,-0.408,-0.815,1.562,1.698,1.359,1.766,2.513,-0.408,-0.815,1.562,1.63,1.359,1.698,2.513,-0.408,-0.815,1.562,1.63,1.359,1.698,2.513,-0.408,238,542
"2019-04-15 11:30:40.0",784007,3180,107.9,9.06,9.16,0.158,0.159,6.059,12.04,39.86,39.88,14.35,-0.815,1.63,1.834,1.494,1.902,2.717,-0.34,-0.815,1.698,1.834,1.494,1.902,2.785,-0.34,-0.815,1.698,1.834,1.494,1.902,2.785,-0.272,-0.815,1.698,1.834,1.494,1.902,2.785,-0.34,238,542
"2019-04-15 11:31:00.0",784008,3180,107.9,9.13,9.23,0.159,0.16,6.019,12.04,39.86,39.88,14.32,-0.815,1.97,2.174,1.834,2.242,3.125,-0.272,-0.747,2.038,2.242,1.834,2.242,3.193,-0.272,-0.747,2.038,2.242,1.834,2.31,3.193,-0.204,-0.747,2.106,2.242,1.834,2.31,3.193,-0.272,238,542
"2019-04-15 11:31:20.0",784009,3200,108,9.2,9.29,0.16,0.161,5.979,12.0512,39.86,39.88,14.32,-0.747,2.31,2.513,2.106,2.649,3.6,-0.136,-0.747,2.377,2.581,2.174,2.649,3.6,-0.136,-0.747,2.31,2.581,2.174,2.649,3.6,-0.136,-0.747,2.31,2.581,2.174,2.649,3.6,-0.136,239,541
"2019-04-15 11:31:40.0",784010,3200,108,9.27,9.36,0.161,0.163,5.94,12.0512,39.86,39.88,14.3,-0.747,2.581,2.853,2.377,2.921,3.94,-0.068,-0.747,2.581,2.853,2.445,2.921,3.94,0,-0.747,2.581,2.853,2.445,2.989,3.94,-0.068,-0.747,2.581,2.853,2.377,2.921,3.94,-0.068,239,541
"2019-04-15 11:32:00.0",784011,3200,108.1,9.33,9.42,0.162,0.164,5.901,12.0512,39.86,39.88,14.28,-0.679,2.717,2.989,2.581,3.125,4.212,0,-0.679,2.717,3.057,2.581,3.125,4.212,0.068,-0.679,2.717,2.989,2.581,3.125,4.212,0,-0.679,2.717,2.989,2.581,3.125,4.212,0.068,239,541
"2019-04-15 11:32:20.0",784012,3200,108.1,9.4,9.49,0.163,0.165,5.863,12.0512,39.86,39.89,14.28,-0.679,2.853,3.125,2.717,3.261,4.415,0.068,-0.679,2.785,3.125,2.717,3.261,4.348,0.068,-0.679,2.785,3.125,2.717,3.261,4.348,0.068,-0.679,2.785,3.125,2.649,3.261,4.348,0.068,239,541
"2019-04-15 11:32:40.0",784013,3200,108.2,9.47,9.56,0.164,0.166,5.825,12.0512,39.86,39.88,14.23,-0.679,2.853,3.193,2.785,3.329,4.551,0.068,-0.679,2.853,3.193,2.785,3.329,4.483,0.068,-0.679,2.853,3.193,2.717,3.329,4.483,0.068,-0.679,2.785,3.125,2.717,3.329,4.415,0,239,541
"2019-04-15 11:33:00.0",784014,3200,108.2,9.53,9.62,0.166,0.167,5.788,12.04,39.86,39.88,14.23,-0.747,2.853,3.261,2.853,3.464,4.619,0.068,-0.747,2.853,3.261,2.853,3.464,4.619,0,-0.747,2.853,3.329,2.853,3.464,4.619,0.068,-0.747,2.853,3.261,2.853,3.464,4.551,0,240,540
"2019-04-15 11:33:20.0",784015,3200,108.3,9.6,9.69,0.167,0.168,5.751,12.04,39.86,39.88,14.21,-0.747,2.989,3.464,2.989,3.668,4.823,0.068,-0.747,2.989,3.464,2.989,3.668,4.823,0,-0.747,2.989,3.397,2.989,3.6,4.823,0,-0.747,2.989,3.397,2.989,3.6,4.755,0,240,540
"2019-04-15 11:33:40.0",784016,3200,108.3,9.67,9.76,0.168,0.169,5.715,12.04,39.86,39.88,14.18,-0.747,2.853,3.329,2.921,3.532,4.687,-0.068,-0.747,2.785,3.261,2.853,3.464,4.619,-0.068,-0.747,2.853,3.261,2.853,3.464,4.551,-0.068,-0.747,2.785,3.193,2.785,3.397,4.551,-0.136,240,540
"2019-04-15 11:34:00.0",784017,3200,108.3,9.73,9.82,0.169,0.171,5.679,12.0401,39.86,39.88,14.18,-0.815,2.649,3.057,2.717,3.329,4.416,-0.136,-0.815,2.581,3.057,2.649,3.261,4.348,-0.204,-0.815,2.581,2.989,2.649,3.193,4.348,-0.204,-0.815,2.513,2.921,2.581,3.193,4.28,-0.204,240,540
"2019-04-15 11:34:20.0",784018,3200,108.4,9.8,9.89,0.17,0.172,5.644,12.0456,39.86,39.88,14.16,-0.883,2.31,2.717,2.446,2.989,4.076,-0.272,-0.815,2.242,2.649,2.378,2.921,4.008,-0.34,-0.815,2.31,2.649,2.378,2.921,3.94,-0.272,-0.815,2.242,2.649,2.31,2.853,3.94,-0.34,240,540
"2019-04-15 11:34:40.0",784019,3200,108.4,9.87,9.96,0.171,0.173,5.609,12.0401,39.86,39.88,14.13,-0.883,2.174,2.581,2.31,2.853,3.872,-0.34,-0.883,2.106,2.581,2.242,2.785,3.804,-0.408,-0.883,2.106,2.513,2.242,2.785,3.804,-0.408,-0.883,2.106,2.446,2.242,2.717,3.804,-0.408,240,540
"2019-04-15 11:35:00.0",784020,3210,108.5,9.94,10.02,0.173,0.174,5.574,12.0512,39.85,39.88,14.11,-0.883,1.97,2.31,2.106,2.581,3.6,-0.408,-0.883,1.902,2.31,2.038,2.513,3.532,-0.408,-0.883,1.902,2.31,2.038,2.513,3.465,-0.408,-0.883,1.834,2.242,2.038,2.513,3.465,-0.408,241,539
"2019-04-15 11:35:20.0",784021,3210,108.5,10,10.09,0.174,0.175,5.54,12.0512,39.85,39.88,14.11,-0.883,1.766,2.106,1.902,2.31,3.329,-0.476,-0.883,1.698,2.038,1.834,2.31,3.261,-0.476,-0.883,1.698,2.038,1.834,2.242,3.261,-0.476,-0.883,1.63,2.038,1.834,2.242,3.193,-0.476,241,539
"2019-04-15 11:35:40.0",784022,3210,108.6,10.07,10.16,0.175,0.176,5.507,12.0512,39.85,39.87,14.09,-0.883,1.63,1.97,1.766,2.174,3.125,-0.476,-0.883,1.63,1.902,1.698,2.174,3.125,-0.476,-0.883,1.63,1.97,1.698,2.174,3.057,-0.476,-0.883,1.562,1.902,1.698,2.174,3.057,-0.476,241,539
"2019-04-15 11:36:00.0",784023,3210,108.6,10.14,10.22,0.176,0.177,5.473,12.0512,39.84,39.87,14.06,-0.883,1.495,1.834,1.698,2.106,3.057,-0.543,-0.883,1.495,1.834,1.63,2.038,2.989,-0.543,-0.883,1.495,1.834,1.63,2.038,2.921,-0.543,-0.883,1.495,1.834,1.63,2.038,2.921,-0.543,241,539
"2019-04-15 11:36:20.0",784024,3210,108.7,10.2,10.29,0.177,0.179,5.44,12.0512,39.86,39.87,14.04,-0.883,1.495,1.834,1.63,2.038,2.989,-0.543,-0.883,1.427,1.766,1.63,2.038,2.921,-0.543,-0.883,1.495,1.766,1.63,1.97,2.921,-0.543,-0.883,1.427,1.766,1.562,1.97,2.921,-0.543,241,539
"2019-04-15 11:36:40.0",784025,3220,108.7,10.27,10.35,0.178,0.18,5.408,12.0401,39.86,39.87,14.04,-0.883,1.495,1.834,1.63,2.038,2.989,-0.543,-0.883,1.495,1.834,1.63,2.038,2.921,-0.543,-0.883,1.427,1.834,1.63,2.038,2.921,-0.543,-0.883,1.427,1.766,1.63,2.038,2.921,-0.543,242,538
"2019-04-15 11:37:00.0",784026,3220,108.8,10.34,10.42,0.179,0.181,5.376,12.0401,39.86,39.87,14.01,-0.883,1.562,1.902,1.698,2.106,3.057,-0.543,-0.883,1.495,1.834,1.698,2.106,3.057,-0.543,-0.883,1.562,1.902,1.698,2.106,3.057,-0.543,-0.883,1.562,1.834,1.698,2.106,2.989,-0.543,242,538
"2019-04-15 11:37:20.0",784027,3220,108.8,10.4,10.49,0.181,0.182,5.344,12.0401,39.86,39.87,14.01,-0.883,1.562,1.97,1.766,2.174,3.125,-0.543,-0.883,1.63,1.97,1.766,2.174,3.125,-0.543,-0.883,1.562,1.97,1.766,2.174,3.125,-0.543,-0.883,1.562,1.97,1.766,2.174,3.125,-0.543,242,538
"2019-04-15 11:37:40.0",784028,3220,108.9,10.47,10.55,0.182,0.183,5.313,12.0401,39.86,39.89,13.99,-0.883,1.698,2.038,1.834,2.31,3.261,-0.543,-0.883,1.698,2.038,1.834,2.31,3.261,-0.476,-0.883,1.63,2.038,1.834,2.31,3.261,-0.543,-0.883,1.698,2.038,1.834,2.31,3.193,-0.543,242,538
"2019-04-15 11:38:00.0",784029,3220,108.9,10.54,10.62,0.183,0.184,5.282,12.0401,39.86,39.87,13.97,-0.883,1.698,2.038,1.902,2.31,3.329,-0.476,-0.883,1.63,2.038,1.834,2.31,3.261,-0.476,-0.883,1.698,2.038,1.834,2.31,3.261,-0.543,-0.883,1.63,1.97,1.834,2.242,3.261,-0.543,242,538
"2019-04-15 11:38:20.0",784030,3220,109,10.6,10.69,0.184,0.185,5.251,12.0513,39.86,39.87,13.94,-0.883,1.766,2.174,1.97,2.446,3.397,-0.476,-0.883,1.766,2.174,1.97,2.446,3.397,-0.476,-0.883,1.766,2.174,1.97,2.446,3.397,-0.476,-0.883,1.766,2.174,1.97,2.446,3.397,-0.476,243,537
"2019-04-15 11:38:40.0",784031,3220,109,10.67,10.75,0.185,0.187,5.221,12.0513,39.86,39.87,13.94,-0.883,1.97,2.378,2.174,2.649,3.6,-0.408,-0.883,1.97,2.378,2.174,2.649,3.668,-0.476,-0.883,1.97,2.378,2.174,2.649,3.6,-0.476,-0.883,1.97,2.378,2.174,2.649,3.6,-0.476,243,537
"2019-04-15 11:39:00.0",784032,3220,109.1,10.74,10.82,0.186,0.188,5.191,12.0457,39.86,39.87,13.92,-0.883,2.106,2.514,2.31,2.785,3.804,-0.476,-0.883,2.106,2.581,2.31,2.785,3.804,-0.476,-0.883,2.106,2.514,2.31,2.785,3.804,-0.408,-0.883,2.106,2.514,2.242,2.785,3.736,-0.476,243,537
"2019-04-15 11:39:20.0",784033,3220,109.1,10.8,10.88,0.187,0.189,5.162,12.0513,39.86,39.87,13.92,-0.883,2.242,2.649,2.378,2.921,3.94,-0.408,-0.883,2.242,2.649,2.378,2.921,3.94,-0.408,-0.883,2.174,2.649,2.378,2.921,3.94,-0.408,-0.883,2.242,2.649,2.378,2.921,3.872,-0.408,243,537
"2019-04-15 11:39:40.0",784034,3220,109.2,10.87,10.95,0.189,0.19,5.132,12.0513,39.86,39.89,13.9,-0.883,2.378,2.785,2.514,3.057,4.144,-0.408,-0.883,2.378,2.853,2.514,3.057,4.076,-0.408,-0.883,2.378,2.853,2.514,3.057,4.076,-0.408,-0.883,2.378,2.785,2.514,3.057,4.076,-0.408,243,537
"2019-04-15 11:40:00.0",784035,3220,109.2,10.94,11.02,0.19,0.191,5.103,12.0513,39.86,39.87,13.87,-0.883,2.514,2.989,2.717,3.261,4.28,-0.408,-0.883,2.514,2.989,2.649,3.193,4.28,-0.408,-0.883,2.581,2.989,2.649,3.193,4.212,-0.408,-0.883,2.514,2.921,2.649,3.193,4.212,-0.408,243,537
"2019-04-15 11:40:20.0",784036,3230,109.3,11,11.08,0.191,0.192,5.075,12.0401,39.86,39.87,13.87,-0.883,2.649,3.057,2.785,3.329,4.348,-0.408,-0.883,2.649,3.125,2.785,3.329,4.348,-0.408,-0.883,2.649,3.057,2.717,3.329,4.348,-0.408,-0.883,2.649,3.057,2.717,3.329,4.28,-0.408,244,536
"2019-04-15 11:40:40.0",784037,3230,109.3,11.07,11.15,0.192,0.193,5.047,12.0401,39.86,39.87,13.85,-0.883,2.717,3.125,2.785,3.397,4.416,-0.408,-0.883,2.717,3.125,2.785,3.329,4.416,-0.408,-0.883,2.649,3.125,2.785,3.329,4.348,-0.408,-0.883,2.649,3.057,2.717,3.329,4.28,-0.408,244,536
"2019-04-15 11:41:00.0",784038,3230,109.4,11.14,11.21,0.193,0.194,5.019,12.0401,39.86,39.87,13.85,-0.883,2.717,3.193,2.853,3.397,4.484,-0.408,-0.883,2.717,3.125,2.853,3.397,4.416,-0.408,-0.883,2.717,3.125,2.785,3.329,4.348,-0.408,-0.883,2.717,3.125,2.785,3.329,4.348,-0.408,244,536
"2019-04-15 11:41:20.0",784039,3230,109.4,11.2,11.28,0.194,0.196,4.991,12.0401,39.85,39.89,13.8,-0.883,2.785,3.193,2.853,3.465,4.484,-0.408,-0.883,2.785,3.193,2.853,3.465,4.416,-0.408,-0.883,2.717,3.193,2.853,3.397,4.416,-0.408,-0.883,2.717,3.125,2.853,3.397,4.348,-0.408,244,536
"2019-04-15 11:41:40.0",784040,3230,109.5,11.27,11.35,0.195,0.197,4.964,12.0401,39.86,39.87,13.78,-0.883,2.785,3.125,2.853,3.397,4.348,-0.408,-0.883,2.717,3.125,2.785,3.329,4.28,-0.408,-0.883,2.649,3.125,2.717,3.329,4.212,-0.408,-0.883,2.717,3.057,2.717,3.261,4.212,-0.408,244,536
"2019-04-15 11:42:00.0",784041,3230,109.5,11.34,11.41,0.197,0.198,4.937,12.0513,39.84,39.87,13.78,-0.883,2.649,2.989,2.649,3.193,4.076,-0.408,-0.883,2.582,2.921,2.582,3.125,4.008,-0.408,-0.883,2.514,2.921,2.582,3.125,4.008,-0.408,-0.883,2.514,2.853,2.582,3.057,3.94,-0.408,245,535
"2019-04-15 11:42:20.0",784042,3230,109.6,11.4,11.48,0.198,0.199,4.91,12.0513,39.84,39.87,13.75,-0.883,2.514,2.853,2.514,3.057,3.872,-0.408,-0.883,2.514,2.853,2.514,2.989,3.804,-0.476,-0.883,2.446,2.785,2.446,2.989,3.736,-0.476,-0.883,2.446,2.785,2.446,2.921,3.736,-0.476,245,535
"2019-04-15 11:42:40.0",784043,3230,109.6,11.47,11.54,0.199,0.2,4.884,12.0513,39.84,39.87,13.75,-0.883,2.378,2.717,2.378,2.853,3.601,-0.476,-0.883,2.378,2.649,2.31,2.853,3.601,-0.476,-0.883,2.31,2.582,2.31,2.785,3.533,-0.476,-0.883,2.31,2.582,2.31,2.785,3.533,-0.476,245,535
"2019-04-15 11:43:00.0",784044,3230,109.7,11.54,11.61,0.2,0.201,4.858,12.0513,39.84,39.87,13.73,-0.883,2.174,2.514,2.174,2.649,3.329,-0.476,-0.883,2.174,2.446,2.106,2.582,3.261,-0.543,-0.883,2.174,2.446,2.106,2.582,3.261,-0.543,-0.883,2.106,2.378,2.106,2.514,3.193,-0.543,245,535
"2019-04-15 11:43:20.0",784045,3230,109.7,11.6,11.68,0.201,0.202,4.832,12.0513,39.84,39.87,13.73,-0.883,2.038,2.31,1.97,2.446,3.057,-0.543,-0.883,2.038,2.242,1.97,2.378,2.989,-0.543,-0.883,2.038,2.242,1.902,2.378,2.989,-0.543,-0.883,1.97,2.174,1.902,2.31,2.921,-0.543,245,535
"2019-04-15 11:43:40.0",784046,3230,109.8,11.67,11.74,0.202,0.204,4.806,12.0513,39.85,39.87,13.71,-0.883,1.902,2.106,1.834,2.242,2.785,-0.543,-0.883,1.834,2.038,1.766,2.174,2.717,-0.611,-0.883,1.834,2.038,1.766,2.106,2.717,-0.611,-0.883,1.766,1.97,1.698,2.106,2.649,-0.543,245,535
"2019-04-15 11:44:00.0",784047,3240,109.8,11.73,11.81,0.203,0.205,4.781,12.0401,39.84,39.87,13.68,-0.883,1.698,1.834,1.563,1.97,2.446,-0.611,-0.883,1.63,1.834,1.563,1.902,2.446,-0.611,-0.883,1.63,1.766,1.495,1.902,2.378,-0.611,-0.883,1.563,1.766,1.495,1.834,2.378,-0.611,246,534
"2019-04-15 11:44:20.0",784048,3240,109.9,11.8,11.87,0.205,0.206,4.756,12.0401,39.85,39.89,13.68,-0.883,1.495,1.63,1.359,1.698,2.174,-0.679,-0.883,1.427,1.563,1.359,1.63,2.106,-0.679,-0.883,1.427,1.563,1.291,1.63,2.106,-0.679,-0.883,1.359,1.563,1.291,1.63,2.106,-0.679,246,534
"2019-04-15 11:44:40.0",784049,3240,109.9,11.87,11.94,0.206,0.207,4.731,12.0401,39.84,39.87,13.66,-0.883,1.291,1.359,1.155,1.495,1.902,-0.679,-0.883,1.291,1.359,1.155,1.427,1.902,-0.679,-0.883,1.223,1.291,1.087,1.427,1.834,-0.679,-0.883,1.223,1.291,1.087,1.427,1.834,-0.679,246,534
"2019-04-15 11:45:00.0",784050,3240,110,11.93,12.01,0.207,0.208,4.707,12.0401,39.85,39.87,13.66,-0.883,1.155,1.223,1.019,1.291,1.698,-0.747,-0.883,1.155,1.223,1.019,1.291,1.698,-0.747,-0.883,1.087,1.155,0.951,1.291,1.63,-0.679,-0.883,1.087,1.155,1.019,1.223,1.63,-0.679,246,534
"2019-04-15 11:45:20.0",784051,3240,110,12,12.07,0.208,0.209,4.683,12.0401,39.84,39.87,13.64,-0.951,0.951,1.087,0.883,1.155,1.495,-0.679,-0.883,0.951,1.019,0.883,1.087,1.495,-0.747,-0.883,0.951,1.019,0.815,1.087,1.427,-0.679,-0.883,0.951,1.019,0.815,1.087,1.427,-0.679,246,534
"2019-04-15 11:45:40.0",784052,3240,110.1,12.07,12.14,0.209,0.21,4.659,12.0513,39.84,39.87,13.64,-0.951,0.883,0.883,0.747,0.951,1.359,-0.679,-0.883,0.883,0.951,0.747,0.951,1.291,-0.747,-0.883,0.883,0.883,0.747,0.951,1.291,-0.747,-0.883,0.815,0.883,0.679,0.951,1.291,-0.679,247,533
"2019-04-15 11:46:00.0",784053,3240,110.1,12.13,12.2,0.21,0.211,4.635,12.0513,39.84,39.87,13.61,-0.951,0.815,0.883,0.679,0.883,1.291,-0.747,-0.883,0.815,0.815,0.679,0.883,1.223,-0.747,-0.951,0.815,0.883,0.679,0.883,1.223,-0.747,-0.883,0.747,0.815,0.611,0.883,1.223,-0.747,247,533
"2019-04-15 11:46:20.0",784054,3240,110.2,12.2,12.27,0.211,0.213,4.612,12.0513,39.84,39.87,13.61,-0.951,0.747,0.815,0.679,0.883,1.223,-0.747,-0.951,0.815,0.815,0.611,0.883,1.155,-0.747,-0.883,0.747,0.815,0.611,0.815,1.223,-0.747,-0.951,0.747,0.815,0.611,0.815,1.155,-0.747,247,533
"2019-04-15 11:46:40.0",784055,3240,110.2,12.26,12.34,0.212,0.214,4.589,12.0457,39.84,39.87,13.59,-0.951,0.815,0.815,0.679,0.883,1.223,-0.747,-0.951,0.815,0.815,0.679,0.883,1.223,-0.747,-0.951,0.815,0.815,0.611,0.883,1.155,-0.747,-0.951,0.815,0.815,0.611,0.815,1.223,-0.747,247,533
"2019-04-15 11:47:00.0",784056,3240,110.3,12.33,12.4,0.214,0.215,4.566,12.0513,39.84,39.87,13.59,-0.951,0.815,0.883,0.679,0.883,1.291,-0.747,-0.951,0.883,0.815,0.679,0.883,1.223,-0.679,-0.951,0.815,0.883,0.679,0.883,1.223,-0.747,-0.951,0.815,0.883,0.679,0.883,1.223,-0.747,247,533
"2019-04-15 11:47:20.0",784057,3260,110.3,12.4,12.47,0.215,0.216,4.543,12.0402,39.84,39.87,13.56,-0.951,0.883,0.883,0.679,0.951,1.291,-0.679,-0.951,0.883,0.883,0.679,0.951,1.291,-0.679,-0.951,0.883,0.883,0.679,0.883,1.223,-0.679,-0.951,0.883,0.883,0.679,0.883,1.223,-0.679,248,532
"2019-04-15 11:47:40.0",784058,3260,110.4,12.46,12.53,0.216,0.217,4.52,12.0346,39.84,39.87,13.54,-0.951,0.951,0.951,0.747,0.951,1.359,-0.747,-0.951,0.951,0.951,0.747,1.019,1.359,-0.747,-0.951,0.951,0.951,0.747,0.951,1.359,-0.747,-0.951,0.951,0.951,0.747,0.951,1.291,-0.679,248,532
"2019-04-15 11:48:00.0",784059,3260,110.4,12.53,12.6,0.217,0.218,4.498,12.0402,39.84,39.87,13.54,-0.951,1.087,1.087,0.883,1.087,1.427,-0.679,-0.951,1.019,1.087,0.815,1.087,1.495,-0.679,-0.951,1.087,1.087,0.815,1.087,1.427,-0.679,-0.951,1.087,1.087,0.815,1.087,1.427,-0.747,248,532
"2019-04-15 11:48:20.0",784060,3260,110.5,12.6,12.66,0.218,0.219,4.476,12.0402,39.84,39.87,13.52,-0.951,1.155,1.155,0.883,1.155,1.563,-0.679,-0.951,1.155,1.155,0.883,1.155,1.563,-0.679,-0.951,1.155,1.155,0.883,1.155,1.563,-0.679,-0.951,1.155,1.087,0.883,1.155,1.563,-0.679,248,532
"2019-04-15 11:48:40.0",784061,3260,110.5,12.66,12.73,0.219,0.22,4.454,12.0402,39.84,39.87,13.52,-0.951,1.291,1.291,1.019,1.223,1.63,-0.679,-0.951,1.223,1.291,1.019,1.223,1.698,-0.679,-0.951,1.291,1.291,1.019,1.223,1.63,-0.679,-0.951,1.223,1.223,1.019,1.223,1.63,-0.611,248,532
"2019-04-15 11:49:00.0",784062,3260,110.6,12.73,12.8,0.22,0.221,4.432,12.0402,39.82,39.87,13.49,-0.951,1.427,1.427,1.155,1.427,1.834,-0.611,-0.951,1.427,1.427,1.155,1.359,1.834,-0.679,-0.951,1.427,1.427,1.155,1.359,1.766,-0.679,-0.951,1.427,1.427,1.155,1.359,1.766,-0.611,248,532
"2019-04-15 11:49:20.0",784063,3260,110.6,12.79,12.86,0.221,0.223,4.411,12.0513,39.84,39.89,13.49,-0.951,1.495,1.495,1.223,1.495,1.902,-0.679,-0.951,1.495,1.495,1.155,1.427,1.834,-0.611,-0.951,1.495,1.495,1.155,1.427,1.834,-0.679,-0.951,1.495,1.427,1.155,1.427,1.834,-0.679,249,531
"2019-04-15 11:49:40.0",784064,3260,110.7,12.86,12.93,0.223,0.224,4.39,12.0513,39.82,39.87,13.47,-0.951,1.495,1.495,1.223,1.495,1.834,-0.679,-0.951,1.495,1.495,1.223,1.427,1.834,-0.679,-0.951,1.495,1.495,1.155,1.427,1.834,-0.679,-0.951,1.563,1.495,1.155,1.427,1.834,-0.611,249,531
"2019-04-15 11:50:00.0",784065,3260,110.7,12.93,12.99,0.224,0.225,4.369,12.0513,39.82,39.87,13.45,-0.951,1.63,1.63,1.291,1.63,1.97,-0.611,-0.951,1.63,1.63,1.291,1.563,1.902,-0.679,-0.951,1.63,1.63,1.291,1.563,1.902,-0.611,-0.951,1.63,1.563,1.291,1.563,1.902,-0.679,249,531
"2019-04-15 11:50:20.0",784066,3260,110.8,12.99,13.06,0.225,0.226,4.348,12.0457,39.82,39.87,13.45,-0.951,1.495,1.495,1.223,1.495,1.834,-0.679,-0.951,1.495,1.427,1.155,1.427,1.834,-0.679,-0.951,1.495,1.427,1.155,1.427,1.834,-0.679,-0.951,1.495,1.427,1.155,1.359,1.766,-0.679,249,531
"2019-04-15 11:50:40.0",784067,3260,110.8,13.06,13.12,0.226,0.227,4.327,12.0513,39.82,39.87,13.45,-0.951,1.427,1.427,1.087,1.359,1.766,-0.679,-0.951,1.359,1.359,1.087,1.359,1.698,-0.679,-0.951,1.359,1.359,1.087,1.359,1.698,-0.679,-0.951,1.359,1.359,1.087,1.359,1.698,-0.679,249,531
"2019-04-15 11:51:00.0",784068,3270,110.9,13.12,13.19,0.227,0.228,4.307,12.0402,39.84,39.87,13.42,-0.951,1.427,1.359,1.087,1.359,1.698,-0.679,-0.951,1.359,1.359,1.019,1.291,1.63,-0.679,-0.951,1.291,1.291,1.019,1.291,1.63,-0.747,-0.951,1.359,1.291,1.019,1.223,1.63,-0.679,250,530
"2019-04-15 11:51:20.0",784069,3270,110.9,13.19,13.26,0.228,0.229,4.287,12.0402,39.82,39.87,13.4,-0.951,1.223,1.223,0.951,1.223,1.563,-0.747,-0.951,1.223,1.155,0.951,1.155,1.495,-0.747,-0.951,1.223,1.155,0.883,1.155,1.495,-0.679,-0.951,1.155,1.155,0.883,1.155,1.495,-0.747,250,530
"2019-04-15 11:51:40.0",784070,3270,111,13.25,13.32,0.229,0.23,4.267,12.0402,39.84,39.87,13.4,-0.951,1.087,1.087,0.815,1.087,1.427,-0.747,-0.951,1.087,1.087,0.815,1.019,1.427,-0.747,-0.951,1.087,1.019,0.815,1.019,1.427,-0.747,-0.951,1.087,1.019,0.815,1.019,1.359,-0.747,250,530
"2019-04-15 11:52:00.0",784071,3270,111,13.32,13.39,0.23,0.232,4.247,12.0402,39.81,39.87,13.38,-0.951,1.087,1.087,0.815,1.087,1.427,-0.747,-0.951,1.087,1.087,0.815,1.087,1.359,-0.747,-0.951,1.087,1.087,0.815,1.019,1.359,-0.747,-0.951,1.019,1.019,0.815,1.019,1.359,-0.747,250,530
"2019-04-15 11:52:20.0",784072,3270,111.1,13.39,13.45,0.232,0.233,4.228,12.0406,39.81,39.87,13.35,-0.951,1.019,0.951,0.747,0.951,1.291,-0.747,-0.951,0.951,0.951,0.747,0.951,1.291,-0.747,-0.951,0.951,0.951,0.747,0.951,1.291,-0.747,-0.951,0.951,0.951,0.679,0.951,1.223,-0.747,250,530
"2019-04-15 11:52:40.0",784073,3270,111.1,13.45,13.52,0.233,0.234,4.208,12.0406,39.81,39.87,13.35,-0.951,0.883,0.951,0.679,0.883,1.291,-0.747,-0.951,0.951,0.883,0.679,0.883,1.223,-0.747,-0.951,0.883,0.883,0.679,0.883,1.223,-0.747,-0.951,0.883,0.883,0.679,0.883,1.223,-0.747,250,530
"2019-04-15 11:53:00.0",784074,3280,111.2,13.52,13.58,0.234,0.235,4.189,12.0517,39.81,39.87,13.33,-0.951,0.951,0.951,0.747,0.951,1.291,-0.747,-0.951,0.951,0.951,0.747,0.951,1.291,-0.747,-0.951,0.951,0.951,0.747,0.951,1.291,-0.747,-0.951,0.951,0.951,0.747,0.951,1.291,-0.747,251,529
"2019-04-15 11:53:20.0",784075,3280,111.2,13.58,13.65,0.235,0.236,4.17,12.0517,39.81,39.87,13.33,-0.951,1.019,1.019,0.815,1.019,1.427,-0.747,-0.951,1.019,1.019,0.815,1.019,1.427,-0.747,-0.951,1.019,1.019,0.815,1.019,1.359,-0.747,-0.951,1.019,1.019,0.815,1.019,1.359,-0.747,251,529
"2019-04-15 11:53:40.0",784076,3280,111.3,13.65,13.71,0.236,0.237,4.151,12.0517,39.81,39.87,13.3,-0.951,1.223,1.223,1.019,1.223,1.63,-0.679,-0.951,1.223,1.223,1.019,1.223,1.563,-0.747,-0.951,1.223,1.223,0.951,1.223,1.563,-0.747,-0.951,1.223,1.155,0.951,1.223,1.563,-0.747,251,529
"2019-04-15 11:54:00.0",784077,3280,111.3,13.71,13.78,0.237,0.238,4.133,12.0516,39.81,39.88,13.3,-0.951,1.223,1.291,1.019,1.291,1.63,-0.747,-0.951,1.155,1.223,1.019,1.223,1.63,-0.747,-0.951,1.223,1.223,1.019,1.223,1.63,-0.747,-0.951,1.223,1.223,1.019,1.223,1.63,-0.747,251,529
"2019-04-15 11:54:20.0",784078,3280,111.4,13.78,13.84,0.238,0.239,4.114,12.0516,39.82,39.88,13.28,-0.951,1.291,1.291,1.087,1.359,1.766,-0.679,-0.951,1.223,1.291,1.087,1.359,1.766,-0.747,-0.951,1.291,1.291,1.087,1.359,1.766,-0.747,-0.951,1.223,1.291,1.087,1.291,1.766,-0.747,251,529
"2019-04-15 11:54:40.0",784079,3280,111.4,13.85,13.91,0.239,0.24,4.096,12.0405,39.81,39.88,13.26,-0.951,1.359,1.427,1.155,1.427,1.902,-0.679,-0.951,1.359,1.427,1.155,1.427,1.902,-0.747,-0.951,1.359,1.359,1.155,1.427,1.902,-0.747,-0.951,1.359,1.359,1.155,1.427,1.902,-0.679,252,528
"2019-04-15 11:55:00.0",784080,3280,111.5,13.91,13.97,0.24,0.241,4.078,12.0349,39.81,39.88,13.26,-0.951,1.427,1.495,1.223,1.495,2.038,-0.679,-0.951,1.427,1.495,1.223,1.495,2.038,-0.679,-0.951,1.427,1.495,1.223,1.495,2.038,-0.679,-0.951,1.427,1.427,1.223,1.495,2.038,-0.679,252,528
"2019-04-15 11:55:20.0",784081,3280,111.5,13.98,14.04,0.242,0.243,4.06,12.0405,39.81,39.88,13.23,-0.951,1.63,1.698,1.427,1.698,2.31,-0.679,-0.951,1.63,1.766,1.427,1.766,2.31,-0.679,-0.951,1.698,1.698,1.427,1.766,2.378,-0.679,-0.951,1.63,1.698,1.427,1.766,2.31,-0.679,252,528
"2019-04-15 11:55:40.0",784082,3280,111.6,14.04,14.11,0.243,0.244,4.042,12.0408,39.81,39.88,13.23,-0.951,1.902,2.038,1.698,2.038,2.65,-0.611,-0.951,1.902,2.038,1.698,2.038,2.65,-0.611,-0.951,1.902,2.038,1.698,2.038,2.65,-0.611,-0.951,1.902,1.97,1.698,2.038,2.65,-0.611,252,528
"2019-04-15 11:56:00.0",784083,3280,111.6,14.11,14.17,0.244,0.245,4.024,12.052,39.81,39.88,13.21,-0.951,2.038,2.174,1.834,2.174,2.921,-0.611,-0.951,2.038,2.174,1.834,2.174,2.853,-0.543,-0.951,2.038,2.174,1.834,2.174,2.853,-0.543,-0.951,1.97,2.106,1.834,2.174,2.853,-0.543,252,528
"2019-04-15 11:56:20.0",784084,3290,111.7,14.17,14.24,0.245,0.246,4.007,12.0464,39.81,39.88,13.21,-0.951,2.242,2.378,2.038,2.378,3.125,-0.543,-0.951,2.174,2.31,1.97,2.378,3.125,-0.543,-0.951,2.174,2.31,2.038,2.378,3.125,-0.543,-0.951,2.174,2.31,1.97,2.378,3.125,-0.543,253,527
"2019-04-15 11:56:40.0",784085,3290,111.7,14.24,14.3,0.246,0.247,3.989,12.0631,39.81,39.88,13.19,-0.951,2.582,2.785,2.378,2.785,3.601,-0.476,-0.951,2.65,2.853,2.446,2.853,3.669,-0.476,-0.951,2.717,2.785,2.446,2.853,3.669,-0.476,-0.951,2.65,2.785,2.446,2.853,3.669,-0.476,253,527
"2019-04-15 11:57:00.0",784086,3290,111.8,14.31,14.37,0.247,0.248,3.972,12.052,39.81,39.9,13.19,-0.951,3.057,3.261,2.853,3.329,4.144,-0.408,-0.951,3.057,3.261,2.853,3.329,4.144,-0.408,-0.951,3.057,3.261,2.853,3.329,4.144,-0.408,-0.951,3.057,3.329,2.853,3.329,4.144,-0.408,253,527
"2019-04-15 11:57:20.0",784087,3290,111.8,14.37,14.43,0.248,0.249,3.955,12.0519,39.8,39.88,13.16,-0.951,3.465,3.669,3.193,3.737,4.62,-0.408,-0.951,3.465,3.737,3.261,3.804,4.62,-0.408,-0.951,3.465,3.737,3.261,3.804,4.688,-0.408,-0.951,3.465,3.669,3.261,3.737,4.688,-0.408,253,527
"2019-04-15 11:57:40.0",784088,3290,111.9,14.44,14.5,0.249,0.25,3.938,12.0463,39.8,39.88,13.16,-0.951,3.804,4.076,3.601,4.144,5.095,-0.408,-0.951,3.804,4.076,3.533,4.076,5.027,-0.34,-0.951,3.804,4.076,3.533,4.144,5.027,-0.34,-0.951,3.737,4.008,3.533,4.076,5.027,-0.34,253,527
"2019-04-15 11:58:00.0",784089,3290,111.9,14.5,14.56,0.25,0.251,3.922,12.0519,39.8,39.88,13.14,-0.951,3.737,4.008,3.465,4.076,5.027,-0.34,-0.951,3.601,3.94,3.465,4.008,5.027,-0.34,-0.883,3.601,3.872,3.397,3.94,4.959,-0.408,-0.951,3.533,3.804,3.397,3.872,4.891,-0.408,253,527
"2019-04-15 11:58:20.0",784090,3300,112,14.57,14.63,0.252,0.253,3.905,12.0519,39.8,39.88,13.14,-0.951,3.533,3.804,3.329,3.872,4.959,-0.34,-0.951,3.533,3.804,3.329,3.872,4.959,-0.34,-0.951,3.533,3.737,3.329,3.872,4.891,-0.34,-0.951,3.465,3.737,3.329,3.804,4.891,-0.408,254,526
"2019-04-15 11:58:40.0",784091,3300,112,14.63,14.69,0.253,0.254,3.889,12.0407,39.8,39.88,13.12,-0.951,3.872,4.212,3.669,4.28,5.299,-0.34,-0.951,3.804,4.076,3.601,4.144,5.231,-0.272,-0.883,3.737,4.076,3.533,4.144,5.163,-0.34,-0.951,3.669,3.94,3.533,4.076,5.095,-0.34,254,526
"2019-04-15 11:59:00.0",784092,3300,112.1,14.7,14.76,0.254,0.255,3.872,12.0354,39.81,39.88,13.09,-0.951,3.533,3.804,3.329,3.872,5.027,-0.34,-0.951,3.465,3.804,3.329,3.872,4.959,-0.34,-0.951,3.465,3.804,3.329,3.872,4.959,-0.34,-0.951,3.465,3.804,3.329,3.872,4.959,-0.34,254,526
"2019-04-15 11:59:20.0",784093,3300,112.1,14.76,14.82,0.255,0.256,3.856,12.041,39.81,39.88,13.09,-0.883,4.076,4.484,3.94,4.552,5.639,-0.272,-0.883,4.144,4.484,3.94,4.552,5.571,-0.272,-0.883,4.076,4.416,3.872,4.484,5.503,-0.272,-0.883,4.008,4.348,3.872,4.484,5.435,-0.34,254,526
"2019-04-15 11:59:40.0",784094,3300,112.2,14.83,14.89,0.256,0.257,3.84,12.041,39.81,39.88,13.07,-0.951,3.533,3.804,3.397,3.94,5.027,-0.34,-0.951,3.397,3.669,3.261,3.804,4.824,-0.408,-0.951,3.397,3.669,3.261,3.737,4.824,-0.34,-0.951,3.329,3.601,3.193,3.737,4.756,-0.408,254,526
