"TOA5","","","1764","CR1000.Std.24","CPU:MFRSR_10012018V2.8.CR1","13574","TableHdr","PbCdlComm-1.6.0 (2016/01/26)"
"TIMESTAMP","RECORD","loggerID""headID""xpgmVerID""xlat""xlon""xSiteElev""xFULLREV""xCRXHSTEPS""xSCANseconds""xSCANnAvg""xSCANtrough""xHOMEoffset""xALLTIMEband"
"TS","RN","--""--""--""deg""deg""m""--""--""sec""--""--""--""--"
"","","Smp""Smp""Smp""Smp""Smp""Smp""Smp""Smp""Smp""Smp""Smp""Smp""Smp"
"2019-04-16 00:00:00.0",372,1764,180054423,2.8,-32.1259,-64.7287,1160,800,20,20,1,10,0,-1
"TOA5","","","1764","CR1000.Std.24","CPU:MFRSR_10012018V2.8.CR1","13574","Table155","PbCdlComm-1.6.0 (2016/01/26)"
"TIMESTAMP","RECORD","xoset""az""el""al""cosz""cosasz""pamass""vBat""Thead""THTC""Tlogger""Dnadir(1)""Dnadir(2)""Dnadir(3)""Dnadir(4)""Dnadir(5)""Dnadir(6)""Dnadir(7)""Deast(1)""Deast(2)""Deast(3)""Deast(4)""Deast(5)""Deast(6)""Deast(7)""Dsun(1)""Dsun(2)""Dsun(3)""Dsun(4)""Dsun(5)""Dsun(6)""Dsun(7)""Dwest(1)""Dwest(2)""Dwest(3)""Dwest(4)""Dwest(5)""Dwest(6)""Dwest(7)""kount""khome"
"TS","RN","sec""deg""deg""deg""--""--""--""Volt""degC""degC""degC""mV""mV""mV""mV""mV""mV""mV""mV""mV""mV""mV""mV""mV""mV""mV""mV""mV""mV""mV""mV""mV""mV""mV""mV""mV""mV""mV""mV""--""--"
"","","Smp""Smp""Smp""Smp""Smp""Smp""Smp""Smp""Smp""Smp""Smp""Smp""Smp""Smp""Smp""Smp""Smp""Smp""Smp""Smp""Smp""Smp""Smp""Smp""Smp""Smp""Smp""Smp""Smp""Smp""Smp""Smp""Smp""Smp""Smp""Smp""Smp""Smp""Smp""Smp""Smp"
"2019-04-16 00:00:00.0",786255,-9999,-85.5,-26.28,-26.28,-0.443,-9999,-9999,12.0437,39.92,39.9,15.75,-0.91,-1.009,-1.013,-0.951,-0.985,-0.955,-0.878,-0.9,-0.969,-0.973,-0.931,-0.951,-0.939,-0.854,-0.902,-0.993,-1.013,-0.929,-0.953,-0.953,-0.827,-0.9,-0.965,-0.995,-0.91,-0.975,-0.931,-0.823,0,0
"2019-04-16 00:00:20.0",786256,-9999,-85.5,-26.35,-26.35,-0.444,-9999,-9999,12.0381,39.92,39.9,15.75,-0.91,-0.965,-1.022,-0.943,-0.965,-0.927,-0.835,-0.9,-0.993,-1.001,-0.922,-0.939,-0.931,-0.864,-0.902,-0.967,-0.979,-0.929,-0.949,-0.927,-0.844,-0.896,-0.985,-1.003,-0.929,-0.943,-0.931,-0.831,0,700
"2019-04-16 00:00:40.0",786257,-9999,-85.4,-26.42,-26.42,-0.445,-9999,-9999,12.0381,39.93,39.9,15.75,-0.91,-0.961,-1.003,-0.945,-0.953,-0.943,-0.862,-0.904,-0.967,-0.985,-0.937,-0.949,-0.969,-0.862,-0.896,-0.961,-1.03,-0.939,-0.957,-0.959,-0.852,-0.894,-0.979,-1.003,-0.939,-0.955,-0.943,-0.823,0,0
"2019-04-16 00:01:00.0",786258,-9999,-85.4,-26.49,-26.49,-0.446,-9999,-9999,12.0381,39.92,39.9,15.75,-0.91,-1.013,-1.018,-0.955,-0.957,-0.959,-0.856,-0.894,-0.987,-1.018,-0.937,-0.969,-0.971,-0.86,-0.9,-0.993,-1.018,-0.937,-0.985,-0.967,-0.835,-0.9,-0.979,-1.028,-0.969,-0.961,-0.943,-0.827,0,0
"2019-04-16 00:01:20.0",786259,-9999,-85.3,-26.56,-26.56,-0.447,-9999,-9999,12.0381,39.92,39.9,15.75,-0.91,-1.009,-0.993,-0.947,-0.965,-0.941,-0.856,-0.894,-0.951,-1.001,-0.933,-0.947,-0.947,-0.817,-0.896,-0.985,-0.999,-0.937,-0.953,-0.933,-0.817,-0.898,-0.943,-1.018,-0.927,-0.955,-0.933,-0.817,0,0
"2019-04-16 00:01:40.0",786260,-9999,-85.3,-26.63,-26.63,-0.448,-9999,-9999,12.0437,39.94,39.9,15.75,-0.904,-0.971,-0.983,-0.939,-0.961,-0.965,-0.833,-0.896,-0.971,-0.989,-0.927,-0.949,-0.924,-0.852,-0.894,-0.977,-0.995,-0.953,-0.953,-0.92,-0.86,-0.9,-0.947,-1.016,-0.929,-0.947,-0.918,-0.854,0,0
"2019-04-16 00:02:00.0",786261,-9999,-85.2,-26.7,-26.7,-0.449,-9999,-9999,12.0381,39.92,39.9,15.75,-0.91,-0.967,-1.011,-0.945,-0.965,-0.953,-0.835,-0.803,-0.882,-0.886,-0.844,-0.86,-0.872,-0.779,-0.807,-0.91,-0.908,-0.846,-0.862,-0.87,-0.777,-0.805,-0.878,-0.9,-0.842,-0.858,-0.868,-0.753,0,700
"2019-04-16 00:02:20.0",786262,-9999,-85.2,-26.78,-26.78,-0.45,-9999,-9999,12.0385,39.92,39.9,15.75,-0.817,-0.902,-0.92,-0.854,-0.874,-0.848,-0.769,-0.815,-0.872,-0.894,-0.829,-0.864,-0.866,-0.773,-0.807,-0.888,-0.9,-0.831,-0.86,-0.868,-0.761,-0.807,-0.866,-0.88,-0.833,-0.854,-0.852,-0.724,0,0
"2019-04-16 00:02:40.0",786263,-9999,-85.1,-26.85,-26.85,-0.452,-9999,-9999,12.0385,39.94,39.9,15.73,-0.815,-0.884,-0.916,-0.844,-0.856,-0.846,-0.753,-0.809,-0.888,-0.918,-0.846,-0.874,-0.88,-0.775,-0.799,-0.904,-0.918,-0.842,-0.868,-0.886,-0.761,-0.805,-0.882,-0.912,-0.846,-0.868,-0.868,-0.763,0,0
"2019-04-16 00:03:00.0",786264,-9999,-85.1,-26.92,-26.92,-0.453,-9999,-9999,12.0385,39.94,39.9,15.73,-0.815,-0.856,-0.888,-0.846,-0.858,-0.831,-0.746,-0.803,-0.872,-0.91,-0.846,-0.874,-0.866,-0.759,-0.803,-0.886,-0.916,-0.844,-0.864,-0.88,-0.742,-0.801,-0.864,-0.884,-0.846,-0.862,-0.868,-0.742,0,0
"2019-04-16 00:03:20.0",786265,-9999,-85,-26.99,-26.99,-0.454,-9999,-9999,12.0385,39.94,39.9,15.73,-0.813,-0.896,-0.91,-0.85,-0.864,-0.848,-0.726,-0.803,-0.868,-0.882,-0.831,-0.864,-0.846,-0.734,-0.799,-0.864,-0.9,-0.835,-0.852,-0.848,-0.763,-0.801,-0.862,-0.872,-0.825,-0.852,-0.817,-0.765,0,0
"2019-04-16 00:03:40.0",786266,-9999,-85,-27.06,-27.06,-0.455,-9999,-9999,12.0385,39.94,39.9,15.73,-0.825,-0.943,-0.937,-0.864,-0.888,-0.892,-0.791,-0.819,-0.922,-0.951,-0.882,-0.878,-0.854,-0.757,-0.821,-0.882,-0.931,-0.86,-0.882,-0.862,-0.793,-0.815,-0.912,-0.929,-0.858,-0.9,-0.848,-0.785,0,700
"2019-04-16 00:04:00.0",786267,-9999,-84.9,-27.13,-27.13,-0.456,-9999,-9999,12.0388,39.94,39.89,15.73,-0.827,-0.894,-0.927,-0.864,-0.88,-0.86,-0.748,-0.821,-0.902,-0.935,-0.85,-0.87,-0.878,-0.767,-0.817,-0.874,-0.922,-0.848,-0.888,-0.876,-0.742,-0.815,-0.894,-0.912,-0.842,-0.864,-0.866,-0.732,0,0
"2019-04-16 00:04:20.0",786268,-9999,-84.9,-27.2,-27.2,-0.457,-9999,-9999,12.0388,39.94,39.9,15.73,-0.908,-0.973,-1.001,-0.929,-0.951,-0.939,-0.825,-0.9,-0.971,-0.965,-0.937,-0.949,-0.937,-0.854,-0.896,-0.987,-0.993,-0.931,-0.951,-0.937,-0.831,-0.896,-0.951,-1.001,-0.935,-0.947,-0.953,-0.825,0,0
"2019-04-16 00:04:40.0",786269,-9999,-84.8,-27.27,-27.27,-0.458,-9999,-9999,12.0444,39.94,39.89,15.73,-0.912,-1.003,-1.011,-0.945,-0.961,-0.951,-0.86,-0.896,-0.993,-1.003,-0.933,-0.979,-0.945,-0.862,-0.896,-0.961,-1.001,-0.933,-0.953,-0.937,-0.833,-0.9,-0.969,-0.993,-0.933,-0.955,-0.939,-0.815,0,0
"2019-04-16 00:05:00.0",786270,-9999,-84.8,-27.34,-27.34,-0.459,-9999,-9999,12.0444,39.94,39.9,15.73,-0.908,-0.995,-0.993,-0.937,-0.951,-0.924,-0.825,-0.894,-0.985,-0.989,-0.922,-0.945,-0.929,-0.825,-0.898,-0.943,-0.995,-0.924,-0.941,-0.929,-0.856,-0.898,-0.977,-0.969,-0.922,-0.949,-0.935,-0.84,0,0
"2019-04-16 00:05:20.0",786271,-9999,-84.8,-27.41,-27.41,-0.46,-9999,-9999,12.0444,39.94,39.9,15.73,-0.902,-0.949,-0.995,-0.937,-0.961,-0.959,-0.87,-0.9,-0.961,-1.005,-0.933,-0.953,-0.961,-0.852,-0.892,-0.985,-1.018,-0.929,-0.953,-0.941,-0.829,-0.892,-0.989,-0.995,-0.933,-0.953,-0.959,-0.821,0,700
"2019-04-16 00:05:40.0",786272,-9999,-84.7,-27.48,-27.48,-0.461,-9999,-9999,12.0387,39.94,39.91,15.73,-0.904,-0.975,-1.036,-0.949,-0.963,-0.969,-0.86,-0.902,-0.963,-1.003,-0.933,-0.971,-0.941,-0.864,-0.894,-0.981,-0.999,-0.929,-0.951,-0.914,-0.837,-0.894,-0.939,-1.016,-0.924,-0.947,-0.912,-0.805,0,0
"2019-04-16 00:06:00.0",786273,-9999,-84.7,-27.55,-27.55,-0.463,-9999,-9999,12.0387,39.92,39.91,15.7,-0.904,-0.981,-1.013,-0.949,-0.967,-0.951,-0.837,-0.819,-0.924,-0.927,-0.864,-0.88,-0.896,-0.783,-0.821,-0.878,-0.935,-0.864,-0.88,-0.866,-0.757,-0.819,-0.906,-0.929,-0.854,-0.88,-0.89,-0.783,0,0
"2019-04-16 00:06:20.0",786274,-9999,-84.6,-27.62,-27.62,-0.464,-9999,-9999,12.0498,39.92,39.91,15.7,-0.831,-0.884,-0.908,-0.87,-0.89,-0.886,-0.759,-0.819,-0.876,-0.933,-0.846,-0.866,-0.84,-0.755,-0.821,-0.878,-0.916,-0.848,-0.878,-0.835,-0.775,-0.819,-0.864,-0.908,-0.848,-0.892,-0.85,-0.767,0,0
"2019-04-16 00:06:40.0",786275,-9999,-84.6,-27.69,-27.69,-0.465,-9999,-9999,12.0387,39.92,39.91,15.7,-0.829,-0.918,-0.937,-0.866,-0.884,-0.87,-0.785,-0.823,-0.908,-0.924,-0.858,-0.88,-0.874,-0.746,-0.817,-0.874,-0.931,-0.858,-0.882,-0.878,-0.744,-0.813,-0.914,-0.906,-0.856,-0.882,-0.864,-0.783,0,0
"2019-04-16 00:07:00.0",786276,-9999,-84.5,-27.76,-27.76,-0.466,-9999,-9999,12.0387,39.92,39.91,15.7,-0.831,-0.882,-0.939,-0.868,-0.87,-0.854,-0.765,-0.817,-0.886,-0.912,-0.852,-0.868,-0.84,-0.785,-0.819,-0.914,-0.892,-0.854,-0.866,-0.837,-0.736,-0.89,-0.959,-1.011,-0.929,-0.943,-0.924,-0.809,0,700
"2019-04-16 00:07:20.0",786277,-9999,-84.5,-27.83,-27.83,-0.467,-9999,-9999,12.0441,39.94,39.91,15.7,-0.908,-0.963,-1.003,-0.927,-0.965,-0.945,-0.856,-0.896,-0.949,-0.991,-0.931,-0.949,-0.955,-0.835,-0.904,-0.995,-0.991,-0.933,-0.949,-0.937,-0.825,-0.894,-0.953,-0.989,-0.924,-0.969,-0.924,-0.858,0,0
"2019-04-16 00:07:40.0",786278,-9999,-84.4,-27.9,-27.9,-0.468,-9999,-9999,12.0386,39.91,39.91,15.7,-0.91,-0.999,-0.993,-0.939,-0.953,-0.927,-0.866,-0.896,-0.947,-0.985,-0.924,-0.971,-0.937,-0.85,-0.896,-0.989,-1.009,-0.933,-0.951,-0.931,-0.819,-0.896,-0.941,-0.991,-0.929,-0.943,-0.931,-0.815,0,0
"2019-04-16 00:08:00.0",786279,-9999,-84.4,-27.97,-27.97,-0.469,-9999,-9999,12.0441,39.91,39.91,15.7,-0.908,-0.971,-1.024,-0.953,-0.987,-0.975,-0.866,-0.898,-0.997,-0.985,-0.939,-0.957,-0.945,-0.844,-0.9,-0.965,-1.001,-0.943,-0.957,-0.933,-0.874,-0.896,-1.001,-1.003,-0.939,-0.953,-0.935,-0.852,0,0
"2019-04-16 00:08:20.0",786280,-9999,-84.3,-28.04,-28.04,-0.47,-9999,-9999,12.0441,39.91,39.91,15.7,-0.91,-0.979,-0.983,-0.941,-0.945,-0.931,-0.842,-0.9,-1.001,-0.999,-0.931,-0.949,-0.941,-0.844,-0.902,-0.949,-1.02,-0.935,-0.957,-0.955,-0.868,-0.894,-0.999,-1.001,-0.927,-0.957,-0.957,-0.848,0,0
"2019-04-16 00:08:40.0",786281,-9999,-84.3,-28.11,-28.11,-0.471,-9999,-9999,12.0386,39.91,39.89,15.7,-0.912,-1.003,-1.018,-0.945,-0.989,-0.937,-0.84,-0.9,-0.959,-0.993,-0.939,-0.955,-0.945,-0.856,-0.9,-0.997,-1.005,-0.929,-0.957,-0.939,-0.86,-0.896,-0.955,-0.997,-0.939,-0.961,-0.931,-0.821,0,700
"2019-04-16 00:09:00.0",786282,-9999,-84.2,-28.18,-28.18,-0.472,-9999,-9999,12.0385,39.92,39.91,15.7,-0.912,-0.969,-1.016,-0.949,-0.965,-0.971,-0.872,-0.898,-0.991,-0.991,-0.931,-0.949,-0.957,-0.854,-0.902,-0.957,-0.991,-0.924,-0.947,-0.929,-0.831,-0.896,-0.987,-0.993,-0.929,-0.929,-0.957,-0.819,0,0
"2019-04-16 00:09:20.0",786283,-9999,-84.2,-28.25,-28.25,-0.473,-9999,-9999,12.0385,39.91,39.91,15.7,-0.908,-1.001,-1.016,-0.953,-0.943,-0.959,-0.864,-0.9,-0.959,-0.993,-0.935,-0.961,-0.943,-0.85,-0.9,-0.985,-0.991,-0.933,-0.957,-0.937,-0.825,-0.896,-0.971,-0.977,-0.935,-0.937,-0.924,-0.817,0,0
"2019-04-16 00:09:40.0",786284,-9999,-84.1,-28.32,-28.32,-0.474,-9999,-9999,12.0441,39.91,39.91,15.7,-0.912,-0.979,-1.011,-0.947,-0.957,-0.935,-0.868,-0.894,-0.945,-0.991,-0.931,-0.967,-0.922,-0.862,-0.898,-0.957,-0.997,-0.927,-0.945,-0.914,-0.84,-0.898,-0.945,-0.989,-0.929,-0.951,-0.929,-0.815,0,0
"2019-04-16 00:10:00.0",786285,-9999,-84.1,-28.39,-28.39,-0.476,-9999,-9999,12.0385,39.92,39.89,15.7,-0.908,-0.959,-1.011,-0.971,-0.957,-0.959,-0.821,-0.894,-0.963,-0.995,-0.924,-0.973,-0.935,-0.823,-0.896,-0.989,-0.969,-0.929,-0.949,-0.929,-0.854,-0.896,-0.961,-0.993,-0.92,-0.951,-0.904,-0.844,0,0
"2019-04-16 00:10:20.0",786286,-9999,-84,-28.46,-28.46,-0.477,-9999,-9999,12.0441,39.91,39.91,15.7,-0.908,-0.977,-1.005,-0.941,-0.957,-0.963,-0.827,-0.896,-0.977,-0.977,-0.929,-0.931,-0.953,-0.827,-0.902,-0.945,-1.011,-0.931,-0.941,-0.949,-0.86,-0.894,-0.979,-0.995,-0.924,-0.939,-0.927,-0.85,0,700
"2019-04-16 00:10:40.0",786287,-9999,-84,-28.53,-28.53,-0.478,-9999,-9999,12.0384,39.92,39.89,15.7,-0.91,-1.009,-1.032,-0.951,-0.967,-0.939,-0.872,-0.896,-0.959,-0.985,-0.927,-0.951,-0.937,-0.825,-0.9,-0.967,-0.991,-0.927,-0.949,-0.935,-0.819,-0.9,-0.955,-0.985,-0.927,-0.951,-0.943,-0.854,0,0
"2019-04-16 00:11:00.0",786288,-9999,-83.9,-28.6,-28.6,-0.479,-9999,-9999,12.0384,39.92,39.9,15.7,-0.906,-0.981,-1.026,-0.947,-0.959,-0.963,-0.854,-0.898,-0.977,-0.999,-0.931,-0.951,-0.941,-0.835,-0.898,-0.989,-0.993,-0.933,-0.945,-0.922,-0.866,-0.902,-0.967,-0.997,-0.929,-0.945,-0.929,-0.858,0,0
"2019-04-16 00:11:20.0",786289,-9999,-83.9,-28.67,-28.67,-0.48,-9999,-9999,12.0384,39.94,39.9,15.7,-0.906,-0.983,-1.044,-0.943,-0.963,-0.967,-0.866,-0.894,-0.955,-1.001,-0.937,-0.959,-0.951,-0.831,-0.9,-0.973,-0.989,-0.941,-0.957,-0.929,-0.823,-0.898,-0.959,-1.016,-0.949,-0.957,-0.937,-0.866,0,0
"2019-04-16 00:11:40.0",786290,-9999,-83.8,-28.74,-28.74,-0.481,-9999,-9999,12.044,39.94,39.9,15.7,-0.908,-0.975,-1.001,-0.947,-0.963,-0.945,-0.878,-0.896,-0.995,-0.989,-0.924,-0.943,-0.943,-0.85,-0.898,-0.941,-0.983,-0.927,-0.947,-0.957,-0.817,-0.894,-0.983,-0.997,-0.927,-0.947,-0.931,-0.819,0,0
"2019-04-16 00:12:00.0",786291,-9999,-83.8,-28.81,-28.81,-0.482,-9999,-9999,12.0384,39.92,39.9,15.7,-0.906,-0.997,-1.022,-0.947,-0.965,-0.929,-0.862,-0.9,-0.967,-1.016,-0.939,-0.957,-0.949,-0.831,-0.902,-1.001,-1.03,-0.937,-0.983,-0.965,-0.848,-0.896,-0.963,-0.997,-0.935,-0.961,-0.939,-0.862,0,700
"2019-04-16 00:12:20.0",786292,-9999,-83.7,-28.88,-28.88,-0.483,-9999,-9999,12.0439,39.94,39.9,15.7,-0.908,-0.991,-0.997,-0.933,-0.977,-0.937,-0.823,-0.894,-0.953,-1.024,-0.933,-0.949,-0.941,-0.862,-0.888,-0.967,-1.013,-0.931,-0.955,-0.935,-0.846,-0.902,-0.957,-0.993,-0.939,-0.949,-0.941,-0.815,0,0
"2019-04-16 00:12:40.0",786293,-9999,-83.7,-28.95,-28.95,-0.484,-9999,-9999,12.0384,39.92,39.9,15.7,-0.906,-1.001,-1.001,-0.941,-0.959,-0.92,-0.864,-0.896,-0.953,-0.999,-0.935,-0.955,-0.961,-0.852,-0.896,-0.969,-1.003,-0.933,-0.931,-0.959,-0.825,-0.896,-0.951,-1.001,-0.939,-0.971,-0.959,-0.815,0,0
"2019-04-16 00:13:00.0",786294,-9999,-83.6,-29.02,-29.02,-0.485,-9999,-9999,12.0439,39.91,39.9,15.68,-0.908,-0.997,-0.997,-0.935,-0.959,-0.941,-0.862,-0.894,-0.981,-0.995,-0.927,-0.947,-0.953,-0.821,-0.894,-0.943,-0.997,-0.927,-0.951,-0.935,-0.821,-0.892,-0.979,-0.977,-0.931,-0.945,-0.949,-0.85,0,0
"2019-04-16 00:13:20.0",786295,-9999,-83.6,-29.09,-29.09,-0.486,-9999,-9999,12.0495,39.94,39.9,15.68,-0.908,-0.991,-1.02,-0.953,-0.951,-0.939,-0.852,-0.902,-0.997,-1.022,-0.935,-0.957,-0.965,-0.833,-0.896,-0.965,-1.011,-0.939,-0.957,-0.943,-0.858,-0.898,-0.999,-0.999,-0.935,-0.961,-0.965,-0.856,0,0
"2019-04-16 00:13:40.0",786296,-9999,-83.5,-29.16,-29.16,-0.487,-9999,-9999,12.0439,39.92,39.9,15.68,-0.908,-0.967,-1.005,-0.969,-0.967,-0.967,-0.837,-0.902,-0.971,-0.997,-0.927,-0.943,-0.937,-0.844,-0.894,-0.985,-0.963,-0.929,-0.949,-0.933,-0.821,-0.896,-0.941,-1.009,-0.929,-0.941,-0.947,-0.817,0,700
"2019-04-16 00:14:00.0",786297,-9999,-83.5,-29.23,-29.23,-0.488,-9999,-9999,12.0443,39.94,39.9,15.68,-0.904,-0.989,-1.003,-0.947,-0.967,-0.949,-0.862,-0.898,-0.999,-1.005,-0.935,-0.955,-0.945,-0.831,-0.898,-0.969,-0.991,-0.941,-0.959,-0.945,-0.866,-0.896,-0.989,-1.003,-0.937,-0.959,-0.943,-0.85,0,0
"2019-04-16 00:14:20.0",786298,-9999,-83.5,-29.31,-29.31,-0.489,-9999,-9999,12.0443,39.92,39.9,15.68,-0.91,-0.981,-1.007,-0.941,-0.941,-0.963,-0.827,-0.894,-0.959,-0.985,-0.927,-0.949,-0.929,-0.85,-0.894,-0.989,-1.016,-0.931,-0.953,-0.935,-0.811,-0.894,-0.965,-0.999,-0.927,-0.947,-0.927,-0.842,0,0
"2019-04-16 00:14:40.0",786299,-9999,-83.4,-29.38,-29.38,-0.491,-9999,-9999,12.0499,39.92,39.9,15.68,-0.914,-0.975,-1.016,-0.953,-0.967,-0.955,-0.858,-0.896,-0.959,-1.003,-0.933,-0.957,-0.945,-0.88,-0.9,-0.987,-1.026,-0.937,-0.959,-0.929,-0.856,-0.896,-0.959,-1.003,-0.935,-0.975,-0.937,-0.815,0,0
"2019-04-16 00:15:00.0",786300,-9999,-83.4,-29.45,-29.45,-0.492,-9999,-9999,12.0443,39.91,39.9,15.68,-0.912,-0.993,-1.001,-0.941,-0.953,-0.941,-0.85,-0.898,-0.941,-1.011,-0.929,-0.947,-0.957,-0.862,-0.896,-0.959,-0.999,-0.927,-0.943,-0.927,-0.858,-0.894,-0.947,-0.993,-0.922,-0.945,-0.949,-0.831,0,0
"2019-04-16 00:15:20.0",786301,-9999,-83.3,-29.52,-29.52,-0.493,-9999,-9999,12.0387,39.92,39.9,15.68,-0.91,-0.995,-0.993,-0.951,-0.963,-0.924,-0.862,-0.896,-1.005,-0.985,-0.935,-0.951,-0.949,-0.835,-0.898,-0.959,-1.005,-0.937,-0.957,-0.947,-0.817,-0.894,-0.993,-1.003,-0.937,-0.955,-0.945,-0.862,0,700
"2019-04-16 00:15:40.0",786302,-9999,-83.3,-29.59,-29.59,-0.494,-9999,-9999,12.0446,39.93,39.9,15.68,-0.906,-0.971,-1.02,-0.935,-0.957,-0.922,-0.837,-0.898,-0.995,-1.003,-0.937,-0.949,-0.969,-0.874,-0.894,-0.961,-1.005,-0.941,-0.953,-0.945,-0.846,-0.896,-0.993,-1.011,-0.933,-0.955,-0.967,-0.833,0,0
"2019-04-16 00:16:00.0",786303,-9999,-83.2,-29.66,-29.66,-0.495,-9999,-9999,12.039,39.94,39.9,15.68,-0.912,-0.967,-0.999,-0.941,-0.963,-0.947,-0.852,-0.896,-0.943,-0.991,-0.927,-0.943,-0.914,-0.817,-0.9,-0.991,-0.993,-0.924,-0.943,-0.931,-0.852,-0.896,-0.941,-1.013,-0.929,-0.949,-0.91,-0.846,0,0
"2019-04-16 00:16:20.0",786304,-9999,-83.2,-29.73,-29.73,-0.496,-9999,-9999,12.0446,39.93,39.9,15.68,-0.908,-0.989,-0.997,-0.947,-0.967,-0.975,-0.837,-0.894,-0.991,-0.993,-0.929,-0.957,-0.941,-0.866,-0.896,-0.949,-0.995,-0.929,-0.949,-0.933,-0.846,-0.896,-0.991,-0.999,-0.924,-0.969,-0.91,-0.837,0,0
"2019-04-16 00:16:40.0",786305,-9999,-83.1,-29.8,-29.8,-0.497,-9999,-9999,12.0446,39.94,39.9,15.68,-0.912,-0.959,-1.02,-0.961,-0.961,-0.937,-0.819,-0.9,-0.947,-0.993,-0.935,-0.949,-0.939,-0.842,-0.898,-0.987,-0.983,-0.933,-0.957,-0.937,-0.817,-0.892,-0.949,-1.02,-0.939,-0.953,-0.961,-0.815,0,0
"2019-04-16 00:17:00.0",786306,-9999,-83.1,-29.87,-29.87,-0.498,-9999,-9999,12.0446,39.93,39.9,15.68,-0.908,-0.989,-1.024,-0.955,-0.967,-0.939,-0.852,-0.902,-0.997,-1.003,-0.931,-0.957,-0.961,-0.85,-0.904,-0.963,-1.022,-0.935,-0.945,-0.961,-0.864,-0.894,-0.999,-0.995,-0.937,-0.953,-0.957,-0.86,0,700
"2019-04-16 00:17:20.0",786307,-9999,-83,-29.94,-29.94,-0.499,-9999,-9999,12.0444,39.91,39.9,15.65,-0.9,-0.961,-0.981,-0.937,-0.959,-0.941,-0.848,-0.892,-0.951,-1.013,-0.935,-0.955,-0.937,-0.872,-0.896,-1.003,-1.011,-0.943,-0.965,-0.943,-0.87,-0.896,-0.959,-0.989,-0.959,-0.961,-0.931,-0.848,0,0
"2019-04-16 00:17:40.0",786308,-9999,-83,-30.01,-30.01,-0.5,-9999,-9999,12.0388,39.93,39.89,15.65,-0.908,-0.953,-1.022,-0.941,-0.959,-0.939,-0.819,-0.896,-0.959,-0.997,-0.933,-0.947,-0.961,-0.854,-0.892,-0.967,-0.973,-0.935,-0.951,-0.957,-0.84,-0.894,-0.951,-0.993,-0.937,-0.955,-0.955,-0.835,0,0
"2019-04-16 00:18:00.0",786309,-9999,-82.9,-30.08,-30.08,-0.501,-9999,-9999,12.0388,39.91,39.9,15.65,-0.912,-1.003,-1.038,-0.945,-0.969,-0.953,-0.878,-0.896,-0.941,-0.985,-0.927,-0.949,-0.939,-0.831,-0.898,-0.965,-0.999,-0.924,-0.941,-0.933,-0.852,-0.892,-0.949,-0.995,-0.929,-0.947,-0.927,-0.85,0,0
"2019-04-16 00:18:20.0",786310,-9999,-82.9,-30.15,-30.15,-0.502,-9999,-9999,12.0388,39.91,39.89,15.65,-0.91,-1.011,-1.036,-0.947,-0.969,-0.961,-0.874,-0.898,-0.963,-0.993,-0.929,-0.949,-0.957,-0.825,-0.904,-0.965,-0.971,-0.929,-0.933,-0.947,-0.856,-0.898,-0.989,-1.007,-0.924,-0.941,-0.931,-0.852,0,0
"2019-04-16 00:18:40.0",786311,-9999,-82.8,-30.22,-30.22,-0.503,-9999,-9999,12.0444,39.91,39.89,15.65,-0.914,-1.011,-1.026,-0.931,-0.973,-0.935,-0.872,-0.898,-0.967,-0.997,-0.937,-0.947,-0.945,-0.842,-0.9,-0.967,-0.981,-0.929,-0.949,-0.933,-0.868,-0.896,-0.959,-1.018,-0.924,-0.947,-0.939,-0.854,0,700
"2019-04-16 00:19:00.0",786312,-9999,-82.8,-30.29,-30.29,-0.504,-9999,-9999,12.0443,39.93,39.9,15.65,-0.906,-0.969,-1.011,-0.947,-0.961,-0.953,-0.825,-0.896,-0.987,-1.009,-0.941,-0.955,-0.951,-0.87,-0.9,-1.005,-1.013,-0.941,-0.963,-0.949,-0.86,-0.9,-0.993,-1.03,-0.941,-0.955,-0.929,-0.848,0,0
"2019-04-16 00:19:20.0",786313,-9999,-82.7,-30.36,-30.36,-0.505,-9999,-9999,12.0387,39.91,39.9,15.65,-0.908,-0.975,-1.003,-0.943,-0.959,-0.943,-0.827,-0.894,-0.987,-1.011,-0.937,-0.965,-0.953,-0.868,-0.902,-0.969,-0.985,-0.939,-0.981,-0.967,-0.846,-0.902,-0.995,-1.028,-0.941,-0.953,-0.943,-0.846,0,0
"2019-04-16 00:19:40.0",786314,-9999,-82.7,-30.43,-30.43,-0.506,-9999,-9999,12.0443,39.91,39.89,15.65,-0.914,-0.999,-1.022,-0.937,-0.985,-0.939,-0.86,-0.898,-0.963,-1.007,-0.933,-0.953,-0.929,-0.838,-0.898,-0.975,-1.005,-0.939,-0.955,-0.929,-0.866,-0.898,-0.955,-1.013,-0.945,-0.977,-0.965,-0.854,0,0
"2019-04-16 00:20:00.0",786315,-9999,-82.6,-30.5,-30.5,-0.508,-9999,-9999,12.0387,39.91,39.89,15.65,-0.91,-0.983,-1.009,-0.945,-0.965,-0.965,-0.858,-0.904,-0.993,-0.995,-0.929,-0.933,-0.945,-0.835,-0.9,-0.987,-0.979,-0.933,-0.955,-0.939,-0.862,-0.9,-0.985,-0.997,-0.931,-0.951,-0.933,-0.864,0,0
"2019-04-16 00:20:20.0",786316,-9999,-82.6,-30.57,-30.57,-0.509,-9999,-9999,12.0443,39.91,39.9,15.65,-0.912,-0.977,-1.007,-0.943,-0.961,-0.953,-0.878,-0.896,-0.989,-1.009,-0.937,-0.957,-0.951,-0.866,-0.896,-0.971,-1.001,-0.935,-0.975,-0.937,-0.85,-0.892,-0.953,-1.013,-0.931,-0.949,-0.933,-0.811,0,700
"2019-04-16 00:20:40.0",786317,-9999,-82.5,-30.64,-30.64,-0.51,-9999,-9999,12.0386,39.91,39.9,15.65,-0.91,-0.973,-1.022,-0.953,-0.971,-0.941,-0.835,-0.9,-1.001,-0.989,-0.965,-0.955,-0.951,-0.884,-0.9,-0.957,-1.009,-0.922,-0.959,-0.943,-0.866,-0.9,-1.001,-1.011,-0.939,-0.959,-0.945,-0.846,0,0
"2019-04-16 00:21:00.0",786318,-9999,-82.5,-30.71,-30.71,-0.511,-9999,-9999,12.0441,39.91,39.9,15.65,-0.912,-0.995,-1.03,-0.947,-0.973,-0.979,-0.88,-0.896,-0.961,-1.034,-0.943,-0.959,-0.937,-0.87,-0.902,-0.979,-1.013,-0.941,-0.963,-0.933,-0.831,-0.906,-0.963,-1.009,-0.939,-0.959,-0.941,-0.823,0,0
"2019-04-16 00:21:20.0",786319,-9999,-82.4,-30.78,-30.78,-0.512,-9999,-9999,12.0386,39.91,39.9,15.65,-0.91,-0.971,-1.016,-0.951,-0.971,-0.953,-0.86,-0.9,-1.005,-1.005,-0.945,-0.961,-0.969,-0.842,-0.902,-0.973,-1.018,-0.943,-0.959,-0.967,-0.864,-0.906,-0.973,-1.011,-0.945,-0.955,-0.949,-0.858,0,0
"2019-04-16 00:21:40.0",786320,-9999,-82.4,-30.85,-30.85,-0.513,-9999,-9999,12.0386,39.91,39.9,15.65,-0.906,-0.991,-1.018,-0.957,-0.967,-0.973,-0.835,-0.902,-0.995,-1.02,-0.937,-0.957,-0.963,-0.882,-0.9,-0.981,-1.001,-0.931,-0.955,-0.961,-0.872,-0.9,-0.945,-0.999,-0.927,-0.965,-0.939,-0.856,0,0
"2019-04-16 00:22:00.0",786321,-9999,-82.3,-30.92,-30.92,-0.514,-9999,-9999,12.0441,39.91,39.9,15.65,-0.91,-0.975,-1.026,-0.969,-0.961,-0.937,-0.862,-0.898,-0.943,-0.993,-0.929,-0.931,-0.941,-0.829,-0.902,-0.959,-1.024,-0.933,-0.971,-0.933,-0.819,-0.894,-0.951,-0.993,-0.927,-0.947,-0.924,-0.811,0,700
"2019-04-16 00:22:20.0",786322,-9999,-82.3,-30.99,-30.99,-0.515,-9999,-9999,12.0441,39.91,39.91,15.65,-0.904,-1.013,-1.016,-0.951,-0.973,-0.955,-0.84,-0.9,-0.973,-0.999,-0.931,-0.953,-0.941,-0.872,-0.902,-0.993,-0.993,-0.937,-0.955,-0.955,-0.862,-0.9,-0.975,-0.979,-0.927,-0.947,-0.939,-0.856,0,0
"2019-04-16 00:22:40.0",786323,-9999,-82.2,-31.06,-31.06,-0.516,-9999,-9999,12.0385,39.91,39.91,15.65,-0.91,-0.969,-1.016,-0.953,-0.967,-0.953,-0.825,-0.9,-0.993,-0.993,-0.959,-0.951,-0.937,-0.829,-0.9,-0.959,-0.973,-0.908,-0.955,-0.939,-0.86,-0.9,-0.995,-1.011,-0.929,-0.949,-0.918,-0.85,0,0
"2019-04-16 00:23:00.0",786324,-9999,-82.2,-31.13,-31.13,-0.517,-9999,-9999,12.0441,39.91,39.91,15.65,-0.912,-0.963,-1.013,-0.957,-0.967,-0.959,-0.868,-0.902,-0.983,-1.03,-0.943,-0.959,-0.949,-0.868,-0.9,-0.997,-1.003,-0.943,-0.965,-0.953,-0.854,-0.902,-0.981,-0.985,-0.929,-0.957,-0.943,-0.842,0,0
"2019-04-16 00:23:20.0",786325,-9999,-82.1,-31.2,-31.2,-0.518,-9999,-9999,12.0441,39.91,39.91,15.63,-0.91,-1.009,-0.997,-0.953,-0.965,-0.977,-0.829,-0.908,-0.979,-0.993,-0.931,-0.951,-0.941,-0.87,-0.902,-0.995,-1.005,-0.931,-0.959,-0.929,-0.848,-0.892,-0.969,-1.018,-0.931,-0.949,-0.951,-0.833,0,0
"2019-04-16 00:23:40.0",786326,-9999,-82.1,-31.27,-31.27,-0.519,-9999,-9999,12.0385,39.91,39.89,15.63,-0.91,-1.013,-1.016,-0.949,-0.971,-0.941,-0.872,-0.898,-0.953,-0.993,-0.929,-0.949,-0.933,-0.848,-0.904,-0.991,-1.018,-0.947,-0.953,-0.916,-0.825,-0.9,-0.949,-0.993,-0.929,-0.949,-0.935,-0.817,0,700
"2019-04-16 00:24:00.0",786327,-9999,-82,-31.34,-31.34,-0.52,-9999,-9999,12.0388,39.91,39.91,15.63,-0.91,-0.995,-1.024,-0.955,-0.971,-0.941,-0.856,-0.908,-0.955,-0.993,-0.929,-0.951,-0.963,-0.833,-0.902,-0.981,-0.997,-0.935,-0.951,-0.955,-0.831,-0.898,-0.951,-0.991,-0.955,-0.949,-0.937,-0.854,0,0
"2019-04-16 00:24:20.0",786328,-9999,-82,-31.41,-31.41,-0.521,-9999,-9999,12.0444,39.91,39.91,15.63,-0.914,-0.995,-1.044,-0.955,-0.969,-0.959,-0.844,-0.898,-0.963,-0.995,-0.918,-0.951,-0.939,-0.825,-0.904,-0.973,-0.999,-0.929,-0.953,-0.937,-0.825,-0.902,-0.943,-0.995,-0.931,-0.949,-0.937,-0.815,0,0
"2019-04-16 00:24:40.0",786329,-9999,-81.9,-31.48,-31.48,-0.522,-9999,-9999,12.0388,39.91,39.91,15.63,-0.914,-0.979,-1.024,-0.955,-0.973,-0.961,-0.846,-0.906,-0.993,-0.977,-0.931,-0.977,-0.939,-0.833,-0.904,-0.955,-1.005,-0.929,-0.945,-0.935,-0.86,-0.896,-0.985,-0.999,-0.927,-0.949,-0.912,-0.848,0,0
"2019-04-16 00:25:00.0",786330,-9999,-81.9,-31.55,-31.55,-0.523,-9999,-9999,12.0388,39.91,39.91,15.63,-0.91,-0.961,-1.007,-0.957,-0.969,-0.943,-0.827,-0.898,-0.987,-1.026,-0.941,-0.955,-0.949,-0.838,-0.896,-1.007,-0.999,-0.953,-0.961,-0.949,-0.829,-0.898,-0.979,-0.987,-0.943,-0.959,-0.927,-0.827,0,0
"2019-04-16 00:25:20.0",786331,-9999,-81.8,-31.62,-31.62,-0.524,-9999,-9999,12.0388,39.91,39.91,15.63,-0.908,-0.993,-1.007,-0.945,-0.987,-0.953,-0.866,-0.9,-0.959,-0.979,-0.939,-0.957,-0.949,-0.86,-0.908,-1.003,-1.022,-0.939,-0.963,-0.959,-0.831,-0.902,-0.953,-1.001,-0.924,-0.951,-0.933,-0.825,0,700
"2019-04-16 00:25:40.0",786332,-9999,-81.8,-31.69,-31.69,-0.525,-9999,-9999,12.0387,39.91,39.91,15.63,-0.908,-0.977,-1.011,-0.953,-0.963,-0.933,-0.85,-0.898,-0.965,-0.993,-0.933,-0.959,-0.961,-0.876,-0.896,-0.975,-1.02,-0.935,-0.969,-0.951,-0.862,-0.894,-0.943,-0.993,-0.906,-0.945,-0.937,-0.85,0,0
"2019-04-16 00:26:00.0",786333,-9999,-81.7,-31.76,-31.76,-0.526,-9999,-9999,12.0442,39.91,39.91,15.63,-0.91,-0.997,-1.03,-0.953,-0.967,-0.945,-0.872,-0.898,-0.987,-0.999,-0.92,-0.951,-0.92,-0.846,-0.9,-0.967,-0.999,-0.927,-0.953,-0.918,-0.815,-0.898,-0.991,-0.989,-0.931,-0.967,-0.949,-0.813,0,0
"2019-04-16 00:26:20.0",786334,-9999,-81.7,-31.83,-31.83,-0.527,-9999,-9999,12.0387,39.91,39.91,15.63,-0.904,-1.011,-1.032,-0.951,-0.971,-0.975,-0.835,-0.904,-0.965,-0.997,-0.931,-0.947,-0.937,-0.823,-0.896,-0.983,-1.016,-0.931,-0.951,-0.933,-0.848,-0.898,-0.969,-1.003,-0.931,-0.951,-0.92,-0.846,0,0
"2019-04-16 00:26:40.0",786335,-9999,-81.6,-31.9,-31.9,-0.528,-9999,-9999,12.0387,39.91,39.91,15.6,-0.914,-0.959,-1.005,-0.939,-0.961,-0.945,-0.868,-0.898,-0.975,-1.009,-0.939,-0.951,-0.945,-0.85,-0.902,-1.001,-0.999,-0.941,-0.945,-0.967,-0.831,-0.9,-0.983,-1.03,-0.939,-0.955,-0.947,-0.821,0,0
"2019-04-16 00:27:00.0",786336,-9999,-81.6,-31.97,-31.97,-0.529,-9999,-9999,12.0387,39.92,39.91,15.6,-0.91,-0.971,-1.03,-0.947,-0.965,-0.943,-0.844,-0.9,-0.961,-1.009,-0.937,-0.961,-0.947,-0.833,-0.9,-0.997,-1.005,-0.937,-0.983,-0.939,-0.868,-0.898,-0.953,-0.997,-0.933,-0.957,-0.922,-0.868,0,700
"2019-04-16 00:27:20.0",786337,-9999,-81.5,-32.04,-32.04,-0.53,-9999,-9999,12.039,39.92,39.91,15.6,-0.908,-1.011,-1.024,-0.953,-0.967,-0.953,-0.866,-0.906,-0.983,-0.993,-0.927,-0.951,-0.955,-0.825,-0.898,-0.949,-0.979,-0.924,-0.947,-0.933,-0.821,-0.898,-0.987,-0.991,-0.904,-0.975,-0.922,-0.85,0,0
"2019-04-16 00:27:40.0",786338,-9999,-81.5,-32.11,-32.11,-0.531,-9999,-9999,12.0445,39.91,39.91,15.6,-0.91,-0.995,-1.018,-0.949,-0.971,-0.973,-0.876,-0.896,-0.989,-0.991,-0.927,-0.945,-0.929,-0.85,-0.9,-0.937,-0.995,-0.931,-0.945,-0.916,-0.817,-0.896,-0.959,-0.995,-0.92,-0.943,-0.933,-0.807,0,0
"2019-04-16 00:28:00.0",786339,-9999,-81.4,-32.18,-32.18,-0.533,-9999,-9999,12.039,39.91,39.91,15.6,-0.91,-0.977,-1.001,-0.945,-0.971,-0.953,-0.866,-0.898,-0.943,-0.969,-0.924,-0.949,-0.933,-0.844,-0.894,-0.997,-0.987,-0.931,-0.947,-0.929,-0.817,-0.9,-0.947,-0.987,-0.922,-0.967,-0.931,-0.813,0,0
"2019-04-16 00:28:20.0",786340,-9999,-81.4,-32.25,-32.25,-0.534,-9999,-9999,12.0445,39.92,39.91,15.6,-0.908,-1.007,-0.993,-0.947,-0.969,-0.949,-0.878,-0.896,-0.979,-0.993,-0.924,-0.945,-0.931,-0.846,-0.896,-0.947,-0.993,-0.927,-0.947,-0.924,-0.821,-0.896,-0.977,-0.969,-0.929,-0.949,-0.929,-0.807,0,0
"2019-04-16 00:28:40.0",786341,-9999,-81.3,-32.32,-32.32,-0.535,-9999,-9999,12.039,39.91,39.91,15.6,-0.908,-0.973,-0.999,-0.935,-0.977,-0.939,-0.821,-0.896,-0.969,-0.999,-0.939,-0.959,-0.947,-0.866,-0.898,-1.009,-1.005,-0.937,-0.959,-0.943,-0.862,-0.896,-0.973,-1.003,-0.953,-0.957,-0.965,-0.844,0,700
"2019-04-16 00:29:00.0",786342,-9999,-81.3,-32.39,-32.39,-0.536,-9999,-9999,12.0444,39.92,39.91,15.6,-0.906,-0.975,-0.989,-0.949,-0.969,-0.963,-0.829,-0.896,-0.945,-0.987,-0.929,-0.947,-0.957,-0.823,-0.902,-0.981,-0.971,-0.927,-0.965,-0.951,-0.85,-0.894,-0.953,-1.011,-0.927,-0.947,-0.931,-0.854,0,0
"2019-04-16 00:29:20.0",786343,-9999,-81.2,-32.46,-32.46,-0.537,-9999,-9999,12.0388,39.91,39.91,15.6,-0.91,-0.977,-1.007,-0.937,-0.953,-0.963,-0.866,-0.89,-0.957,-0.995,-0.933,-0.957,-0.965,-0.856,-0.9,-0.989,-0.983,-0.937,-0.955,-0.961,-0.825,-0.896,-0.969,-1.026,-0.924,-0.955,-0.939,-0.827,0,0
"2019-04-16 00:29:40.0",786344,-9999,-81.2,-32.52,-32.52,-0.538,-9999,-9999,12.0444,39.91,39.91,15.6,-0.902,-0.993,-1.003,-0.947,-0.959,-0.941,-0.827,-0.898,-0.993,-0.987,-0.963,-0.951,-0.931,-0.868,-0.898,-0.963,-1.022,-0.922,-0.953,-0.927,-0.844,-0.898,-0.971,-0.991,-0.937,-0.957,-0.959,-0.85,0,0
"2019-04-16 00:30:00.0",786345,-9999,-81.1,-32.59,-32.59,-0.539,-9999,-9999,12.0444,39.92,39.91,15.6,-0.904,-1.016,-1.038,-0.949,-0.987,-0.943,-0.868,-0.894,-0.963,-0.991,-0.92,-0.949,-0.92,-0.866,-0.896,-0.977,-0.995,-0.927,-0.949,-0.91,-0.858,-0.894,-0.967,-0.987,-0.922,-0.949,-0.945,-0.831,0,0
"2019-04-16 00:30:20.0",786346,-9999,-81.1,-32.66,-32.66,-0.54,-9999,-9999,12.0388,39.94,39.91,15.6,-0.9,-0.989,-1.011,-0.949,-0.941,-0.937,-0.848,-0.892,-0.967,-0.989,-0.922,-0.961,-0.931,-0.848,-0.898,-0.985,-0.971,-0.927,-0.949,-0.927,-0.817,-0.894,-0.941,-0.983,-0.92,-0.924,-0.927,-0.803,0,700
"2019-04-16 00:30:40.0",786347,-9999,-81,-32.73,-32.73,-0.541,-9999,-9999,12.0446,39.94,39.91,15.6,-0.912,-0.985,-1.007,-0.941,-0.949,-0.967,-0.85,-0.892,-0.953,-0.991,-0.922,-0.939,-0.91,-0.856,-0.89,-0.971,-0.995,-0.927,-0.941,-0.914,-0.829,-0.888,-0.949,-0.977,-0.927,-0.945,-0.931,-0.838,0,0
"2019-04-16 00:31:00.0",786348,-9999,-81,-32.8,-32.8,-0.542,-9999,-9999,12.0391,39.94,39.91,15.6,-0.908,-0.965,-1.001,-0.941,-0.959,-0.949,-0.87,-0.894,-0.953,-0.997,-0.92,-0.941,-0.951,-0.829,-0.896,-0.959,-0.989,-0.924,-0.945,-0.949,-0.852,-0.89,-0.949,-0.979,-0.92,-0.969,-0.947,-0.844,0,0
"2019-04-16 00:31:20.0",786349,-9999,-80.9,-32.87,-32.87,-0.543,-9999,-9999,12.0502,39.93,39.89,15.6,-0.904,-0.977,-1.022,-0.945,-0.971,-0.957,-0.856,-0.892,-0.989,-0.987,-0.92,-0.969,-0.935,-0.868,-0.894,-0.945,-0.993,-0.927,-0.945,-0.933,-0.838,-0.89,-0.985,-0.985,-0.914,-0.947,-0.927,-0.844,0,0
"2019-04-16 00:31:40.0",786350,-9999,-80.8,-32.94,-32.94,-0.544,-9999,-9999,12.0446,39.93,39.91,15.6,-0.904,-1.003,-1.007,-0.945,-0.973,-0.951,-0.831,-0.892,-0.997,-1.007,-0.931,-0.953,-0.959,-0.86,-0.896,-0.981,-0.999,-0.931,-0.979,-0.959,-0.833,-0.896,-0.969,-1.018,-0.933,-0.955,-0.935,-0.819,0,0
"2019-04-16 00:32:00.0",786351,-9999,-80.8,-33.01,-33.01,-0.545,-9999,-9999,12.0391,39.94,39.91,15.6,-0.904,-0.971,-1.024,-0.939,-0.955,-0.943,-0.856,-0.89,-0.957,-1.001,-0.943,-0.957,-0.945,-0.833,-0.894,-0.967,-1.022,-0.935,-0.973,-0.939,-0.821,-0.894,-0.961,-1.011,-0.951,-0.951,-0.941,-0.86,0,700
"2019-04-16 00:32:20.0",786352,-9999,-80.7,-33.08,-33.08,-0.546,-9999,-9999,12.0393,39.92,39.91,15.6,-0.906,-0.991,-0.999,-0.935,-0.955,-0.959,-0.848,-0.894,-0.971,-0.969,-0.931,-0.943,-0.92,-0.866,-0.896,-0.993,-0.993,-0.931,-0.947,-0.916,-0.842,-0.888,-0.973,-0.999,-0.933,-0.951,-0.937,-0.815,0,0
"2019-04-16 00:32:40.0",786353,-9999,-80.7,-33.15,-33.15,-0.547,-9999,-9999,12.0393,39.93,39.91,15.6,-0.906,-0.963,-0.993,-0.941,-0.943,-0.959,-0.829,-0.896,-0.939,-1.009,-0.922,-0.941,-0.937,-0.842,-0.894,-0.955,-0.969,-0.922,-0.943,-0.931,-0.817,-0.892,-0.979,-1.003,-0.918,-0.941,-0.929,-0.811,0,0
"2019-04-16 00:33:00.0",786354,-9999,-80.6,-33.22,-33.22,-0.548,-9999,-9999,12.0449,39.93,39.91,15.6,-0.906,-0.995,-1.007,-0.943,-0.971,-0.937,-0.833,-0.894,-0.959,-0.993,-0.922,-0.929,-0.953,-0.823,-0.892,-0.983,-0.995,-0.924,-0.945,-0.947,-0.815,-0.89,-0.973,-0.977,-0.92,-0.939,-0.922,-0.842,0,0
"2019-04-16 00:33:20.0",786355,-9999,-80.6,-33.29,-33.29,-0.549,-9999,-9999,12.0449,39.93,39.91,15.6,-0.902,-0.975,-1.028,-0.939,-0.959,-0.947,-0.825,-0.89,-0.975,-1.003,-0.935,-0.947,-0.967,-0.846,-0.898,-0.995,-1.02,-0.937,-0.957,-0.953,-0.823,-0.894,-0.957,-1.005,-0.943,-0.955,-0.957,-0.821,0,0
"2019-04-16 00:33:40.0",786356,-9999,-80.5,-33.36,-33.36,-0.55,-9999,-9999,12.0393,39.93,39.91,15.6,-0.904,-0.985,-1.003,-0.941,-0.961,-0.959,-0.827,-0.892,-0.933,-0.987,-0.922,-0.943,-0.916,-0.844,-0.898,-0.983,-0.985,-0.92,-0.92,-0.91,-0.817,-0.894,-0.943,-0.953,-0.92,-0.941,-0.906,-0.85,0,700
"2019-04-16 00:34:00.0",786357,-9999,-80.5,-33.43,-33.43,-0.551,-9999,-9999,12.0506,39.94,39.9,15.6,-0.9,-0.965,-1.005,-0.941,-0.955,-0.945,-0.819,-0.894,-0.937,-0.993,-0.925,-0.945,-0.949,-0.835,-0.894,-0.965,-0.995,-0.927,-0.933,-0.949,-0.819,-0.894,-0.983,-0.987,-0.922,-0.943,-0.947,-0.813,0,0
"2019-04-16 00:34:20.0",786358,-9999,-80.4,-33.5,-33.5,-0.552,-9999,-9999,12.045,39.93,39.9,15.6,-0.906,-0.957,-1.001,-0.937,-0.957,-0.943,-0.827,-0.892,-0.949,-0.993,-0.922,-0.943,-0.937,-0.862,-0.894,-0.959,-0.989,-0.927,-0.945,-0.925,-0.844,-0.896,-0.945,-0.981,-0.918,-0.945,-0.949,-0.809,0,0
"2019-04-16 00:34:40.0",786359,-9999,-80.4,-33.57,-33.57,-0.553,-9999,-9999,12.0395,39.93,39.9,15.6,-0.904,-0.979,-0.995,-0.941,-0.955,-0.937,-0.854,-0.896,-0.963,-0.975,-0.92,-0.945,-0.92,-0.813,-0.896,-0.985,-0.995,-0.912,-0.945,-0.912,-0.813,-0.894,-0.943,-0.997,-0.929,-0.945,-0.951,-0.856,0,0
"2019-04-16 00:35:00.0",786360,-9999,-80.3,-33.64,-33.64,-0.554,-9999,-9999,12.0395,39.93,39.9,15.6,-0.908,-0.975,-1.001,-0.937,-0.955,-0.941,-0.846,-0.898,-0.973,-1.018,-0.929,-0.951,-0.963,-0.835,-0.898,-0.999,-1.005,-0.933,-0.955,-0.961,-0.858,-0.896,-0.971,-0.995,-0.92,-0.953,-0.957,-0.856,0,0
"2019-04-16 00:35:20.0",786361,-9999,-80.3,-33.71,-33.71,-0.555,-9999,-9999,12.045,39.91,39.9,15.6,-0.908,-1.003,-1.014,-0.953,-0.969,-0.955,-0.88,-0.9,-0.969,-1.026,-0.943,-0.953,-0.949,-0.833,-0.896,-0.977,-1.014,-0.937,-0.957,-0.945,-0.835,-0.9,-1.007,-1.005,-0.937,-0.957,-0.945,-0.864,0,700
"2019-04-16 00:35:40.0",786362,-9999,-80.2,-33.78,-33.78,-0.556,-9999,-9999,12.0452,39.91,39.91,15.6,-0.906,-0.985,-1.003,-0.943,-0.959,-0.969,-0.827,-0.894,-0.967,-0.997,-0.927,-0.947,-0.935,-0.829,-0.9,-0.991,-0.987,-0.929,-0.939,-0.935,-0.811,-0.896,-0.951,-1.005,-0.927,-0.967,-0.937,-0.811,0,0
"2019-04-16 00:36:00.0",786363,-9999,-80.2,-33.85,-33.85,-0.557,-9999,-9999,12.0396,39.91,39.91,15.6,-0.904,-0.973,-1.007,-0.937,-0.943,-0.963,-0.868,-0.902,-0.969,-0.999,-0.927,-0.951,-0.937,-0.86,-0.9,-0.967,-0.977,-0.933,-0.953,-0.943,-0.842,-0.898,-0.973,-1.022,-0.939,-0.953,-0.945,-0.838,0,0
"2019-04-16 00:36:20.0",786364,-9999,-80.1,-33.92,-33.92,-0.558,-9999,-9999,12.0396,39.91,39.91,15.6,-0.912,-0.973,-1.014,-0.947,-0.973,-0.975,-0.833,-0.898,-0.957,-1.026,-0.941,-0.945,-0.933,-0.864,-0.902,-0.981,-1.003,-0.941,-0.985,-0.929,-0.854,-0.898,-0.999,-1.007,-0.943,-0.959,-0.927,-0.844,0,0
"2019-04-16 00:36:40.0",786365,-9999,-80.1,-33.99,-33.99,-0.559,-9999,-9999,12.0396,39.91,39.89,15.6,-0.912,-0.959,-1.009,-0.935,-0.957,-0.963,-0.846,-0.898,-0.951,-0.997,-0.925,-0.971,-0.922,-0.856,-0.906,-0.961,-1.007,-0.931,-0.949,-0.916,-0.852,-0.898,-0.939,-0.991,-0.929,-0.951,-0.916,-0.852,0,0
"2019-04-16 00:37:00.0",786366,-9999,-80,-34.06,-34.06,-0.56,-9999,-9999,12.0396,39.91,39.91,15.6,-0.916,-0.991,-1.003,-0.945,-0.961,-0.973,-0.838,-0.902,-0.989,-1.011,-0.947,-0.959,-0.933,-0.862,-0.896,-0.997,-1.028,-0.941,-0.961,-0.927,-0.866,-0.9,-0.993,-1.007,-0.941,-0.963,-0.969,-0.864,0,700
"2019-04-16 00:37:20.0",786367,-9999,-79.96,-34.13,-34.13,-0.561,-9999,-9999,12.0397,39.91,39.91,15.6,-0.91,-0.949,-1.003,-0.939,-0.961,-0.965,-0.829,-0.9,-0.947,-0.995,-0.925,-0.953,-0.935,-0.831,-0.896,-0.971,-1.001,-0.929,-0.967,-0.939,-0.85,-0.898,-0.961,-0.993,-0.929,-0.949,-0.914,-0.846,0,0
"2019-04-16 00:37:40.0",786368,-9999,-79.91,-34.2,-34.2,-0.562,-9999,-9999,12.0397,39.91,39.91,15.6,-0.914,-0.995,-1.022,-0.957,-0.971,-0.947,-0.868,-0.896,-0.989,-1.009,-0.922,-0.961,-0.951,-0.842,-0.9,-0.957,-0.985,-0.937,-0.955,-0.945,-0.862,-0.902,-0.991,-1.02,-0.937,-0.955,-0.925,-0.86,0,0
"2019-04-16 00:38:00.0",786369,-9999,-79.86,-34.27,-34.27,-0.563,-9999,-9999,12.0453,39.91,39.91,15.6,-0.912,-0.955,-1.005,-0.945,-0.961,-0.965,-0.846,-0.896,-0.963,-1.016,-0.927,-0.951,-0.933,-0.856,-0.9,-0.989,-0.999,-0.933,-0.933,-0.922,-0.854,-0.9,-0.975,-1.007,-0.933,-0.953,-0.957,-0.844,0,0
"2019-04-16 00:38:20.0",786370,-9999,-79.8,-34.34,-34.34,-0.564,-9999,-9999,12.0453,39.91,39.91,15.58,-0.912,-0.967,-1.012,-0.935,-0.971,-0.975,-0.846,-0.896,-0.977,-0.995,-0.927,-0.971,-0.927,-0.833,-0.904,-0.959,-0.981,-0.929,-0.949,-0.92,-0.858,-0.896,-0.965,-0.991,-0.931,-0.951,-0.953,-0.858,0,0
"2019-04-16 00:38:40.0",786371,-9999,-79.75,-34.41,-34.41,-0.565,-9999,-9999,12.0397,39.91,39.91,15.58,-0.916,-0.955,-1.026,-0.941,-0.959,-0.927,-0.85,-0.896,-0.951,-1.014,-0.922,-0.933,-0.939,-0.85,-0.898,-0.977,-0.993,-0.931,-0.945,-0.935,-0.848,-0.894,-0.949,-0.989,-0.925,-0.945,-0.916,-0.831,0,700
"2019-04-16 00:39:00.0",786372,-9999,-79.7,-34.48,-34.48,-0.566,-9999,-9999,12.0398,39.91,39.91,15.58,-0.906,-0.977,-0.979,-0.935,-0.961,-0.943,-0.819,-0.906,-0.981,-0.989,-0.925,-0.949,-0.929,-0.864,-0.896,-0.951,-0.991,-0.925,-0.931,-0.931,-0.848,-0.894,-0.983,-0.989,-0.91,-0.947,-0.935,-0.842,0,0
"2019-04-16 00:39:20.0",786373,-9999,-79.65,-34.54,-34.54,-0.567,-9999,-9999,12.0398,39.91,39.91,15.58,-0.908,-0.961,-1.032,-0.947,-0.957,-0.935,-0.864,-0.902,-0.967,-0.989,-0.935,-0.949,-0.92,-0.844,-0.9,-0.991,-0.971,-0.933,-0.969,-0.914,-0.817,-0.894,-0.969,-0.993,-0.927,-0.949,-0.951,-0.817,0,0
"2019-04-16 00:39:40.0",786374,-9999,-79.59,-34.61,-34.61,-0.568,-9999,-9999,12.0398,39.93,39.91,15.58,-0.912,-0.967,-1.018,-0.949,-0.963,-0.949,-0.87,-0.898,-0.945,-0.995,-0.927,-0.953,-0.92,-0.825,-0.898,-0.963,-0.993,-0.927,-0.947,-0.916,-0.866,-0.904,-0.953,-0.973,-0.922,-0.953,-0.925,-0.848,0,0
"2019-04-16 00:40:00.0",786375,-9999,-79.54,-34.68,-34.68,-0.569,-9999,-9999,12.0398,39.93,39.89,15.58,-0.906,-0.983,-1.018,-0.957,-0.965,-0.935,-0.868,-0.894,-0.987,-1.018,-0.931,-0.967,-0.92,-0.85,-0.898,-0.939,-0.991,-0.929,-0.951,-0.92,-0.823,-0.892,-0.959,-0.993,-0.927,-0.947,-0.912,-0.817,0,0
"2019-04-16 00:40:20.0",786376,-9999,-79.49,-34.75,-34.75,-0.57,-9999,-9999,12.0398,39.91,39.91,15.58,-0.912,-1.009,-1.007,-0.945,-0.953,-0.951,-0.876,-0.894,-0.965,-0.977,-0.933,-0.947,-0.961,-0.823,-0.896,-0.949,-0.995,-0.931,-0.941,-0.955,-0.856,-0.894,-0.981,-0.993,-0.922,-0.945,-0.927,-0.848,0,700
"2019-04-16 00:40:40.0",786377,-9999,-79.43,-34.82,-34.82,-0.571,-9999,-9999,12.0395,39.93,39.91,15.58,-0.906,-0.979,-1.014,-0.951,-0.967,-0.933,-0.858,-0.896,-0.949,-0.985,-0.927,-0.945,-0.931,-0.846,-0.898,-0.963,-0.985,-0.929,-0.927,-0.931,-0.817,-0.892,-0.967,-0.997,-0.922,-0.945,-0.931,-0.813,0,0
"2019-04-16 00:41:00.0",786378,-9999,-79.38,-34.89,-34.89,-0.572,-9999,-9999,12.0395,39.93,39.91,15.58,-0.912,-0.959,-1.03,-0.922,-0.943,-0.925,-0.825,-0.894,-0.961,-0.999,-0.933,-0.969,-0.941,-0.868,-0.894,-0.975,-0.999,-0.937,-0.953,-0.943,-0.848,-0.896,-0.959,-1.001,-0.935,-0.939,-0.925,-0.84,0,0
"2019-04-16 00:41:20.0",786379,-9999,-79.33,-34.96,-34.96,-0.573,-9999,-9999,12.0395,39.91,39.91,15.58,-0.906,-0.983,-1.001,-0.943,-0.957,-0.925,-0.846,-0.892,-0.983,-0.997,-0.922,-0.951,-0.949,-0.838,-0.898,-0.989,-0.999,-0.937,-0.957,-0.947,-0.817,-0.902,-0.981,-1.003,-0.937,-0.955,-0.922,-0.854,0,0
"2019-04-16 00:41:40.0",786380,-9999,-79.27,-35.03,-35.03,-0.574,-9999,-9999,12.045,39.91,39.91,15.58,-0.908,-0.989,-1.003,-0.941,-0.961,-0.929,-0.836,-0.894,-0.967,-0.985,-0.929,-0.959,-0.965,-0.872,-0.896,-1.003,-1.009,-0.941,-0.959,-0.969,-0.84,-0.894,-0.977,-1.005,-0.935,-0.957,-0.959,-0.842,0,0
"2019-04-16 00:42:00.0",786381,-9999,-79.22,-35.1,-35.1,-0.575,-9999,-9999,12.0395,39.91,39.91,15.58,-0.912,-0.997,-1.018,-0.941,-0.981,-0.945,-0.85,-0.894,-0.991,-1.028,-0.941,-0.961,-0.933,-0.86,-0.898,-0.965,-1.018,-0.939,-0.977,-0.935,-0.825,-0.898,-0.989,-1.007,-0.937,-0.955,-0.941,-0.825,0,700
"2019-04-16 00:42:20.0",786382,-9999,-79.17,-35.17,-35.17,-0.576,-9999,-9999,12.0448,39.93,39.89,15.58,-0.914,-0.983,-1.007,-0.939,-0.957,-0.945,-0.836,-0.9,-0.955,-0.997,-0.937,-0.961,-0.931,-0.882,-0.9,-0.983,-0.981,-0.933,-0.955,-0.945,-0.87,-0.896,-0.989,-1.026,-0.935,-0.955,-0.925,-0.846,0,0
"2019-04-16 00:42:40.0",786383,-9999,-79.11,-35.24,-35.24,-0.577,-9999,-9999,12.0392,39.91,39.89,15.58,-0.908,-0.955,-0.997,-0.945,-0.961,-0.925,-0.844,-0.898,-0.981,-1.007,-0.939,-0.955,-0.947,-0.829,-0.898,-0.991,-0.983,-0.941,-0.955,-0.927,-0.864,-0.898,-0.957,-1.022,-0.935,-0.955,-0.933,-0.858,0,0
"2019-04-16 00:43:00.0",786384,-9999,-79.06,-35.31,-35.31,-0.578,-9999,-9999,12.0448,39.91,39.89,15.58,-0.914,-0.995,-1.009,-0.941,-0.957,-0.933,-0.868,-0.9,-0.961,-0.999,-0.935,-0.955,-0.943,-0.858,-0.894,-0.981,-1.028,-0.937,-0.941,-0.943,-0.831,-0.898,-0.957,-1.001,-0.941,-0.979,-0.965,-0.831,0,0
"2019-04-16 00:43:20.0",786385,-9999,-79.01,-35.38,-35.38,-0.579,-9999,-9999,12.0392,39.91,39.9,15.58,-0.904,-0.997,-1.018,-0.951,-0.959,-0.977,-0.852,-0.902,-0.955,-0.997,-0.931,-0.949,-0.914,-0.872,-0.898,-0.969,-0.999,-0.931,-0.957,-0.931,-0.862,-0.898,-0.983,-0.975,-0.931,-0.949,-0.92,-0.858,0,0
"2019-04-16 00:43:40.0",786386,-9999,-78.95,-35.45,-35.45,-0.58,-9999,-9999,12.0448,39.93,39.9,15.58,-0.908,-0.987,-1.038,-0.949,-0.947,-0.937,-0.874,-0.902,-0.987,-0.989,-0.925,-0.951,-0.953,-0.848,-0.894,-0.959,-0.975,-0.931,-0.953,-0.947,-0.821,-0.896,-0.955,-0.997,-0.925,-0.963,-0.929,-0.817,0,700
"2019-04-16 00:44:00.0",786387,-9999,-78.9,-35.52,-35.52,-0.581,-9999,-9999,12.039,39.92,39.91,15.58,-0.908,-0.977,-1.026,-0.947,-0.963,-0.973,-0.84,-0.898,-0.949,-0.997,-0.941,-0.955,-0.969,-0.868,-0.896,-0.993,-1.007,-0.935,-0.953,-0.965,-0.86,-0.896,-0.955,-0.977,-0.935,-0.949,-0.955,-0.852,0,0
"2019-04-16 00:44:20.0",786388,-9999,-78.84,-35.59,-35.59,-0.582,-9999,-9999,12.0446,39.92,39.91,15.58,-0.91,-0.993,-1.005,-0.941,-0.961,-0.929,-0.862,-0.898,-0.991,-1.012,-0.929,-0.945,-0.916,-0.868,-0.902,-0.955,-0.997,-0.933,-0.953,-0.92,-0.842,-0.896,-0.987,-0.995,-0.927,-0.945,-0.91,-0.848,0,0
"2019-04-16 00:44:40.0",786389,-9999,-78.79,-35.65,-35.65,-0.583,-9999,-9999,12.0446,39.93,39.91,15.58,-0.916,-0.993,-1.018,-0.949,-0.967,-0.975,-0.856,-0.898,-0.981,-1.009,-0.92,-0.961,-0.931,-0.842,-0.908,-0.957,-1.014,-0.941,-0.959,-0.933,-0.829,-0.9,-0.975,-1.005,-0.939,-0.983,-0.945,-0.86,0,0
"2019-04-16 00:45:00.0",786390,-9999,-78.74,-35.72,-35.72,-0.584,-9999,-9999,12.0446,39.92,39.91,15.58,-0.91,-0.957,-1.009,-0.943,-0.957,-0.945,-0.827,-0.9,-0.981,-1.007,-0.935,-0.957,-0.931,-0.876,-0.9,-1.005,-1.009,-0.941,-0.961,-0.933,-0.856,-0.896,-0.981,-1.032,-0.941,-0.955,-0.927,-0.821,0,0
"2019-04-16 00:45:20.0",786391,-9999,-78.68,-35.79,-35.79,-0.585,-9999,-9999,12.0501,39.92,39.91,15.58,-0.908,-0.963,-1.005,-0.923,-0.961,-0.961,-0.825,-0.896,-0.987,-1.032,-0.939,-0.965,-0.935,-0.872,-0.9,-0.999,-0.991,-0.939,-0.955,-0.927,-0.848,-0.896,-0.979,-1.005,-0.935,-0.957,-0.937,-0.84,0,700
"2019-04-16 00:45:40.0",786392,-9999,-78.63,-35.86,-35.86,-0.586,-9999,-9999,12.0392,39.92,39.91,15.58,-0.912,-0.965,-1.01,-0.943,-0.965,-0.943,-0.856,-0.892,-0.985,-1.012,-0.943,-0.957,-0.939,-0.874,-0.898,-0.997,-1.005,-0.943,-0.959,-0.927,-0.848,-0.9,-0.957,-1.03,-0.941,-0.955,-0.925,-0.842,0,0
"2019-04-16 00:46:00.0",786393,-9999,-78.57,-35.93,-35.93,-0.587,-9999,-9999,12.0448,39.92,39.89,15.55,-0.912,-0.967,-1.012,-0.949,-0.969,-0.947,-0.856,-0.9,-0.969,-0.971,-0.929,-0.947,-0.937,-0.87,-0.898,-0.989,-1.012,-0.927,-0.931,-0.933,-0.864,-0.894,-0.971,-0.989,-0.933,-0.943,-0.933,-0.836,0,0
"2019-04-16 00:46:20.0",786394,-9999,-78.52,-36,-36,-0.588,-9999,-9999,12.0448,39.92,39.91,15.55,-0.914,-0.969,-1.04,-0.937,-0.965,-0.935,-0.856,-0.902,-0.989,-0.985,-0.937,-0.955,-0.949,-0.864,-0.9,-1.001,-1.007,-0.943,-0.957,-0.945,-0.864,-0.9,-0.983,-1.01,-0.943,-0.961,-0.943,-0.862,0,0
"2019-04-16 00:46:40.0",786395,-9999,-78.46,-36.07,-36.07,-0.589,-9999,-9999,12.0392,39.92,39.89,15.55,-0.908,-0.957,-0.987,-0.945,-0.955,-0.939,-0.852,-0.9,-0.973,-0.993,-0.931,-0.949,-0.961,-0.848,-0.904,-0.987,-1.003,-0.931,-0.951,-0.953,-0.815,-0.902,-0.975,-0.993,-0.927,-0.949,-0.933,-0.815,0,0
"2019-04-16 00:47:00.0",786396,-9999,-78.41,-36.14,-36.14,-0.59,-9999,-9999,12.0392,39.92,39.91,15.55,-0.912,-0.983,-1.042,-0.949,-0.967,-0.943,-0.838,-0.9,-0.991,-0.973,-0.929,-0.953,-0.923,-0.848,-0.902,-0.943,-1.022,-0.931,-0.945,-0.92,-0.821,-0.898,-0.981,-0.993,-0.931,-0.947,-0.912,-0.809,0,700
"2019-04-16 00:47:20.0",786397,-9999,-78.35,-36.21,-36.21,-0.591,-9999,-9999,12.045,39.92,39.91,15.55,-0.91,-0.993,-0.985,-0.941,-0.963,-0.929,-0.836,-0.898,-0.941,-0.989,-0.931,-0.949,-0.939,-0.831,-0.896,-0.999,-1.001,-0.929,-0.949,-0.931,-0.821,-0.894,-0.945,-0.973,-0.929,-0.943,-0.933,-0.815,0,0
"2019-04-16 00:47:40.0",786398,-9999,-78.3,-36.28,-36.28,-0.592,-9999,-9999,12.045,39.92,39.89,15.55,-0.914,-0.997,-1.036,-0.955,-0.975,-0.955,-0.886,-0.9,-0.987,-0.997,-0.933,-0.957,-0.939,-0.852,-0.908,-0.961,-0.997,-0.929,-0.951,-0.923,-0.848,-0.908,-0.983,-1.014,-0.929,-0.949,-0.931,-0.815,0,0
"2019-04-16 00:48:00.0",786399,-9999,-78.25,-36.35,-36.35,-0.593,-9999,-9999,12.0394,39.92,39.91,15.55,-0.916,-0.979,-1.016,-0.949,-0.947,-0.977,-0.868,-0.904,-0.981,-1.012,-0.943,-0.959,-0.937,-0.842,-0.898,-0.963,-0.991,-0.943,-0.963,-0.931,-0.868,-0.9,-0.999,-1.007,-0.943,-0.955,-0.929,-0.86,0,0
"2019-04-16 00:48:20.0",786400,-9999,-78.19,-36.42,-36.42,-0.594,-9999,-9999,12.0394,39.92,39.91,15.55,-0.914,-0.999,-1.046,-0.955,-0.975,-0.959,-0.878,-0.902,-0.969,-0.995,-0.933,-0.937,-0.943,-0.874,-0.906,-0.945,-0.999,-0.935,-0.953,-0.933,-0.866,-0.906,-0.989,-0.991,-0.929,-0.949,-0.916,-0.85,0,0
"2019-04-16 00:48:40.0",786401,-9999,-78.14,-36.48,-36.48,-0.595,-9999,-9999,12.045,39.92,39.91,15.55,-0.912,-0.965,-0.993,-0.947,-0.959,-0.947,-0.838,-0.904,-0.985,-0.997,-0.929,-0.949,-0.92,-0.866,-0.904,-0.945,-1.005,-0.931,-0.951,-0.916,-0.842,-0.904,-0.985,-0.993,-0.931,-0.953,-0.916,-0.834,0,700
"2019-04-16 00:49:00.0",786402,-9999,-78.08,-36.55,-36.55,-0.596,-9999,-9999,12.0451,39.92,39.89,15.55,-0.904,-0.959,-1.032,-0.947,-0.965,-0.963,-0.87,-0.902,-0.981,-0.989,-0.933,-0.959,-0.923,-0.856,-0.904,-0.949,-1.001,-0.939,-0.951,-0.925,-0.823,-0.904,-0.993,-1.018,-0.933,-0.953,-0.92,-0.836,0,0
"2019-04-16 00:49:20.0",786403,-9999,-78.03,-36.62,-36.62,-0.597,-9999,-9999,12.0451,39.93,39.91,15.55,-0.91,-0.999,-1.012,-0.945,-0.969,-0.949,-0.874,-0.902,-1.001,-0.999,-0.939,-0.955,-0.947,-0.831,-0.908,-0.961,-1.003,-0.939,-0.957,-0.943,-0.815,-0.902,-0.991,-1.028,-0.937,-0.973,-0.925,-0.823,0,0
"2019-04-16 00:49:40.0",786404,-9999,-77.97,-36.69,-36.69,-0.598,-9999,-9999,12.0451,39.92,39.91,15.55,-0.908,-0.983,-0.995,-0.953,-0.973,-0.973,-0.838,-0.904,-0.979,-1.007,-0.945,-0.959,-0.947,-0.868,-0.906,-0.991,-1.016,-0.957,-0.953,-0.947,-0.862,-0.9,-0.977,-1.001,-0.939,-0.961,-0.961,-0.856,0,0
"2019-04-16 00:50:00.0",786405,-9999,-77.91,-36.76,-36.76,-0.598,-9999,-9999,12.0451,39.92,39.91,15.55,-0.918,-0.979,-1.014,-0.945,-0.965,-0.959,-0.852,-0.904,-0.973,-0.991,-0.933,-0.955,-0.945,-0.872,-0.902,-0.983,-1.005,-0.931,-0.959,-0.937,-0.854,-0.902,-0.967,-0.993,-0.933,-0.951,-0.92,-0.866,0,0
"2019-04-16 00:50:20.0",786406,-9999,-77.86,-36.83,-36.83,-0.599,-9999,-9999,12.0451,39.92,39.89,15.55,-0.918,-1.016,-1.026,-0.961,-0.979,-0.959,-0.868,-0.902,-1.01,-1.024,-0.945,-0.963,-0.949,-0.844,-0.904,-0.987,-1.005,-0.945,-0.985,-0.929,-0.829,-0.9,-0.963,-1.014,-0.941,-0.959,-0.931,-0.827,0,700
"2019-04-16 00:50:40.0",786407,-9999,-77.8,-36.9,-36.9,-0.6,-9999,-9999,12.0453,39.92,39.89,15.55,-0.912,-0.965,-1.022,-0.951,-0.961,-0.937,-0.836,-0.904,-0.961,-1.001,-0.939,-0.979,-0.969,-0.866,-0.904,-0.969,-1.003,-0.937,-0.955,-0.965,-0.856,-0.9,-0.955,-0.999,-0.935,-0.949,-0.941,-0.848,0,0
"2019-04-16 00:51:00.0",786408,-9999,-77.75,-36.97,-36.97,-0.601,-9999,-9999,12.0453,39.92,39.89,15.53,-0.914,-0.965,-1.01,-0.957,-0.949,-0.947,-0.848,-0.904,-0.963,-1.018,-0.937,-0.957,-0.953,-0.88,-0.91,-1.005,-0.997,-0.941,-0.963,-0.941,-0.87,-0.906,-0.983,-1.012,-0.941,-0.959,-0.929,-0.868,0,0
"2019-04-16 00:51:20.0",786409,-9999,-77.69,-37.04,-37.04,-0.602,-9999,-9999,12.0397,39.92,39.91,15.53,-0.916,-0.983,-1.026,-0.955,-0.971,-0.977,-0.86,-0.902,-0.963,-0.981,-0.945,-0.969,-0.951,-0.86,-0.904,-0.973,-1.032,-0.941,-0.961,-0.947,-0.846,-0.898,-0.963,-1.005,-0.939,-0.967,-0.929,-0.846,0,0
"2019-04-16 00:51:40.0",786410,-9999,-77.64,-37.11,-37.11,-0.603,-9999,-9999,12.0397,39.92,39.91,15.55,-0.912,-0.977,-1.028,-0.951,-0.967,-0.947,-0.829,-0.904,-0.949,-1.007,-0.931,-0.953,-0.963,-0.868,-0.904,-0.969,-0.973,-0.937,-0.957,-0.959,-0.86,-0.908,-0.959,-1.001,-0.941,-0.955,-0.937,-0.854,0,0
"2019-04-16 00:52:00.0",786411,-9999,-77.58,-37.18,-37.18,-0.604,-9999,-9999,12.0397,39.92,39.89,15.53,-0.916,-0.981,-1.018,-0.947,-0.969,-0.965,-0.854,-0.902,-0.957,-0.999,-0.929,-0.973,-0.927,-0.84,-0.904,-0.999,-1.003,-0.937,-0.955,-0.925,-0.829,-0.902,-0.961,-0.993,-0.931,-0.951,-0.939,-0.821,0,700
"2019-04-16 00:52:20.0",786412,-9999,-77.53,-37.24,-37.24,-0.605,-9999,-9999,12.0394,39.92,39.91,15.53,-0.906,-0.965,-0.985,-0.949,-0.963,-0.933,-0.848,-0.9,-0.951,-0.999,-0.935,-0.953,-0.925,-0.872,-0.902,-0.995,-1.005,-0.935,-0.953,-0.945,-0.86,-0.908,-0.977,-1.001,-0.935,-0.959,-0.959,-0.854,0,0
"2019-04-16 00:52:40.0",786413,-9999,-77.47,-37.31,-37.31,-0.606,-9999,-9999,12.0449,39.92,39.91,15.53,-0.916,-1.003,-1.02,-0.957,-0.969,-0.963,-0.846,-0.902,-0.983,-0.987,-0.941,-0.961,-0.947,-0.872,-0.91,-1.007,-1.028,-0.945,-0.963,-0.945,-0.844,-0.91,-0.977,-1.005,-0.939,-0.961,-0.959,-0.848,0,0
"2019-04-16 00:53:00.0",786414,-9999,-77.41,-37.38,-37.38,-0.607,-9999,-9999,12.0394,39.92,39.89,15.53,-0.916,-0.977,-1.007,-0.949,-0.967,-0.953,-0.874,-0.902,-0.977,-1.005,-0.943,-0.957,-0.947,-0.842,-0.902,-0.965,-1.007,-0.943,-0.961,-0.951,-0.827,-0.902,-1.005,-1.022,-0.937,-0.957,-0.963,-0.825,0,0
"2019-04-16 00:53:20.0",786415,-9999,-77.36,-37.45,-37.45,-0.608,-9999,-9999,12.0394,39.93,39.89,15.53,-0.916,-0.989,-1.022,-0.955,-0.973,-0.963,-0.858,-0.904,-0.981,-1.024,-0.933,-0.955,-0.929,-0.874,-0.902,-1.005,-0.999,-0.939,-0.959,-0.925,-0.872,-0.904,-0.985,-0.979,-0.933,-0.953,-0.961,-0.858,0,0
"2019-04-16 00:53:40.0",786416,-9999,-77.3,-37.52,-37.52,-0.609,-9999,-9999,12.0449,39.92,39.91,15.53,-0.916,-1.001,-1.007,-0.943,-0.969,-0.949,-0.87,-0.908,-0.991,-0.993,-0.935,-0.957,-0.963,-0.86,-0.904,-0.955,-0.999,-0.937,-0.949,-0.961,-0.829,-0.906,-0.997,-1.014,-0.935,-0.957,-0.933,-0.842,0,700
"2019-04-16 00:54:00.0",786417,-9999,-77.25,-37.59,-37.59,-0.61,-9999,-9999,12.0451,39.92,39.91,15.53,-0.914,-1.003,-1.032,-0.957,-0.961,-0.943,-0.823,-0.9,-0.983,-0.993,-0.933,-0.955,-0.923,-0.836,-0.902,-0.975,-1.003,-0.935,-0.955,-0.939,-0.821,-0.902,-0.955,-0.993,-0.935,-0.957,-0.959,-0.813,0,0
"2019-04-16 00:54:20.0",786418,-9999,-77.19,-37.66,-37.66,-0.611,-9999,-9999,12.0451,39.92,39.91,15.53,-0.914,-0.967,-0.989,-0.951,-0.973,-0.973,-0.862,-0.908,-0.963,-1.03,-0.941,-0.939,-0.949,-0.85,-0.906,-0.997,-0.999,-0.939,-0.973,-0.943,-0.846,-0.906,-0.953,-0.985,-0.937,-0.941,-0.925,-0.84,0,0
"2019-04-16 00:54:40.0",786419,-9999,-77.13,-37.73,-37.73,-0.612,-9999,-9999,12.0451,39.92,39.91,15.53,-0.914,-0.981,-1.014,-0.955,-0.971,-0.939,-0.854,-0.904,-0.961,-1.01,-0.945,-0.969,-0.937,-0.84,-0.904,-0.999,-1.005,-0.949,-0.961,-0.935,-0.831,-0.904,-0.955,-1.012,-0.947,-0.963,-0.967,-0.827,0,0
"2019-04-16 00:55:00.0",786420,-9999,-77.08,-37.8,-37.8,-0.613,-9999,-9999,12.0395,39.92,39.89,15.53,-0.916,-0.977,-1.008,-0.951,-0.967,-0.933,-0.854,-0.9,-0.981,-0.997,-0.935,-0.939,-0.963,-0.834,-0.906,-0.951,-1.001,-0.933,-0.973,-0.959,-0.866,-0.904,-0.993,-0.999,-0.931,-0.935,-0.935,-0.825,0,0
"2019-04-16 00:55:20.0",786421,-9999,-77.02,-37.86,-37.86,-0.614,-9999,-9999,12.0451,39.92,39.91,15.51,-0.921,-0.981,-1.044,-0.957,-0.975,-0.963,-0.844,-0.904,-0.957,-1.034,-0.945,-0.961,-0.933,-0.876,-0.906,-1.001,-1.02,-0.925,-0.967,-0.951,-0.852,-0.902,-0.977,-1.003,-0.939,-0.961,-0.963,-0.858,0,700
"2019-04-16 00:55:40.0",786422,-9999,-76.96,-37.93,-37.93,-0.615,-9999,-9999,12.0397,39.92,39.89,15.51,-0.914,-1.012,-1.022,-0.957,-0.973,-0.979,-0.836,-0.902,-1.005,-1.018,-0.943,-0.963,-0.953,-0.876,-0.908,-0.963,-1.022,-0.947,-0.959,-0.953,-0.864,-0.9,-1.005,-0.985,-0.947,-0.967,-0.933,-0.858,0,0
"2019-04-16 00:56:00.0",786423,-9999,-76.91,-38,-38,-0.616,-9999,-9999,12.0452,39.92,39.89,15.51,-0.921,-1.008,-1.04,-0.953,-0.993,-0.957,-0.858,-0.904,-0.995,-1.02,-0.939,-0.951,-0.931,-0.864,-0.906,-0.957,-1.001,-0.939,-0.955,-0.923,-0.823,-0.902,-0.985,-1.003,-0.939,-0.951,-0.935,-0.84,0,0
"2019-04-16 00:56:20.0",786424,-9999,-76.85,-38.07,-38.07,-0.617,-9999,-9999,12.0452,39.92,39.91,15.51,-0.912,-1.003,-1.04,-0.953,-0.973,-0.977,-0.86,-0.906,-1.005,-1.012,-0.951,-0.961,-0.953,-0.84,-0.904,-0.987,-1.018,-0.951,-0.965,-0.933,-0.84,-0.906,-0.977,-1.014,-0.953,-0.963,-0.967,-0.823,0,0
"2019-04-16 00:56:40.0",786425,-9999,-76.79,-38.14,-38.14,-0.618,-9999,-9999,12.0452,39.92,39.89,15.51,-0.914,-0.969,-1.032,-0.957,-0.961,-0.957,-0.84,-0.9,-0.973,-1.032,-0.945,-0.959,-0.969,-0.868,-0.904,-0.971,-1.005,-0.945,-0.961,-0.951,-0.866,-0.9,-1.003,-1.01,-0.941,-0.963,-0.945,-0.86,0,0
"2019-04-16 00:57:00.0",786426,-9999,-76.74,-38.21,-38.21,-0.619,-9999,-9999,12.0452,39.92,39.89,15.51,-0.923,-0.985,-1.001,-0.957,-0.973,-0.957,-0.854,-0.906,-0.989,-0.997,-0.941,-0.953,-0.949,-0.856,-0.904,-0.975,-1.02,-0.937,-0.957,-0.941,-0.852,-0.916,-0.949,-0.999,-0.933,-0.955,-0.927,-0.84,0,700
"2019-04-16 00:57:20.0",786427,-9999,-76.68,-38.28,-38.28,-0.619,-9999,-9999,12.0449,39.92,39.91,15.51,-0.921,-1.016,-1.02,-0.953,-0.981,-0.943,-0.842,-0.904,-0.969,-1.018,-0.949,-0.957,-0.953,-0.878,-0.904,-1.008,-0.993,-0.949,-0.967,-0.947,-0.878,-0.906,-0.991,-0.989,-0.945,-0.963,-0.959,-0.864,0,0
"2019-04-16 00:57:40.0",786428,-9999,-76.62,-38.35,-38.35,-0.62,-9999,-9999,12.0449,39.92,39.91,15.51,-0.914,-1.008,-1.016,-0.947,-0.951,-0.933,-0.838,-0.904,-0.959,-0.997,-0.937,-0.955,-0.949,-0.87,-0.906,-0.995,-1.003,-0.933,-0.955,-0.943,-0.866,-0.906,-0.977,-0.999,-0.937,-0.957,-0.925,-0.864,0,0
"2019-04-16 00:58:00.0",786429,-9999,-76.56,-38.41,-38.41,-0.621,-9999,-9999,12.0394,39.92,39.89,15.51,-0.916,-0.989,-1.03,-0.959,-0.973,-0.945,-0.84,-0.91,-0.975,-0.997,-0.935,-0.965,-0.969,-0.864,-0.906,-0.947,-0.983,-0.939,-0.959,-0.957,-0.854,-0.912,-0.981,-1.005,-0.935,-0.957,-0.943,-0.858,0,0
"2019-04-16 00:58:20.0",786430,-9999,-76.51,-38.48,-38.48,-0.622,-9999,-9999,12.0449,39.92,39.91,15.51,-0.923,-1.001,-1.001,-0.957,-0.997,-0.965,-0.852,-0.91,-1.005,-1.02,-0.945,-0.989,-0.975,-0.884,-0.906,-0.991,-1.028,-0.945,-0.967,-0.957,-0.874,-0.906,-0.973,-0.995,-0.937,-0.965,-0.953,-0.874,0,0
"2019-04-16 00:58:40.0",786431,-9999,-76.45,-38.55,-38.55,-0.623,-9999,-9999,12.0394,39.92,39.91,15.51,-0.918,-1.012,-1.028,-0.961,-0.973,-0.985,-0.854,-0.906,-0.969,-1.04,-0.951,-0.961,-0.939,-0.872,-0.91,-1.005,-1.024,-0.947,-0.961,-0.953,-0.876,-0.912,-0.967,-1.014,-0.949,-0.971,-0.951,-0.87,0,700
"2019-04-16 00:59:00.0",786432,-9999,-76.39,-38.62,-38.62,-0.624,-9999,-9999,12.0395,39.92,39.91,15.51,-0.916,-1.026,-1.026,-0.953,-0.975,-0.947,-0.844,-0.906,-0.989,-1.014,-0.945,-0.967,-0.945,-0.848,-0.906,-1.014,-1.014,-0.955,-0.963,-0.949,-0.842,-0.908,-1.003,-1.01,-0.961,-0.965,-0.949,-0.829,0,0
"2019-04-16 00:59:20.0",786433,-9999,-76.34,-38.69,-38.69,-0.625,-9999,-9999,12.0451,39.92,39.91,15.51,-0.923,-0.989,-1.034,-0.951,-0.965,-0.947,-0.874,-0.908,-0.999,-1.008,-0.939,-0.957,-0.967,-0.872,-0.906,-0.985,-1.026,-0.941,-0.961,-0.941,-0.87,-0.908,-0.969,-0.997,-0.935,-0.953,-0.927,-0.87,0,0
"2019-04-16 00:59:40.0",786434,-9999,-76.28,-38.76,-38.76,-0.626,-9999,-9999,12.0451,39.92,39.89,15.48,-0.923,-1.012,-1.036,-0.983,-0.975,-0.951,-0.868,-0.902,-0.959,-1.01,-0.943,-0.961,-0.949,-0.858,-0.904,-0.995,-0.981,-0.943,-0.949,-0.947,-0.852,-0.904,-0.971,-1.008,-0.939,-0.965,-0.945,-0.86,0,0
